247
99 0.004983375200545078
115 0.007058658028805715
117 0.004264607232346734
135 0.0038731285498527566
136 0.00550419127828626
139 0.002675559937823624
156 0.02394468489686165
158 0.0004228313481396861
163 0.0021707539935374395
166 0.0067144741813999305
336 0.004914990672376945
370 0.0033073416761401704
423 0.0021209398759179637
446 0.002469419611355488
493 0.003191736988692413
507 0.00457080682497116
524 0.0033973392429538568
549 0.001666240262099004
571 0.004429890785171212
599 0.003989943559640876
707 0.004662752180835678
708 0.0023703503357657514
711 0.007058658028805715
735 0.004264607232346734
764 0.01675923062587603
819 0.004119410674451409
861 0.0017962101731058063
883 0.007058658028805715
892 0.003622970384505091
984 0.003668991578727826
993 0.006044947876479009
1011 0.008407188044109013
1020 0.004521967246567767
1041 0.0026353409059495514
1083 0.006229374294194197
1129 0.002127389506262048
1181 0.0046749075436747405
1207 0.0030863251426998988
1216 0.0024106370892333336
1221 0.004386380407255972
1238 0.0032399208238448524
1313 0.003290126939839891
1315 0.004850304457915449
1319 0.00550419127828626
1363 0.004021020723303931
1364 0.009918701245386356
1417 0.0015772630821543462
1439 0.0026552814264011195
1473 0.009131534445723713
1506 0.004021020723303931
1516 0.0022356127122932883
1538 0.002749370341647141
1556 0.00478893697937233
1569 0.005055906712176894
1577 0.00533075543730034
1581 0.0046749075436747405
1621 0.0027824527313799656
1622 0.004085706937765427
1635 0.003845623809063223
1747 0.004914990672376945
1881 0.002331376090417839
1921 0.00036012791395735426
1930 0.007615528993145746
1931 0.0031303695101492935
1940 0.001970059680105908
1955 0.0027713233159481748
2007 0.009966750401090156
2091 0.0034946614532616886
2233 0.003989943559640876
2254 0.003645759712235091
2299 0.008119911304460038
2328 0.0034946614532616886
2378 0.002685829559088757
2381 0.021908344691779165
2388 0.0019814540855787413
2416 0.0021209398759179637
2468 0.002727812938032935
2492 0.0006276559595194045
2551 0.004264607232346734
2556 0.0030028212466424917
2666 0.004104396104763329
2691 0.004429890785171212
2715 0.0037415230903596417
2772 0.005434356339904779
2789 0.002805027052634157
2793 0.0030300134064945414
2824 0.0028514951663732636
2944 0.002937427728860712
2954 0.0011665676791177302
3041 0.0031606598250293575
3050 0.01553631665069325
3055 0.004730564254661757
3133 0.003016340074451704
3146 0.0031760975041423014
3149 0.0018669043613183038
3184 0.002685829559088757
3340 0.023939661357845254
3374 0.002513248817662065
3426 0.0046749075436747405
3481 0.003600607050559693
3483 0.007543757916011449
3489 0.003057837998517478
3512 0.0014868513403794308
3550 0.006044947876479009
3556 0.0038731285498527566
3585 0.00458772132090373
3601 0.004475043446846609
3604 0.005283829136529196
3640 0.006032680148903408
3656 0.0011579085084005355
3669 0.006044947876479009
3760 0.005212079526247394
3767 0.004189807656469008
3789 0.0040529267082896475
3819 0.0015772630821543462
3837 0.021306913706688666
3838 0.018003035252798467
3884 0.0020705575461319866
3929 0.003845623809063223
3954 0.0026452696229435605
3998 0.0067144741813999305
4171 0.007058658028805715
4177 0.007543757916011449
4198 0.0032731563924436966
4248 0.0011899699613263598
4308 0.007058658028805715
4314 0.007543757916011449
4337 0.0030863251426998988
4346 0.001259919438744982
4458 0.002469419611355488
4472 0.004189807656469008
4485 0.002989453470349345
4566 0.0033973392429538568
4633 0.006447504448595368
4640 0.007058658028805715
4645 0.007433708204670102
4660 0.0016230441070434604
4811 0.00266537771865017
4819 0.002221537214280946
4853 0.007691247618126446
4915 0.0032123861490198024
4924 0.0020104241095047887
4943 0.00334129381984425
5045 0.0074082588340664635
5106 0.012089895752958019
5121 0.0067144741813999305
5163 0.0027497776550152258
5178 0.0015214207815398089
5209 0.005885190446788412
5223 0.001129440305755397
5229 0.0012108293308607419
5255 0.002936138219125428
5298 0.003474553357555079
5336 0.004837719652568387
5363 0.004264607232346734
5380 0.0006239690427914093
5381 0.0037610311135288952
5448 0.007979887119281753
5510 0.002193873472423809
5576 0.02094903828234504
5596 0.004730564254661757
5603 0.004621725297957422
5619 0.0034547776423288433
5675 0.002513248817662065
5703 0.007833983215969698
5706 0.005679415688232614
5737 0.0067144741813999305
5933 0.003845623809063223
5976 0.0025680555083423384
5989 0.003458922386847973
6006 0.002675559937823624
6072 0.0054000905595826786
6228 0.0025868968982329867
6349 0.002354607956910574
6388 0.002346813769530783
6414 0.002354607956910574
6462 0.003645759712235091
6469 0.004585838333644482
6471 0.003100827181246338
6476 0.0021338740941228666
6484 0.005270681811899103
6508 0.0015253242222990555
6599 0.0031760975041423014
6615 0.002082955621136605
6665 0.0038731285498527566
6697 0.003435323497735216
6708 0.003989943559640876
6709 0.004264607232346734
6752 0.0057442744069884635
6761 0.002930293220877685
6849 0.00297623340731417
6943 0.006044947876479009
6966 0.0032731563924436966
7000 0.0015490161555274783
7011 0.0036926835119562487
7021 0.007543757916011449
7061 0.0046749075436747405
7085 0.007584883126691808
7101 0.003766711463472231
7162 0.0034946614532616886
7206 0.007058658028805715
7346 0.002805027052634157
7347 0.0019814540855787413
7452 0.003191736988692413
7484 0.0042115177941035
7579 0.0021802778314444367
7605 0.00561822071398385
7609 0.007637474409921728
7631 0.007058658028805715
7694 0.0035786540762586597
7718 0.004475043446846609
7738 0.004983375200545078
7800 0.0023085867626878396
7840 0.002606039763123697
7862 0.0032564232031539082
7863 0.0022285542639059594
7870 0.00561822071398385
7887 0.0019420395813366563
7903 0.0018110112303065255
7959 0.002331376090417839
8011 0.0019535468734530287
8033 0.0014868513403794308
8043 0.0016358399887122304
8046 0.003100827181246338
8062 0.0019310127426213012
8067 0.004475043446846609
8091 0.002346813769530783
8103 0.005133120826778115
8135 0.002989453470349345
8141 0.009243450595914844
8145 0.00044639882453543546
8157 0.010800181119165357
8163 0.0032731563924436966
8180 0.008529214464693468
8191 0.005055906712176894
8235 0.0011811403748932705
8364 0.0067144741813999305
8450 0.003989943559640876
8467 0.010608654362916255
8531 0.005632951955247145
8640 0.0009071535924636938
8667 0.0027713233159481748
8724 0.005154878227108432
8801 0.0027936866498935726
8828 0.003474553357555079
8848 0.003930110915857855
8867 0.0009450626182997385
