133
15 0.005383150111748302
24 0.006650305404730342
52 0.004382395901648045
158 0.0023138861212267246
204 0.00873559861061385
268 0.006870935986132762
277 0.004928752333169341
423 0.007737700250836389
478 0.008965535749109703
480 0.003079913858349557
493 0.005822113200479125
494 0.014530660670104617
514 0.011363129993932127
707 0.008505422319815834
1055 0.00520147108237937
1087 0.01102671396563759
1106 0.009514000419587432
1143 0.006824989355781658
1216 0.004397292780862814
1239 0.006527896631567304
1366 0.005710171518513535
1496 0.0029839694266459277
1516 0.012234081626569802
1520 0.004975859781436963
1569 0.009222583600604083
1665 0.016161310100674873
1682 0.012248010692704396
1764 0.007577563829818502
1792 0.013135883008574559
1823 0.016161310100674873
1930 0.003472910834813952
2041 0.003754563054370156
2065 0.009222583600604083
2091 0.006374683957457251
2092 0.00528966022567785
2272 0.026542620877738312
2300 0.010735297146654239
2372 0.0020298008661368094
2381 0.004995432866278792
2416 0.019344250627090973
2468 0.009951719562873926
2505 0.00648857332748712
2587 0.008847540292579437
2738 0.010187971949004919
2770 0.012248010692704396
2772 0.0049564606818729515
2826 0.005358222440082605
2832 0.006231525475992741
2902 0.003904336831385466
2989 0.010735297146654239
3017 0.007393027111101217
3040 0.013760724238754553
3050 0.014170057648747864
3078 0.0053122758097315015
3169 0.008629119720815166
3212 0.005822113200479125
3229 0.002101697675382422
3306 0.0037657261699176837
3340 0.014556276504016462
3464 0.0025847704127602606
3472 0.006567941504287279
3477 0.0035224001285001625
3512 0.0027121961636067003
3627 0.0034631462353868054
3648 0.006032990092657698
3663 0.012823981161941708
3837 0.02776170019931079
3838 0.006567941504287279
3873 0.012875843539982284
3882 0.005381563671468352
3884 0.003776946679627694
3954 0.004825290819741268
4221 0.001965096021081435
4349 0.0036779803078538908
4357 0.006692683131046235
4389 0.006338004365791425
4468 0.005003365580196545
4659 0.003732406677962845
4821 0.012875843539982284
4830 0.011263689163110468
5013 0.004825290819741268
5014 0.009850416447881972
5045 0.004504519190563026
5066 0.005765424705958074
5140 0.008080655050337436
5181 0.004918172255389575
5193 0.0035833078303888727
5218 0.0032060983838924275
5255 0.005355870218806685
5287 0.012875843539982284
5379 0.004633883535278255
5380 0.001138194786599405
5463 0.014314206146785012
5553 0.008629119720815166
5576 0.0076427144688354254
5703 0.0035725325469811563
5741 0.006917870791429965
5912 0.0033492568653569373
5976 0.004684442962453612
5985 0.0027662109224704163
6095 0.010534553200840627
6142 0.00983634451077915
6144 0.013760724238754553
6303 0.0038109585524040684
6307 0.005116707638724618
6357 0.006030969098953513
6409 0.001970005774178479
6421 0.024788626034015073
6501 0.009850416447881972
6574 0.006735900074573459
6754 0.0053122758097315015
6761 0.00890868039513065
6790 0.002127960138290131
6966 0.011941264024694089
6996 0.003512412082090547
7182 0.005656282747700606
7252 0.0034437471358227953
7328 0.005267276600420314
7391 0.005851019375801192
7481 0.004143569201650449
7484 0.005121544252125864
7603 0.004323804883834009
7695 0.0030474614487524193
7943 0.012272937247994085
7959 0.008505422319815834
8145 0.0016285705859935987
8159 0.004899277034920697
8235 0.006463627478687293
8350 0.004406444457179788
8445 0.0026044021883020146
8531 0.01027518371736037
8572 0.004252711159907917
8639 0.0029071169669326095
