224
15 0.0018469773659274345
68 0.0019924532712054543
163 0.001358592585610501
234 0.009442703874179849
277 0.0016910719212081013
321 0.008404669406373017
380 0.008748704189889607
438 0.005490538233910061
468 0.008404669406373017
502 0.007566607169523725
545 0.003995174230673607
632 0.0019691958233240686
703 0.0077974581682499775
738 0.006237811026889183
791 0.008404669406373017
799 0.0077974581682499775
886 0.0051563657752615915
938 0.008835492636056808
1011 0.0026308700517341135
1016 0.008404669406373017
1053 0.007190246930126938
1055 0.0071385706578861695
1067 0.0077974581682499775
1102 0.0029278704172615365
1144 0.0030485451093485356
1169 0.007032462479917715
1226 0.00445250376610323
1238 0.004055487100192005
1248 0.0035254509650943337
1251 0.009442703874179849
1257 0.004883326995787023
1263 0.01513321433904745
1304 0.005994428012110883
1317 0.00533811181152367
1393 0.00445250376610323
1411 0.02718545782042244
1417 0.001974298271800095
1457 0.005490538233910061
1512 0.005921361463593855
1578 0.009494181293065953
1647 0.008070496947724546
1712 0.0014711388360565574
1758 0.004276115757663984
1768 0.008070496947724546
1778 0.0034828632465204396
1789 0.007566607169523725
1887 0.0018658743634018503
1918 0.004324428566087483
1920 0.0056602555534624125
1921 0.000450780802643171
1935 0.0033879629925505673
1941 0.004229312974252695
1992 0.004479487688558253
2025 0.002622967304218304
2033 0.006237811026889183
2062 0.006071243166287269
2072 0.0033619176894800645
2094 0.006425251241794675
2112 0.005073146190031524
2122 0.003455129728398322
2142 0.007032462479917715
2159 0.0056602555534624125
2175 0.009442703874179849
2226 0.007366634938566184
2240 0.007366634938566184
2286 0.004479487688558253
2357 0.005545001224197069
2394 0.005437986625093728
2438 0.0016910719212081013
2487 0.008835492636056808
2504 0.009442703874179849
2513 0.006071243166287269
2533 0.02339237450474993
2553 0.008835492636056808
2562 0.001502762694974924
2574 0.0036928661055938
2661 0.0056602555534624125
2666 0.002568785837981187
2677 0.005114177994513276
2738 0.0023303522044275616
2758 0.004780005535864805
2767 0.004349182306181012
2784 0.006672635254275943
2818 0.0043743520949448035
2829 0.005092304300083834
2954 0.0014602209224818486
2987 0.008404669406373017
3003 0.007566607169523725
3053 0.0077974581682499775
3174 0.012304424924640213
3202 0.0049943086625849585
3203 0.0052444833768905165
3213 0.012294452728403201
3226 0.006328600470759354
3374 0.0031458942096942396
3420 0.005277629447672119
3460 0.005199776559082351
3474 0.0038997555182671982
3477 0.002417095260591491
3481 0.004506966756390236
3563 0.0033111478383741804
3564 0.02624611256966882
3627 0.0023764348304895666
3648 0.004139879408409937
3651 0.009442703874179849
3656 0.0043481460884420104
3819 0.001974298271800095
3869 0.0046833547648294825
4096 0.007032462479917715
4136 0.004055487100192005
4160 0.0061522124623201065
4182 0.006528572701716894
4204 0.008835492636056808
4356 0.008835492636056808
4382 0.0013284054389592296
4403 0.0021360633471944114
4437 0.0034689322885834047
4445 0.004506966756390236
4458 0.009273096402641814
4462 0.002825193210814076
4468 0.001716671983550194
4477 0.007566607169523725
4504 0.004793254106834665
4534 0.001747102552357377
4542 0.004229312974252695
4555 0.006889729082820387
4568 0.0019489581210340758
4577 0.004534959481294304
4693 0.005921361463593855
4704 0.003709056178726144
4780 0.009988617325169917
4849 0.009442703874179849
4852 0.004300077343716839
4862 0.009442703874179849
4954 0.007566607169523725
5045 0.003091032134213938
5047 0.008404669406373017
5223 0.0014137476930662382
5255 0.0018376175405905694
5293 0.008279758816819874
5367 0.0041617420912755205
5380 0.0007810371121837296
5396 0.00098826788961333
5480 0.008070496947724546
5494 0.0077974581682499775
5612 0.0037254231960518742
5616 0.008835492636056808
5637 0.0031684144412768523
5675 0.0031458942096942396
5703 0.0061287411797349145
5714 0.005490538233910061
5730 0.0027983703950429776
5734 0.005545001224197069
5807 0.002430897820776573
5829 0.005601519900707997
5866 0.003676849191642891
5869 0.0022300591928154185
5880 0.008835492636056808
5884 0.007190246930126938
5885 0.0049943086625849585
5892 0.0031684144412768523
5929 0.00462222108565558
5985 0.0009490965061579531
5988 0.0023966270534173323
5995 0.004883326995787023
6001 0.0010642477362405103
6081 0.004324428566087483
6100 0.006328600470759354
6306 0.005290566002952521
6372 0.005114177994513276
6385 0.004813660147206723
6422 0.007190246930126938
6467 0.005921361463593855
6497 0.006425251241794675
6537 0.0023046422651875893
6573 0.0071385706578861695
6589 0.0020210199280313776
6649 0.008835492636056808
6683 0.0020583943107299607
6774 0.0041617420912755205
6823 0.002622967304218304
6832 0.003441453220751421
6899 0.0038813802303186914
6909 0.0027461243809994576
6953 0.008835492636056808
6963 0.012857988269355431
6965 0.0077974581682499775
6969 0.003956274194778126
6976 0.004425997460357399
7166 0.002036923445762266
7179 0.0011413559277290498
7252 0.004726246069163698
7344 0.008404669406373017
7424 0.009442703874179849
7428 0.008070496947724546
7484 0.001757219493401805
7527 0.006237811026889183
7528 0.007566607169523725
7550 0.007566607169523725
7590 0.009442703874179849
7599 0.008835492636056808
7783 0.009442703874179849
7800 0.0028897137753644336
7864 0.0046998570494874705
7943 0.0056145161203467195
7944 0.009399714098974941
7972 0.005994428012110883
8002 0.006889729082820387
8062 0.002417095260591491
8097 0.008030019695065083
8355 0.007566607169523725
8476 0.008835492636056808
8577 0.009442703874179849
8631 0.003918359076497219
8633 0.0077974581682499775
8639 0.005984651135375061
8679 0.001355208251562302
8685 0.006328600470759354
8739 0.00544133873701547
8803 0.004919414698125522
8814 0.005447938340804118
8815 0.0030696379535198525
8843 0.0050332086984804375
8867 0.0035488730735462595
