154
133 0.008605845834081359
135 0.006390662107257048
147 0.011078882399309885
156 0.03160698406385738
232 0.015136298092661513
423 0.0034995507952646394
446 0.004074542358736555
493 0.005266366031342481
523 0.010914227531262562
538 0.01621946921884392
651 0.005092436485454833
787 0.023293571495058858
814 0.005869209509863349
934 0.009478052771530963
941 0.003937399321653923
1011 0.003467965068194968
1041 0.00434831249481676
1311 0.009108978374868303
1364 0.008182928527443742
1373 0.004018536735050342
1414 0.00891014942331142
1431 0.006132809268852834
1467 0.006300916388185425
1473 0.005022343945148043
1496 0.008097407944125539
1727 0.011078882399309885
1747 0.01621946921884392
1769 0.011078882399309885
1921 0.0002971055290148173
1940 0.0032505984721747476
1945 0.00621507391472918
1955 0.004572683471314488
1959 0.004744449657175396
1984 0.003846770549189434
2038 0.009710564237200878
2091 0.005766191397881786
2117 0.0027204774414132703
2161 0.005116364849056457
2213 0.00875213984940591
2254 0.006015503525187899
2286 0.011809558451653575
2381 0.009037192185358905
2492 0.0010356323332070174
2556 0.004954655056960111
2578 0.005319010906568914
2723 0.007541831261202414
2738 0.009215483717508993
2743 0.003046355735299974
2758 0.006300916388185425
2772 0.004483343980421443
2784 0.004397873235772781
2890 0.007625846741629746
2908 0.007625846741629746
2942 0.005668283771263106
2944 0.004846755752620175
2968 0.009478052771530963
3082 0.008003002355560491
3202 0.013166813746814889
3229 0.0019010810790959177
3374 0.0041468605491424065
3394 0.003054809991591446
3421 0.009974163996190364
3455 0.009710564237200878
3489 0.010090865395107675
3515 0.010638382340182356
3544 0.004919123321695787
3585 0.0025232467264970516
3593 0.007383821687296905
3604 0.0021795795188182935
3627 0.0062651463712906745
3653 0.00269913598137518
3690 0.0046282946368463584
3837 0.025111719725740212
3838 0.023764006533693975
3884 0.003416419951117778
4108 0.00391107805401349
4221 0.0017775186736145707
4222 0.007805431020191899
4389 0.00573301303996588
4454 0.0014929590917311883
4461 0.004805194936984404
4504 0.0031591902067773926
4567 0.0039241948187293445
4577 0.0059779011344334
4830 0.003396172944634823
4924 0.0033171997806829014
4943 0.005513134802743013
5229 0.001997868395920224
5255 0.002422314030778478
5260 0.009974163996190364
5381 0.003102850668661338
5507 0.007805431020191899
5510 0.0036198912294992847
5522 0.00875213984940591
5613 0.01146602607993176
5647 0.018540128356146702
5703 0.00807879519146875
5719 0.009478052771530963
5823 0.003700476533864883
5892 0.004176546308955851
5939 0.002397867082714831
5948 0.00621507391472918
6006 0.00441467389740898
6058 0.00446595121745302
6138 0.009478052771530963
6142 0.008897420716568412
6300 0.005799936934605454
6421 0.01681682925262159
6469 0.003783316625256697
6484 0.00869662498963352
6491 0.0011038172089350335
6599 0.005240560881834797
6697 0.028341418856315533
6725 0.005240560881834797
6818 0.023293571495058858
6827 0.005515178711251413
6834 0.003292561028712832
6849 0.00491078512206838
6858 0.005941001633423494
6909 0.0036198912294992847
6975 0.007713597447063321
7037 0.0065834068734074444
7070 0.006741416447312954
7226 0.009710564237200878
7265 0.0071682550967144595
7335 0.011646785747529429
7390 0.005266366031342481
7470 0.0031952472060345796
7560 0.003447185236038225
7579 0.0035974584218833204
7609 0.006300916388185425
7615 0.005941001633423494
7720 0.00973573791474729
7887 0.0032043653092054827
7923 0.0043646948778568746
7959 0.01923385274594717
8046 0.005116364849056457
8125 0.005266366031342481
8141 0.007625846741629746
8163 0.005400708047532099
8297 0.009974163996190364
8445 0.002355800161236822
8622 0.008235229189144723
8639 0.00788885831481258
8640 0.0014968034275650948
8694 0.006873753549750796
8724 0.02126387268682228
8780 0.0059779011344334
8814 0.0017953433168559024
8815 0.012139022816192143
8828 0.00573301303996588
8867 0.0015593533201945684
8874 0.016545536133754236
8911 0.007237527671972353
