274
74 0.006254326373584076
98 0.007057691039979783
134 0.0031610844395187666
145 0.006645201705729029
152 0.0033895315710704846
246 0.00230228372035541
319 0.0035004455716509016
424 0.004373689274108069
458 0.002572220190767815
512 0.006603847588805347
522 0.002552051795118442
524 0.0031784385185367266
546 0.009139806361429397
573 0.003348070695056426
575 0.0020272192994748553
586 0.006032072460928141
591 0.004879603307984276
651 0.0028874639865981012
661 0.007057691039979783
696 0.003954289022825338
725 0.00442575985680984
726 0.0014718216205257212
735 0.00398982583850996
757 0.0024841937056278513
800 0.0025620905680141227
821 0.002582442322771942
861 0.0016804749815397106
973 0.006603847588805347
1126 0.004230603377587885
1132 0.0940762997504072
1145 0.0034547528732992738
1216 0.002255312534514691
1246 0.003288624035085567
1253 0.004117860159245038
1268 0.0019371453331080183
1278 0.004373689274108069
1354 0.0044803714523509175
1356 0.005505990031402561
1386 0.005827997084516735
1388 0.00398982583850996
1399 0.006032072460928141
1421 0.004879603307984276
1496 0.00612175171033546
1497 0.0046622814376233584
1498 0.00398982583850996
1520 0.002552051795118442
1538 0.002572220190767815
1618 0.0044803714523509175
1619 0.005256221956639529
1661 0.005256221956639529
1678 0.003853984728932633
1683 0.009604757010930184
1720 0.003213975334221349
1721 0.0037290916171093783
1784 0.0024655380125249665
1830 0.007057691039979783
1871 0.004064474539374178
1903 0.003954289022825338
1916 0.007195677539638916
1921 0.000673847591579998
1930 0.0017812094230102485
1980 0.004557103513974615
2041 0.0019256650717001575
2071 0.006603847588805347
2095 0.007057691039979783
2122 0.002582442322771942
2123 0.00803670710703199
2165 0.006032072460928141
2283 0.007096166430384346
2286 0.003348070695056426
2328 0.003269489967871116
2332 0.0036499093525212286
2350 0.005052146580228125
2372 0.0010410576607248069
2383 0.0007727880791908382
2384 0.0026901518674705854
2492 0.0005872142095503707
2574 0.0027601318830469124
2673 0.005505990031402561
2677 0.003822452624765077
2713 0.0039927644132299
2737 0.005827997084516735
2738 0.001741758090938126
2743 0.0017273151076443152
2764 0.0029714520464011736
2765 0.005655453812272887
2823 0.007057691039979783
2829 0.003806103729444103
2838 0.003196065901346792
2909 0.0036768821197329937
2944 0.0027481604782897896
2954 0.0010914022358756085
2960 0.004802378505465092
3066 0.0023183892597291255
3094 0.007057691039979783
3122 0.0049625535228590215
3175 0.007057691039979783
3187 0.006032072460928141
3196 0.005655453812272887
3202 0.003732859567395974
3205 0.004026528001176481
3213 0.003675661124986524
3268 0.0023681448143564104
3302 0.0023103075229949535
3369 0.0027129958373966296
3400 0.0034547528732992738
3413 0.0022630054560339235
3415 0.0062818405356911714
3486 0.003410852514281799
3489 0.002860812354283104
3512 0.0027820981265862543
3572 0.03334068853256075
3585 0.0014307069067766788
3653 0.001530437927583865
3683 0.005505990031402561
3713 0.005256221956639529
3767 0.0039198458229336335
3793 0.006603847588805347
3819 0.0014756353062423393
3893 0.004026528001176481
4074 0.003597838769819458
4075 0.007195677539638916
4128 0.003704520948062306
4147 0.004537784840781722
4198 0.003062257140353252
4214 0.0044803714523509175
4244 0.003368609173590641
4248 0.0044531865563037995
4346 0.0011787390625371866
4362 0.00514953977839668
4393 0.0019143013631819745
4403 0.0015965421924906684
4433 0.0029436432410514424
4435 0.003000909422124838
4458 0.009241230091979814
4468 0.003849238726001724
4480 0.0073537642394659875
4482 0.0021320270999282973
4496 0.0007366779904206972
4500 0.0021389152181275936
4534 0.0013058240726382458
4542 0.0031610844395187666
4659 0.0019143013631819745
4660 0.003036933045653485
4717 0.006032072460928141
4742 0.003704520948062306
4761 0.00928271929205321
4770 0.0029714520464011736
4773 0.005505990031402561
4798 0.009177268108461414
4807 0.004802378505465092
4880 0.004026528001176481
4963 0.005505990031402561
4982 0.0037917845234771703
5013 0.007424480977797777
5022 0.007908578045650675
5223 0.000528333545089187
5431 0.004438386090678238
5510 0.002052515645592378
5649 0.0037619343364931105
5675 0.0023513126825034265
5703 0.0009161520320222294
5717 0.003623571297929254
5730 0.004183131002899297
5766 0.0035726845500020452
5823 0.004196416687888012
5824 0.006779063142140969
5829 0.00418670301857041
5837 0.004103752803695664
5848 0.0049625535228590215
5855 0.004946446373931178
5857 0.0049625535228590215
5863 0.0015184665228267424
5911 0.004537784840781722
5912 0.001717788959293893
5995 0.0036499093525212286
6023 0.0004770826736470529
6048 0.004730139527113949
6107 0.0016577700311350536
6115 0.002420215397058181
6119 0.005827997084516735
6147 0.004323933719480784
6161 0.0018273204789354288
6293 0.0020334899919258846
6296 0.004598303129053688
6300 0.003288624035085567
6307 0.00524858154693917
6328 0.0023852339352301555
6350 0.0035004455716509016
6397 0.0062818405356911714
6412 0.005052146580228125
6430 0.0013357629780208786
6444 0.0029286704437736944
6469 0.0010725897648923627
6489 0.0039198458229336335
6508 0.0014270430224086524
6537 0.0017225418992381468
6589 0.0015105561317760297
6615 0.0019487445630736793
6639 0.0021320270999282973
6685 0.002874058848232617
6743 0.005827997084516735
6761 0.004569142779976803
6812 0.003348070695056426
6823 0.005881395759458568
6832 0.002572220190767815
6849 0.0027844657908635143
6899 0.0029010316154443826
6916 0.005827997084516735
6945 0.006737218347181282
6956 0.004730139527113949
6966 0.003062257140353252
6986 0.00398982583850996
6993 0.001099562532104128
6999 0.003732859567395974
7037 0.003732859567395974
7059 0.005256221956639529
7081 0.0029010316154443826
7102 0.002724595067362291
7163 0.003548083215192173
7178 0.003548083215192173
7246 0.007057691039979783
7252 0.0017662517526513821
7261 0.003822452624765077
7317 0.004373689274108069
7328 0.002701515575988769
7336 0.0029147657224162047
7359 0.0044803714523509175
7360 0.0037619343364931105
7386 0.0039198458229336335
7470 0.0018117381065144524
7533 0.00418670301857041
7560 0.0039091791336515955
7583 0.003623571297929254
7601 0.005256221956639529
7604 0.0046622814376233584
7614 0.005374153633342299
7622 0.006603847588805347
7730 0.0049625535228590215
7789 0.007057691039979783
7884 0.003732859567395974
7892 0.001592294310067799
7944 0.0017563898767414517
7958 0.005227362133563746
7996 0.002098208343944006
8011 0.005483022023686464
8021 0.003886430933334747
8025 0.0033279022994070536
8046 0.0029010316154443826
8065 0.0046622814376233584
8085 0.007809512949672121
8087 0.003432587482160311
8129 0.003062257140353252
8140 0.005505990031402561
8205 0.0011728940587850678
8213 0.00442575985680984
8291 0.006032072460928141
8302 0.0033279022994070536
8372 0.005505990031402561
8400 0.005827997084516735
8506 0.0036499093525212286
8533 0.00230228372035541
8627 0.0029010316154443826
8639 0.007455106654891614
8667 0.0025927586693020293
8679 0.0010129133838996586
8697 0.001099562532104128
8738 0.005827997084516735
8758 0.002255312534514691
8764 0.0015027012526986961
8768 0.005695441587281285
8820 0.0016399319536090703
8866 0.0049625535228590215
8867 0.004420847041788725
