127
2 0.008120999652915859
74 0.007398410466312871
133 0.011544427338401823
135 0.017145678824348178
153 0.008698965014978058
228 0.014861915413708383
459 0.0047813513053221405
764 0.027821344743260663
861 0.003975757883154925
992 0.010878912280931897
1011 0.009304296524425524
1041 0.005833102127193214
1207 0.006831317236585752
1313 0.007282415116840734
1364 0.0036590330813772837
1417 0.0034911371879391933
1420 0.009355269151562385
1473 0.006737290658125423
1577 0.005899586047987877
1622 0.009043363526883232
1640 0.008241489503463328
1712 0.002601404039368303
1881 0.005160301956229729
1930 0.01264224249014591
1940 0.0043605589260880765
1945 0.008337294275856218
1967 0.012714461034980562
2069 0.008831399464327061
2161 0.006863416260929393
2381 0.01818459403151487
2416 0.009389038719002693
2551 0.028318032170887762
2556 0.006646488491044052
2666 0.004542365201308196
2738 0.004120744751731664
2743 0.008173149533731638
2772 0.012028483849911188
2818 0.007735134802036543
2912 0.008900186113166628
2920 0.013026366659659717
3001 0.007826458923802718
3063 0.008764354438098627
3082 0.02147146973443059
3185 0.031247473956786277
3286 0.012435451946195959
3287 0.011952639470295807
3306 0.00456938724276597
3307 0.006831317236585752
3340 0.008831399464327061
3394 0.004097915842378769
3426 0.010347508770450799
3489 0.006768263374767344
3512 0.003291018515595935
3556 0.008572839412174089
3585 0.0067696863393823335
3604 0.005847652367561276
3624 0.007780403204958536
3640 0.006676411262353467
3653 0.003620792170137437
3675 0.0070300206951442405
3790 0.011030275596328434
3837 0.026949162632501692
4221 0.002384476269482961
4248 0.002633896926594321
4437 0.006134087583470655
4468 0.0030355785074972943
4494 0.009615951959007203
4504 0.012713814246787069
4886 0.00558269803786007
4924 0.0044499021448185265
5057 0.007398410466312871
5181 0.005967782187942228
5229 0.005360134720761577
5255 0.0032494456510442997
5336 0.005353939737446111
5510 0.00485595164932831
5613 0.007690627248734717
5703 0.0021674816367355187
5811 0.002858970605452681
5976 0.005684171643465054
6138 0.012714461034980562
6142 0.023871128751768913
6293 0.004810939736995385
6349 0.005211723709503283
6421 0.0075197203975137196
6484 0.017499306381579642
6508 0.003376174955454617
6574 0.016346879449269734
6599 0.0070300206951442405
6697 0.007603795302913923
6747 0.010470700149037915
6834 0.0029445667736456224
6858 0.007969636337519322
7000 0.003428615027173626
7081 0.006863416260929393
7163 0.008394245655454654
7178 0.008394245655454654
7224 0.008970807287250866
7322 0.0020758787490251117
7342 0.007646855391252257
7347 0.004385779469909043
7430 0.01669746416775705
7484 0.001553639186239401
7560 0.004624272877612254
7609 0.008452448813419474
7615 0.007969636337519322
7719 0.005177331835401498
7720 0.006530068113550012
7839 0.011190817905611052
7840 0.011536493097730513
7864 0.004155361415705386
8033 0.003291018515595935
8046 0.006863416260929393
8061 0.012468058291187278
8063 0.010229794409503319
8091 0.010388943882191148
8125 0.007064637359117963
8135 0.006616900059370807
8622 0.0055236293341824364
8694 0.004610444454101144
8724 0.005704941452562075
8790 0.015623736978393138
8814 0.0048167747525402265
8820 0.003879839012197069
8828 0.007690627248734717
8867 0.002091815429529299
8874 0.02219523139893861
