41
79 0.025438747814025237
861 0.014174441148639298
974 0.03198287815454656
1496 0.0129089112152726
1712 0.009274570922965254
1915 0.02726270182968196
1995 0.04433508954730733
2262 0.029724266548704775
2381 0.02161067696498869
2743 0.014569527429695528
3374 0.019832811321985423
3464 0.011181941568245474
3512 0.023466392893814494
3819 0.012446663017870167
3837 0.02401990582462107
3838 0.02841348607289497
3943 0.014897949565842093
4221 0.008501176265113165
4811 0.021033306779782865
4915 0.012674958392328134
4924 0.01586486851630953
5229 0.009555022763096723
5379 0.020046583120008104
5381 0.007419860294624939
5703 0.015455086453244567
5812 0.019974786695006245
5833 0.026237069705867408
6349 0.01858092800779431
6388 0.018519421703036394
6484 0.062388831447370896
6728 0.016686358970426918
6834 0.005249010335629152
6895 0.0179254406767052
6966 0.05165894654161138
7376 0.037330322270482996
7484 0.005539061446592646
7840 0.020565052913345698
8350 0.009531330945421497
8531 0.022225669127768626
8586 0.02773882881767826
8815 0.019352065359146894
