344
44 0.0017616899180711789
53 0.0016992156087497776
117 0.002893555935218438
129 0.002976179603427884
135 0.0052558716396132734
150 0.003482846467514871
158 0.0005737860911203966
163 0.002209300092488104
171 0.0025219028769114457
174 0.0047893324569279905
176 0.0047893324569279905
232 0.004149514741913437
326 0.0042266595678364365
334 0.0015412528432307278
370 0.002244046782128751
377 0.001984468250256616
401 0.0018223479064471378
423 0.004317202850233013
480 0.002291225636678736
485 0.0042266595678364365
493 0.002165608461486628
507 0.006202627579306659
536 0.0028428040734546725
539 0.002317894522845898
575 0.0014702076414883066
584 0.0035388524925194374
600 0.004374661896897418
637 0.0047893324569279905
667 0.008749323793794835
668 0.001439067616744338
693 0.0032493161187143104
700 0.0022558975821867304
760 0.0047893324569279905
762 0.004374661896897418
764 0.031270844808001394
776 0.007623978015611728
819 0.0027950393921978723
861 0.002437473991915543
964 0.0047893324569279905
1011 0.005704316373853406
1037 0.004101525381610991
1041 0.005364273358091703
1101 0.0013801572402096375
1147 0.003663986678744883
1165 0.006498632237428621
1173 0.0030681759074842985
1207 0.0020940860314019876
1216 0.0016356285297041125
1242 0.002055878255247698
1256 0.002749929710484378
1268 0.0042146489116593145
1309 0.002760314480419275
1313 0.006697099509318955
1317 0.002893555935218438
1321 0.003993129219035876
1324 0.004555802108127429
1364 0.0033649425720329407
1407 0.003171946613745665
1473 0.002065262930715083
1499 0.001717458295271565
1511 0.002123970340531203
1516 0.0015168736720793713
1538 0.0018654606243325462
1539 0.002666598621413835
1572 0.004488093564257502
1577 0.001808471237140209
1581 0.003171946613745665
1583 0.004374661896897418
1627 0.0027282813505781814
1646 0.0024894279309872914
1698 0.0021872568213928243
1705 0.0005634145660611334
1732 0.0018728740583841374
1792 0.002443028709071343
1799 0.001887907180356874
1812 0.003171946613745665
1881 0.0031636991432586
1921 0.00024434847246078433
1930 0.0051671720084334695
1940 0.0026733893976764282
1945 0.0025557313294213456
1960 0.0025386409005617753
2005 0.002818570471278284
2046 0.003171946613745665
2060 0.0027950393921978723
2074 0.0035388524925194374
2076 0.003005701598162897
2091 0.002371144126231763
2092 0.0019675558596446586
2117 0.001118701003945644
2125 0.004331216922973256
2161 0.0021039257323222814
2194 0.004374661896897418
2258 0.005456562701156363
2272 0.003290954239669735
2381 0.005574342843305493
2416 0.001439067616744338
2468 0.0018508338252447767
2551 0.005787111870436876
2588 0.0020466008355625584
2662 0.0047893324569279905
2666 0.0013924259682514845
2674 0.001781409885049325
2707 0.002165608461486628
2726 0.004101525381610991
2732 0.002976179603427884
2738 0.001263181568755127
2780 0.001613687589010198
2807 0.003993129219035876
2826 0.003986116880659583
2869 0.0047893324569279905
2890 0.0031358622115112977
2939 0.001317682930888236
2942 0.006992649138380653
2949 0.004555802108127429
2954 0.001583043243064434
2962 0.004252602347262109
3030 0.0028956870884732735
3032 0.0047150013786635275
3050 0.003953048792664707
3078 0.001975968011470222
3168 0.002317894522845898
3173 0.003734619502837219
3181 0.005735566881705538
3184 0.0018223479064471378
3229 0.003127011868419454
3340 0.013535976749062036
3374 0.0017052510669370647
3427 0.004374661896897418
3431 0.003599010779194954
3477 0.0013102011692925838
3506 0.0015216912849537838
3512 0.004035342329403614
3556 0.0026279358198066367
3570 0.003993129219035876
3576 0.0047893324569279905
3601 0.006072675780206801
3604 0.0026888270699440627
3640 0.0020466008355625584
3653 0.00221985015290669
3656 0.0007856463337371858
3819 0.0010701803716299584
3837 0.012391577584290497
3838 0.017101200963499402
3884 0.001404882970553105
3901 0.0017298519006902812
3911 0.003482846467514871
3943 0.0012809451963153948
4049 0.0047893324569279905
4056 0.0044647330062126366
4085 0.0032493161187143104
4162 0.0047893324569279905
4201 0.004555802108127429
4221 0.0021928267749263862
4234 0.003734619502837219
4247 0.0029476936846302452
4251 0.0014347149768965202
4279 0.0047893324569279905
4307 0.0047893324569279905
4316 0.0012088171325541522
4337 0.0020940860314019876
4349 0.0013680711799306995
4357 0.0024894279309872914
4375 0.0047893324569279905
4383 0.0010243970567137654
4407 0.0010841525820876753
4468 0.0009305324770645913
4473 0.003599010779194954
4598 0.0031013137896533293
4637 0.004555802108127429
4645 0.0025219028769114457
4646 0.0035388524925194374
4650 0.014367997370783968
4662 0.0034304563299443224
4677 0.0006036155796147624
4706 0.002344082774140879
4751 0.003734619502837219
4764 0.002647037063136891
4770 0.002154996998137674
4819 0.0015073233809046417
4823 0.0029476936846302452
4835 0.000287949344195561
4909 0.004683892354318948
4924 0.001364082152804184
4943 0.006801250410860538
4944 0.0027950393921978723
4951 0.0019032239628153252
4973 0.0015596265278872595
4993 0.0029476936846302452
5017 0.0013522313527462046
5018 0.003599010779194954
5019 0.0018293762220981784
5045 0.0016755127456486768
5057 0.004535847912057237
5065 0.003734619502837219
5124 0.002371144126231763
5146 0.0042266595678364365
5149 0.004374661896897418
5156 0.005544342498724673
5163 0.0009328684941780626
5169 0.0024135067143363307
5178 0.0010322911097176647
5181 0.0018293762220981784
5223 0.00038316526260673744
5226 0.002818570471278284
5229 0.0016431067181399974
5297 0.0042266595678364365
5298 0.0023575006893317638
5303 0.0035388524925194374
5308 0.0022094983602707827
5336 0.0032824153904342517
5379 0.008618157229162362
5381 0.002551877185441101
5396 0.0016070898391842936
5431 0.0010729556406125587
5435 0.0011925487446627907
5459 0.0029476936846302452
5592 0.0035388524925194374
5603 0.0062717244230225955
5623 0.0011216475240109804
5625 0.0023575006893317638
5647 0.01143596702341759
5703 0.00465096994200444
5780 0.004101525381610991
5782 0.0031013137896533293
5807 0.002635365861776472
5812 0.001717458295271565
5833 0.0022558975821867304
5863 0.001101243010947245
5866 0.0019930584403297915
5902 0.0035388524925194374
5911 0.003290954239669735
5912 0.0012457983480486552
5932 0.002443028709071343
5939 0.0009860388003687156
5976 0.0017424376626696614
5985 0.0005144635267024419
5999 0.0024135067143363307
6006 0.0036307598408597216
6019 0.0023850207955386916
6115 0.0017552216337543443
6116 0.0032493161187143104
6133 0.002749929710484378
6142 0.014635009776785427
6293 0.0029495107172607224
6349 0.0015976125016047447
6357 0.0011216475240109804
6363 0.0029476936846302452
6381 0.0018436180854069484
6405 0.003993129219035876
6421 0.0069153316552836444
6423 0.002893555935218438
6430 0.0009687402532188802
6469 0.0031115127385288725
6476 0.0014478435442366367
6484 0.010728546716183406
6485 0.007565708630734336
6491 0.00045390614199197646
6508 0.001034939612513191
6615 0.0014132951223786684
6697 0.011654415230634423
6706 0.002749929710484378
6719 0.004101525381610991
6725 0.002154996998137674
6728 0.0014347149768965202
6761 0.0056332833227527085
6823 0.001421795361165062
6834 0.0004513167765213851
6895 0.0030825056864614555
6947 0.002647037063136891
6966 0.004441703814792754
6973 0.001021782673176261
6976 0.0023991388102871884
7000 0.0010510146999186442
7055 0.0031358622115112977
7081 0.0021039257323222814
7085 0.002573189322419744
7121 0.0047893324569279905
7122 0.002818570471278284
7176 0.003171946613745665
7179 0.0006186789140961204
7181 0.006371911021593608
7252 0.0012809451963153948
7260 0.004101525381610991
7277 0.003599010779194954
7303 0.005902667578933975
7342 0.004688165548281758
7348 0.002609273724654112
7370 0.0015612974514396492
7391 0.0021763604781017518
7484 0.002381278752740764
7503 0.001613687589010198
7551 0.003290954239669735
7579 0.002958657393698432
7582 0.0026279358198066367
7591 0.002065262930715083
7595 0.003209709952228445
7662 0.0034304563299443224
7680 0.006880542633230358
7694 0.0048562670268482
7719 0.003174139891610638
7720 0.0020017405058358915
7756 0.0033812433603698376
7791 0.003734619502837219
7793 0.0016932246930951769
7800 0.0015663869062723097
7839 0.0034304563299443224
7868 0.007198021558389908
7887 0.002635365861776472
7893 0.0016696936140147647
7923 0.0017948278002402102
7959 0.004745548714887899
8011 0.0006627453411807939
8035 0.0047893324569279905
8042 0.0030681759074842985
8046 0.008415702929289125
8067 0.0030363378901034003
8078 0.002165608461486628
8085 0.001887907180356874
8091 0.00318464821809224
8123 0.0024281335134241
8125 0.002165608461486628
8141 0.0031358622115112977
8145 0.00030288368842310855
8163 0.004441703814792754
8202 0.0033812433603698376
8318 0.004555802108127429
8337 0.0033812433603698376
8350 0.0008195163055876428
8383 0.004374661896897418
8445 0.0009687402532188802
8465 0.0047893324569279905
8467 0.007198021558389908
8517 0.0013366946988382141
8531 0.0038219842238405863
8590 0.0027950393921978723
8623 0.003663986678744883
8671 0.0017747831920312883
8681 0.002609273724654112
8724 0.0017488044826545427
8765 0.0021445224607208537
8815 0.0033278318000775973
8820 0.00118933382803798
8828 0.0023575006893317638
