120
2 0.016442517815780256
15 0.0033063175069071356
145 0.003183133656571436
158 0.0009474554282389262
232 0.02055546654558971
370 0.014821790474554095
446 0.005533329129148407
459 0.004840380333782908
726 0.0035251036343455547
764 0.01877654542343518
800 0.00613636506413259
861 0.004024841313811159
918 0.007014346494964157
975 0.023911594299443274
1011 0.009419164382751765
1309 0.004557926688346641
1364 0.0074084126585910424
1393 0.007970531433147757
1414 0.012100202920546373
1628 0.008497878317867674
1881 0.00522400938778812
1921 0.0016139065773644395
1940 0.004414392986903978
1945 0.008440223834817405
2019 0.00718736330731134
2043 0.005796565271966507
2381 0.01227273012826518
2666 0.009196887568080792
2738 0.0041716181437283515
2743 0.004137026307197495
2764 0.0071168110740966375
2818 0.00783063029341971
2829 0.004557926688346641
2890 0.010356088167645335
2912 0.018020129908139837
2942 0.007697669318999279
3184 0.006018247715735918
3185 0.03163324524020339
3225 0.0044917299883974245
3270 0.011166451838258413
3289 0.01024199307076871
3413 0.005420037758896063
3478 0.006851822181863237
3512 0.009994945121439506
3604 0.002959922803333485
3627 0.008508223467184868
3640 0.013517672185505784
3653 0.0036654933080403677
3760 0.005839459469221617
3837 0.02046140125801054
3838 0.00806802690958746
3923 0.013958412770324032
4226 0.011990472313950314
4333 0.004465702306908762
4346 0.002823152816447089
4403 0.0038238171030023412
4458 0.011066658258296815
4493 0.0038340298015826645
4500 0.005122833979219174
4504 0.008580516611000325
4517 0.006416136538124304
4534 0.0031275292603928353
4567 0.010658306915067356
4587 0.009308241988480752
4653 0.0024625474210229334
4772 0.014447185894074805
4973 0.0025753092358632213
5193 0.00440171764350238
5229 0.002713154611743514
5336 0.005420037758896063
5510 0.004915901669690387
5537 0.010132556237679627
5613 0.0077855732641511945
5703 0.008776962677151235
5807 0.004351607210032137
5851 0.010599968052112456
5863 0.003636821054671457
6115 0.005796565271966507
6142 0.006041458511250156
6307 0.006285338395717277
6335 0.008221258907890128
6430 0.0031992347868648203
6469 0.002568918696161955
6484 0.011810231467403544
6485 0.016657012828983003
6574 0.01654869277580393
6697 0.007697669318999279
6827 0.022469246601394644
6832 0.0061606261359130375
6834 0.0029809194498634692
6895 0.010179879890474558
7078 0.010356088167645335
7181 0.007014346494964157
7260 0.013545160982480741
7289 0.015045395850914658
7376 0.010599968052112456
7450 0.01188562201771173
7520 0.01690360570069232
7652 0.006363049058112465
7694 0.0080188359856907
7719 0.005241249512381763
7720 0.013221372476817308
7840 0.011678918938443235
7959 0.01044801877557624
8011 0.0021886960341464486
8033 0.0066632967476263376
8062 0.004326898923281064
8102 0.016767566441982094
8125 0.007151855104292258
8205 0.005618307343316127
8265 0.01690360570069232
8363 0.01690360570069232
8445 0.0031992347868648203
8631 0.007014346494964157
8671 0.005861166714424316
8679 0.002425990079957207
8688 0.007612556451804011
8801 0.006259927493280042
8814 0.0024381205537549293
8815 0.005495030904449119
