33
93 0.026451791319527716
175 0.06925115849882364
1055 0.027975479605229586
1216 0.023650304415991894
1297 0.04183925473896931
1370 0.02774532147218824
1411 0.01639040076491166
1649 0.04075500546307789
2112 0.039762497165111946
2713 0.02093503503152975
2832 0.03351550188439339
3068 0.03178625024474815
4367 0.03855757466098383
4403 0.016742118126658902
4704 0.029070980860286
5380 0.006121642230629232
5612 0.08759778866392245
5691 0.04758541941144076
5912 0.018013570708271094
5985 0.014877729015448996
5988 0.018784374202460173
6037 0.04183925473896931
6328 0.025012723428900013
6537 0.018063412348767596
6573 0.05595095921045917
6761 0.004791425401705404
6932 0.02881854771828212
7328 0.028329406580638983
7484 0.006886400717385453
8033 0.014587217204263064
8316 0.0658744358877885
8350 0.011849762797010511
8527 0.02635016567430321
