277
45 0.003081592588719536
52 0.005775475393562656
101 0.004502017923126131
112 0.008358878955840613
113 0.006044998065148247
139 0.0021439917382560167
142 0.0043272248854934045
145 0.0011383391884427652
148 0.004176567037588972
152 0.0029031749438749406
158 0.0006776502400649274
238 0.004791044634599613
240 0.002035635372009653
362 0.00358596196734066
377 0.007031063005876088
379 0.006044998065148247
429 0.0039385024593219225
458 0.0022031378234390994
494 0.0021277420701624862
527 0.011266985656628696
530 0.003886667810647479
544 0.0039385024593219225
645 0.0024953547686529004
707 0.0018681887876858178
713 0.004410643342202897
775 0.0031972395411691786
780 0.002678453237252342
855 0.0018620628405450407
930 0.004250487344082341
941 0.0019122027610681304
945 0.009206055672127206
961 0.0024616662982654644
998 0.004051421934923206
1011 0.003368442891845002
1078 0.005166543299867811
1088 0.006773793116363051
1129 0.0017047293394550184
1138 0.005568489486942577
1172 0.0017857951386266297
1253 0.0017634986112440118
1268 0.0016591884972315919
1338 0.0027528088955361663
1356 0.0047159473116648865
1366 0.0025084417929010895
1395 0.007325399017503448
1460 0.00855116617331084
1483 0.004603027836063603
1507 0.0022031378234390994
1510 0.0018320068534955988
1519 0.0038374925463844503
1568 0.00195160724439531
1592 0.003662699508751724
1609 0.0018868050515641025
1632 0.003623563157845694
1657 0.006288139124084365
1685 0.0033868965581815257
1711 0.003300984712639871
1712 0.0018835773176883077
1721 0.004791018369001453
1722 0.012089996130296495
1758 0.002737469248835663
1777 0.0025327141644274982
1778 0.006688942658880315
1784 0.004223526485031731
1876 0.0031972395411691786
1877 0.005166543299867811
1894 0.0022661741599800545
1940 0.007893285473272015
1943 0.005656275638976765
1948 0.002473147962031045
1952 0.0025205011653105865
1983 0.004223526485031731
1984 0.0037363775753716357
1993 0.002959037781104014
1994 0.004991750262235085
2041 0.006597422055802747
2108 0.005656275638976765
2117 0.001321203172430286
2233 0.0031972395411691786
2270 0.003126191675007145
2297 0.003481271790898855
2299 0.002168894630992637
2355 0.004410643342202897
2372 0.0017833570523674398
2373 0.0016893074391003471
2376 0.0024170672119778556
2449 0.005918075562208028
2575 0.007029828202357253
2606 0.0006549425780826466
2612 0.003060047694041487
2653 0.018360022943045107
2700 0.0033573955392897344
2713 0.0017099255986017675
2715 0.0029981741320100437
2717 0.0017471100503627605
2743 0.001479466361514336
2780 0.0038115799563817037
2791 0.004051421934923206
2861 0.002406234243998288
2954 0.0009347992660479825
3001 0.002833420007734317
3030 0.003419851197203535
3123 0.0038374925463844503
3160 0.002072943872093983
3212 0.002557617057164119
3213 0.00157412419039158
3274 0.0037035017288268085
3283 0.003886667810647479
3306 0.008271296995735311
3309 0.004502017923126131
3320 0.0023138808906923674
3344 0.004371726695390532
3408 0.001664143068804334
3461 0.003623563157845694
3477 0.0015473678268687248
3544 0.0011944891068135465
3563 0.002119719366729608
3663 0.005633492828314348
3760 0.002088283518794486
3788 0.002557617057164119
3796 0.005505617791072333
3819 0.0025277991117970315
3883 0.0047159473116648865
3890 0.015746470888039755
3893 0.0034487701202129684
3914 0.0025450847549749567
3954 0.002119719366729608
3993 0.003662699508751724
4131 0.00358596196734066
4136 0.005192455889870558
4158 0.015863219119860383
4190 0.003886667810647479
4192 0.003746117965461216
4216 0.002959037781104014
4221 0.0008632541019761713
4293 0.002185863347695266
4346 0.001009604318464522
4349 0.003231426407341829
4367 0.006298588355215901
4370 0.006044998065148247
4372 0.005218903411677124
4409 0.005385740325096108
4434 0.006044998065148247
4458 0.00593641933060955
4462 0.0018086225852893642
4468 0.0021979464690046633
4482 0.0018261070966273274
4484 0.004051421934923206
4520 0.0019927009978360495
4533 0.004410643342202897
4534 0.002236908345181631
4574 0.004991750262235085
4687 0.0035497800331504414
4779 0.003993300657390426
4830 0.0016493555139506868
4835 0.0003400726250433226
4837 0.007325399017503448
5017 0.0015970061230004844
5116 0.0037907170517488256
5152 0.002816746414157174
5178 0.0012191517520948136
5181 0.004321043173609384
5193 0.00314824838078316
5198 0.002737469248835663
5218 0.0014084184953523026
5223 0.0004525240960145795
5224 0.0037907170517488256
5289 0.004843964854661987
5290 0.002557617057164119
5320 0.003273977082580243
5372 0.002557617057164119
5377 0.004250487344082341
5380 0.0005000016832964273
5498 0.009431894623329773
5532 0.003993300657390426
5617 0.002692870162548054
5621 0.028359953544462444
5653 0.00286766320018078
5690 0.007492235930922432
5691 0.011660003431942439
5703 0.0007846953386857065
5706 0.002275527477735584
5863 0.0013005850129288656
5864 0.004179439477920307
5885 0.0031972395411691786
5892 0.004056689571612747
5985 0.0006075893748031046
6015 0.030907241091097576
6034 0.0022661741599800545
6043 0.003886667810647479
6051 0.002816746414157174
6053 0.004843964854661987
6081 0.0027683979782900004
6086 0.0023336487552683637
6091 0.003993300657390426
6122 0.0029981741320100437
6123 0.006044998065148247
6259 0.004179439477920307
6328 0.002042981825318544
6346 0.004923332596530929
6397 0.0161414180652197
6414 0.00754722020625641
6430 0.001144097208547684
6471 0.0024847688008662705
6479 0.006657550561297492
6491 0.0010721403353894366
6499 0.003662699508751724
6507 0.003494220100725521
6589 0.005175238667806618
6592 0.0043272248854934045
6606 0.004013599782256649
6614 0.0029400528544772644
6620 0.0011354730952302249
6623 0.00286766320018078
6707 0.0015562039029254
6713 0.0023708035284401964
6761 0.003913526266293597
6790 0.0009347992660479825
6834 0.0015990362611850398
6835 0.0038374925463844503
6884 0.004843964854661987
6909 0.0035160091412355086
6930 0.002323163439771294
6974 0.009374750674501452
6993 0.0009417886588441539
7000 0.002482529202898343
7004 0.0034513710565428376
7087 0.005656275638976765
7102 0.0023336487552683637
7187 0.005166543299867811
7222 0.008500974688164681
7329 0.005166543299867811
7390 0.002557617057164119
7409 0.0017099255986017675
7415 0.0020578458046981653
7477 0.0015970061230004844
7484 0.00506218860681977
7492 0.0022569112138573
7522 0.004843964854661987
7540 0.005380472688406567
7548 0.0032477094814771347
7555 0.0016252054343391794
7559 0.002678453237252342
7579 0.0017471100503627605
7609 0.003060047694041487
7616 0.0031492941776079504
7666 0.0020503850085582523
7699 0.002959037781104014
7714 0.003328775280648746
7725 0.00195160724439531
7751 0.004113295496954649
7854 0.004179439477920307
7863 0.0017857951386266297
7913 0.041649856032462615
7943 0.0035942818430475688
7959 0.0018681887876858178
7989 0.005166543299867811
8011 0.003130849956130019
8082 0.003273977082580243
8096 0.003018358192583708
8145 0.0003577103163495874
8146 0.0024847688008662705
8235 0.0037859068970088933
8350 0.0009678614205063773
8438 0.0016591884972315919
8531 0.0090276448554292
8543 0.004410643342202897
8559 0.0034173342722778463
8639 0.0012770778728909255
8657 0.004051421934923206
8679 0.000867572611375425
8697 0.0018835773176883077
8723 0.0014199001591178825
8801 0.00223864956713326
8809 0.004179439477920307
8867 0.003029207332828301
8888 0.004113295496954649
