185
15 0.0019837905041442815
158 0.0005684732569433558
163 0.007296145367167504
232 0.008222186618235885
250 0.0053642574524060665
273 0.007400079385251526
281 0.009681632291504953
370 0.0044465371423662295
423 0.0028514858331785955
446 0.0033199974774890447
539 0.009185730146093004
584 0.021036512038865546
600 0.017336623072889766
634 0.007912311600682198
668 0.0028514858331785955
700 0.004470019283221855
703 0.008375047662194421
764 0.01126592725406111
798 0.009489973572061017
836 0.009027237510548796
841 0.00481130159141442
861 0.0024149047882866953
892 0.004870882405834623
941 0.003208251299125419
1011 0.019780245203778704
1144 0.0032743632655965757
1172 0.0029961673992513456
1289 0.010986011988213704
1357 0.007912311600682198
1371 0.004901521390893845
1422 0.005098726990720604
1473 0.004092280251602109
1516 0.0030056570909720876
1566 0.03243623383465171
1585 0.005840800449174745
1627 0.005406038972441952
1684 0.007131373210627038
1728 0.003366964261781967
1738 0.005207206161468706
1752 0.007553385626578287
1776 0.003215622763222428
1809 0.0063599808312674744
1812 0.006285153475384929
1847 0.00429645652901412
1895 0.010142163420415393
1912 0.00962260318282884
1921 0.00024208598660466595
1940 0.002648635792142387
2001 0.006145195842461227
2117 0.0022166853226330352
2125 0.008582226125150711
2178 0.007260121752327824
2277 0.004567533871082407
2316 0.006285153475384929
2347 0.012032894601520882
2354 0.004964607832741179
2390 0.0007973640194799561
2551 0.005733527501266164
2560 0.016254193178976892
2707 0.0042911130625753555
2723 0.006145195842461227
2829 0.0027347560130079854
2912 0.010812077944883904
2939 0.0026109643260192822
2944 0.003949208391023846
2954 0.007841927176291409
3050 0.0026109643260192822
3136 0.0037559564959680253
3172 0.009027237510548796
3184 0.0036109486294415506
3283 0.006520964882308549
3394 0.00497820887518606
3427 0.008668311536444883
3464 0.007620286105767287
3476 0.007260121752327824
3477 0.002596139353968638
3478 0.012333279927353826
3550 0.008127096589488446
3556 0.005207206161468706
3585 0.002055978814182783
3599 0.01323386790367258
3627 0.0025524670401554602
3640 0.004055301655651736
3653 0.008797183939296883
3703 0.0043340088868339295
3837 0.004092280251602109
3860 0.007912311600682198
3986 0.004964607832741179
4108 0.003186804340307288
4293 0.0036673929500220578
4346 0.0016938916898682536
4387 0.005283815786875562
4393 0.0027509219589429857
4458 0.0033199974774890447
4461 0.003915344022728032
4519 0.004997103848694902
4547 0.00251695791420833
4646 0.007012170679621848
4677 0.0011960530929403625
4811 0.003583452266185229
4835 0.002282265172512965
4855 0.011169890386176903
4909 0.006187363974223795
5013 0.00355641804862412
5057 0.013481547960836787
5065 0.007400079385251526
5073 0.005448934796700527
5106 0.008127096589488446
5146 0.008375047662194421
5149 0.03467324614577953
5180 0.0045180377171639575
5255 0.001973737358412093
5435 0.0023630132533133076
5575 0.004423392885784742
5576 0.005632963627030555
5637 0.0034031118072973604
5645 0.0025453022261658323
5849 0.010142163420415393
5851 0.0063599808312674744
5862 0.0077228578138400445
5863 0.006546277898408623
6115 0.006955878326359809
6116 0.006438459716711689
6118 0.007131373210627038
6130 0.009027237510548796
6142 0.010874625320250284
6243 0.0020498930033237108
6275 0.007012170679621848
6329 0.0032743632655965757
6402 0.006520964882308549
6409 0.0014519672187463604
6421 0.004567533871082407
6484 0.007086138880442127
6485 0.009994207697389804
6697 0.004618601591399568
6756 0.0052450549214008765
6761 0.0006566027402337035
6805 0.010142163420415393
6827 0.004493849320278929
6832 0.0036963756815478225
6876 0.009027237510548796
6895 0.0030539639671423677
7000 0.00208256616465361
7078 0.006213652900587201
7140 0.002045465717403521
7147 0.013041929764617098
7370 0.0030936819871118975
7375 0.0069304473942235585
7391 0.0043124179843868045
7416 0.004870882405834623
7555 0.005453467124115914
7579 0.0029312624178308537
7611 0.00875616016848051
7680 0.00818020068617387
7683 0.006079533742607776
7720 0.007932823486090385
7800 0.006207533295227302
7840 0.003503675681532971
7958 0.0037559564959680253
8009 0.008375047662194421
8011 0.0013132176204878692
8062 0.002596139353968638
8063 0.012427305801174402
8091 0.0031551607345913857
8125 0.008582226125150711
8163 0.004400576927618747
8164 0.03467324614577953
8213 0.0063599808312674744
8350 0.0032477127665880663
8445 0.0019195408721188923
8590 0.0055383187956513395
8631 0.00841721579395699
8671 0.0035167000286545898
8681 0.005170227565518333
8689 0.006438459716711689
8719 0.006207533295227302
8724 0.0034652236971117792
8749 0.008127096589488446
8750 0.0077228578138400445
8800 0.011951403242562022
8814 0.0029257446645059157
8815 0.006594037085338943
8828 0.004671343958490717
8833 0.006607931903973448
8884 0.0038021366461887585
