39
158 0.003654470937493001
476 0.03300480012859032
549 0.014401076550998534
639 0.05463426268979317
651 0.02667466730476341
781 0.05572485987714568
861 0.015524387924700183
1216 0.020834791985516667
1386 0.05383959211410698
1847 0.01381003884325967
1940 0.0170269443780582
2092 0.025062913926426005
2161 0.02680000635220049
2381 0.02366883667593999
2656 0.038677161219174264
3050 0.016784770667266816
3340 0.034484512194038995
3394 0.016001385670240908
3627 0.016408716686713672
3837 0.05261503180631282
3943 0.016316801905446102
4512 0.040404558056045974
4756 0.058404798215870544
6142 0.02330276854339346
6293 0.018785574211124836
6481 0.030743478384998493
6634 0.025062913926426005
6697 0.029691010230425793
6834 0.005748916081879548
6896 0.05224562093242572
7332 0.040404558056045974
7484 0.006066591108172898
7680 0.017529001470372577
7720 0.02549836120529052
8046 0.02680000635220049
8063 0.03994491150377486
8445 0.012339905606478591
8724 0.022276438052861437
8820 0.015149847571436172
