72
139 0.012613353992597085
326 0.02936705024405836
423 0.009998716557898971
507 0.021548089317721186
575 0.010215079067483687
711 0.03327653070722694
838 0.013442762927188243
941 0.011249712347582638
1020 0.021317845590962333
1083 0.02936705024405836
1321 0.027744469249145372
1503 0.014349554128994408
1566 0.018956240552718533
1712 0.005540652759174048
2125 0.015046760089549947
2161 0.01461818528301845
2254 0.017187152929108288
2381 0.012910274550512723
2501 0.020480728847755602
2588 0.014219888922415177
2635 0.01910665448193691
2928 0.014482270559925396
2942 0.03239019297864632
2975 0.0063213753644668046
3050 0.009155329454872808
3184 0.012661767921418425
3340 0.01880973392402127
3390 0.02500611385544546
3400 0.017408365127793746
3512 0.007009442033217316
3746 0.0022025443012572594
3837 0.014349554128994408
3838 0.016974290381209983
4105 0.011560974110659185
4221 0.005078624781755917
4407 0.007532748459959822
4437 0.013064809918041395
4677 0.002096976201908428
4813 0.02317067031263417
4943 0.007875906861061448
5017 0.009395373684665188
5081 0.012240313067117932
5163 0.006481618758250175
5229 0.005708195416914926
5340 0.027744469249145372
5703 0.009232908790250002
5730 0.021078634144479576
5976 0.012106547396471025
6006 0.012613353992597085
6142 0.012710601023669162
6293 0.01024667684243173
6409 0.00509131362417555
6421 0.01601602785963961
6469 0.005404738036080996
6484 0.012423749985190743
6761 0.0023023732449753242
6834 0.0031357724082979356
7061 0.02203884984875235
7070 0.019261189849465586
7074 0.006384927451796293
7375 0.012150784392469876
7551 0.02286572101588712
7864 0.008850380158125757
8085 0.013117277162219838
8091 0.011063550627787976
8106 0.01482840295955449
8125 0.030093520179099893
8467 0.05001222771089092
8586 0.016571248384587012
8598 0.020289517720213958
8679 0.005104031077312566
8724 0.012150784392469876
