52
139 0.016745314783275442
232 0.038275696326270495
294 0.06759423700443146
459 0.013519683001255707
480 0.01056729065192348
918 0.03918359076497219
975 0.02226251883051615
988 0.02038071763353222
1041 0.016493599118270467
1467 0.023900027679324025
1496 0.010238101998319649
1603 0.027725006120985343
1921 0.0011269520066079276
1930 0.011915676829792698
1931 0.019591795382486094
2117 0.010319052363981372
2723 0.02860694616318157
2772 0.017005787511943402
3050 0.012154489103882865
3627 0.011882174152447833
3837 0.019050270136768438
4350 0.021745911530905063
4403 0.010680316735972056
4472 0.026222416884452582
4598 0.02860694616318157
4830 0.012882035307235536
5057 0.02091964338750536
5229 0.015156243003532733
5255 0.009188087702952846
5364 0.03264286350858447
5396 0.00494133944806665
5703 0.0061287411797349145
5714 0.027452691169550306
6142 0.01687441860038837
6469 0.0071752556685902875
6484 0.032987198236540935
6485 0.023262379985303852
6540 0.044177463180284045
6588 0.026452830014762608
6697 0.04300077343716839
6834 0.004163008197223121
7328 0.018072207646269697
7560 0.013075530205662234
7706 0.03595123465063469
7720 0.018464330527969
7840 0.016310214379550037
8043 0.010238101998319649
8059 0.013603346842538675
8586 0.02199976078643448
8664 0.012294452728403201
8815 0.015348189767599262
8867 0.0059147884559104325
