61
232 0.014799935912824592
597 0.013306952453572163
688 0.021026881617029085
861 0.008693657237832103
918 0.03030197685824516
993 0.029257547722158408
1984 0.011283860277622342
2117 0.007980067161478928
2323 0.02567294355825734
2347 0.02165921028273759
2381 0.013254548538526397
2713 0.010327950615554676
2928 0.014868464441523406
2942 0.016626965729038445
3050 0.009399471573669417
3136 0.013521443385484892
3160 0.012520580987447657
3229 0.00557650449868136
3340 0.05793398048598552
3599 0.011910481113305322
3627 0.009188881344559658
3837 0.014732208905767593
3838 0.017426938124708916
3884 0.010021498523278816
3954 0.012803104975046832
4198 0.01584207693942749
4346 0.006098010083525713
4500 0.011065321395113417
4598 0.022122705032860415
4811 0.012900428158266824
4943 0.008085931044023087
5017 0.019291833965845852
5229 0.00586041396136599
5396 0.0038213025065048766
5703 0.014218679536985001
6421 0.032886243871793334
6484 0.038265149954387484
6697 0.016626965729038445
6805 0.036511788313495414
6827 0.016177857553004146
6834 0.016096965029262736
6973 0.007288716401990662
7061 0.022626552511385747
7070 0.019774821578784667
7074 0.006555192183844195
7375 0.012474805309602405
7484 0.0033972910205768234
7609 0.018482688072010582
7661 0.014155873518497192
7694 0.017320685729091914
7720 0.014279082274962693
7923 0.012803104975046832
8059 0.01051992155822991
8106 0.015223827038475943
8127 0.026640285786905495
8422 0.023788554854304415
8643 0.010889301973714053
8671 0.012660120103156524
8815 0.023738533507220196
8820 0.008483914640004257
8867 0.0045741030725707345
