246
44 0.011578674522949393
148 0.002324305734677892
374 0.006728216519685887
378 0.0034840311834247978
427 0.003153659124087582
435 0.0053914399979407375
438 0.003912177119985056
474 0.0031725456810072156
480 0.001505903827546835
527 0.006270202091465356
549 0.0014861061797099223
632 0.0028062250062112033
649 0.0040766655465959
671 0.0031917725545009662
695 0.0025223019520171125
1011 0.0018745757125378205
1055 0.00508645083731447
1131 0.003912177119985056
1161 0.0053914399979407375
1172 0.0019876294786188285
1238 0.008668977339476767
1251 0.006728216519685887
1268 0.0036934269741813815
1317 0.0038035686126335734
1332 0.004651808558962897
1333 0.002164746012483753
1360 0.006295559863529422
1393 0.0031725456810072156
1411 0.02086051006443302
1457 0.003912177119985056
1503 0.0027147805108908335
1511 0.002791951184727748
1512 0.004219151902806432
1520 0.002432914242029375
1540 0.006345091362014431
1572 0.002949791224665557
1577 0.0023772287760933947
1586 0.0043593404166736155
1587 0.0035585983099499703
1593 0.002778695578126505
1609 0.002100055745352674
1615 0.006728216519685887
1621 0.0024816470306902394
1646 0.006544687680973959
1648 0.0019148470053834455
1649 0.007410000993286888
1703 0.003991254966106435
1777 0.0028189668709721295
1784 0.004700878372774875
1860 0.006728216519685887
1861 0.006728216519685887
1873 0.00427121406268343
1907 0.004909143572525583
1935 0.0024140276851097407
1956 0.009722860599684649
1983 0.0023504391863874373
2025 0.0037378895244388607
2033 0.004444631935621285
2112 0.0036147724695556314
2172 0.0053914399979407375
2183 0.011500564122311164
2262 0.0033594994133671245
2384 0.0025645673822569707
2414 0.002791951184727748
2438 0.0024098813619181786
2462 0.0038035686126335734
2503 0.004033105922614495
2591 0.0053914399979407375
2601 0.004651808558962897
2605 0.002889659113158922
2633 0.005123271768395115
2638 0.003293474483636654
2659 0.0034544119498686747
2666 0.0018303388034755386
2671 0.004219151902806432
2689 0.0035585983099499703
2717 0.00194457211993693
2733 0.0036740689799161217
2738 0.0016604475166682872
2925 0.0059885850807080455
2939 0.001732089356327288
3023 0.002949791224665557
3068 0.005779318226317844
3096 0.002678191922681141
3149 0.0016650768627974061
3164 0.006728216519685887
3174 0.0526036839530073
3184 0.002395469606754837
3213 0.001752035032548859
3225 0.0017878630420648225
3256 0.006586948967273308
3315 0.006728216519685887
3337 0.0035052340600894385
3382 0.0023682239748982954
3413 0.0021573614666859026
3563 0.002359294528571283
3564 0.003116860215071236
3641 0.002965369057665604
3653 0.0029179848447299242
3656 0.004130916840780288
3703 0.002875141030577791
3819 0.0028134963087077525
3821 0.004033105922614495
3931 0.0036440088904394347
3970 0.0029179848447299242
3978 0.0040766655465959
4005 0.004038968918733321
4027 0.0035863157802440465
4105 0.004374422636465637
4158 0.0025223019520171125
4234 0.004909143572525583
4248 0.003183973680305665
4297 0.0020861975946089573
4314 0.006728216519685887
4333 0.0017775031295312515
4344 0.005010845501661271
4367 0.0035052340600894385
4383 0.0026931323112622334
4409 0.0029972240384134358
4412 0.003293474483636654
4420 0.004509322202752365
4435 0.0028608178274801893
4437 0.0024717207953051288
4504 0.0017076703820418338
4542 0.00301351538705966
4569 0.014727430717576748
4651 0.003912177119985056
4659 0.0018249359432791303
4660 0.0028951597585099562
4704 0.005285632883688363
4771 0.01049790728346041
4787 0.011500953881278224
4819 0.001981371028953276
4848 0.004730886405084276
4852 0.003063937173655733
4924 0.0017930809625312982
4948 0.0035585983099499703
5017 0.005332509388593755
5019 0.00721412490532574
5059 0.008651894438443775
5084 0.011500953881278224
5223 0.0020146773021582757
5229 0.0010799288626595805
5336 0.0021573614666859026
5380 0.0022260517202288116
5386 0.0025223019520171125
5437 0.01648831727919945
5440 0.0017570802552295934
5507 0.004219151902806432
5518 0.0059885850807080455
5574 0.00481629698557374
5612 0.03450821977669673
5623 0.00147440153647635
5627 0.0035052340600894385
5766 0.0034059007503705
5811 0.0011520176395435862
5824 0.003231297910504541
5828 0.0038035686126335734
5869 0.003177971331284872
5910 0.0014589924223649621
5939 0.0012961443690350438
5985 0.00879138532731077
5988 0.0017076703820418338
6019 0.003135101045732678
6021 0.005123271768395115
6041 0.0031725456810072156
6048 0.004509322202752365
6086 0.0025974026686402182
6161 0.0017420155917123989
6165 0.002846684341266206
6172 0.004909143572525583
6183 0.0059885850807080455
6197 0.0038385574065269647
6381 0.004846858357212371
6456 0.003531582623705589
6469 0.0010225180068261343
6477 0.004718589057142566
6516 0.018312755382019222
6547 0.003912177119985056
6573 0.02034580334925788
6589 0.0014400387693589668
6643 0.0033594994133671245
6683 0.0014666691648935837
6707 0.001732089356327288
6727 0.005248953641730205
6747 0.004219151902806432
6761 0.004791425401705404
6834 0.001186508478815435
6853 0.005123271768395115
6962 0.018701161290427416
6963 0.016032995200731894
6976 0.003153659124087582
6999 0.0035585983099499703
7158 0.0032516235271285946
7296 0.006728216519685887
7297 0.01236623795939959
7299 0.0059885850807080455
7328 0.0025754005982399075
7347 0.0017672428330837422
7366 0.004383640329417275
7370 0.0020523197457499075
7377 0.002904377451461594
7398 0.004219151902806432
7407 0.0029333383297871674
7481 0.004051942364267515
7492 0.002511992088150754
7561 0.0032516235271285946
7575 0.006728216519685887
7665 0.005239735948778568
7680 0.0018088895866232144
7695 0.0014900364331737871
7758 0.004033105922614495
7761 0.0077494649694210375
7776 0.004614464737388571
7800 0.002059009815370235
7832 0.006630064074435496
7863 0.0019876294786188285
7892 0.0015179611604577545
7899 0.0038747324847105188
8011 0.0017423526168635118
8021 0.003705000496643444
8043 0.0014589924223649621
8048 0.002039064139148664
8091 0.002093104172824752
8097 0.0057216356549603786
8098 0.004909143572525583
8113 0.00555592842455158
8117 0.0033824478808220223
8144 0.0053914399979407375
8145 0.0007962789843064524
8167 0.00602703077411932
8235 0.0010534495235534575
8358 0.004651808558962897
8374 0.006295559863529422
8425 0.006295559863529422
8559 0.0038035686126335734
8601 0.0018357691592620665
8624 0.005750476940639112
8639 0.0028428318251576866
8697 0.001048231603086982
8739 0.007754241934813201
8754 0.004648611469355784
8812 0.002608576201197271
8814 0.0009704558469491365
8867 0.0025286810597749763
8880 0.002619867974389284
