267
44 0.0024228897330798986
50 0.006016565847918042
53 0.0023369674824707735
56 0.0023536310493805944
68 0.000742688237338794
109 0.002729281526702543
145 0.0013256237849989013
209 0.006271826136937112
238 0.008368932722906007
243 0.0014454829420474926
348 0.007039547875352586
375 0.007637521119944535
378 0.0036452459939688756
397 0.0031191242068774054
443 0.002684926587281043
444 0.007039547875352586
458 0.0025656077995319074
480 0.003151171505457901
494 0.004955615207113657
527 0.0032801699887228786
575 0.00404401587761565
639 0.0029494074973924335
807 0.003086285420151367
811 0.006016565847918042
855 0.0021684176523570783
956 0.01396578798766632
988 0.0030387702384186855
1102 0.0021827311593980605
1110 0.009059656833736631
1111 0.004790033059435619
1173 0.0042197277904989705
1176 0.0023705471041654824
1257 0.003640526552129143
1268 0.003864331050107512
1309 0.003796319401090776
1377 0.00658687111685469
1496 0.0030530072797045737
1507 0.0025656077995319074
1538 0.0025656077995319074
1550 0.004717979785399003
1586 0.006841586952131728
1587 0.0037232635273769608
1588 0.01092157965638743
1603 0.0041338055398898454
1617 0.00458648229838774
1621 0.0025964790269689653
1646 0.003423763349815426
1648 0.0020034517511338364
1668 0.004526119584121614
1692 0.005870370323319772
1702 0.0035885898269664516
1712 0.0021934717864082348
1721 0.007439010526675778
1763 0.003640526552129143
1778 0.005192958053937931
1788 0.00458648229838774
1792 0.0033599495099053177
1811 0.006265691845368058
1828 0.006265691845368058
1833 0.003402084255890329
1881 0.004351102934815812
1935 0.007577192296963993
2024 0.0028800412000001625
2072 0.0025063139587383513
2158 0.008530606053802216
2200 0.003944123755414476
2224 0.004717979785399003
2228 0.0058130150868701625
2233 0.0037232635273769608
2262 0.0035149518283815414
2399 0.005039159056885636
2438 0.008824874036124539
2439 0.0029211417279799315
2492 0.0005857046614538402
2505 0.003319347280642511
2530 0.005640915370596093
2564 0.006265691845368058
2612 0.0035635002709531963
2632 0.005039159056885636
2645 0.007039547875352586
2677 0.0038126262684032132
2700 0.003909769098453084
2713 0.003982500237360414
2731 0.002765106148664735
2743 0.0017228747089100109
2767 0.006484641998933128
2771 0.002535567289698502
2772 0.002535567289698502
2798 0.006016565847918042
2831 0.0027410957983970137
2832 0.006375699587262495
2838 0.0031878497936312475
2872 0.0042197277904989705
2893 0.003008180975437432
3022 0.0044688537879489865
3023 0.003086285420151367
3025 0.00658687111685469
3051 0.0026069620923171383
3068 0.0030233708459014943
3069 0.016028565934163026
3078 0.0027175909669320533
3149 0.0034842482424603818
3229 0.0010751615357354805
3260 0.004650296138297848
3294 0.00458648229838774
3306 0.0019264254699578895
3318 0.00441438258211367
3329 0.00458648229838774
3394 0.0017276560363756249
3528 0.00658687111685469
3582 0.0026720157305299154
3677 0.00658687111685469
3748 0.00349144699691658
3750 0.005242709817933514
3757 0.003979569216817132
3830 0.01976061335056407
3835 0.0027060215550382834
3840 0.002468464969482037
3864 0.005242709817933514
3869 0.00698289399383316
3902 0.0027773077811183637
3914 0.0029638133521944867
3939 0.0042197277904989705
3970 0.0045795109195568605
3974 0.0046410979538289475
3986 0.0068917435210288855
3988 0.004650296138297848
4120 0.0032801699887228786
4125 0.0037820370054219587
4136 0.006046741691802989
4139 0.003944123755414476
4140 0.005039159056885636
4215 0.0058130150868701625
4248 0.0022208693879767023
4251 0.001973194119896242
4320 0.003640526552129143
4346 0.0011757088849985305
4349 0.001881537483966386
4358 0.0043128182086337894
4367 0.007334859961215432
4383 0.0014088751294135332
4399 0.0028984212383121205
4437 0.00258609347992079
4462 0.002106185170015635
4482 0.0021265463104683273
4493 0.0015966910741809553
4519 0.003468426835855073
4567 0.00221933897203202
4640 0.00658687111685469
4660 0.0015145630099145913
4677 0.0004150826929227479
4684 0.004054026018707406
4689 0.0041338055398898454
4782 0.004016177029451091
4819 0.002073054007156769
4830 0.0019207147758860182
4867 0.004867059340611565
4915 0.0029976765349464993
4924 0.001876051289846371
4943 0.0015589841344517516
5004 0.004175940285874856
5017 0.0018597526316689445
5019 0.002515980151214718
5030 0.058678879689723455
5039 0.0074465270547539215
5163 0.002565987888870249
5187 0.003667429980607716
5372 0.0029784075241525597
5379 0.0023705471041654824
5380 0.0005822641710367135
5404 0.01804969754375413
5438 0.0029931950020165477
5441 0.0019672397684124864
5595 0.0038440773131770216
5623 0.004627877316292091
5682 0.004949796315859383
5699 0.00658687111685469
5703 0.0009137968854103471
5735 0.01593924896815624
5736 0.013783487042057771
5811 0.0012053243683656544
5823 0.002092814492160088
5851 0.00441438258211367
5869 0.0033250239892877705
5912 0.003426746098745658
5939 0.001356120201021241
5985 0.0028302106610365698
5988 0.0017866885488201192
5992 0.0038126262684032132
6002 0.003944123755414476
6039 0.005344031461059831
6053 0.005640915370596093
6058 0.0025257307656546646
6107 0.0033070168230354795
6250 0.0024967307388945384
6285 0.0038764401083133206
6367 0.0028666705221446153
6414 0.002197230561333003
6469 0.001069832464725544
6480 0.006265691845368058
6513 0.0032801699887228786
6535 0.0042197277904989705
6542 0.007752880216626641
6548 0.006761636244603331
6754 0.0027175909669320533
6761 0.001367219073494344
6837 0.0031191242068774054
6849 0.0027773077811183637
6853 0.005360338328372267
6874 0.004650296138297848
6930 0.0013526902804837995
6935 0.004673934964941547
6956 0.004717979785399003
6979 0.003135913068468556
7000 0.0028909658840949853
7022 0.0038440773131770216
7111 0.0044688537879489865
7234 0.003979569216817132
7339 0.00658687111685469
7340 0.0034458717605144427
7375 0.0024051681188179443
7432 0.004526119584121614
7481 0.0021197179206386614
7484 0.0006550046954839633
7488 0.006265691845368058
7508 0.003979569216817132
7514 0.00549183581538353
7521 0.002189957322209959
7615 0.0033599495099053177
7694 0.003339463829516435
7695 0.0015589841344517516
7699 0.0068917435210288855
7711 0.003319347280642511
7725 0.002272694297457777
7726 0.0042197277904989705
7746 0.0043624458569509784
7764 0.003979569216817132
7793 0.002328728048344266
7796 0.00458648229838774
7818 0.022344268939744935
7831 0.006265691845368058
7892 0.0015882010084995013
7899 0.004054026018707406
7934 0.003979569216817132
7958 0.0026069620923171383
8025 0.003319347280642511
8067 0.004175940285874856
8180 0.003979569216817132
8245 0.01098367163076706
8356 0.003752263554137087
8409 0.007039547875352586
8421 0.005242709817933514
8438 0.001932165525053756
8445 0.0013323291400311075
8469 0.0037820370054219587
8532 0.002234324945452904
8534 0.03449504375315412
8560 0.0026069620923171383
8584 0.003640526552129143
8601 0.0038414295517720364
8604 0.003152958258440312
8614 0.005136301886935506
8697 0.0032902076796123524
8739 0.0020282625112268463
8755 0.004054026018707406
8756 0.005640915370596093
8867 0.00264568943786225
