206
156 0.006057087538369882
158 0.0021392024999959034
163 0.0013727939018363946
232 0.011602737213886875
277 0.0017087486311858863
294 0.00683007969731189
423 0.005365164982287253
446 0.0031233425746412615
459 0.005464401491796732
651 0.003903609849477572
666 0.00683007969731189
719 0.008927849701938936
764 0.01589791128186324
800 0.0034637321964790233
819 0.005210265069079657
861 0.0068155849425513
918 0.007918635067485668
961 0.0038854872233946183
969 0.003271928829472384
975 0.01349713685195056
976 0.008927849701938936
988 0.004118751298762609
1011 0.0026583704355501495
1129 0.0026907400375370152
1192 0.004796711803116945
1258 0.007645700624257423
1271 0.008154857542996928
1309 0.002572766980878592
1347 0.008492523093547647
1364 0.006272628139503915
1478 0.005210265069079657
1506 0.005085820636095216
1538 0.0034774265993655473
1566 0.005085820636095216
1576 0.007878964699625412
1665 0.011205925818934842
1684 0.006708957375851221
1712 0.0014865165939247445
1720 0.004345025887379384
1749 0.003867579071295625
1812 0.005912862154543313
1847 0.0020209812941355616
1921 0.0004554927970958871
1930 0.002408046188599221
1945 0.004764168157632124
1950 0.009541408095861171
2007 0.0063030146264733905
2161 0.003921952149102511
2232 0.005660072373537697
2258 0.005085820636095216
2348 0.009541408095861171
2381 0.006927464392958047
2416 0.005365164982287253
2465 0.0033970596862342114
2468 0.010350481845009989
2551 0.005393910889692907
2556 0.007595986846907488
2723 0.005781194694998366
2738 0.002354711286703808
2803 0.008492523093547647
2858 0.009541408095861171
2912 0.005085820636095216
2923 0.009541408095861171
2954 0.0014754845558178958
2988 0.004732309692684842
3030 0.0053978835969797955
3050 0.002456307902526851
3213 0.007453779702934346
3221 0.007645700624257423
3225 0.0025354015962382676
3302 0.0031233425746412615
3306 0.013055392122188484
3340 0.010093027959230927
3391 0.00649241414676117
3394 0.002341666195645011
3512 0.003761164017823926
3581 0.0033584221525561194
3604 0.0016707578193032215
3627 0.004802551225379612
3653 0.0020690240972213924
3656 0.002929064728567208
3769 0.007878964699625412
3819 0.0019949355359652533
3837 0.0038498803760716703
3838 0.009108155814307795
3943 0.004775649338179346
4108 0.0029980389264214905
4221 0.0027251157365519555
4283 0.008927849701938936
4293 0.0034501606150033294
4316 0.0022533699160852665
4324 0.005719421987819162
4383 0.0019095903322016185
4403 0.0021583915354926107
4407 0.004041962588271123
4458 0.0031233425746412615
4468 0.0034692325799969078
4493 0.004328312389243147
4504 0.0024216789041499177
4510 0.003978352013539009
4517 0.007243303966384232
4519 0.004701108150340151
4645 0.004701108150340151
4653 0.001390009345664513
4680 0.00376436490193395
4783 0.009541408095861171
4902 0.005912862154543313
4924 0.0025428012256105866
4953 0.007105972540683405
5013 0.006691518279641201
5057 0.004227663123607355
5079 0.009541408095861171
5161 0.006596815621943899
5178 0.001924305727174044
5223 0.0007142627717582039
5229 0.001531467063074736
5248 0.0062165213033896554
5364 0.006596815621943899
5379 0.003213041196935097
5396 0.000998598215985595
5510 0.002774829513901891
5576 0.005299303760621079
5607 0.009541408095861171
5622 0.009541408095861171
5703 0.0024771218705548783
5771 0.004118751298762609
5812 0.009604601267982097
5833 0.004205244621846345
5851 0.005983257228021665
5855 0.0022290606191466863
5862 0.0072654063057031775
6039 0.003621651983192116
6042 0.004582363238938495
6115 0.006543857658944768
6129 0.008492523093547647
6142 0.003410161250252702
6257 0.005912862154543313
6262 0.004526311601679071
6293 0.00274910842114022
6328 0.003224636818359932
6388 0.0029682696806260424
6421 0.021484915421467767
6484 0.013332804862155918
6485 0.009402216300680302
6491 0.000846131658417099
6607 0.004640571230237633
6615 0.0026345396880577965
6655 0.005046513979615463
6697 0.008690051774758768
6706 0.015378526778144342
6761 0.0024708395799735183
6781 0.004732309692684842
6784 0.006708957375851221
6832 0.0069548531987310945
6834 0.0008413047924701778
6895 0.005746134293577974
6909 0.002774829513901891
6973 0.0019047168297885004
7074 0.0017130293163355908
7089 0.009541408095861171
7140 0.001924305727174044
7174 0.0053458680866070776
7244 0.004250418758307555
7252 0.002387824669089673
7277 0.006708957375851221
7358 0.006134705638408739
7388 0.021796218917109537
7409 0.0026989417984898977
7484 0.001775587641416458
7560 0.002642441644349859
7609 0.004829970750525413
7615 0.004554077907153897
7719 0.005916950669030283
7720 0.0074629349869142995
7791 0.0069617471568568364
7840 0.009888422655197583
7841 0.009541408095861171
7952 0.0062165213033896554
7959 0.0029487439749884166
8011 0.0024708624218238652
8055 0.0009255319658360404
8063 0.005845596805430468
8091 0.0029682696806260424
8106 0.003978352013539009
8118 0.005983257228021665
8123 0.004526311601679071
8125 0.004036935633781693
8145 0.0005646089662242616
8187 0.008619201440366962
8202 0.0063030146264733905
8203 0.019082816191722342
8227 0.007443638091234123
8235 0.0014939162232970632
8350 0.0015276697682557105
8426 0.007443638091234123
8446 0.008154857542996928
8531 0.0035623023689106506
8591 0.004227663123607355
8598 0.016330587433342942
8622 0.003156359619532821
8671 0.006616787510360551
8679 0.0013693741914741029
8807 0.007105972540683405
8814 0.006881106789343181
8815 0.006203449522792733
8911 0.005547930619630376
