315
79 0.0024378799988440856
116 0.0028295268370844787
134 0.0025552099219443365
135 0.0029290534658261472
139 0.002023392202979116
156 0.018108167953251625
158 0.0006395324140612752
163 0.0008208163538063443
171 0.002810870914890882
232 0.006937469959136528
294 0.004083818485684401
334 0.0017178547315175817
360 0.003768677495412215
370 0.007503531427743012
446 0.003734997162175175
459 0.0016336283626517312
490 0.0056590536741689575
493 0.0024137510976986374
524 0.002569237802483854
549 0.0012600941982123717
559 0.0028879200112516532
575 0.004916006801226525
615 0.003577489217587954
651 0.0023340333891667983
668 0.0016039607811629598
690 0.003944346007287289
707 0.005289309505135472
708 0.0017925774414228495
759 0.005077821099683698
761 0.0053381101342843225
764 0.012674168160818747
780 0.0025277902426568974
819 0.0031153043225538783
838 0.004312886439139561
861 0.00679191971705633
983 0.00192113088233411
1011 0.014305355906304242
1020 0.017098688651084368
1095 0.0012905382722632902
1144 0.0018418293368980736
1147 0.004083818485684401
1164 0.0015658591442623147
1242 0.002291447638661497
1248 0.004259919916155653
1313 0.002488158498253917
1364 0.0012501696361372386
1390 0.003615726727622433
1420 0.00639276725356763
1422 0.00286803393228034
1423 0.0034951797565803003
1453 0.004344107520285025
1459 0.003944346007287289
1466 0.0037169616959850647
1473 0.004603815283052372
1516 0.0016906821136717992
1566 0.009122690765995794
1568 0.005525488010694222
1572 0.0025011771425810037
1646 0.0027746748814129183
1648 0.0016236306899813798
1665 0.0033501049062857288
1681 0.00286803393228034
1712 0.0008888130467841702
1747 0.0037169616959850647
1772 0.0018610126739539564
1781 0.002722959081985768
1784 0.001992976560124348
1798 0.004710964309984361
1799 0.002104229878106099
1812 0.0035353988299040226
1881 0.008815515841892453
1894 0.0021387018634811765
1921 0.00040852010239537375
1930 0.0014398109502666177
1935 0.002046894307999301
1940 0.0014898576330800927
1945 0.0028485755442508743
1984 0.0017631031683784906
2010 0.004450675275383736
2027 0.014627775717750742
2041 0.0015565792662909606
2072 0.002031158604060872
2075 0.0014237255457979468
2117 0.0024937709879621645
2161 0.004690001111635086
2177 0.0056590536741689575
2254 0.0027571057823777877
2258 0.0030408969219985977
2311 0.0031685420402046867
2320 0.001613742283680418
2323 0.004011397430977709
2354 0.002792591905916913
2364 0.004450675275383736
2372 0.0008415216090858856
2378 0.002031158604060872
2381 0.0062130696274342485
2416 0.0016039607811629598
2468 0.002062908534387407
2505 0.005380108717374737
2551 0.0032251092194622174
2588 0.009124428725216405
2638 0.002792591905916913
2663 0.0037169616959850647
2674 0.001985529767711227
2684 0.0028796219005332354
2713 0.001613742283680418
2738 0.0014079211235083185
2772 0.0020548659910264947
2783 0.003944346007287289
2797 0.004162544654203983
2826 0.0022214297199509136
2850 0.004162544654203983
2890 0.0034951797565803003
2895 0.002112725528982014
2903 0.005621741829781764
2928 0.002323197568988032
2942 0.010391853580649028
2962 0.0015799598998508533
2988 0.0028295268370844787
3030 0.001613742283680418
3032 0.0026276309766510284
3082 0.003668042746298559
3096 0.0022708835677733843
3113 0.008901350550767472
3133 0.002281107181304101
3149 0.0028236928464939345
3160 0.001956340779288696
3181 0.003196383626783815
3184 0.002031158604060872
3229 0.0026139864837568874
3289 0.00345667266138444
3306 0.0031224146158900794
3340 0.009052184450935237
3390 0.004011397430977709
3394 0.002800242492292159
3400 0.002792591905916913
3431 0.004011397430977709
3464 0.0010716027336235246
3474 0.002356102292286432
3478 0.0023124899863788424
3506 0.0016960517446880715
3511 0.004162544654203983
3544 0.0011272990945552846
3556 0.0029290534658261472
3604 0.0029969218383751536
3610 0.006990359513160601
3627 0.002871525420174893
3640 0.002281107181304101
3653 0.0012371039914636241
3669 0.004571491831587251
3682 0.0032251092194622174
3703 0.004875759997688171
3760 0.001970817570862296
3819 0.0011928052058792244
3827 0.0025277902426568974
3837 0.01150953820763093
3838 0.008168877245957305
3943 0.0028554403334530676
4111 0.004450675275383736
4130 0.0053381101342843225
4197 0.0053381101342843225
4219 0.004710964309984361
4233 0.0034951797565803003
4234 0.004162544654203983
4247 0.003285450252660794
4248 0.0008999147832530596
4280 0.0053381101342843225
4301 0.003768677495412215
4333 0.003014349057163414
4393 0.0015473936019054294
4403 0.0012905382722632902
4407 0.0012083783987852212
4454 0.0006842729170434613
4468 0.0010371559900615756
4504 0.001447962178106305
4510 0.002378722974761866
4534 0.001055541125382582
4547 0.0014157888267421856
4587 0.003141531671112254
4599 0.0053381101342843225
4645 0.002810870914890882
4655 0.0028295268370844787
4915 0.0012146835125981126
4943 0.0025268534512572142
4973 0.0008691668671038373
5062 0.004710964309984361
5106 0.004571491831587251
5163 0.001039759675802632
5193 0.004456739114046161
5199 0.003956287532236413
5223 0.00042706961561375943
5229 0.0009156896814634359
5336 0.007317050974509686
5381 0.0007110699449015567
5432 0.004571491831587251
5435 0.0013291949549887356
5463 0.0019781437661182066
5476 0.010676220268568645
5505 0.004875925239250247
5576 0.0031685420402046867
5592 0.01183303802186187
5613 0.0026276309766510284
5703 0.0037027811294231775
5782 0.00345667266138444
5807 0.0014686674333858462
5812 0.001914250391604765
5818 0.003285450252660794
5933 0.002908253005604062
5983 0.0025552099219443365
5992 0.003089815871685104
6051 0.002658304428360833
6056 0.0053381101342843225
6086 0.0022023810127845185
6115 0.005869022337866089
6138 0.004344107520285025
6142 0.01019496123773464
6151 0.004571491831587251
6211 0.0053381101342843225
6223 0.00192113088233411
6226 0.0053381101342843225
6244 0.0053381101342843225
6293 0.0016437377434734234
6349 0.003561344534827243
6388 0.0017747779132076544
6421 0.002569237802483854
6459 0.0028879200112516532
6469 0.0017340201199093194
6482 0.0024019237375076156
6484 0.011957859360746089
6485 0.002810870914890882
6615 0.0015752351884845573
6666 0.0024019237375076156
6671 0.001992976560124348
6683 0.0012436132293993513
6697 0.005195926790324514
6706 0.003065025823144046
6719 0.004571491831587251
6725 0.0024019237375076156
6729 0.00353784342085769
6761 0.00406272945519604
6804 0.005077821099683698
6852 0.002367341942050403
6879 0.00388192262525095
6909 0.0016591168135205057
6941 0.004875925239250247
6973 0.001138861937811041
7000 0.0011714434676176554
7011 0.002792591905916913
7055 0.0034951797565803003
7059 0.004248779414950286
7061 0.0035353988299040226
7176 0.0035353988299040226
7209 0.0077638452505019
7223 0.0053381101342843225
7233 0.002488158498253917
7252 0.0014277201667265338
7257 0.006839475460433748
7322 0.0014185171451671598
7375 0.0019491883296253757
7423 0.002488158498253917
7470 0.0014644883027658492
7484 0.002654133609825643
7503 0.0017985892919176163
7579 0.0016488351100298552
7695 0.0012634267256286071
7719 0.001768921710428845
7720 0.013386639632777525
7757 0.003621633590650325
7821 0.0025277902426568974
7837 0.0011928052058792244
7840 0.013795722996036073
7854 0.003944346007287289
7887 0.005874669733543385
7888 0.0053381101342843225
7907 0.003419737730216874
7921 0.010155642199367395
7925 0.004571491831587251
7944 0.00141974848369934
7959 0.0017631031683784906
7969 0.004710964309984361
7988 0.0014561875090333726
8033 0.0011244313261619444
8043 0.0012371039914636241
8046 0.002345000555817543
8055 0.0005533909879061325
8067 0.003384251606677748
8069 0.002112725528982014
8078 0.0024137510976986374
8091 0.003549555826415309
8106 0.004757445949523732
8123 0.002706357145170611
8167 0.0025552099219443365
8171 0.0021213017085545812
8182 0.0035353988299040226
8187 0.0034357094630351635
8234 0.009589150880351446
8300 0.0053381101342843225
8350 0.0009134192156028936
8445 0.0021594834811337537
8559 0.0032251092194622174
8580 0.005704966923983658
8631 0.004734683884100806
8640 0.0006860349043006684
8679 0.0008187716519855574
8688 0.002569237802483854
8695 0.009893010660179133
8724 0.0038983766592507515
8800 0.0067226643239411375
8805 0.0025143858468122935
8814 0.0008228656868922887
8815 0.003709145860503155
8820 0.0013256116625006652
8838 0.00691334532276888
8880 0.0022214297199509136
8911 0.0033172001829873286
