308
116 0.0028897295357458506
134 0.0026095760904963437
135 0.005982747504666173
139 0.0020664431009148414
156 0.014794758497975796
158 0.0006531394867008768
163 0.0008382805315469049
171 0.0028706766790374968
232 0.007085075702947943
294 0.004170708240698963
334 0.0017544048321881686
360 0.003848862122974177
370 0.005108787355059072
446 0.0038144651869023065
459 0.001668386412920917
490 0.005779459071491701
493 0.002465107504032651
559 0.002949365117874029
575 0.0050206026906143226
615 0.0036536060094515274
651 0.002383693674042688
668 0.0016380876062940866
690 0.004028268262761488
700 0.0025678834180210657
707 0.005401848005244737
708 0.0018307173869850377
721 0.004811197593175518
759 0.005185859846485478
761 0.005451686945652074
764 0.012943831313176593
780 0.002581573013777257
819 0.003181587393246514
838 0.002202324990198925
861 0.006936428647206465
983 0.001962006007490155
1011 0.009739816787270974
1020 0.017462490537277654
1095 0.0013179965333752753
1127 0.0033240273711839887
1144 0.0018810171951299476
1147 0.004170708240698963
1164 0.001599175296267896
1242 0.0023402018437394013
1248 0.004350556510116412
1313 0.002541098040769958
1364 0.0012767689900976054
1390 0.003692657083529293
1420 0.006528783578111623
1422 0.002929055930839496
1423 0.0035695452833160515
1459 0.004028268262761488
1466 0.0037960459873890022
1473 0.0023508843998565304
1566 0.009316790569527618
1568 0.005643051585389843
1648 0.001658176023810771
1665 0.0034213837340790424
1681 0.002929055930839496
1712 0.0009077239626731951
1747 0.0037960459873890022
1772 0.0019006086882934023
1784 0.0020353803167227386
1792 0.0027808943816024865
1798 0.004811197593175518
1799 0.0021490007265764417
1812 0.003610620081604108
1881 0.009003080008741228
1894 0.0021842061584488614
1921 0.0005562826926234877
1930 0.0014704452258042053
1935 0.0020904452507226907
1940 0.001521556731656265
1945 0.0029091835345540847
1984 0.0018006160017482458
2010 0.004545370494008922
2027 0.00995933665889412
2041 0.0031793959481687707
2072 0.0020743747445728057
2075 0.001454017578687265
2117 0.0012734149725764246
2161 0.0023948941846647248
2177 0.005779459071491701
2254 0.002815767607534762
2258 0.0031055968565092064
2311 0.0032359578282941484
2320 0.0016480772258863844
2323 0.004096746312487873
2354 0.0028520087549789752
2364 0.004545370494008922
2372 0.0008594263241728194
2378 0.0020743747445728057
2381 0.006345262598230721
2416 0.0016380876062940866
2468 0.0021068002053318204
2505 0.005494579115616753
2551 0.0032937285645571585
2588 0.009318565506603987
2663 0.0037960459873890022
2674 0.0020277750819178487
2684 0.0029408904516084106
2713 0.0016480772258863844
2738 0.001437876892093602
2772 0.002098586544027058
2783 0.004028268262761488
2797 0.004251109434080664
2818 0.002699068313902113
2826 0.0022686941820775288
2841 0.005826349198962034
2850 0.004251109434080664
2890 0.0035695452833160515
2895 0.0021576771359816315
2903 0.0057413533580749935
2928 0.002372627304498416
2942 0.010612956848322412
2962 0.0016135760679327864
2988 0.0028897295357458506
3030 0.0016480772258863844
3032 0.0026835380187074332
3082 0.003746086208985762
3096 0.002319200239428137
3113 0.009090740988017845
3133 0.0023296413766509968
3149 0.0014418857088479666
3160 0.001997965051188456
3168 0.0026384544036650113
3181 0.0032643917890558113
3184 0.0020743747445728057
3229 0.002669603217453842
3289 0.0035302188882224065
3306 0.0031888489694196554
3340 0.009244784120104071
3390 0.004096746312487873
3394 0.0028598221197877367
3400 0.0028520087549789752
3431 0.004096746312487873
3464 0.0010944027917857272
3474 0.0024062321282925267
3478 0.002361691900982648
3506 0.0017321379520218601
3511 0.004251109434080664
3544 0.001151284181673482
3556 0.0029913737523330863
3604 0.0030606861328086672
3610 0.007139090566632103
3627 0.002932621705710529
3640 0.0046592827533019935
3653 0.0012634253529841268
3669 0.004668757615238044
3675 0.002453028497880118
3682 0.0032937285645571585
3703 0.002489749786053534
3819 0.0012181840400468675
3827 0.002581573013777257
3837 0.016456190798995716
3838 0.00834268314480746
3885 0.0026384544036650113
3943 0.0014580971915505027
4111 0.004545370494008922
4130 0.005451686945652074
4197 0.005451686945652074
4219 0.004811197593175518
4233 0.0035695452833160515
4234 0.004251109434080664
4247 0.0033553534495259175
4248 0.000919061906300997
4280 0.005451686945652074
4301 0.003848862122974177
4333 0.00307848414348604
4393 0.0015803168700310767
4403 0.0013179965333752753
4407 0.0012340885774827792
4454 0.0006988319152784286
4468 0.00105922313878629
4504 0.0014787698840234606
4510 0.0024293341018844588
4587 0.003208372770497621
4599 0.005451686945652074
4645 0.0028706766790374968
4655 0.0028897295357458506
4858 0.004545370494008922
4915 0.0012405278426533917
4943 0.0025806162906456655
4973 0.0008876597791698764
5062 0.004811197593175518
5163 0.0010618822220963052
5193 0.004551563350515228
5199 0.004040463862709528
5223 0.0008723124063600193
5336 0.007472732910137551
5432 0.004668757615238044
5435 0.0013574756987119
5463 0.002020231931354764
5476 0.005451686945652074
5576 0.0032359578282941484
5592 0.012084804788284461
5613 0.0026835380187074332
5651 0.003746086208985762
5703 0.0037815637066449474
5782 0.0035302188882224065
5807 0.001499915676649375
5812 0.0019549791233410365
5818 0.0033553534495259175
5933 0.0029701307291275527
5970 0.0035302188882224065
5983 0.0026095760904963437
5992 0.0031555566349124467
6051 0.0027148640970493616
6056 0.005451686945652074
6086 0.0022492401832692956
6115 0.005993895153565367
6138 0.004436535339865558
6142 0.00832950024529809
6151 0.004668757615238044
6211 0.005451686945652074
6223 0.001962006007490155
6226 0.005451686945652074
6244 0.005451686945652074
6293 0.0016787108869515813
6349 0.003637117822802291
6357 0.0012767689900976054
6388 0.001812539145403562
6421 0.0026239024365792554
6469 0.0035418283300275464
6484 0.01221228190033643
6485 0.0028706766790374968
6615 0.0016087508307927394
6666 0.002453028497880118
6671 0.0020353803167227386
6683 0.0012700730853440183
6697 0.005306478424161206
6706 0.0031302391385300897
6719 0.004668757615238044
6725 0.002453028497880118
6729 0.003613116685131258
6761 0.004149170507434254
6804 0.005185859846485478
6852 0.002417710919540837
6879 0.003964516723660544
6909 0.0016944171712549845
6941 0.00497966832944706
6973 0.0011630930428708503
7000 0.0011963677967159036
7055 0.0035695452833160515
7059 0.0043391789769705045
7061 0.003610620081604108
7176 0.003610620081604108
7209 0.007929033447321088
7223 0.005451686945652074
7233 0.002541098040769958
7252 0.0014580971915505027
7257 0.006984996214911062
7322 0.0014486983610217802
7375 0.0019906604217450647
7423 0.002541098040769958
7484 0.0032527254452331283
7503 0.0018368571491924593
7579 0.001683916708115597
7605 0.0043391789769705045
7719 0.001806558342565629
7720 0.013671461752623855
7757 0.003698689624493949
7837 0.0012181840400468675
7840 0.01408924901722833
7854 0.004028268262761488
7887 0.0059996627065975
7888 0.005451686945652074
7907 0.003492498107455531
7921 0.010371719692970956
7925 0.004668757615238044
7944 0.0014499558982461345
7959 0.0018006160017482458
7969 0.004811197593175518
7988 0.0014871702219915294
8033 0.0011483553969313476
8046 0.0023948941846647248
8055 0.0005651652642445609
8067 0.003456256960011317
8069 0.0021576771359816315
8078 0.002465107504032651
8091 0.003625078290807124
8106 0.0048586682037689176
8123 0.002763939212089135
8135 0.002308875765397473
8167 0.0026095760904963437
8171 0.002166435787459998
8182 0.003610620081604108
8187 0.0035088096643763373
8234 0.009793175367167433
8300 0.005451686945652074
8350 0.0018657073339973997
8445 0.002205429938179153
8580 0.005826349198962034
8598 0.0033240273711839887
8628 0.005826349198962034
8631 0.004835421839081674
8640 0.0007006313916262146
8679 0.0008361923254320586
8688 0.0026239024365792554
8695 0.010103500248693581
8724 0.003981320843490129
8800 0.00686569973508882
8805 0.0025678834180210657
8814 0.0016807469349289302
8815 0.003788063857535137
8820 0.001353816165958126
8838 0.007060437776444813
8880 0.0022686941820775288
8911 0.0033877789102849318
