143
52 0.004317310813999807
69 0.009229744054735334
327 0.012684618140873637
459 0.003881889178578371
493 0.005735646172749237
507 0.008213875631012531
549 0.0029942832432769233
599 0.0071700470898496925
668 0.019056959776193583
764 0.02258762642522153
776 0.010096109500871966
841 0.006430947671692541
861 0.003227843033848553
892 0.013021170787874735
918 0.005625366991010859
1011 0.003776991658430163
1257 0.0070107169741496864
1268 0.0037208534121084707
1364 0.005941400250949252
1422 0.006815130136111699
1499 0.013646141405499315
1535 0.006510585393937367
1568 0.0043766241668865115
1659 0.009372703383652967
1728 0.0045003977756491636
1776 0.002149054817005088
1798 0.0111943706375866
1881 0.004189552083275622
1903 0.007595367033941739
1921 0.000647160558250097
1930 0.0034213329511285965
1955 0.004980150315293007
2031 0.0048639072665329925
2053 0.006815130136111699
2075 0.010149330623510117
2318 0.005420452708049349
2325 0.005255893633105393
2354 0.006635861954654051
2381 0.0098424865385097
2556 0.0053961589729268535
2666 0.0036878608565076446
2738 0.003345555144970262
2772 0.004882849879666918
2829 0.00365536694807998
2838 0.0061389780679334425
2954 0.004192713539799367
2962 0.0037543601580614337
3050 0.0034899028120059716
3146 0.005707541554473542
3181 0.015190734067883477
3225 0.0036022785055464497
3229 0.0020704843435698115
3236 0.009085614537228774
3340 0.0071700470898496925
3390 0.009532033499352973
3512 0.00801574806768911
3604 0.004747598951881432
3653 0.005879306098044947
3760 0.009366261722909922
3837 0.01093975908844128
3882 0.0053016394585257524
3904 0.009532033499352973
3908 0.009085614537228774
4198 0.005881959259688424
4349 0.0036233568379352684
4393 0.003676974895616862
4462 0.004055970451168723
4504 0.003440702205401121
4517 0.005145614451367016
4835 0.0022879143437320565
4889 0.008716141179323308
4943 0.0030022021203056012
5045 0.004437620390703179
5178 0.00273403833514332
5234 0.0063167629980851485
5380 0.0011212909036301068
5381 0.0016896711562017189
5396 0.0014188004355834938
5456 0.015720820819049255
5510 0.007884911589008343
5556 0.006354154769820029
5562 0.007062526051764364
5637 0.004548713801833105
5703 0.0087986878322927
5863 0.0029166584695880004
6006 0.004808060680346414
6060 0.006551538492778901
6091 0.008955273256425065
6115 0.01859492225858563
6142 0.009690260186361639
6225 0.012066109543802845
6262 0.006430947671692541
6293 0.0039059114696398177
6322 0.008955273256425065
6388 0.008434588102373011
6402 0.008716141179323308
6469 0.004120443849289472
6484 0.02367892942721998
6537 0.003308644836160401
6697 0.006173378364741997
6713 0.0026583514811470517
6725 0.005707541554473542
6754 0.005233380624438459
6761 0.004388186630274751
6827 0.012013260559161493
6832 0.004940700168405506
6879 0.009224370594655723
6895 0.004082031045190293
6930 0.0052098665258237436
6993 0.0021120310022594143
7092 0.004175814191915364
7110 0.010862950886940002
7171 0.02413221908760569
7303 0.0052111009153955066
7409 0.003834635129537627
7470 0.0034799722045921167
7481 0.004082031045190293
7484 0.0012613704284319888
7555 0.003644643870077467
7579 0.00391802402383332
7609 0.006862384185152443
7720 0.0053016394585257524
7840 0.004683130861454961
7996 0.004030221967575616
8011 0.005265872636609772
8062 0.006940174510609231
8063 0.008305377639398733
8078 0.005735646172749237
8091 0.008434588102373011
8141 0.008305377639398733
8145 0.0008021919470612034
8171 0.005040716931218807
8467 0.019064066998705945
8572 0.004189552083275622
8622 0.008969061493127917
8679 0.0019455960047181562
8719 0.004148598984434088
8724 0.009263469289308716
8814 0.005865973213489583
8818 0.012684618140873637
8825 0.005167222398903897
8828 0.006243875588081651
8867 0.0016983055962515104
