31
707 0.02644654752567736
941 0.027069620336370722
1011 0.023842259843840405
1020 0.05129606595325311
1390 0.018078633638112164
1577 0.030235378495937867
1940 0.02234786449620139
1945 0.042728633163763116
2381 0.03106534813717124
2684 0.021597164253999265
2763 0.047945754401757225
3050 0.022030011500787695
3837 0.03452861462289279
3884 0.023487887163934722
4626 0.04928175378991191
5381 0.01066604917352335
6115 0.029345111689330444
6484 0.02989464840186522
6697 0.038969450927433855
6888 0.05575442543977597
7470 0.021967324541487736
7720 0.06693319816388762
8046 0.03517500833726314
8125 0.03620626646547956
8445 0.016196126108503153
8631 0.035510129130756046
8695 0.02473252665044783
8724 0.029237824944380635
8815 0.027818593953773663
8824 0.04109807029922963
8836 0.08007165201426483
