175
14 0.0041930779785394594
32 0.005187991378585058
52 0.0032180693152323286
71 0.0064969022812668194
74 0.008954533700924803
156 0.012829403125550967
375 0.0027407709554044504
420 0.01798785334205295
423 0.00852289123569986
480 0.00226163416166628
522 0.0036538601347083227
524 0.004550679502554428
573 0.004793547711003297
708 0.003175044914697298
757 0.0071134107585506
786 0.007883114878908463
800 0.0036682329903670835
887 0.007883114878908463
958 0.007233331635160562
1011 0.030968544151408938
1012 0.008344143427278574
1014 0.005819247679989598
1144 0.006524561488642623
1183 0.014466663270321124
1358 0.005564336539239417
1364 0.0022143226027523046
1390 0.0021347464074523586
1417 0.0021127177078303604
1419 0.005819247679989598
1453 0.030777440734122686
1473 0.00815435917293409
1496 0.002191180501485386
1516 0.008983698316189634
1566 0.010772180978297616
1622 0.043781892794357194
1640 0.002493734831306247
1648 0.0028758034361293814
1881 0.003122839560227585
2076 0.011867530295329519
2091 0.004681040987210307
2092 0.0038842892432099344
2123 0.0038354764545244914
2161 0.004153506519529227
2220 0.01798785334205295
2372 0.0014905179791927124
2381 0.014672931961468334
2387 0.006057100038760515
2416 0.0028409637452332867
2502 0.010090894916903466
2517 0.0059337651476647595
2551 0.011424741146434422
2584 0.0064969022812668194
2616 0.007525513354893495
2675 0.007883114878908463
2707 0.004275278697030796
2739 0.006336512267314457
2766 0.0056614912946724395
2793 0.004058652644123684
2833 0.004883434596093498
3050 0.002601329771310724
3096 0.008044458395064387
3413 0.009720067715215818
3627 0.015258290055541865
3656 0.0015509992197394625
3675 0.00425432986717216
3762 0.005819247679989598
3796 0.0046015587810992005
3819 0.0021127177078303604
3829 0.006414701562775483
3837 0.004077179586467045
3901 0.003415021279960518
3943 0.00252880324733851
4099 0.0037726228039754862
4108 0.006350089829394596
4109 0.011322982589344879
4222 0.006336512267314457
4226 0.0035838681085976955
4248 0.011157615024834982
4251 0.0028323708953492182
4289 0.004681040987210307
4301 0.006675148331357428
4333 0.0026695342203661232
4382 0.0014215408756390279
4409 0.004501365991270363
4430 0.006986295511062358
4437 0.007424283126857471
4468 0.005511087179662985
4500 0.0030623583196808346
4517 0.007670952909048983
4547 0.0025076702466282253
4568 0.006256802823983933
4587 0.005564336539239417
4653 0.0014720763181022703
4660 0.004348081260935617
4691 0.006875730111145594
4798 0.00328485242258582
4954 0.00809710730318037
5169 0.004764671926826335
5178 0.002037917873427862
5193 0.002631285085783711
5238 0.005875483718944346
5569 0.005764918319027581
5627 0.005264318311647238
5703 0.003935058912449723
5807 0.007803989313932172
5885 0.005344463144463608
5912 0.004918834805948564
5933 0.005151149235018265
5983 0.00452583307207853
5995 0.005225700475196445
5997 0.0047084358878715865
6019 0.0047084358878715865
6031 0.01372775169434563
6039 0.0038354764545244914
6046 0.01669300961771825
6071 0.03454530058804603
6142 0.0036114991838469574
6148 0.008344143427278574
6161 0.002616237438475817
6165 0.004275278697030796
6257 0.006261961027136276
6275 0.006986295511062358
6307 0.003757287159063465
6319 0.012523922054272552
6345 0.00809710730318037
6350 0.005011708050924538
6388 0.006287036150108296
6402 0.0064969022812668194
6410 0.0034778749305095225
6421 0.004550679502554428
6507 0.002920445951344393
6601 0.004296505002894602
6722 0.007105058180329521
6749 0.003951775537351299
6834 0.0017819518482578673
6900 0.014745545638508576
7145 0.015388720367061343
7162 0.014043122961630917
7163 0.0050799124999799375
7182 0.004153506519529227
7253 0.006057100038760515
7336 0.008346340223597693
7470 0.0025939276211350832
7512 0.023501934875777383
7582 0.005187991378585058
7596 0.010104738463144487
7610 0.006190724292097949
7652 0.0038037415033735037
7692 0.00658354839141266
7702 0.00751457431812693
7725 0.0032622807443213114
7793 0.006685425910006786
7800 0.0030923136341538216
7838 0.00612251984304255
7847 0.01798785334205295
7848 0.015563974135755172
7864 0.002514683661164883
7892 0.00227974240703434
7943 0.003004076890960422
7944 0.005029367322329766
8011 0.002616743598020108
8085 0.0037270492305938284
8106 0.004213236265260869
8116 0.008344143427278574
8145 0.0005979438129386091
8333 0.008993926671026475
8352 0.00905166614415706
8572 0.003122839560227585
8631 0.0041930779785394594
8664 0.005262570171567422
8677 0.004681040987210307
8724 0.0034524368938014032
8814 0.004372422838099246
8816 0.008993926671026475
8867 0.0012658956842907937
