226
5 0.006832780971883932
44 0.0025133442831148816
56 0.0024414999418908034
65 0.006832780971883932
68 0.002311245794598327
69 0.004971755464150767
84 0.004968860960321215
93 0.002609910076860068
99 0.004823907194127635
130 0.005638095392728366
139 0.002589942019813268
141 0.002987562738133502
161 0.0021105089408382147
163 0.0010506449328721206
225 0.0010247351583060134
243 0.001499447638550599
271 0.007302357662699082
283 0.003443269579119831
346 0.004894117697387233
376 0.005851509544431681
393 0.003597914771060329
493 0.0030896014050542557
521 0.00439564511801042
522 0.0026405229240158814
527 0.006805259336603733
549 0.0016129205737118357
639 0.003059518710628418
659 0.003001600711446455
745 0.005696864352491182
785 0.006512838699602195
872 0.010969050094834476
969 0.005008232394979062
974 0.003923233053624378
981 0.005560457625964832
990 0.00779964903959375
998 0.004894117697387233
1055 0.005520494642098638
1172 0.004314481054921937
1268 0.006012899113967289
1358 0.004021160539023685
1370 0.002737538385255906
1411 0.001617186208804617
1417 0.001526790663525407
1421 0.00504876288932773
1466 0.004757710970860882
1468 0.0015110871196237993
1494 0.004525310502277149
1529 0.006832780971883932
1580 0.0038622653657323677
1617 0.004757710970860882
1640 0.0036042780761812955
1657 0.0025320240206313043
1664 0.003152217660652983
1710 0.005438437651136366
1712 0.0011376806998837378
1724 0.005851509544431681
1772 0.0023820962226610643
1778 0.016160485463854842
1807 0.004757710970860882
1821 0.005560457625964832
1931 0.0030301976858245158
1935 0.0026200247142391052
1936 0.0060300343167799825
1941 0.003270668700088751
1978 0.0044738300884227845
1983 0.0025510099969591653
2029 0.0029198171920692493
2041 0.003984842921704859
2053 0.003671083433318835
2075 0.001822368698621372
2080 0.0046950947152621545
2084 0.005452697492679236
2123 0.002771770984469699
2388 0.0038360951096804434
2449 0.0035745176395736485
2465 0.005199766026395832
2492 0.0006075709688147836
2502 0.003646176696641119
2568 0.005696864352491182
2619 0.004918095058775321
2674 0.0025414781026703703
2713 0.002065590123110935
2724 0.002504116197489531
2738 0.0036042780761812955
2743 0.001787195364709318
2903 0.010793744313180987
2954 0.0033877125401578887
2964 0.004579186198512581
3046 0.004246016234223781
3063 0.003832944340928466
3149 0.003614326843512236
3229 0.0022306017994725437
3302 0.002390398183792112
3337 0.003804347366550404
3394 0.0017921551950669816
3633 0.005328057157381098
3742 0.005560457625964832
3783 0.004894117697387233
3789 0.003923233053624378
3847 0.003987589532868964
3912 0.006304435321305966
3926 0.007921568772047645
3931 0.003954964315756933
3943 0.0018274818134099632
3970 0.004750479327220317
3974 0.0024071828053859475
3997 0.0032015067425036846
4005 0.002191813799899282
4136 0.0031362433574818166
4158 0.019162768696791344
4210 0.006832780971883932
4221 0.0020856219103744297
4296 0.005787581918596332
4364 0.00667855312101211
4383 0.001461473134244972
4403 0.0016518889884970115
4449 0.0389976660455708
4450 0.04099668583130359
4458 0.002390398183792112
4461 0.002819047696364183
4468 0.005310238669115267
4474 0.007665888681856932
4485 0.002893790959298166
4500 0.0022130642790226833
4522 0.007302357662699082
4545 0.006499611007595133
4653 0.0010638204858819072
4660 0.0015711066956180695
4759 0.004055733811461999
4770 0.0030744623840097476
4830 0.005977264382557289
4912 0.001507194280266352
4915 0.006219179584502337
4974 0.003464137145818382
4993 0.004205376323405816
5090 0.006832780971883932
5092 0.012482368612480631
5112 0.003529095401443568
5163 0.0026617847700547382
5172 0.001787195364709318
5219 0.004968860960321215
5223 0.0005466491079856121
5372 0.0030896014050542557
5381 0.005461017176843956
5431 0.0015307500472739168
5448 0.0038622653657323677
5456 0.004234141073930599
5463 0.0025320240206313043
5474 0.002973692888304681
5491 0.003671083433318835
5571 0.0032015067425036846
5589 0.008215576603191057
5621 0.004894117697387233
5639 0.0062411843062403155
5703 0.0009479119691323334
5724 0.005696864352491182
5869 0.0017245791091105905
5912 0.0017773389765494145
5940 0.007302357662699082
5985 0.0036698398238107525
6039 0.002771770984469699
6080 0.002973692888304681
6094 0.005227287661676033
6122 0.0036217943514681326
6161 0.003781335177743714
6302 0.005560457625964832
6303 0.002022348671809092
6346 0.002973692888304681
6412 0.005227287661676033
6420 0.006832780971883932
6430 0.0013820694279256024
6471 0.003001600711446455
6506 0.006272486714963633
6507 0.010552544704191074
6517 0.004666993404755734
6551 0.004757710970860882
6589 0.0015629220776775985
6623 0.003464137145818382
6626 0.0028070463597597126
6663 0.005134588711651468
6707 0.0018798943147338833
6761 0.004254785756714399
6764 0.0017292773655273547
6795 0.007058190802887136
6869 0.003923233053624378
6870 0.0062411843062403155
6909 0.002123669521306247
6930 0.002806381435243723
6968 0.005008232394979062
6969 0.003059518710628418
6974 0.0056623494073988765
6997 0.004424541006572083
7318 0.0062411843062403155
7404 0.0044738300884227845
7413 0.007302357662699082
7472 0.009271381992064832
7484 0.0033972910205768234
7588 0.003252987156358049
7591 0.008839325343460555
7652 0.0027488371931045853
7689 0.006499611007595133
7725 0.002357541551229534
7726 0.004377264294677599
7793 0.0024156672288157856
7903 0.012271412096557018
7904 0.0038695834603039133
7961 0.0023656687327815486
8011 0.0009455166867512658
8146 0.021011204980125184
8235 0.006860063297380115
8286 0.00504876288932773
8298 0.00504876288932773
8350 0.005845882979858519
8359 0.0041281398009116385
8445 0.0013820694279256024
8448 0.0009745923214454649
8510 0.022122705032860415
8531 0.002726348746339618
8540 0.003781335177743714
8542 0.0044738300884227845
8664 0.0019015420219930285
8686 0.002987562738133502
8695 0.01266305364502929
8701 0.003923233053624378
8758 0.002333496702377867
8880 0.002843430041537169
