264
39 0.00514953977839668
56 0.002359697108786215
81 0.004802378505465092
112 0.004879603307984276
148 0.0024381248299327374
163 0.0010154429119253745
339 0.0035004455716509016
352 0.0044803714523509175
370 0.0030942397640177366
375 0.0019143013631819745
378 0.0018273204789354288
458 0.002572220190767815
480 0.001579646540751448
671 0.003348070695056426
707 0.002181158558818751
722 0.013394511845053315
725 0.00442575985680984
726 0.0014718216205257212
751 0.002667764807715192
872 0.0015145043393088838
886 0.003853984728932633
897 0.006655804598814107
900 0.01839321251621475
902 0.006032072460928141
959 0.0044803714523509175
1102 0.0021883567551697052
1110 0.009083006464751417
1130 0.007057691039979783
1182 0.0023681448143564104
1219 0.002874058848232617
1253 0.002058930079622519
1268 0.0019371453331080183
1313 0.0030781342246440214
1330 0.004598303129053688
1366 0.0029286704437736944
1389 0.005827997084516735
1390 0.0014910213309783228
1438 0.007707969457865266
1472 0.006603847588805347
1511 0.0029286704437736944
1518 0.0031610844395187666
1542 0.003822452624765077
1550 0.004730139527113949
1554 0.0034773660802773798
1567 0.004276296075939513
1621 0.007809512949672121
1645 0.006032072460928141
1654 0.004598303129053688
1738 0.003623571297929254
1751 0.007057691039979783
1777 0.0029570090631073627
1784 0.009862152050099866
1786 0.004879603307984276
1955 0.0025927586693020293
1972 0.0029286704437736944
1980 0.0022785517569873077
1983 0.004931076025049933
2001 0.004276296075939513
2025 0.003920930506305712
2031 0.0025322403810300632
2058 0.0096965279703508
2072 0.0025127735307969553
2094 0.004802378505465092
2189 0.005374153633342299
2224 0.004730139527113949
2247 0.009324562875246717
2254 0.003410852514281799
2258 0.0037619343364931105
2314 0.0062818405356911714
2325 0.0027363157574414676
2372 0.0010410576607248069
2376 0.0028219882655308465
2416 0.003968562757516602
2438 0.0037918365243583716
2508 0.004598303129053688
2592 0.003886430933334747
2598 0.0028347805839111302
2700 0.007839691645867267
2713 0.00199638220661495
2738 0.001741758090938126
2829 0.0019030518647220516
2962 0.0019545895668257977
2975 0.002508999500329608
3018 0.006603847588805347
3023 0.0030942397640177366
3030 0.00199638220661495
3033 0.003704520948062306
3041 0.0029570090631073627
3050 0.0018169081650134182
3146 0.0029714520464011736
3167 0.0029286704437736944
3240 0.006032072460928141
3366 0.0039198458229336335
3394 0.003464217516237722
3512 0.0013910490632931271
3556 0.003623571297929254
3582 0.002678902369010663
3595 0.0019030518647220516
3683 0.005505990031402561
3729 0.0029714520464011736
3756 0.003348070695056426
3786 0.004620615045989907
3819 0.0014756353062423393
3833 0.006603847588805347
3835 0.005425991674793259
3841 0.0034773660802773798
3856 0.007057691039979783
3905 0.005052146580228125
3914 0.005942904092802347
3915 0.0062818405356911714
3917 0.00514953977839668
3925 0.006032072460928141
4099 0.0026350020099931873
4108 0.002217621577017958
4110 0.004730139527113949
4140 0.01010429316045625
4172 0.013207695177610694
4198 0.006124514280706504
4244 0.006737218347181282
4267 0.010572032947735205
4268 0.03968725107490843
4364 0.00484109037444499
4372 0.006093204240952932
4383 0.0056500250035243765
4398 0.007057691039979783
4403 0.0015965421924906684
4409 0.006287990637290044
4418 0.0044803714523509175
4445 0.003368609173590641
4468 0.0012830795753339078
4504 0.003582586832427971
4517 0.002678902369010663
4534 0.0013058240726382458
4552 0.0039198458229336335
4706 0.003232175990116933
4758 0.003597838769819458
4809 0.002860812354283104
4830 0.0019256650717001575
4835 0.0011911306634893697
4928 0.021161814142530842
4995 0.007057691039979783
5163 0.005145202519435706
5167 0.006188479528035473
5195 0.0026901518674705854
5198 0.003196065901346792
5219 0.004802378505465092
5223 0.000528333545089187
5229 0.0011328119770681682
5255 0.0013734770277609926
5293 0.0030942397640177366
5366 0.004598303129053688
5379 0.0023766567616504454
5381 0.000879674158641101
5437 0.004323933719480784
5440 0.0018431228450475374
5441 0.011833859844007071
5446 0.004730139527113949
5508 0.00442575985680984
5514 0.0062818405356911714
5522 0.0049625535228590215
5601 0.00418670301857041
5608 0.005256221956639529
5623 0.006186406446864685
5712 0.004598303129053688
5738 0.006603847588805347
5866 0.005496320956579579
5869 0.008333984096861745
5873 0.0030159340191885592
5893 0.0026901518674705854
5910 0.001530437927583865
5942 0.003732859567395974
5985 0.0021281287638077817
5988 0.0017912934162139856
6002 0.003954289022825338
6010 0.004537784840781722
6014 0.003704520948062306
6046 0.003886430933334747
6051 0.003288624035085567
6057 0.0044803714523509175
6161 0.0018273204789354288
6206 0.005655453812272887
6207 0.006603847588805347
6228 0.002420215397058181
6250 0.0025031656119329265
6271 0.007057691039979783
6303 0.0019545895668257977
6328 0.0023852339352301555
6368 0.005374153633342299
6381 0.010168409027759973
6387 0.0031784385185367266
6404 0.006032072460928141
6428 0.004802378505465092
6430 0.0013357629780208786
6476 0.00199638220661495
6491 0.000625875737025019
6523 0.007057691039979783
6553 0.004802378505465092
6683 0.0015384905930713624
6707 0.0036338163300268364
6713 0.0027679742226376517
6761 0.001370742833993041
6834 0.003111526745347178
6858 0.006737218347181282
6868 0.007057691039979783
6927 0.004537784840781722
6935 0.0023429905945389976
6949 0.0062818405356911714
6968 0.002420215397058181
6969 0.0029570090631073627
6981 0.005227362133563746
6983 0.0052700040199863745
6984 0.006093204240952932
6998 0.007057691039979783
7026 0.0036768821197329937
7040 0.004026528001176481
7195 0.005256221956639529
7238 0.002420215397058181
7252 0.0017662517526513821
7328 0.002701515575988769
7370 0.0021528199394850833
7385 0.006427950668442698
7404 0.004323933719480784
7519 0.004537784840781722
7695 0.004689006404394831
7828 0.003623571297929254
7863 0.002084961849994493
7934 0.00398982583850996
8011 0.000913837003947744
8027 0.011011980062805122
8062 0.0018065918184833306
8099 0.0029860838322045
8118 0.00442575985680984
8145 0.00041763601367619346
8146 0.0029010316154443826
8149 0.012079584003529443
8186 0.013207695177610694
8205 0.0011728940587850678
8235 0.0022100719385889545
8287 0.005505990031402561
8302 0.0033279022994070536
8303 0.004802378505465092
8352 0.0031610844395187666
8370 0.007057691039979783
8445 0.0013357629780208786
8533 0.00230228372035541
8592 0.010806062303955076
8601 0.0019256650717001575
8604 0.0031610844395187666
8608 0.005827997084516735
8627 0.0029010316154443826
8639 0.004473063992934969
8640 0.0025461089231777387
8641 0.0062818405356911714
8679 0.0010129133838996586
8719 0.0021598376156074374
8723 0.0016577700311350536
8724 0.0024113670057221144
8754 0.0024381248299327374
8803 0.0036768821197329937
8846 0.003288624035085567
8867 0.000884169408357745
8892 0.004620615045989907
8893 0.014311403611380934
8912 0.0044803714523509175
