199
44 0.00540116966285433
49 0.004357880169909025
109 0.006084186326001658
161 0.002267738833278884
238 0.0031093742399335594
243 0.0032223086788336656
247 0.007846372846739702
334 0.00236266553331931
352 0.004981043333845719
387 0.007341813365204798
472 0.006983822715897349
480 0.003512337294049065
519 0.011687186929376144
552 0.009215188280900573
565 0.006479263234362445
575 0.004507513399405409
588 0.010849776982795984
620 0.004703364213478795
639 0.006574896942611212
641 0.01224254517010999
847 0.004215508295441667
969 0.002690669266643479
1073 0.00879234464674058
1173 0.004703364213478795
1174 0.007341813365204798
1219 0.006390457496356764
1268 0.002153617161163069
1309 0.0021157138209517362
1390 0.0016576397605145823
1458 0.007846372846739702
1510 0.0023779343972306767
1572 0.003440014408134332
1634 0.006983822715897349
1648 0.002233073728341153
1692 0.006543192136880777
1712 0.0048897451284401336
1721 0.004145809591514151
1777 0.006574896942611212
1788 0.015336460865955567
1881 0.0024248983404632535
1921 0.0001872871529606298
1948 0.006420263763897211
1980 0.002533175019229442
2019 0.006672509202203078
2025 0.002179543032158476
2117 0.001714914146449626
2141 0.08810176038245758
2200 0.00879234464674058
2265 0.003440014408134332
2275 0.005724989782286281
2373 0.002192711375107327
2383 0.0008591454863210464
2397 0.010493552758842995
2398 0.00648096905614606
2438 0.005620754809746125
2442 0.005724989782286281
2462 0.004435680301839153
2492 0.0006528341355459709
2599 0.00379200795284051
2666 0.0021345211834227626
2674 0.002730814580233206
2713 0.004438947255969058
2719 0.005517108214525216
2780 0.007421113410777558
2818 0.0036348484456561404
2954 0.00242672818062886
2962 0.002173010750511202
2975 0.0013946874013293523
3000 0.0062874386222403445
3078 0.003029062710993034
3167 0.0032559430721610127
3229 0.005991946094571661
3306 0.0021472192200963297
3366 0.00871576033981805
3464 0.00147383757059969
3681 0.0031659474725861587
3682 0.004435680301839153
3697 0.006983822715897349
3783 0.005258722454212643
3788 0.0033197722833677532
3819 0.0016405343805788758
3841 0.0077319085337972685
3845 0.006983822715897349
3883 0.006121272585054995
3943 0.003927253180680437
3974 0.002586514475701233
4005 0.002355100787857395
4036 0.007341813365204798
4267 0.007835623273584067
4268 0.020590367510878952
4364 0.003588047880199916
4383 0.0015703507889451703
4384 0.004320731238205965
4393 0.0021282204266894157
4403 0.0017749523515369035
4437 0.0028824938787655797
4461 0.003029062710993034
4468 0.0014264609605431412
4493 0.0017796929164939589
4534 0.0014517471065433791
4659 0.004256440853378831
4660 0.0016881518935724243
4723 0.015692745693479403
4724 0.002325293451468377
4798 0.0025507020244147772
4800 0.004249603491142837
4819 0.0023106533202979463
4906 0.005517108214525216
4924 0.008364285979945424
4928 0.041825069148943475
4932 0.023898815011310165
4943 0.005212992793424625
4957 0.007846372846739702
4962 0.005843593464688072
4996 0.007341813365204798
5017 0.0020729047957570757
5157 0.005974703752827541
5178 0.0015824519876760763
5219 0.005339033983153168
5223 0.001762121050096887
5303 0.005424888491397992
5386 0.002941481072982707
5456 0.002274789258916869
5485 0.0033035054269445713
5619 0.010780094133226677
5623 0.0017194310181830215
5706 0.002953621625828709
5764 0.015692745693479403
5811 0.0013434704277771909
5823 0.0023326786173360294
5863 0.0016881518935724243
5869 0.0018530577819956201
5892 0.0026327799082243187
5893 0.002990770557531768
5913 0.0026808320865907747
5939 0.0015115494504219565
5985 0.005520532686248266
5988 0.0019914666059914795
5997 0.007312241407525501
6006 0.005565777979541407
6027 0.011687186929376144
6034 0.002941481072982707
6051 0.007312241407525501
6080 0.003195228748178382
6081 0.003593364711075559
6122 0.007783225683670772
6134 0.0034766169526513203
6215 0.004249603491142837
6241 0.005843593464688072
6373 0.003891612841835386
6387 0.003533622192527937
6430 0.0014850316202638994
6476 0.004438947255969058
6481 0.0036997882297132856
6589 0.003358715066642404
6707 0.004039887495846454
6713 0.003077289393648736
6746 0.007341813365204798
6761 0.004571761199908021
6795 0.01516803181136204
6932 0.0061105230118993605
6976 0.0036777629326752025
6978 0.007835623273584067
6983 0.01757674693198894
6984 0.013548213441201933
7238 0.005381338533286958
7291 0.004215508295441667
7470 0.002014195946497443
7481 0.00472533106663862
7484 0.0021902306006584106
7538 0.007846372846739702
7595 0.004920329009863089
7661 0.006084186326001658
7680 0.008438029361096255
7761 0.004518670834605104
7863 0.0023179518561543357
7892 0.0017702297773819658
7954 0.007846372846739702
8019 0.0032715960684403887
8043 0.0017014610770846408
8145 0.0009286118814118227
8149 0.0044764838523108155
8180 0.004435680301839153
8205 0.0013039624493083274
8234 0.00879234464674058
8347 0.0035731301709968004
8393 0.006479263234362445
8427 0.003999889520601575
8592 0.0030034041360562816
8601 0.0021408540052139284
8603 0.007846372846739702
8640 0.0037741748316827604
8679 0.0011261042778024858
8697 0.0024448725642200668
8751 0.005112153621985189
8847 0.006121272585054995
8867 0.002948920318992594
8892 0.01027391769538157
8893 0.0159106722097874
