62
56 0.011303240471716682
366 0.03380721140138464
1193 0.011303240471716682
1248 0.01262198493675749
1516 0.010018856969906956
1712 0.005267040277239526
1777 0.014164438475131562
1781 0.01613605381917492
1784 0.023620462934807088
2058 0.015482522026732963
2467 0.021461532389038963
2743 0.00827405261439499
2763 0.018941532603163346
2939 0.008703214420064274
2986 0.015482522026732963
3102 0.013337934899444981
3149 0.00836649732294499
3229 0.010326860182743256
3366 0.01877654542343518
3512 0.0066632967476263376
3786 0.011066658258296815
3833 0.06326649048040678
3841 0.016657012828983003
3845 0.030090791701829316
3943 0.008460563950972052
4108 0.010622681134357626
4268 0.038021366461887585
4383 0.013532158650416407
4810 0.02265795230271867
4838 0.018163115989001753
4928 0.04505231213883108
4973 0.005150618471726443
5014 0.024200405841092745
5163 0.006161538819571153
5229 0.005426309223487028
5328 0.03288503563156051
5379 0.011384479302720652
5441 0.018895216541048324
5852 0.06326649048040678
5866 0.013164027970079487
5869 0.007984162542178659
5985 0.0033979998368618074
6428 0.023003985927413033
6469 0.00513783739232391
6728 0.01895240771949724
6729 0.02096499804952705
6761 0.006566027402337035
6853 0.025742859379466815
7042 0.02337390226540616
7128 0.02466693128417175
7238 0.011593130543933013
7484 0.006291279667734857
7521 0.010517202448637951
7591 0.013640934172007029
8033 0.0066632967476263376
8149 0.01928756622785771
8350 0.010825709221960219
8532 0.010730276589891107
8640 0.004065392025485442
8664 0.00880343528700476
8724 0.011550745657039263
8892 0.02213331651659363
