191
1 0.005384198929924304
130 0.003929899204968657
145 0.0019169801203143965
171 0.0050156804429279675
222 0.009525252284224812
297 0.0054261357715960105
427 0.004771521425664111
458 0.011130350565255525
479 0.005653904012261151
571 0.005977882360658549
708 0.003198651196590958
914 0.006038813275856205
969 0.0034908683050504617
1097 0.005862513461996956
1164 0.0027940981012859146
1193 0.003403577985907254
1239 0.004829187470936407
1243 0.006632496706590449
1253 0.005939515768725185
1256 0.005469191059885286
1268 0.005588196202571829
1328 0.008157308844467956
1330 0.006632496706590449
1423 0.006236751982002023
1503 0.0041074931893404065
1509 0.006926850781116936
1510 0.003085126783024187
1523 0.00430706515574478
1572 0.008926134040437782
1578 0.005117681366150792
1640 0.005024551221442327
1648 0.0028971848743162168
1653 0.007038238228616725
1664 0.008788710949775975
1712 0.0015859861057858798
1721 0.00268938205843576
1723 0.009060796014305482
1778 0.0037547596337952696
1921 0.00048597186902051893
1940 0.0026584820218529532
1988 0.00794172539845425
2025 0.0056554685369762684
2041 0.0027775392112255057
2217 0.008700535742900068
2398 0.004204197398875418
2438 0.003646177376582523
2443 0.00682265478260302
2459 0.007038238228616725
2480 0.006926850781116936
2492 0.0016939711026434487
2611 0.0026508485436705785
2954 0.0031484317287712718
2986 0.004662023361209554
3033 0.005343323895346374
3063 0.005343323895346374
3184 0.003624372230294493
3229 0.009328724997794094
3302 0.0033323394755466248
3306 0.0027857974268164277
3405 0.009525252284224812
3424 0.00840618166837358
3469 0.010179866630156712
3506 0.003026412035131131
3532 0.01681236333674716
3604 0.001782555740297489
3817 0.008157308844467956
3847 0.00555890734136008
3872 0.003036050736165628
3902 0.004016255490167448
3905 0.007287111052522351
3954 0.0035696389335632427
4113 0.007287111052522351
4134 0.007157883891707436
4148 0.005303458224744987
4228 0.005807780165265705
4232 0.00775156732244168
4364 0.004655125316690597
4368 0.008700535742900068
4383 0.004074739221872598
4482 0.006150383009458582
4534 0.0018834934579317448
4547 0.002526314635078993
4611 0.009525252284224812
4660 0.002190204501326305
4680 0.004016255490167448
4741 0.004584513550900557
4830 0.005555078422451011
4928 0.0033914844639826376
4943 0.0022544417408986296
5017 0.01075752823374304
5032 0.004581176544530329
5045 0.0033323394755466248
5073 0.010938382119770572
5223 0.0007620573066713923
5229 0.003267888826040515
5380 0.0008420102696404519
5381 0.005075294774018546
5431 0.0021339452331885457
5440 0.0026584820218529532
5441 0.031293007319840256
5463 0.0035297732629618554
5485 0.00857192114500859
5503 0.009525252284224812
5510 0.0029605058382522033
5619 0.018648093444838216
5623 0.013384715806971178
5627 0.005303458224744987
5675 0.006782968927965275
5703 0.0026428772373578067
5763 0.004609938920901693
5863 0.00438040900265261
5866 0.003963889463109436
5869 0.007212459099440202
5871 0.005264553266833593
5893 0.011640657151434057
5912 0.0024777030342231616
5939 0.003922161770983366
5966 0.006724777686980904
5985 0.0020463790839093414
6058 0.007304901619625759
6069 0.00775156732244168
6088 0.0033914844639826376
6107 0.002391132981711527
6134 0.009021110159667738
6329 0.0032865356197437747
6372 0.005513426090739219
6392 0.014315767783414871
6410 0.0035037327366843145
6444 0.004224253279495143
6499 0.006168040436671119
6517 0.003253015849039777
6537 0.004969117151705583
6554 0.005469191059885286
6599 0.004285960572504295
6626 0.0039131687171371455
6655 0.005384198929924304
6707 0.0026206705131048558
6761 0.0026361745704550177
6801 0.00840618166837358
6847 0.007157883891707436
6864 0.006632496706590449
6869 0.005469191059885286
6899 0.008368775217787512
6920 0.0024505683177120114
6974 0.0039468048843393656
6999 0.005384198929924304
7158 0.004919742660004974
7234 0.005754841729895406
7238 0.0034908683050504617
7252 0.0025476047584711385
7265 0.005862513461996956
7345 0.0029697578843625927
7347 0.0026738581154835805
7385 0.009271542228088351
7422 0.00840618166837358
7521 0.0031668899566530636
7524 0.0029605058382522033
7579 0.0029421593041424926
7695 0.004508883481797259
7698 0.007157883891707436
7842 0.00430706515574478
7886 0.006102134239792192
7892 0.0022966921647074572
8011 0.0013180994703781586
8043 0.0022074718063291436
8058 0.00775156732244168
8062 0.002605790429633949
8132 0.010179866630156712
8159 0.003624372230294493
8302 0.004800096996914263
8352 0.00455948238859956
8365 0.00840618166837358
8372 0.00794172539845425
8425 0.009525252284224812
8427 0.010378895484683641
8436 0.006545206387447242
8445 0.0019266767117921966
8559 0.005754841729895406
8560 0.007539838319043619
8561 0.011407168333503578
8567 0.006102134239792192
8587 0.009525252284224812
8601 0.0027775392112255057
8604 0.00455948238859956
8605 0.005117681366150792
8639 0.002150618127953863
8653 0.014553401915576586
8679 0.0043830155347925745
8705 0.0050156804429279675
8867 0.001275307548114517
8893 0.006880823545496657
