227
7 0.023011631290018115
37 0.004417412104417874
53 0.002546443559330899
56 0.005129201558594125
112 0.010606644725478426
139 0.0027205273317366264
145 0.0028888944110060095
206 0.004997595557626977
289 0.007670543763339373
377 0.005947846016175291
378 0.003971990732924069
397 0.0033987095699588537
446 0.012554612309832522
458 0.00838673473964632
472 0.0068273224869696775
519 0.011425289183059592
521 0.001539091427874797
536 0.004260224591871848
559 0.003882917662187097
649 0.004647627107743785
722 0.0029115241433505246
1018 0.0058408168339966725
1095 0.0017351775089254323
1102 0.0023783821316690355
1172 0.004532017914833967
1192 0.003856180077015583
1193 0.0025646007792970624
1207 0.003138196153501578
1253 0.0022377167251919814
1268 0.0021053568326215998
1509 0.005219391765043294
1510 0.0023246473519145834
1542 0.004154374281257283
1552 0.006146543639108908
1609 0.002394181199883861
1712 0.0011950427519787162
1721 0.0020264531476728836
1724 0.006146543639108908
1777 0.006427560316446256
1781 0.0036611214547707803
1784 0.0026796323497470225
1809 0.004810069536252712
1871 0.004417412104417874
1888 0.006146543639108908
1917 0.003435576365639444
1921 0.00036618048393983083
1956 0.0022169211563426625
2025 0.00639210519515385
2029 0.0030670348656189595
2031 0.0027521268006713293
2058 0.0035128411321158825
2069 0.008114002869185647
2078 0.008595317315721183
2119 0.007670543763339373
2145 0.0033629272505290805
2158 0.00929525421548757
2299 0.0027521268006713293
2438 0.0013736998799729675
2492 0.0006382047991751929
2508 0.004997595557626977
2548 0.006146543639108908
2592 0.00422390812922656
2599 0.00741406596941926
2684 0.0019358802692660405
2713 0.004339475048552385
2724 0.0026303741570268186
2738 0.001893003191271689
2763 0.004297658657860592
2772 0.0027628450299515893
2784 0.0027101739828291646
2790 0.003910256141988655
2824 0.0028994194548837386
2928 0.0031236269835133207
2939 0.0019746789020313902
2962 0.00212431583173224
3030 0.0021697375242761925
3032 0.0035329492123039037
3306 0.002099102262783247
3426 0.00475347741835835
3512 0.0015118404385370682
3544 0.0015156962615869372
3604 0.0013431582468908252
3627 0.007721749029041728
3674 0.002875565530730994
3681 0.003095001870959578
3792 0.00549084838411348
3827 0.0033987095699588537
3828 0.0043761704886735985
3869 0.003804405831374089
3897 0.004336281303478612
3901 0.002592355089269749
3914 0.0032294772941278862
3943 0.0019196237535818942
3944 0.004997595557626977
3954 0.005379455871868417
3974 0.0025285533670020457
4005 0.0023023254200622715
4016 0.004336281303478612
4038 0.007233759619999646
4097 0.005596698694728045
4125 0.012363129370665058
4158 0.002875565530730994
4217 0.004188644467299332
4221 0.0010953896588100998
4248 0.002419938912949404
4267 0.019150087692442853
4268 0.005751131061461988
4372 0.006622306009775175
4382 0.0010790968551769654
4383 0.0030703217105986806
4384 0.00422390812922656
4399 0.001579111851125231
4409 0.0034170033155021527
4458 0.002510922461966504
4485 0.003039696385817401
4534 0.0014192149584975893
4547 0.0019035816157878126
4549 0.0058408168339966725
4659 0.0020805292126459553
4809 0.006218460467573358
4838 0.00412104312355502
4915 0.006532751664393211
4928 0.020443906348713268
4943 0.0033974500184970947
4958 0.0068273224869696775
5013 0.0026897279359342084
5029 0.009398802706770557
5032 0.006903845885034501
5039 0.004057001434592824
5112 0.00370703298470963
5163 0.002795992405519683
5199 0.0026596890973017906
5223 0.0017226337436521389
5229 0.0024623588072966345
5263 0.00717729093685287
5367 0.0033806868528568654
5371 0.0027845690206988226
5380 0.0006344559174601725
5441 0.00214357498574918
5456 0.0022238135892492642
5507 0.004810069536252712
5510 0.0022307452954897556
5625 0.0035329492123039037
5627 0.003996163200157988
5643 0.002459512932608298
5675 0.0025554882935891585
5692 0.002092879685769359
5717 0.003938223147329273
5807 0.0019746789020313902
5811 0.0013133646478830242
5863 0.0033006443185253564
5869 0.009057663388185875
5939 0.002955354387659736
5985 0.001541949505802837
5988 0.0019468399033362085
6015 0.017158063988072552
6037 0.004336281303478612
6042 0.003683860643068202
6082 0.00475347741835835
6088 0.005110976587178317
6107 0.003603444101290761
6110 0.00422390812922656
6203 0.0032943732746657742
6310 0.002863811708339935
6329 0.0024764091924679983
6367 0.006247253967026641
6387 0.010363312144472689
6414 0.014365087199303165
6430 0.002903507201524375
6469 0.005828639058518721
6471 0.0031529419237882926
6473 0.0058408168339966725
6517 0.0024511519982960786
6533 0.007670543763339373
6542 0.00422390812922656
6589 0.008208624357550414
6707 0.00592403670609417
6761 0.0039727224619182065
6834 0.0006763430684564174
6974 0.005947846016175291
6983 0.008591435125019805
6984 0.009933459014662763
6996 0.0019578991718095765
7004 0.004379470836453517
7140 0.0015469908787085452
7238 0.0026303741570268186
7309 0.007670543763339373
7350 0.0033987095699588537
7390 0.003245379627157832
7391 0.009784477779701152
7393 0.0013166392424680427
7466 0.023011631290018115
7484 0.0021411498028845524
7560 0.00212431583173224
7595 0.004810069536252712
7658 0.0050671294055962554
7699 0.0037547454197202194
7717 0.0050671294055962554
7725 0.0024764091924679983
7958 0.0028406393666985065
7988 0.0019578991718095765
8011 0.003972759188030529
8062 0.0019634667382956088
8091 0.002386256017758191
8146 0.0031529419237882926
8187 0.0023097206474185974
8234 0.008595317315721183
8342 0.005219391765043294
8350 0.0012281266764408653
8356 0.004088600903527527
8531 0.008591435125019805
8556 0.007670543763339373
8559 0.004336281303478612
8569 0.005712644591529796
8592 0.0029361009621390543
8627 0.0031529419237882926
8639 0.0016204937714834433
8640 0.005534399227971778
8697 0.0023900855039574323
8734 0.009398802706770557
8754 0.005299677501478443
8782 0.002156585924252719
8840 0.006555865867899492
8848 0.003996163200157988
8867 0.0028828380709479415
8892 0.007532767385899513
8893 0.002592355089269749
