220
56 0.002543229106136254
68 0.000802515900902197
74 0.006740773980418393
205 0.0048907236617314115
243 0.004685773870470622
244 0.01133007843986743
277 0.0013622523809731929
334 0.002290472975356776
346 0.005098039268111702
378 0.001969445405074851
384 0.004188708894816338
423 0.0021386143748839464
459 0.0021781711502023085
493 0.0032183347969315166
549 0.0033602511952329915
668 0.0021386143748839464
672 0.0039054046211015295
688 0.004380600336881059
708 0.002390103255230466
713 0.005550059538938645
722 0.02021083009509156
726 0.0015862966354554997
800 0.005522728557719332
892 0.007306323608751934
904 0.004955948927980086
969 0.0026084543723849285
990 0.002708211472081163
1253 0.002219069085815382
1284 0.011868467401023297
1406 0.006770428132911597
1411 0.0016845689675048096
1417 0.001590406941172299
1433 0.006281285746645815
1473 0.009207630566104744
1496 0.0032989439772363313
1516 0.006762728454687197
1538 0.002772281761160867
1611 0.0051758968336679334
1613 0.005348529907970279
1712 0.0011850840623788936
1788 0.004955948927980086
1935 0.002729192410665735
1993 0.0037234558745558844
2025 0.004225891767907268
2122 0.0055665978957528525
2145 0.003334902856774672
2277 0.0034256504033118055
2309 0.003444648804784876
2388 0.0019979662029585643
2403 0.0030552635182153295
2438 0.0013622523809731929
2444 0.004660239675440401
2492 0.0006328864258487329
2578 0.0032505066651254476
2586 0.0036995665085505576
2598 0.0030552635182153295
2611 0.0019807729395760715
2615 0.004828844787533767
2780 0.004796238111780311
2954 0.002352578152887423
2962 0.0021066131998011377
3041 0.003186998656904602
3213 0.0019807729395760715
3225 0.002021278494778841
3229 0.005808858852793082
3394 0.0018668283281947726
3408 0.0020940466949121205
3433 0.0046088968818459196
3464 0.0014288036448313662
3477 0.0019471045154764786
3486 0.0036761410431703835
3595 0.0041021340195119774
3690 0.002828402278072775
3718 0.005934233700511648
3770 0.007117480179045763
3786 0.004979996216233567
3840 0.00533462707293618
3914 0.0032025649833434876
3940 0.004713865106538697
3943 0.005710880666906135
4044 0.0035867391449164914
4164 0.006770428132911597
4203 0.005750515252186081
4226 0.005395712541277642
4248 0.001199886377670746
4267 0.011394302177003497
4268 0.022812819877132552
4383 0.004567103544515537
4433 0.0015862966354554997
4437 0.011177670707657638
4462 0.002275850086489117
4468 0.001382874653415434
4500 0.0046105505812972574
4542 0.003406946562592449
4547 0.0018877184356562474
4568 0.0015699940419441167
4578 0.0009675906307032464
4590 0.005024903327216287
4623 0.0076066225653115445
4653 0.0011081463394603203
4677 0.0008970398197052718
4798 0.0024727639070021034
4819 0.002240050024399954
4830 0.002075439021721281
4915 0.0016195780167974837
4928 0.02280773302028324
4936 0.0029365080170460247
4943 0.003369137935009619
4944 0.004153739096738504
5013 0.01066925414587236
5029 0.004660239675440401
5031 0.0076066225653115445
5081 0.010472267846312007
5163 0.0027726924688070195
5206 0.016995117659801145
5223 0.0017082784624550377
5229 0.002441839150569163
5234 0.003544405904481111
5323 0.006770428132911597
5379 0.0025615078431121467
5381 0.004740466299343711
5396 0.0007961046888551826
5431 0.0015945312992436634
5434 0.005098039268111702
5486 0.005792143360380034
5510 0.002212155751360674
5564 0.0039926503551338186
5606 0.006281285746645815
5619 0.003483567456014917
5623 0.0016668928481829847
5703 0.003949633204718056
5807 0.001958223244514462
5855 0.0035541133205283276
5863 0.008182847373010779
5866 0.0029619062932678846
5869 0.0017964365719901985
5939 0.010257542520502332
5942 0.00402319308930455
5982 0.004119754495580139
5985 0.003058199853175627
6001 0.0008573106764159667
6006 0.002697856270638821
6025 0.005445091314245868
6031 0.006889297609569752
6039 0.0028872614421559368
6047 0.004300145625949624
6088 0.005068385115618497
6095 0.0029116334541212287
6174 0.0032669201640435595
6178 0.0038240452430404535
6194 0.002647373023614969
6305 0.004955948927980086
6306 0.004261844835711753
6469 0.0011560134132728797
6471 0.003126667407756724
6476 0.004303312756481115
6477 0.00266731353646809
6494 0.0030975967586507097
6497 0.0155276905010038
6537 0.0018565173802900028
6589 0.0016280438309141654
6713 0.0014916305533102902
6761 0.0004924520551752776
6832 0.002772281761160867
6834 0.0006707068762192807
6968 0.0026084543723849285
6975 0.004713865106538697
6983 0.022719572886163483
6984 0.006567120126360382
6996 0.0019415833453778303
7000 0.0015619246234902073
7127 0.005934233700511648
7232 0.004466806541714306
7238 0.0026084543723849285
7291 0.00817340219505079
7336 0.0031414697230485763
7347 0.0019979662029585643
7370 0.0023202614903339233
7375 0.0025989177728338343
7447 0.003850560015002204
7484 0.0007077689626201715
7579 0.006595340440119421
7610 0.009320479350880801
7695 0.003369137935009619
7764 0.004300145625949624
7793 0.0025163200300164436
7800 0.006983474957130714
7863 0.004494251098877018
7864 0.001892997978265787
7923 0.00266731353646809
7934 0.004300145625949624
7943 0.004522804652501524
7959 0.002350804224504654
7962 0.007545404898891944
7988 0.0019415833453778303
8011 0.000984913215365902
8021 0.004188708894816338
8033 0.007496208841079629
8054 0.0039628618401566715
8059 0.004383300649262462
8145 0.0013503564442196923
8163 0.009901298087142182
8167 0.003406946562592449
8235 0.0011909832113507143
8350 0.0024357845749410495
8473 0.004054529229331464
8592 0.011646533816484915
8639 0.0016069896567210812
8664 0.0019807729395760715
8697 0.0011850840623788936
8705 0.0037478278865211764
8727 0.006281285746645815
8757 0.0023202614903339233
8820 0.007069928866670214
8867 0.000952938140118903
8874 0.0033703869902091967
8877 0.005665039219933715
8892 0.009959992432467134
8893 0.01799526491134751
8912 0.004828844787533767
