54
549 0.00828555089235532
636 0.025141015568770034
688 0.021602960565440837
722 0.014238549577755303
914 0.02225261330418245
1558 0.013948285206934231
1578 0.0188583053081447
1606 0.024118637235935728
1640 0.009257563551835518
1781 0.03580877696857996
1921 0.0008953865257980794
2058 0.01717923676938863
2277 0.016893618427291094
2438 0.0067179569472650595
2688 0.01587124009445679
3025 0.03509990225282842
3051 0.013891893889196805
3512 0.014787042097472145
3943 0.009387749041489537
3973 0.02225261330418245
4268 0.014062697184533764
4810 0.05028203113754007
4928 0.024994775912639162
5052 0.04692275457064502
5066 0.01571670570528297
5198 0.016987309174281578
5229 0.006020973247978757
5379 0.02526418694576364
5441 0.010482962601540509
5675 0.012497387956319581
5976 0.012769919856551626
5985 0.011311150141882454
5990 0.016029895882810424
6088 0.012497387956319581
6135 0.032552212889234565
6469 0.005700888065455297
6497 0.025524970686581588
6672 0.02856399465392893
6728 0.010514691953967646
6729 0.0348937981235279
6761 0.0024285306830561636
7140 0.007565421146560967
7238 0.025727221207084223
7492 0.014005216162703516
7521 0.023339545159991072
7527 0.04956069035062639
7800 0.01147968486103679
7886 0.022485946719234238
8175 0.02015359445354989
8369 0.03338841271024897
8582 0.07502422256197687
8592 0.01435874032169373
8845 0.018605107969870544
8893 0.05071072695174249
