145
53 0.004413011411073451
68 0.0028049099449008823
124 0.006682797512109529
130 0.005131761583187227
145 0.007509723092687952
217 0.0060535069401839
229 0.011361379198253002
312 0.01838141828638737
318 0.0042049895668148695
363 0.011831816154602789
378 0.003441749251587118
486 0.008335897206030183
521 0.01066904154856898
660 0.00725896152828088
668 0.0037373843444573817
785 0.007903930460682274
829 0.006874586547467168
869 0.011831816154602789
872 0.008557684713376411
1095 0.0030070794693513557
1172 0.003927015523290598
1208 0.006925389623574764
1226 0.012536175652135308
1426 0.00780606968454927
1468 0.002750765387664683
1566 0.007085585060967606
1571 0.006424324153113291
1712 0.0020710206915359303
1734 0.009045256602526483
1784 0.004643828877959646
1821 0.010122192280275786
1894 0.009966765965737522
1921 0.0003172971669090281
2070 0.009515693558876272
2076 0.00780606968454927
2388 0.003491591422646034
2420 0.006682797512109529
2421 0.007514817598746914
2465 0.004732796747326303
2619 0.008952842946799735
2674 0.004626477128647518
2684 0.0033548993015921186
2738 0.003280592909145596
2964 0.008335897206030183
3035 0.009190709143193684
3213 0.003461544942948474
3229 0.002030280764083019
3306 0.0036377646010369853
3388 0.010122192280275786
3413 0.0042623597909765155
3536 0.011831816154602789
3595 0.0035843889490881358
3627 0.0033454665089416224
3656 0.0020403921774242444
3696 0.009699133174844233
3733 0.004883448367423239
3872 0.003964551689459
3901 0.004492576538200487
3926 0.014420331502513916
3970 0.0057651448145877625
3974 0.004382007534076361
3997 0.011655971149892055
4002 0.00546407896501175
4003 0.005624274402404591
4091 0.016475645032562432
4099 0.004963013494550275
4109 0.007447884178913743
4217 0.00725896152828088
4221 0.001898320913568959
4248 0.002096888815346935
4296 0.010535646696473904
4301 0.008781384455329432
4397 0.019031387117752544
4493 0.0030151108148368526
4534 0.0024595133018623268
4542 0.005953887196763502
4547 0.0032989254215351894
4552 0.007383010579117716
4691 0.009045256602526483
4719 0.004963013494550275
4861 0.00866088162171277
4886 0.004444478049558501
4990 0.0213040396035134
5032 0.0029911079865986854
5059 0.008546895719530621
5163 0.002422740992161473
5177 0.017483956724838084
5229 0.004267291719441255
5381 0.011598034052763254
5435 0.003097153293177636
5474 0.005413275888904152
5531 0.007968320924777181
5582 0.006268087826067654
5807 0.003422137708860224
5811 0.004552147371788734
5897 0.0007016721477227406
5912 0.0032354471660486915
5985 0.002672213463939868
6045 0.009045256602526483
6115 0.004558463951740651
6161 0.003441749251587118
6329 0.004291641173354735
6378 0.004626477128647518
6482 0.005596715504872113
6507 0.011525837662344619
6517 0.00424787021063932
6526 0.01531083612890467
6618 0.009515693558876272
6667 0.009515693558876272
6750 0.011831816154602789
6834 0.007032654624435176
6849 0.005244527800267201
6852 0.0055161365640009384
6909 0.0038659032548050616
6973 0.002653658884219901
7101 0.006637457578836988
7197 0.009190709143193684
7303 0.005109914489853845
7377 0.005738260304586741
7621 0.004444478049558501
7666 0.004508856353771302
7725 0.00858328234670947
7864 0.003308151806678074
7903 0.00957374383399906
7904 0.02113243394583448
7943 0.003951965230341137
8011 0.0034424151216672296
8033 0.002620034158047249
8061 0.00992602698910055
8086 0.009515693558876272
8096 0.006637457578836988
8107 0.009190709143193684
8155 0.008144108170672544
8235 0.01248797930348322
8560 0.004922855601511489
8572 0.0041082015573867744
8653 0.004751049897196725
8664 0.003461544942948474
8667 0.004883448367423239
8679 0.0019078174415197453
8697 0.0020710206915359303
8716 0.013293126813165804
8739 0.0038300685284817625
8867 0.004995986365671919
8872 0.015196950366380711
