33
82 0.02250754330044261
277 0.014860935065162104
406 0.04230186189969545
872 0.01780689950460142
1411 0.018377116009143376
1468 0.01717144454117954
1921 0.0019807035267654484
1930 0.020942704731150803
2075 0.020708735211606502
2092 0.031898254088178556
2234 0.061800427853822344
2388 0.021795994941366158
2674 0.028880432984890573
3599 0.027069275257512095
3884 0.022776133007451852
3926 0.03000594231836229
4886 0.027744317521486404
4973 0.012642427157873996
5172 0.02030903823533316
5695 0.04260441404838032
5897 0.00438013522517832
5985 0.008340545054115345
6324 0.0664944266412691
6378 0.028880432984890573
6526 0.047788367311429734
6596 0.020708735211606502
6834 0.007316802286028516
7074 0.014898164054191351
7904 0.02198626966081769
8448 0.011074912743698467
8605 0.04171685719680494
8714 0.0664944266412691
8873 0.028146194208390554
