53
53 0.014429846836208429
68 0.013757415444037661
82 0.01178966553832708
277 0.007784299319846815
378 0.011253973743284863
521 0.008721518091290516
524 0.019575145161781743
855 0.013389118520109577
1411 0.009626108385741768
1468 0.0089945661882369
1734 0.02957655333524533
2070 0.031114807509976385
2075 0.010847432729889118
2082 0.014743244585347431
2373 0.012146924919245352
2388 0.011416949731191796
2684 0.04387995277003025
2724 0.014905453556485303
3595 0.011720382912891365
3867 0.027946992352750923
3882 0.016998907470193683
3884 0.01193035538485573
3931 0.023541454260457936
4221 0.006207208066590564
4835 0.0024452841134067482
4886 0.01453273774935002
4973 0.006622223749362569
4975 0.018763200361029662
5172 0.010638067647079273
5180 0.01936301878784553
5418 0.038688160759494834
5562 0.02264492480089526
5675 0.014481100330338564
5702 0.01496038263758858
5897 0.002294356546521977
5985 0.004368856933108038
6059 0.02503200192503462
6209 0.05213959271552231
6230 0.010550250367714812
6469 0.013211581865975767
6507 0.012562553219275087
6517 0.013889861323677779
6764 0.01029331765194854
6834 0.011497832163759096
6849 0.017148773442143547
6930 0.008352325700130128
7252 0.010877867936964066
7553 0.017951255560277577
7903 0.01043487423176617
8448 0.00580114477050872
8455 0.030052160055522206
8786 0.029131652960638292
8873 0.014743244585347431
