63
110 0.028003326758978746
375 0.010610698984494373
407 0.026218487664574464
567 0.034819344683545354
597 0.014257449057398744
872 0.008394681195026385
970 0.03230375526846419
1417 0.008179235697457538
1468 0.00809510956941321
1495 0.024834058907316513
1578 0.019666518392779473
1683 0.0266188980017208
1729 0.02515229311747583
2075 0.019525378913800413
2293 0.010866578831761545
2822 0.0210173199301306
3213 0.010186832260676938
3472 0.01867171941933098
3604 0.006850107059143208
3653 0.008482998798607708
3675 0.01647033420005222
3819 0.008179235697457538
4002 0.03216000762264058
4003 0.01655143609850494
4221 0.005586487259931508
4337 0.016004800382858047
4437 0.014371290909845534
4504 0.009928883507014662
4566 0.01761763064560357
4588 0.03230375526846419
4725 0.020533630397831067
4756 0.017521439464761163
5163 0.007129780634075192
5195 0.014911127493979815
5223 0.002928477364208636
5229 0.018837044875819255
5310 0.024834058907316513
5763 0.01771533671032222
5855 0.018278297077002827
5985 0.003931971239797234
6250 0.013874689391856793
6388 0.012169905690566774
6930 0.007517093130117116
6966 0.01697365386367231
7303 0.015037748355855604
7477 0.010334911053131706
7579 0.011306297897347578
7609 0.01980288007715419
7821 0.03466683761358031
7859 0.005741776995194663
7904 0.010364955697242625
8033 0.0077103862365390475
8061 0.014605439712533667
8235 0.012250113031035919
8433 0.039119773193030796
8631 0.016233201888345622
8660 0.01647033420005222
8664 0.010186832260676938
8679 0.005614434185043822
8820 0.009089908542861704
8865 0.027046944049969986
8867 0.004900824720611501
8880 0.015232660936806263
