79
82 0.014854978578292122
94 0.014373541278481748
152 0.013151382495753481
219 0.033553725663170886
375 0.014854978578292122
443 0.005222182212261629
493 0.011586005268953458
521 0.005494556397513025
549 0.006048452151419385
724 0.0512458572891295
829 0.014161648287782366
858 0.019277343155672127
878 0.012835392635036458
961 0.011151348331142555
1309 0.00738384123512156
1379 0.014161648287782366
1468 0.011333153397178495
1479 0.024373541278481747
1558 0.01018224820106199
1772 0.017865721669957983
1918 0.012540842841653702
1958 0.013766562874945631
2075 0.01366776523966029
2388 0.0071926783306508315
2578 0.01170182399445161
2666 0.007449478930145442
2684 0.006911092561279765
2772 0.009863356756927174
3117 0.018352941365202127
3149 0.006776862831585443
3212 0.011586005268953458
3320 0.010481880434836425
3418 0.020875578491571744
3599 0.008932860834978991
3814 0.012990514296818934
4221 0.003910541081952056
4510 0.011417870278856957
4677 0.0016146716754694892
4802 0.012005650284388818
4879 0.0062111282785639165
5037 0.014953460748258617
5171 0.010059903636891875
5229 0.008790620942048986
5356 0.013766562874945631
5435 0.006380135783945931
5702 0.018850082123361613
5897 0.0014454446243088457
5913 0.009356103982201804
6039 0.010394141191761373
6115 0.018780871481171486
6310 0.010223807798773568
6329 0.008840780817110754
6378 0.019061085770027776
6469 0.004161648287782367
6686 0.01738384123512156
6756 0.014161648287782366
6764 0.0064847901207275805
6832 0.00998021434017912
6834 0.00482908950877882
6930 0.010523930382163963
6973 0.005466537301492997
7074 0.014749182413649435
7252 0.013706113600574726
7472 0.01738384123512156
7555 0.007362180617556483
7666 0.018576488177537764
7695 0.0060644482830173145
7842 0.011586005268953458
7961 0.008871257747930808
7988 0.0069897000433601884
8167 0.012265007625332816
8448 0.0036547212054204936
8514 0.003862016054007934
8572 0.008462895208216756
8586 0.038279583768396
8653 0.009787162788225254
8660 0.011529233940036554
8830 0.010394141191761373
8872 0.006261143550948854
