280
53 0.0019424793817972887
68 0.0012346398475418414
70 0.0022025939047312384
130 0.0022588523208046346
141 0.0023938803991454347
145 0.003305561874131876
148 0.0020213513547305603
217 0.0053291556823841174
277 0.002095772893804912
312 0.012136449253191661
318 0.0018509142110338958
375 0.0015870703609286456
378 0.0015149580039037318
423 0.001645087980679959
443 0.0011158509000559038
492 0.003545305293727631
521 0.004696202049156432
597 0.0021325244316622058
646 0.004114253775361753
672 0.0030041574008473305
708 0.0018385409655618972
785 0.0034790805019242494
829 0.0030259932238851216
872 0.0037668441259733777
950 0.005000948963333587
1035 0.0029828235954913462
1057 0.0019021260823093105
1070 0.011702496254325455
1095 0.0013236289971931183
1107 0.00366921971034662
1172 0.006914232459810797
1194 0.00358479975033877
1216 0.0037395780486824794
1219 0.002382766737423623
1226 0.008277090334422671
1364 0.0012822252678330653
1373 0.007556222920607483
1417 0.0012233899547479225
1426 0.0034360050320879276
1468 0.0024216139737560888
1496 0.0012688246066293583
1516 0.0017340329370992814
1534 0.005208021640701228
1555 0.004269276568414342
1566 0.00311886863794728
1571 0.0028278008024387566
1609 0.0018263305306806378
1627 0.00311886863794728
1688 0.0034710272889002546
1712 0.0009116031249068413
1717 0.003071269503949092
1734 0.003981459102821487
1784 0.0020440785232044597
1821 0.004455494892600026
1894 0.002193540372801207
1921 0.0002793299845438453
1951 0.00456479515423973
2024 0.0023938803991454347
2041 0.0015964915551702162
2055 0.005474984753112126
2070 0.004188531780189129
2123 0.004441940680239904
2149 0.0029828235954913462
2150 0.004405187809462477
2176 0.009377419141717438
2252 0.00292161594282141
2384 0.002230296847390144
2388 0.0015368970791988957
2421 0.0033078043276535568
2465 0.002083239593908587
2468 0.002115803625012726
2578 0.0025003897424041906
2619 0.00394078129709561
2639 0.009213808511847273
2671 0.00366921971034662
2674 0.00203644078739613
2684 0.0014767291797606337
2710 0.010416043281402457
2733 0.0031951839205680804
2738 0.0014440216651367371
2743 0.0014320475678760564
2876 0.002845820391192737
2906 0.004688709570858719
2964 0.00366921971034662
3035 0.004045483084397221
3052 0.007524190248817557
3066 0.0019220834033651726
3213 0.007618357459907967
3229 0.005362023556424384
3268 0.0019633337349792466
3306 0.00960742958735409
3334 0.004269276568414342
3337 0.003048355261658978
3388 0.004455494892600026
3413 0.009380834582704726
3420 0.001635162969898413
3536 0.005208021640701228
3554 0.00456479515423973
3595 0.0015777438536584531
3627 0.0014725771385512272
3653 0.0012688246066293583
3656 0.0008981213430542615
3681 0.002360930914385832
3696 0.004269276568414342
3705 0.00456479515423973
3733 0.0021495520591649307
3835 0.0022492358651920777
3872 0.0034901608890109148
3901 0.00988750819304808
3926 0.021158036250127254
3935 0.004831758266650627
3970 0.006344123033146791
3974 0.005786497128331605
3982 0.003402256597935722
3997 0.0025653098898266707
4002 0.00240512877519748
4003 0.002475642151485782
4044 0.005518060222948449
4091 0.0072521001639056885
4099 0.002184574315977258
4108 0.0018385409655618972
4109 0.003278342181316734
4217 0.0031951839205680804
4221 0.0016711714025436138
4226 0.004150548108675109
4248 0.005537937127711136
4296 0.00463748551169578
4301 0.003865310251704836
4346 0.0009772452056932234
4350 0.002695006129898491
4366 0.004455494892600026
4382 0.0008231572164490953
4397 0.004188531780189129
4437 0.0021495520591649307
4468 0.004254998933585952
4493 0.001327164162086307
4494 0.003369692566831584
4504 0.0014850894134423643
4517 0.002220970340119952
4534 0.001082606282443674
4542 0.0026207281250711146
4547 0.0029041822087019194
4552 0.0032497867079022435
4567 0.0018447069660693504
4568 0.002415375449144795
4691 0.003981459102821487
4719 0.002184574315977258
4770 0.002463511525648837
4861 0.0038122684061385284
4886 0.0019563300816432725
4888 0.003507423313042948
4915 0.0012458292436903723
4936 0.0022588523208046346
4990 0.014066128712576155
5019 0.006273822300144394
5032 0.0026331976292279027
5059 0.0037620951244087784
5081 0.004027795325504619
5163 0.001066420180310392
5172 0.0014320475678760564
5177 0.007695929669480011
5193 0.0015236714919815936
5223 0.00043802011857821486
5229 0.0028175067121951874
5245 0.004188531780189129
5362 0.002941573263877272
5381 0.004375815045548041
5431 0.0012265625378797412
5435 0.008179661261469141
5463 0.004057730802293757
5474 0.002382766737423623
5482 0.0012523414083955118
5531 0.003507423313042948
5643 0.0018761669165409452
5670 0.002475642151485782
5693 0.00456479515423973
5703 0.003038179388244659
5730 0.0017340329370992814
5766 0.0029619692423093883
5807 0.0015063255727034322
5811 0.0020037229884369216
5897 0.0006177113779097631
5912 0.0028482996419061136
5985 0.0011762307127598567
5995 0.006051986447770243
5997 0.0027264660803700855
6006 0.0020752740543375546
6045 0.003981459102821487
6109 0.0034360050320879276
6115 0.002006503363373022
6161 0.0015149580039037318
6243 0.0005913152894203012
6300 0.0027264660803700855
6303 0.0016204716921547214
6307 0.0021756940600559807
6329 0.0018890557301518708
6342 0.005851248127162727
6352 0.008538553136828685
6357 0.0012822252678330653
6378 0.00203644078739613
6388 0.005460855117562014
6411 0.003048355261658978
6417 0.00456479515423973
6482 0.002463511525648837
6507 0.006764451733455817
6516 0.003981459102821487
6517 0.0018697890243412397
6526 0.006739385133663168
6589 0.0012523414083955118
6618 0.004188531780189129
6713 0.0011474081179309926
6751 0.005000948963333587
6761 0.0003788092732117521
6764 0.0027712778293707612
6817 0.004045483084397221
6834 0.003611498564257665
6849 0.002308488732596247
6852 0.0024280430174875934
6886 0.0009772452056932234
6909 0.001701658270277442
6973 0.001168063525960042
6996 0.0014935256502906387
7086 0.003507423313042948
7101 0.00292161594282141
7197 0.004045483084397221
7283 0.004357722476872088
7303 0.0022492358651920777
7377 0.002525815433215532
7391 0.004975866905061698
7393 0.001004359422139084
7470 0.0015020392848880506
7481 0.0017619022887359816
7484 0.0021777506542159128
7555 0.0031462310331437965
7579 0.0016911129333639543
7652 0.0022025939047312384
7666 0.0019846675403352313
7725 0.005667167190455611
7728 0.00292161594282141
7767 0.004455494892600026
7800 0.005371903813177472
7864 0.0029123045819473645
7903 0.005618778432489477
7904 0.021704394408755927
7923 0.0020517796434369926
7943 0.0034790805019242494
7944 0.0014561522909736823
7958 0.002166897978443092
7961 0.0037911357897140205
8011 0.003030502201125852
8033 0.0011532628986276356
8061 0.013107445895863547
8096 0.00292161594282141
8097 0.004975866905061698
8102 0.0029020788072661326
8106 0.002439715871550632
8107 0.004045483084397221
8188 0.004357722476872088
8228 0.003545305293727631
8235 0.008245268386274176
8299 0.005851248127162727
8337 0.003865310251704836
8350 0.0018736804422623458
8382 0.005851248127162727
8559 0.0033078043276535568
8560 0.002166897978443092
8572 0.0018083109419266574
8639 0.0012361458897854473
8653 0.0020912741000481314
8664 0.003047342983963187
8697 0.0009116031249068413
8716 0.005851248127162727
8739 0.0016858848651009472
8812 0.00226856947411814
8814 0.002531894421207042
8820 0.0027192034102577747
8867 0.0043981760313180135
8872 0.006689255930500911
8873 0.0019846675403352313
8880 0.0022783894563599117
