54
102 0.019060471619285445
130 0.033035715191767775
277 0.007662669642974209
334 0.012883910486381864
639 0.017926867445088385
872 0.018363365114120216
1057 0.013909296976886832
1095 0.009679037041974677
1172 0.012640081215591613
1417 0.017892078088188365
1468 0.008854026091545699
1623 0.023972877200878612
1921 0.0010213002559884344
2041 0.02334868899436441
2246 0.027162251929877437
2388 0.022477119783283848
2465 0.015233689530456541
3139 0.02867647088312832
3342 0.016173324146773353
3827 0.03791685363985346
4003 0.01810313323273978
4099 0.0159746996855837
4195 0.022630461127338092
4425 0.02867647088312832
4547 0.010618416200566392
4775 0.03808365824762773
4886 0.028611327444032855
5017 0.011303808964362803
5172 0.01047184784009366
5254 0.03428618873690438
5295 0.013489419689382123
5576 0.023764065301535152
5727 0.01895842681992673
5732 0.019707232324882713
5913 0.014618912472190318
6060 0.020678293367833406
6107 0.010050230813756262
6378 0.0148914732578342
6388 0.013310834349057409
6430 0.008098063054251576
6761 0.0027700428103609367
6967 0.04278725192987744
7132 0.03808365824762773
7347 0.011238559891641924
7484 0.003981200414738465
7555 0.011503407214932005
7816 0.022987693673580344
8235 0.013398561127695536
8448 0.005710501883469521
8560 0.03169088293473021
8660 0.03602885606261423
8698 0.019164074414582524
8723 0.010050230813756262
8872 0.009783036798357583
