110
15 0.0033063175069071356
17 0.006610686238408654
139 0.005995236156975157
232 0.006851822181863237
423 0.004752476388630992
536 0.00938827271171759
652 0.01831001998035617
708 0.005311340567178813
861 0.004024841313811159
1133 0.01690360570069232
1183 0.012100202920546373
1193 0.016954860707575025
1482 0.032192298583558446
1507 0.0061606261359130375
1542 0.009155009990178086
1565 0.009308241988480752
1577 0.0059724204436420476
1609 0.010552131955043682
1690 0.015816622620101695
1720 0.007697669318999279
1749 0.006851822181863237
1772 0.016542334879590722
1881 0.00522400938778812
1975 0.013958412770324032
2041 0.004612086714936179
2053 0.016995756635735347
2076 0.009926236759365123
2084 0.006310992468378745
2117 0.0036944755377217252
2238 0.013767096705114263
2265 0.007410895237277048
2373 0.004723804135262081
2638 0.008274346387901964
2655 0.010475255792308215
2674 0.00588305116358882
2684 0.01279831955792549
2912 0.009010064954069918
2939 0.004351607210032137
2962 0.014044087998674251
3010 0.012871429689733408
3050 0.008703214420064274
3212 0.007151855104292258
3229 0.002581715045685814
3464 0.003175119210736369
3476 0.012100202920546373
3585 0.0034266313569713044
3755 0.012871429689733408
3835 0.006497792499443779
3901 0.005712782511538891
3902 0.013337934899444981
3903 0.010027412167934067
3937 0.013187186001136997
3970 0.007330986616080735
4221 0.0024139142481185527
4237 0.06435714844866704
4282 0.04811301591414419
4346 0.002823152816447089
4468 0.006146109570735262
4542 0.015141984722633105
4668 0.01188562201771173
4685 0.012100202920546373
4798 0.005495030904449119
4855 0.009308241988480752
4943 0.007486973188910264
5032 0.0038035076866625257
5171 0.006209817059809798
5178 0.0034091095290058678
5229 0.002713154611743514
5330 0.008169202318156408
5381 0.008427495643277709
5435 0.003938355422188846
5776 0.0080188359856907
5782 0.01024199307076871
5912 0.004114210593864386
6006 0.011990472313950314
6178 0.008497878317867674
6293 0.004870334054736069
6346 0.006883548352557132
6349 0.005276065977521841
6430 0.0031992347868648203
6469 0.002568918696161955
6485 0.008328506414491501
6535 0.010132556237679627
6707 0.004351607210032137
6728 0.00947620385974862
6729 0.02096499804952705
6761 0.006566027402337035
6764 0.008005913729293308
6834 0.0014904597249317346
6886 0.008469458449341266
6909 0.004915901669690387
6973 0.003374405741662343
7011 0.008274346387901964
7074 0.0030348111962241638
7635 0.03827387560872084
7637 0.015816622620101695
7639 0.012871429689733408
7683 0.010132556237679627
8011 0.0021886960341464486
8043 0.0036654933080403677
8073 0.007612556451804011
8102 0.016767566441982094
8145 0.0010002640327553276
8518 0.011013219839955747
8520 0.015941062866295513
8640 0.002032696012742721
8671 0.005861166714424316
8697 0.005267040277239526
8814 0.0024381205537549293
8820 0.00392773825926123
