147
68 0.003346398351252404
79 0.004518078762336529
82 0.0028677564822957766
91 0.005389812520038417
163 0.0015212040533862752
250 0.005592083058492811
277 0.001893478212935712
405 0.004099191173309998
494 0.003721494817697322
497 0.008472262853906874
521 0.0042429006930602515
573 0.005015642585644376
605 0.00577353696843962
725 0.006630095847267251
726 0.0022048910763088026
821 0.02321206844561035
858 0.003721494817697322
861 0.005034936624227087
872 0.0022688327554125365
1095 0.0023917311609512716
1181 0.006552090495575023
1185 0.008050855636049467
1193 0.003534990263355411
1242 0.0042466983264769055
1253 0.003084420350940299
1268 0.0029019783368567998
1309 0.0028509039517843862
1379 0.03280690723038386
1393 0.009970857854594107
1430 0.01154707393687924
1468 0.006563602353578279
1496 0.0022927023780020834
1539 0.005508224951569119
1564 0.0052792133638626245
1565 0.023288574550330222
1577 0.003735645219575335
1640 0.002609274669050166
1758 0.009575857681255254
1881 0.0065350542148391935
1902 0.008472262853906874
1930 0.00800512651885687
1940 0.0027611261153607895
2009 0.0071942967572218375
2075 0.002638564718081137
2084 0.007894832277045226
2117 0.0046216605182310385
2213 0.007434250065132434
2238 0.004305539896194036
2246 0.006711907812788247
2286 0.005015642585644376
2416 0.0029725914091050993
2588 0.008455069089003618
2619 0.0035603970020091614
2638 0.015526379708572798
2666 0.0028762466911758464
2674 0.01839873143825075
2684 0.024015379556570612
2693 0.014619969756740533
2715 0.005243910740542664
2733 0.00577353696843962
2738 0.007827824007150496
2785 0.019259033662978892
2896 0.004587474017208733
2921 0.005389812520038417
2954 0.0016349963996901008
2976 0.005467817871730644
3041 0.004429805082956204
3050 0.010887418811200096
3168 0.004787928840627627
3472 0.005046410653873238
3544 0.004178405910320746
3545 0.00989302264268909
3557 0.005508224951569119
3599 0.003448981017366406
3604 0.0018513802862549212
3627 0.005321745952447678
3656 0.0016228601874493992
3680 0.013289415248868609
3814 0.005015642585644376
3847 0.00577353696843962
3882 0.004134869384641707
3884 0.0029019783368567998
3901 0.003573246204128573
3943 0.002645967876558827
3954 0.007414925661224034
4211 0.008248355722718894
4221 0.003019722843206221
4251 0.002963600434902078
4519 0.005209336058485032
4592 0.010155507718728557
4811 0.003735645219575335
4915 0.004502301822757484
4973 0.00805405591138691
5092 0.03614585505544585
5171 0.003884132678336631
5172 0.018113466534216062
5177 0.004635386210188733
5312 0.02013572343836474
5380 0.0008745203186613188
5381 0.006589065126500911
5460 0.008472262853906874
5510 0.0061496221659447315
5685 0.008472262853906874
5807 0.002721854702800024
5897 0.0005580867275323728
5989 0.0024239166533316877
5992 0.01145259936995251
6115 0.0036256508650910203
6293 0.006092618663067515
6300 0.004926587357579923
6349 0.009900262799519749
6414 0.0033000875998399166
6430 0.0020010657740235555
6761 0.012320808175813895
6764 0.0050075599387857765
6824 0.004189851775045607
7000 0.0021710149206813694
7004 0.006036567909706199
7074 0.005694665024575072
7193 0.006797917058777252
7252 0.002645967876558827
7346 0.007862739923599992
7409 0.002990719290218535
7411 0.00614770690283366
7470 0.0027141095958594886
7497 0.006271972089595826
7581 0.006208688629409845
7800 0.003235586852724655
7840 0.003652480440208116
7904 0.008404018132899425
7988 0.005397451770934509
8033 0.0020838881720375807
8046 0.004345946976032512
8069 0.0039154758838276715
8090 0.006630095847267251
8123 0.005015642585644376
8129 0.004587474017208733
8163 0.004587474017208733
8228 0.006406188716079271
8445 0.0020010657740235555
8448 0.004233267805506363
8514 0.0014911258895783529
8540 0.0027374530726909127
8639 0.004467307153819222
8660 0.004451441675689789
8679 0.0015174146446064385
8747 0.008128512624786813
