236
17 0.005341302596619461
70 0.002570608347666383
79 0.005836321194240204
82 0.011113450307949219
130 0.0026362665489689996
134 0.003058605392851076
163 0.0019650466325538416
164 0.0040101006359529925
277 0.0024459394371588498
314 0.004646690424240538
375 0.0037044834359830727
392 0.01277951553344875
406 0.003481200605211845
423 0.0019199530547586551
446 0.0022354097728729226
459 0.007821861487010784
521 0.005480854261858379
596 0.008898461915575216
597 0.0024888315062790824
668 0.0019199530547586551
689 0.004449230957787608
707 0.002110447682847071
726 0.0014241067051470819
807 0.0029939277517179097
821 0.004997444494940217
858 0.004807317495180081
861 0.004877987228210033
872 0.0043962170846771585
974 0.003668858840671177
975 0.009660045577331198
983 0.0022996080387041717
990 0.0024313120447611437
999 0.0056390595231733
1087 0.005472109923096958
1095 0.0015447839667989509
1100 0.005472109923096958
1126 0.004093451647142392
1129 0.0019257914981873402
1164 0.0018743451103389304
1216 0.002182197664318454
1302 0.006389757766724375
1381 0.018453865842782996
1416 0.006078189845007917
1459 0.004721411679545883
1468 0.004239334188470759
1516 0.0020237591385597596
1547 0.003895992180689463
1577 0.004825596567930233
1640 0.0016852921179151942
1728 0.0022670332934691547
1744 0.0048016727353349135
1920 0.004093451647142392
1930 0.0034469289582442714
1940 0.0017833707328639514
1958 0.0034330580735525266
2075 0.005112630388900358
2084 0.0025495780046816876
2118 0.0056390595231733
2149 0.003481200605211845
2246 0.00433512250252408
2252 0.003409766237507281
2357 0.0040101006359529925
2388 0.0017936853692396087
2442 0.014947791276941985
2465 0.0048626240895222874
2520 0.006078189845007917
2594 0.006078189845007917
2600 0.00413766303607115
2619 0.004599216077408343
2684 0.006893857916488543
2846 0.01823456953502375
2874 0.00451113515660315
2877 0.0056390595231733
2921 0.003481200605211845
2941 0.006828888088558993
2954 0.0010560201185030825
2962 0.003782447640540696
3013 0.0028069832089586545
3015 0.0034568618588548465
3041 0.0028611459263981464
3050 0.008790029526498832
3051 0.0025289482641181215
3097 0.006389757766724375
3123 0.00433512250252408
3135 0.006828888088558993
3168 0.012369811169302298
3244 0.006389757766724375
3302 0.0022354097728729226
3320 0.005227870541065548
3348 0.006078189845007917
3418 0.0078088198846278335
3479 0.004449230957787608
3512 0.004037858128860848
3599 0.00445529218702194
3624 0.003182010288312219
3640 0.0027305023616607696
3661 0.004721411679545883
3670 0.0058365189896262305
3680 0.0028611459263981464
3698 0.005327491601456841
3701 0.0035576814525097294
3719 0.0005532387770981455
3731 0.0011809633428993005
3760 0.002359083376593272
3819 0.0028555935103343026
3872 0.0020366524888492618
3884 0.009371725551694653
3885 0.0030924527923255744
3970 0.004442468198772117
4044 0.0032200151924437325
4123 0.006389757766724375
4131 0.004050974491783838
4192 0.00846379769752584
4202 0.0056390595231733
4221 0.003900789109179108
4291 0.00125715710507074
4305 0.006828888088558993
4306 0.006828888088558993
4321 0.004282281357711267
4349 0.00365046424570037
4400 0.002062909014394462
4493 0.004646729385459289
4510 0.002847349196722433
4531 0.0037927685269283033
4656 0.004390674609035681
4680 0.005388392652643609
4724 0.004047518277119519
4806 0.006389757766724375
4811 0.004825596567930233
4835 0.0007683436366315468
4852 0.006219563240288695
4909 0.0020830277718708536
4915 0.0014539852519877658
4948 0.0036118441699492217
4973 0.005201996212092792
5045 0.00894163909149169
5048 0.006828888088558993
5135 0.006078189845007917
5136 0.006389757766724375
5140 0.0040101006359529925
5171 0.0025087041488508414
5172 0.006685269444049818
5251 0.005199929201338683
5291 0.006051567663218508
5380 0.0016945194204484905
5381 0.007660404393951933
5435 0.001591056305223424
5483 0.0029328959078695296
5552 0.004982597092313995
5557 0.004449230957787608
5587 0.005472109923096958
5653 0.0032395297498301577
5695 0.003506098911712096
5702 0.007051152913975666
5703 0.0008864513427048005
5812 0.004582744079652305
5863 0.001469239428570514
5897 0.00036046000606205624
5903 0.005472109923096958
5939 0.0013155380503672388
6095 0.002613935270532774
6242 0.00433512250252408
6328 0.002307907149300001
6349 0.0021314780258317664
6352 0.00996519418462799
6378 0.004753387972575505
6388 0.0021244224397498107
6410 0.0023503843046585554
6414 0.004262956051663533
6513 0.003182010288312219
6537 0.0016666988950234437
6558 0.0058365189896262305
6572 0.003300276248232763
6574 0.0033427534035913174
6634 0.0026250433538900055
6663 0.0048016727353349135
6690 0.0016393942059882015
6713 0.00133911969873243
6735 0.0058365189896262305
6761 0.004421015956685785
6764 0.021023010366448516
6790 0.0010560201185030825
6792 0.01017164149215031
6823 0.0018969090230007684
6870 0.0058365189896262305
6871 0.004982597092313995
6888 0.004449230957787608
6890 0.0311995752080321
6930 0.0013122107708433868
6935 0.0022670332934691547
6968 0.002341754548774499
6973 0.0027264525194478782
7004 0.0038989303955458987
7011 0.0033427534035913174
7047 0.006389757766724375
7074 0.0036781003525310314
7253 0.004093451647142392
7350 0.003025783831609254
7376 0.012846844073133799
7409 0.003863323172900751
7447 0.0034568618588548465
7484 0.0006354035574644931
7495 0.0023766939862877525
7666 0.0023162703463264047
7793 0.002259040425949924
7827 0.006389757766724375
7840 0.002359083376593272
7846 0.023233452121202692
7885 0.002440688974619764
7904 0.0036186877745984225
7913 0.007841805811598322
7988 0.003486134684967675
8005 0.006078189845007917
8016 0.012156379690015835
8019 0.002847349196722433
8135 0.002706163615303771
8137 0.007520873826104149
8163 0.002962981971214618
8235 0.006415271163385394
8350 0.00218673926927376
8458 0.014559905461938423
8516 0.005199929201338683
8520 0.0032200151924437325
8622 0.002259040425949924
8647 0.010399858402677367
8671 0.002367852887124038
8714 0.005472109923096958
8719 0.0020898179422835055
8739 0.001967566376227539
8745 0.0058365189896262305
8760 0.006078189845007917
8774 0.0058365189896262305
8801 0.0025289482641181215
8864 0.0036985327142365337
8872 0.007806912158290341
8873 0.0023162703463264047
