204
15 0.001618197692202284
17 0.009706324809264671
46 0.004555695474724719
68 0.0017456539234126337
69 0.002816326735734951
82 0.008975817872079832
91 0.004217406171268731
250 0.004375678284439993
276 0.0012953291724660337
277 0.0014816037980373094
334 0.002491148855372928
375 0.004487908936039916
426 0.006161371961257212
456 0.004409759886886184
493 0.003500303706632465
494 0.0029119853709474513
497 0.006629353713480001
520 0.005629374199759686
521 0.00165998682704321
523 0.007254169356126174
549 0.0018273269339635603
596 0.03234093560252866
707 0.0025567659239325545
821 0.009081458802738793
858 0.005823970741894903
861 0.0019698619118954917
872 0.005325930667539398
937 0.015482132111519484
1129 0.004666117164792287
1181 0.005126862351522449
1225 0.0029915289924651225
1226 0.0039009851727188423
1253 0.002413489035932137
1309 0.002230767744749716
1314 0.006454151456749829
1379 0.017113774365900142
1393 0.007801970345437685
1411 0.0018321596021200345
1460 0.011702955518156527
1468 0.01369565365217945
1494 0.005126862351522449
1496 0.0017939876613369777
1516 0.0024517444548714912
1556 0.005251915781003492
1565 0.004555695474724719
1577 0.0058461154795771105
1641 0.004810441352972561
1758 0.0037464458299775088
1772 0.008096248490917515
1837 0.007363607637003549
1921 0.000197471952819516
1930 0.008351773487951377
1955 0.003039245811749811
1956 0.0023910599782910285
1984 0.005113531847865109
2009 0.005629374199759686
2075 0.0020646171056888656
2084 0.0030887636854300808
2086 0.0047199180195059654
2286 0.003924626675776113
2328 0.003832513920042275
2357 0.004858158172257251
2465 0.0029454867974296637
2515 0.0057198975332262815
2588 0.0033079499910150106
2638 0.0040496801052571545
2674 0.005758636184298422
2684 0.008351773487951377
2693 0.0057198975332262815
2715 0.008206482669489727
2733 0.004517661857479944
2785 0.007534878729171501
2794 0.011634264452382479
2902 0.002347320330651685
2909 0.004310061215880367
2921 0.004217406171268731
2928 0.0033689874112213156
2962 0.002291180519421177
2976 0.0042784435914750354
3050 0.008519158525984366
3066 0.005435256995618735
3168 0.0037464458299775088
3306 0.0022639864284399367
3418 0.012613642593094708
3506 0.0024595312309675962
3512 0.0048917858298284
3544 0.001634753973977452
3599 0.0026987494969725047
3604 0.0014486631242901045
3627 0.004164145624422805
3645 0.005629374199759686
3814 0.003924626675776113
3872 0.0024673644955545437
3884 0.0022707322937942933
3901 0.0027959841899374634
3943 0.0020704099094523754
3954 0.0029010056589985267
3970 0.0017939876613369777
4192 0.005126862351522449
4221 0.0011814323510429172
4226 0.0029342243426887476
4251 0.00231895018924362
4352 0.010780311867509553
4382 0.0011638597501455487
4403 0.0018714754401401188
4462 0.0024752448070576496
4468 0.0030080657113568353
4482 0.0024991737606410254
4517 0.003140223925003436
4547 0.002053107664157852
4653 0.0012052346894432485
4654 0.005465151654978438
4660 0.001779954715579384
4770 0.0034831522477451827
4811 0.0029230577397885552
4819 0.0024363081836374116
4834 0.0038549429776833836
4886 0.0027660497831089163
4943 0.0018321596021200345
4973 0.005041693005557002
5037 0.004517661857479944
5171 0.003039245811749811
5172 0.020247681624350283
5291 0.0036656776932788844
5293 0.007254169356126174
5337 0.005068538619814333
5381 0.002062317664971282
5389 0.007070828141510932
5435 0.0019275334694700697
5510 0.0024059700014798873
5702 0.0056948888590216355
5717 0.004247569980654231
5811 0.0028330584851615687
5855 0.001932750446208758
5866 0.00322140865733063
5897 0.0017467608752976987
5939 0.0015937485141911264
5942 0.004375678284439993
5976 0.002816326735734951
5985 0.0008315347032803819
5989 0.001896659858649266
5992 0.004480699753501057
6037 0.009353791089678938
6095 0.003166731249195294
6100 0.00554469527649611
6115 0.002836989649723789
6349 0.005164487542951893
6372 0.008961399507002114
6378 0.011517272368596844
6409 0.0011843841361375146
6414 0.0025822437714759466
6430 0.0031315772536078604
6482 0.0034831522477451827
6508 0.001672787591222227
6513 0.0038549429776833836
6537 0.002019172981584293
6548 0.01986613670053396
6743 0.0068316098755060225
6761 0.008569558422385496
6763 0.0019223371540795144
6764 0.003918302187750804
6790 0.0012793476360112874
6852 0.006866006840992106
6921 0.0025317733983555458
6930 0.004769152741161917
7004 0.0023617388045527273
7074 0.013367839045603718
7328 0.003166731249195294
7409 0.002340170079053174
7470 0.002123729260808482
7481 0.002491148855372928
7497 0.00490767604593752
7553 0.0034167042305060045
7555 0.004448447503055277
7680 0.0022242237515276383
7702 0.003076207915728698
7800 0.0025317733983555458
7904 0.0043839691770814725
7944 0.0020588497648812184
8002 0.00603631853177617
8011 0.0021424094110678226
8046 0.003400605035626648
8069 0.003063771159853072
8085 0.0030514511827520467
8102 0.004103241334744863
8129 0.003589594472679945
8235 0.0038859875173981014
8445 0.004697365880411791
8448 0.0011041453792811158
8450 0.004375678284439993
8458 0.004409759886886184
8515 0.0068316098755060225
8531 0.0030887636854300808
8540 0.0021419950024983273
8572 0.005113531847865109
8639 0.003495566624891778
8660 0.0034831522477451827
8679 0.0023746851537949703
8695 0.0023910599782910285
8747 0.0031801884740480127
8758 0.0026436896174975833
8867 0.0010364281886489578
8872 0.003783168308730425
8873 0.0028061160389029854
