102
15 0.003967581008288563
62 0.00962260318282884
277 0.003632673015928514
536 0.01126592725406111
537 0.01136491956189801
549 0.004480334926977322
574 0.015445715627680089
708 0.006373608680614576
929 0.030891431255360178
969 0.006955878326359809
1035 0.010340455131036666
1041 0.007086138880442127
1193 0.00678194428303001
1297 0.022934110005064658
1309 0.005469512026015971
1434 0.016254193178976892
1482 0.012876919433423378
1520 0.014669571800088231
1525 0.010812077944883904
1572 0.008893074284732459
1641 0.035383468618531505
1772 0.00661693395183629
1878 0.020284326840830785
1935 0.00727784642844196
2031 0.00727784642844196
2064 0.021294135227380367
2075 0.005062135273948256
2084 0.007573190962054495
2112 0.010897869593401053
2117 0.0044333706452660705
2161 0.00833777975401793
2653 0.008801153855237494
2655 0.025140613901539717
2666 0.005518132540848476
2684 0.005119327823170196
2789 0.007542406074860734
2849 0.012215855868569471
2962 0.0056176351994697005
3212 0.008582226125150711
3213 0.005282061172202857
3217 0.012570306950769859
3383 0.036108950042195186
3464 0.0038101430528836434
3512 0.003997978048575802
3740 0.010812077944883904
3789 0.010897869593401053
4282 0.03849041273131536
4468 0.0036876657424411577
4915 0.01295662413437987
4924 0.005405807050001766
4965 0.018979947144122034
5017 0.010717685536581029
5023 0.013802391556447823
5229 0.003255785534092217
5277 0.014024341359243696
5303 0.014024341359243696
5304 0.020680910262073332
5330 0.00980304278178769
5371 0.007363638076959109
5379 0.006830687581632392
5381 0.005056497385966626
5382 0.014800158770503053
5386 0.007604273292377517
5435 0.014178079519879845
5706 0.007635658869734959
5742 0.015824623201364397
5988 0.005148309966600196
6223 0.006830687581632392
6329 0.0065487265311931515
6349 0.00633127917302621
6430 0.007678163488475569
6470 0.011794489539510502
6471 0.00833777975401793
6494 0.008260258023068559
6508 0.004101427353293016
6517 0.006481935284382964
6535 0.03647720245564666
6700 0.048762579536930674
6713 0.003977681475494107
6729 0.012578998829716232
6761 0.002626410960934814
6834 0.005365655009754246
6848 0.014520243504655648
6891 0.015106771253156574
6996 0.005177555587674214
7043 0.01126592725406111
7140 0.004090931434807042
7174 0.02272983912379602
7367 0.04056865368166157
7444 0.00962260318282884
7484 0.0018873839003204574
7628 0.005207069520945242
7635 0.036742920584372014
7642 0.018979947144122034
8043 0.004398591969648442
8073 0.009135067742164814
8235 0.003175955230268572
8350 0.0032477127665880663
8527 0.007221897258883101
8719 0.006207533295227302
8814 0.0029257446645059157
8829 0.010897869593401053
