432
10 0.001785533078072267
17 0.006651746401380136
46 0.003746422862444427
52 0.0010833500427676534
53 0.0022585847221891454
59 0.0031829725024304033
68 0.0003588890985401129
70 0.0012805142203903348
82 0.007381355815300433
102 0.001515366687744433
116 0.0016871712817398135
163 0.0004894308693503668
225 0.00047736109858975787
250 0.0017991919405585565
277 0.0006092060337271421
318 0.0010760594419426872
334 0.0020486217916234517
370 0.0014913851284955055
375 0.0009226694769125541
378 0.007926711940922383
393 0.0033520945071990643
401 0.0036333768817983303
405 0.001318870203586695
406 0.0017341135934036643
446 0.0011135395266112325
459 0.001948177923162313
480 0.0007613700097038036
481 0.0024820142037489594
487 0.0019779578730856123
489 0.004374311846517536
517 0.0023918891513904353
521 0.010920857436050733
522 0.0012300572627403175
575 0.0019541890389968793
578 0.0015944587124268892
602 0.0014836224585861868
605 0.0018575727637588342
614 0.0029073839935902096
639 0.0014252416353859089
660 0.0018575727637588342
668 0.0009563989751033799
700 0.002998522252099133
707 0.004205165320853046
717 0.0025902752915985244
726 0.0007093997375950061
789 0.0029073839935902096
821 0.009957640956377774
829 0.001759210967426381
858 0.007184103039380917
872 0.002919889111313525
975 0.004812022703738894
977 0.001149653126545715
983 0.0011455190354290345
1011 0.0009477668509352708
1057 0.0011058323062369656
1100 0.002725858483430907
1102 0.001054760771435833
1129 0.0009593073177305881
1164 0.0018673599732817669
1181 0.0021080638985763117
1193 0.001137344693427393
1225 0.0012300572627403175
1255 0.002216324986425877
1349 0.0007057421218847187
1354 0.0021594833832449143
1366 0.0014115827728996193
1373 0.0021964672837542247
1390 0.00287461503810976
1393 0.00320801513582593
1417 0.0007112378867354381
1426 0.003995156161533292
1468 0.011262761140053163
1496 0.0007376520694441487
1499 0.0011414163825717854
1525 0.007252822472344482
1537 0.003401719408089635
1542 0.0018423746812532297
1556 0.0021594833832449143
1566 0.0018132056180861205
1580 0.0017991919405585565
1640 0.001679011526171411
1712 0.0005299754813123003
1726 0.0028090221972577557
1728 0.0011292923610945727
1770 0.0028090221972577557
1772 0.004438688613654157
1779 0.001785533078072267
1799 0.0012546960763862454
1881 0.008410330641706092
1894 0.002550501601170099
1920 0.002039098273918136
1921 0.00048717925254603575
1923 0.0031829725024304033
1930 0.0017170416301316186
1940 0.0017767246307538996
1955 0.0012496774704213508
1958 0.0034202640683094736
1967 0.0025902752915985244
1970 0.0031829725024304033
1975 0.0028090221972577557
1984 0.0010512913302132615
2050 0.0030277691029169875
2058 0.006231474703927305
2061 0.0031829725024304033
2075 0.0033957180719652895
2093 0.00462937356551666
2120 0.003401719408089635
2139 0.006055538205833975
2148 0.0018618124417729667
2149 0.0017341135934036643
2189 0.0025902752915985244
2237 0.001318870203586695
2238 0.002770521324507467
2319 0.0016236277755939984
2343 0.009740287568340434
2357 0.001997578080766646
2367 0.0021594833832449143
2377 0.0029073839935902096
2388 0.0008935004137454449
2401 0.0009770945194984397
2408 0.0023918891513904353
2416 0.005738393850620279
2442 0.0024820142037489594
2465 0.0048445025090644404
2501 0.0019590262376114054
2502 0.0016985295170688444
2505 0.001604007567912965
2506 0.003401719408089635
2525 0.0008935004137454449
2528 0.00265381879774434
2556 0.0013540672205356826
2560 0.002725858483430907
2598 0.0013663290267795262
2600 0.002061121586912461
2611 0.0008858115009284295
2619 0.002291038070858069
2666 0.0009254011093348376
2674 0.003551755112427536
2681 0.003397059034137689
2684 0.006009645705460665
2690 0.007492845724888854
2691 0.001997578080766646
2693 0.00235190817825826
2698 0.0014464010630862573
2728 0.0021594833832449143
2743 0.004162722122770151
2771 0.0012252617089350526
2772 0.0012252617089350526
2789 0.0012648755529269552
2824 0.0012858294973832232
2849 0.0010243108958117259
2889 0.0015667861724130356
2896 0.0029519398023777933
2899 0.0018893169929170804
2909 0.0035444230123140414
2916 0.0024350718920851085
2929 0.0016871712817398135
2939 0.0008757271652487035
2944 0.001324579211896197
2954 0.0010520846398005866
3050 0.00788154448723833
3066 0.001117434823322858
3117 0.0022798684925716926
3119 0.002247161736394861
3133 0.001360163288231017
3139 0.0022798684925716926
3149 0.0008418463144826637
3153 0.0028090221972577557
3225 0.0009039257864849477
3306 0.00837815598797835
3332 0.0017722115061570207
3342 0.003857488492149669
3418 0.00907633847459641
3472 0.0016236277755939984
3556 0.0017465163522938517
3599 0.0033290164602406175
3643 0.0019407364775856828
3645 0.00231468678275833
3653 0.0007376520694441487
3675 0.0014322029739175844
3695 0.0015404640617671496
3731 0.001176562237273589
3733 0.0012496774704213508
3760 0.003525437642287834
3770 0.0031829725024304033
3819 0.0014224757734708762
3868 0.002247161736394861
3892 0.0012300572627403175
3901 0.001149653126545715
3902 0.0013420779215590605
3926 0.0012300572627403175
3928 0.0016544645255629823
3943 0.0008513114037624053
3967 0.0029073839935902096
3970 0.0022129562083324458
3974 0.0011213584497139508
3982 0.003955915746171225
3997 0.007456925642477527
4002 0.002796522401968747
4003 0.001439255312913473
4005 0.0010210312732450073
4108 0.0010688660520285314
4198 0.0014759699011888967
4221 0.0009715630017272189
4226 0.0024129894594533555
4244 0.0016236277755939984
4248 0.000536595150262694
4284 0.0022798684925716926
4293 0.0012300572627403175
4333 0.0017973758353272533
4335 0.0018893169929170804
4346 0.0005681375854216503
4349 0.0018184300155600602
4376 0.0008348549045343082
4382 0.0009571119932873953
4403 0.0007695135039582352
4462 0.0010177714672497914
4463 0.003401719408089635
4468 0.0006184284164342315
4482 0.0010276105773567446
4493 0.0015431374605127744
4500 0.0010309305647621197
4504 0.0008633811745230142
4517 0.0012911976635728414
4531 0.0018893169929170804
4547 0.000844197064392856
4568 0.0007021091367700398
4587 0.003746422862444427
4592 0.0016337121112737244
4660 0.0014637640021286362
4830 0.0009281466432542374
4835 0.0009568503052461188
4838 0.001827593037402661
4863 0.0030277691029169875
4886 0.001137344693427393
4909 0.0020752649354539437
4915 0.0007242833367044648
4951 0.0012648755529269552
4973 0.0020730439563221956
4974 0.0016137284840768863
5008 0.002061121586912461
5013 0.001192835867240388
5032 0.0007654263916016512
5037 0.00928786381879417
5060 0.001827593037402661
5097 0.00235190817825826
5172 0.010823077519202392
5175 0.003401719408089635
5178 0.0006860568244707461
5181 0.0012157966196553111
5229 0.0005460013007483843
5255 0.0019859965966631
5295 0.0010724507579136099
5310 0.0021594833832449143
5367 0.0014992611260495664
5379 0.0011455190354290345
5380 0.00028136740687364174
5381 0.0038159281515213975
5410 0.0024820142037489594
5431 0.0007130823201586569
5435 0.003170253805687419
5463 0.001179514295325142
5494 0.0028090221972577557
5510 0.001978574088173522
5536 0.0016544645255629823
5540 0.0015404640617671496
5583 0.0016337121112737244
5643 0.002181481035878664
5695 0.0017465163522938517
5702 0.001170812554246063
5715 0.0029073839935902096
5721 0.00231468678275833
5727 0.003014507618572201
5732 0.003133572344826071
5763 0.0015404640617671496
5767 0.002039098273918136
5807 0.0008757271652487035
5811 0.001164897339861465
5821 0.004374311846517536
5823 0.0010113103570810861
5855 0.003178834274261361
5866 0.001324579211896197
5897 0.0007182333536938364
5912 0.004139764696931866
5985 0.0003419105425910639
5992 0.0018423746812532297
5997 0.0015850759324387577
6000 0.001997578080766646
6033 0.001905918187399045
6042 0.0049011363338211725
6067 0.002187155923258768
6107 0.00079902456159056
6109 0.001997578080766646
6117 0.0024820142037489594
6161 0.002642237313640794
6202 0.00381183637479809
6290 0.003401719408089635
6328 0.00229930625309143
6329 0.0010982336418771123
6350 0.005061513845219441
6378 0.0023678367416183573
6381 0.0012252617089350526
6388 0.0010582526687449368
6413 0.0028090221972577557
6430 0.0019314634862314319
6432 0.0017991919405585565
6459 0.0034439791438529033
6464 0.0025902752915985244
6467 0.0021331612725990286
6469 0.004135799540653284
6482 0.0014322029739175844
6507 0.001966312677799579
6508 0.0006878170095584561
6526 0.0019590262376114054
6542 0.0018732114312222136
6666 0.0014322029739175844
6695 0.0020179388462177876
6761 0.003743859102699005
6764 0.0024166919704574834
6775 0.003626411236172241
6780 0.00265381879774434
6792 0.005066867376835124
6795 0.0016439885410451404
6824 0.001348039266753804
6834 0.0005998868955004747
6852 0.0014115827728996193
6869 0.001827593037402661
6887 0.00265381879774434
6895 0.0030729326874351774
6932 0.001324579211896197
6935 0.0022585847221891454
6951 0.003401719408089635
6968 0.0011665137565945022
7011 0.0016651479687454886
7057 0.0029073839935902096
7058 0.0031829725024304033
7074 0.004885857528331076
7092 0.0010478440580955323
7101 0.0016985295170688444
7140 0.0006860568244707461
7174 0.00381183637479809
7190 0.0018732114312222136
7197 0.00235190817825826
7224 0.001827593037402661
7232 0.001997578080766646
7252 0.004256557018812026
7253 0.004078196547836272
7332 0.0042161277971526235
7346 0.0012648755529269552
7350 0.0015072538092861004
7376 0.004266322545198057
7377 0.0029368487521611647
7391 0.0014464010630862573
7409 0.002886694271428325
7447 0.0017219895719264517
7470 0.0008732352612765312
7481 0.0010243108958117259
7484 0.001266071187792605
7541 0.0022798684925716926
7555 0.004572782992271107
7583 0.0017465163522938517
7591 0.0013725660471212043
7598 0.0019779578730856123
7624 0.003401719408089635
7644 0.002187155923258768
7651 0.001905918187399045
7662 0.0022798684925716926
7665 0.001324579211896197
7666 0.001153819141461973
7695 0.0007533476127971819
7726 0.002039098273918136
7729 0.0018423746812532297
7730 0.0023918891513904353
7767 0.0025902752915985244
7772 0.003401719408089635
7827 0.0031829725024304033
7840 0.0023502917615252227
7873 0.002061121586912461
7887 0.0008757271652487035
7897 0.0024350718920851085
7903 0.0032665693247268014
7904 0.003605201981649609
7934 0.0019230464911079062
7980 0.0019779578730856123
7988 0.0060780000377045115
7996 0.0020226207141621723
8011 0.0008809161677806825
8019 0.0014183689787399946
8043 0.0007376520694441487
8046 0.002796522401968747
8089 0.0009420878905942976
8096 0.0016985295170688444
8097 0.0014464010630862573
8106 0.0014183689787399946
8205 0.0005653203662218712
8228 0.002061121586912461
8235 0.006923976930585519
8279 0.001997578080766646
8345 0.002061121586912461
8350 0.0016339424477865424
8356 0.0018132056180861205
8392 0.0025902752915985244
8445 0.002575284648308576
8487 0.002039098273918136
8512 0.002725858483430907
8518 0.002216324986425877
8520 0.014436068111216685
8570 0.001827593037402661
8631 0.0014115827728996193
8653 0.003647389858965933
8660 0.0014322029739175844
8664 0.0008858115009284295
8667 0.0012496774704213508
8671 0.0035385428859754254
8677 0.0015758535497316685
8697 0.0010599509626246005
8701 0.001827593037402661
8714 0.002725858483430907
8723 0.00079902456159056
8724 0.0011622489418884228
8739 0.000980116915363035
8747 0.0013076302918135308
8750 0.0025902752915985244
8782 0.0019127979502067598
8812 0.001318870203586695
8820 0.0015808536596281224
8822 0.0021080638985763117
8828 0.0015667861724130356
8830 0.002582395327145683
8867 0.00042615867135752187
8872 0.0023333454227138584
8873 0.0057690957073098645
