238
49 0.004224722720272916
79 0.0032505066651254476
82 0.0041263829384144786
131 0.0037478278865211764
158 0.00042635494270751686
163 0.007660952635525881
169 0.005259128009716387
250 0.00402319308930455
276 0.0011909832113507143
277 0.0013622523809731929
378 0.003938890810149702
459 0.01089085575101154
521 0.006105062663903362
524 0.0034256504033118055
575 0.002184891911656233
599 0.00402319308930455
634 0.017802701101534944
668 0.014970300624187626
709 0.004300145625949624
819 0.004153739096738504
821 0.0027832989478764262
829 0.003933791191050658
849 0.003608476193560815
858 0.0026774087716211286
861 0.005433535773645064
872 0.0016322991212551303
878 0.003565386843065683
882 0.0036306121093143576
984 0.0036995665085505576
990 0.002708211472081163
993 0.006095322442116334
1134 0.00266731353646809
1164 0.006263436577049259
1175 0.015294117804335103
1176 0.0025615078431121467
1216 0.0024307257316436115
1222 0.0036761410431703835
1253 0.002219069085815382
1316 0.006281285746645815
1423 0.004660239675440401
1466 0.009911897855960172
1468 0.004722147248824373
1569 0.005098039268111702
1572 0.003334902856774672
1703 0.004512335475570331
1712 0.0011850840623788936
1813 0.006281285746645815
1847 0.001611171198380295
1912 0.003608476193560815
1920 0.0045596503069558324
1921 0.00018156448995349946
1927 0.006501233652333663
1935 0.002729192410665735
1984 0.002350804224504654
2003 0.0017867077002233355
2024 0.003112044518889065
2041 0.002075439021721281
2053 0.0038240452430404535
2056 0.004955948927980086
2075 0.001898300727730596
2117 0.0016625139919747764
2122 0.0027832989478764262
2150 0.00572674415230122
2196 0.0076066225653115445
2240 0.005934233700511648
2246 0.004828844787533767
2254 0.0036761410431703835
2292 0.01382669064553776
2312 0.005259128009716387
2318 0.0030414762417388017
2325 0.0029491403163535816
2326 0.005024903327216287
2371 0.0076066225653115445
2388 0.0019979662029585643
2435 0.005445091314245868
2600 0.009217793763691839
2656 0.009024670951140661
2666 0.0020692997028181784
2684 0.0019197479336888236
2707 0.006436669593863033
2738 0.001877228164677758
2743 0.0018616618382388732
2785 0.006927902387099352
2789 0.002828402278072775
2827 0.0039926503551338186
2876 0.007399133017101115
2899 0.004224722720272916
2903 0.007495655773042353
2928 0.0030975967586507097
2933 0.010518256019432773
2944 0.0029619062932678846
2954 0.003528867229331134
3020 0.005792143360380034
3050 0.001958223244514462
3168 0.013778595219139505
3180 0.007117480179045763
3255 0.013002467304667326
3268 0.00255233385547302
3306 0.010408048719633597
3320 0.0029116334541212287
3353 0.004086701097525395
3374 0.0025341925578092487
3420 0.0021257118608679366
3464 0.0042864109344940985
3479 0.004955948927980086
3544 0.001503065459407046
3599 0.0024813502319386087
3604 0.0039958957845002046
3624 0.003544405904481111
3626 0.0016069896567210812
3640 0.009124428725216405
3653 0.0032989439772363313
3786 0.0024899981081167835
3884 0.004175624384699506
3885 0.006889297609569752
4044 0.0035867391449164914
4085 0.004828844787533767
4126 0.004828844787533767
4174 0.0076066225653115445
4221 0.0021725228233066976
4321 0.033389899364154235
4349 0.006099317343857702
4403 0.0017207176963510537
4462 0.002275850086489117
4472 0.004224722720272916
4510 0.0031716306330158216
4660 0.0016365694746021558
4811 0.010750356798555686
4835 0.00042792471984618097
4837 0.0046088968818459196
4892 0.0076066225653115445
4909 0.0023202614903339233
4915 0.006478312067189935
4948 0.00402319308930455
5163 0.0013863462344035097
5171 0.0027944176769144095
5172 0.0018616618382388732
5180 0.003388528287872968
5193 0.0019807729395760715
5229 0.0012209195752845815
5291 0.0033703869902091967
5340 0.005934233700511648
5381 0.0009480932598687423
5467 0.0038240452430404535
5510 0.002212155751360674
5569 0.004339702401267985
5643 0.002439016991503229
5651 0.0048907236617314115
5732 0.0035035079688680378
5743 0.0076066225653115445
5811 0.001302419942483999
5812 0.00765700156641906
5813 0.005792143360380034
5855 0.0035541133205283276
5897 0.0008030247912826921
5919 0.006770428132911597
6219 0.0023430957410191765
6242 0.019315379150135068
6326 0.003933791191050658
6349 0.002374229689884829
6357 0.0016668928481829847
6372 0.004119754495580139
6378 0.002647373023614969
6388 0.0023663705509435395
6469 0.0011560134132728797
6482 0.0032025649833434876
6562 0.013002467304667326
6716 0.013540856265823194
6721 0.007117480179045763
6754 0.0029365080170460247
6761 0.0029547123310516656
6764 0.016211975301818952
6823 0.004225891767907268
6834 0.0013414137524385614
6909 0.002212155751360674
6976 0.003565386843065683
6993 0.0011850840623788936
6996 0.0019415833453778303
7000 0.0015619246234902073
7004 0.006514462869224606
7074 0.0027313300766017476
7092 0.0023430957410191765
7104 0.005098039268111702
7126 0.0076066225653115445
7146 0.0076066225653115445
7148 0.0048907236617314115
7252 0.0038072537779374237
7322 0.0009456780967781065
7370 0.0023202614903339233
7447 0.003850560015002204
7452 0.0032183347969315166
7484 0.0021233068878605144
7495 0.002647373023614969
7553 0.0031414697230485763
7582 0.0039054046211015295
7584 0.010697059815940558
7586 0.0051758968336679334
7621 0.002543229106136254
7666 0.0025800678024358007
7678 0.0017299266995496007
7702 0.002828402278072775
7706 0.005792143360380034
7774 0.005792143360380034
7824 0.010890182628491736
7864 0.001892997978265787
7943 0.002261402326250762
7950 0.006281285746645815
8021 0.004188708894816338
8033 0.001499241768215926
8043 0.0016494719886181656
8069 0.002816967371976019
8115 0.004466806541714306
8123 0.003608476193560815
8127 0.005550059538938645
8137 0.012566126684449015
8150 0.002924006624749701
8159 0.002708211472081163
8235 0.004763932845402857
8350 0.0036536768624115742
8448 0.002030400669678052
8565 0.003483567456014917
8622 0.0025163200300164436
8627 0.006253334815513448
8639 0.0032139793134421625
8674 0.005550059538938645
8679 0.0010916955359807432
8688 0.0034256504033118055
8690 0.003772702449445972
8724 0.0025989177728338343
8725 0.005259128009716387
8747 0.002924006624749701
8767 0.005259128009716387
8801 0.002816967371976019
8830 0.011549045768623747
8833 0.004955948927980086
8870 0.006095322442116334
8872 0.003478413083860474
8873 0.0025800678024358007
