98
53 0.0063572052495183985
68 0.002020319750523013
118 0.01581302705449296
378 0.004958044376412212
393 0.009435091182850514
497 0.015344867686446715
521 0.0038423471311279894
717 0.014581619648509176
726 0.003993474047300559
785 0.005693040821330589
858 0.006740329774710533
872 0.004109284501061867
1095 0.004331876718086569
1151 0.020913931116445617
1193 0.012805069625301417
1373 0.006182364207769758
1431 0.009435091182850514
1460 0.00902955309209746
1468 0.011887923143893527
1516 0.005675016885052193
1640 0.004725889085902048
1772 0.006246755828656637
1881 0.017754325611643543
1984 0.005918108537214514
2075 0.0047789388949861155
2084 0.028598063772793197
2085 0.019149539325259833
2177 0.009497712460143705
2238 0.015596291372227348
2373 0.0053514424469402605
2635 0.010288198567196797
2684 0.014498795583104402
2690 0.0210900028270473
2769 0.01173207191019961
2771 0.00689745227757145
2780 0.006037222798045146
2785 0.017440873142348018
2829 0.005163525339245846
2954 0.0029612871854527
3074 0.010051427467469754
3306 0.026202080692783885
3332 0.009976435401793018
3544 0.003783941016689067
3595 0.005163525339245846
3599 0.006246755828656637
3733 0.01406979529635227
3819 0.00400382167008411
3847 0.020913931116445617
3926 0.0069244482273143745
3970 0.016610067577693417
3997 0.00839555963943274
4137 0.014581619648509176
4296 0.007588612655502184
4335 0.01063566558949825
4468 0.003481362763843051
4510 0.00798452467052934
4547 0.0095045963193881
4744 0.019149539325259833
4974 0.009084275732041212
5053 0.01303022979105214
5172 0.009373402262461458
5193 0.004986561246485215
5229 0.003073643686031114
5381 0.004773616413325136
5463 0.019919769393078445
5474 0.007798145686113674
5702 0.006590937805371193
5807 0.004929792783393051
5855 0.008947418149581804
5932 0.009140002512959221
6014 0.010051427467469754
6133 0.010288198567196797
6293 0.005517441376694008
6300 0.008922979899393006
6459 0.009693717520285269
6507 0.02767275709141016
6707 0.004929792783393051
6834 0.0050654785057120495
6849 0.007555054033951354
6921 0.005860258705284516
7074 0.010314113575978627
7484 0.0017817959898130192
7903 0.004597182353855026
7904 0.015221263611335325
7943 0.005693040821330589
8062 0.004901801577423303
8096 0.009561652176506431
8145 0.004532664987590576
8235 0.005996558826381219
8350 0.0030660225418838384
8448 0.007667247284098938
8639 0.0040455683665705545
8671 0.006639923131026148
8719 0.005860258705284516
8758 0.006119309534207693
8814 0.002762066641316773
8820 0.004449605580421813
8872 0.004378422063600597
