287
9 0.004136690339581599
17 0.006651746401380136
44 0.0019513542570767717
56 0.001895574489045655
69 0.0019300292950895836
70 0.0021341903673172246
79 0.0024227378870500227
82 0.009226694769125542
109 0.002198117005977825
128 0.003986481918984059
130 0.0021887016276119437
131 0.002793412089332554
141 0.0023195362873707315
163 0.0016314362311678895
183 0.004136690339581599
333 0.007715622609194435
358 0.004845639989317016
401 0.0020185427121101837
405 0.002198117005977825
459 0.0032469632052705218
490 0.0028119521362330226
493 0.0023987588548557886
521 0.003412767948765854
524 0.0025532798037106626
549 0.0012522675261737858
596 0.007387749954752924
632 0.0023646657919833536
639 0.002375402725643182
660 0.003095954606264724
668 0.003187996583677933
699 0.005669532346816058
707 0.0017521522170221026
726 0.0023646657919833536
780 0.002512089682143501
785 0.00505655178540543
821 0.002074508532578703
829 0.0029320182790439687
858 0.00399116835521162
861 0.004049840328182656
872 0.0060831023152365105
878 0.0026574311873781486
953 0.005669532346816058
974 0.006091976791342203
975 0.0026733459465216086
1042 0.003986481918984059
1095 0.0012825225065970587
1101 0.0015287455973336565
1129 0.0031976910591019606
1164 0.001556133311068139
1207 0.0023195362873707315
1216 0.001811721042218841
1364 0.00248480921468271
1373 0.005491168209385561
1380 0.002706046292656664
1430 0.003095954606264724
1468 0.012905247139644247
1475 0.0034734705655456405
1494 0.0070268796619210394
1567 0.003435202644854102
1593 0.0023414681165579453
1600 0.005304954170717339
1660 0.0035991389720748572
1712 0.0008832924688538337
1763 0.0029320182790439687
1772 0.009247267945112827
1777 0.002375402725643182
1881 0.0017521522170221026
1921 0.0001353275701516766
1930 0.0028617360502193644
1931 0.002352637954832699
1932 0.003799780820952821
1935 0.0020341806787570697
1983 0.00396119564745212
1984 0.0035043044340442053
2004 0.0033984971231968935
2029 0.0022669388137183614
2041 0.0030938221441807914
2075 0.004244647589956611
2084 0.0021167303931208217
2145 0.0024856418808258426
2230 0.003986481918984059
2238 0.004617535540845779
2246 0.0035991389720748572
2270 0.0029320182790439687
2292 0.003435202644854102
2343 0.012175359460425542
2373 0.0015843815112059156
2388 0.0014891673562424082
2459 0.003919846963763766
2462 0.0032050774851798435
2465 0.0060556281363305505
2468 0.0020500954379005292
2492 0.0004717165906947078
2515 0.003919846963763766
2602 0.004136690339581599
2619 0.0019091983923817243
2638 0.0027752466145758146
2666 0.0015423351822247294
2674 0.003946394569363929
2684 0.008585208150658092
2688 0.0023987588548557886
2705 0.003745269560658102
2743 0.0013875740409233837
2771 0.004084205696450176
2794 0.003986481918984059
2807 0.004423031329573899
2859 0.004845639989317016
2921 0.0057803786446788815
2924 0.004423031329573899
2939 0.0014595452754145057
2944 0.002207632019826995
2954 0.002630211599501466
2962 0.006280585937295318
3041 0.002375402725643182
3050 0.004378635826243517
3054 0.004222389480695937
3063 0.0029758884634537783
3133 0.0022669388137183614
3139 0.003799780820952821
3168 0.012837200514726246
3213 0.002952705003094765
3229 0.0008659168476213291
3302 0.0018558992110187208
3306 0.004654531104432416
3332 0.0029536858435950347
3342 0.002143049162305372
3418 0.0021610329701420026
3458 0.002626422582886114
3464 0.0021298936320467573
3512 0.002234894561315666
3544 0.0011202972368251276
3599 0.0018494535890225656
3604 0.0019855382780125243
3640 0.0022669388137183614
3645 0.0038578113045972173
3680 0.004750805451286364
3701 0.0029536858435950347
3760 0.003917152935875371
3819 0.002370792955784794
3828 0.0032345607959761383
3835 0.002179383819689218
3884 0.001556133311068139
3927 0.005669532346816058
3970 0.0024588402314804957
3982 0.003296596455142687
3997 0.0024856418808258426
4003 0.004797517709711577
4081 0.004222389480695937
4108 0.0017814434200475525
4184 0.004423031329573899
4192 0.0035134398309605197
4221 0.00323854333909073
4296 0.00674019633376902
4321 0.0035552687876650477
4349 0.0015153583463000503
4403 0.0025650450131941174
4482 0.0017126842955945743
4592 0.0027228535187895407
4706 0.005192895586606088
4759 0.003148861654861801
4811 0.0020031720742650348
4830 0.0015469110720903957
4838 0.0030459883956711017
4888 0.0033984971231968935
4909 0.00172938744621162
4912 0.0011701818946167329
4915 0.006035694472537206
4943 0.0012555793546619699
4944 0.00928786381879417
4974 0.002689547473461477
4975 0.0024473739601343037
5163 0.0010333015411703177
5171 0.002082795784035585
5172 0.008325444245540301
5220 0.002596447793303044
5223 0.0004244170093055995
5282 0.004317125485997541
5291 0.007536269046430501
5362 0.0028502200569245615
5381 0.0028266134455714057
5463 0.0019658571588752364
5474 0.0023087677704228893
5583 0.0054457070375790815
5627 0.005907371687190069
5703 0.0007359564977735509
5807 0.0029190905508290114
5811 0.0009707477832178875
5812 0.0019023606376196425
5897 0.0005985277947448636
5919 0.005046281838194979
5939 0.0010921961867438154
5982 0.003070624468755383
6006 0.002010824549544463
6033 0.003176530312331742
6088 0.005666517520567264
6094 0.004058453153475181
6243 0.0005729514605563166
6252 0.0022669388137183614
6346 0.0023087677704228893
6349 0.0017696121912185061
6372 0.003070624468755383
6388 0.0017637544479082283
6406 0.002596447793303044
6410 0.0019513542570767717
6414 0.0017696121912185061
6430 0.0010730352701285733
6459 0.0028699826198774194
6462 0.0027399809017419007
6469 0.0008616249043027675
6482 0.004774009913058615
6507 0.0032771877963326318
6513 0.002641793220731263
6537 0.0013837396623279524
6596 0.0014148825299855373
6634 0.002179383819689218
6754 0.0021887016276119437
6761 0.004771585130890889
6764 0.006713033251270787
6790 0.0008767371998338222
6816 0.0013245142809422338
6823 0.014173798476210711
6824 0.00224673211125634
6834 0.0004999057462503955
6849 0.0022367965359317674
6852 0.002352637954832699
6921 0.0017350248340697427
6930 0.003268301360920485
6973 0.0011317882611786743
6975 0.0070268796619210394
6996 0.002894285732240244
7035 0.003296596455142687
7043 0.003148861654861801
7074 0.004071547940275897
7252 0.001418852339604009
7347 0.0029783347124848164
7376 0.0035552687876650477
7409 0.004811157119047209
7448 0.00224673211125634
7484 0.0015825889847407562
7492 0.0042334607862416435
7503 0.0017874179298560165
7555 0.0015242609974237026
7582 0.0029108605871564198
7607 0.0038578113045972173
7666 0.0019230319024366217
7695 0.0025111587093239397
7720 0.0022172488004600457
7793 0.0018755180347948648
7840 0.0019585764679376856
7897 0.004058453153475181
7902 0.0070268796619210394
7903 0.004083211655908502
7904 0.0045065024770620105
7950 0.00468170366209626
7988 0.002894285732240244
8001 0.0030220093634768675
8011 0.0007340968064839021
8021 0.003122019052037023
8043 0.0012294201157402478
8137 0.009366057156111067
8143 0.003745269560658102
8205 0.0009422006103697853
8234 0.003176530312331742
8235 0.0079892041506756
8256 0.003435202644854102
8350 0.0036309832173034282
8445 0.0010730352701285733
8448 0.003026684228091506
8450 0.0029986532342642608
8458 0.0030220093634768675
8565 0.002596447793303044
8625 0.003095954606264724
8664 0.002952705003094765
8671 0.0019658571588752364
8697 0.0008832924688538337
8698 0.005078678105727874
8713 0.004136690339581599
8723 0.0013317076026509334
8724 0.0019370815698140382
8766 0.0028901893223394408
8801 0.0020996030101684614
8812 0.002198117005977825
8814 0.002453264159678873
8820 0.002634756099380204
8830 0.004303992211909471
8872 0.011666727113569293
8873 0.011538191414619729
