188
14 0.0038131682288060184
70 0.0034591072060879847
82 0.007477338210549725
124 0.004619651971458265
148 0.003174471255080208
243 0.0018868888069009215
268 0.004588309601477918
277 0.008228370086415257
342 0.005396142130930033
395 0.005508302384241944
405 0.0035627198452593606
406 0.00936886874288557
419 0.0067047699128117855
490 0.004557627120136073
494 0.003234453549609417
521 0.0018438108716486662
549 0.0020296819300065047
649 0.0055677948908205745
726 0.0019163315059193954
773 0.0033228056929730052
862 0.006997220166902054
872 0.001971904978697473
908 0.0071688729267925955
938 0.008598298202874076
1195 0.005762398739738986
1219 0.0037420631983699844
1253 0.0026807546003138837
1309 0.002477799072188443
1370 0.003444888907620687
1439 0.003234453549609417
1468 0.0019015358048957206
1478 0.0050179398484089316
1496 0.0019926507245051663
1499 0.009250069006412287
1513 0.004651683239599978
1558 0.003416861812436909
1571 0.0044409757568501275
1578 0.004619651971458265
1618 0.011667007540350039
1627 0.004898089001876936
1640 0.004535584827409348
1648 0.005230488128799076
1710 0.013687343081719042
1712 0.002863290352056387
1758 0.0041613207037669644
1948 0.003759516868456588
1956 0.007967525363902656
1983 0.0032101635867774732
2041 0.005014483542413833
2072 0.003271664865601405
2075 0.0022932492012852834
2084 0.0034308079861656267
2092 0.0035323569963419204
2145 0.004028741706170744
2252 0.004588309601477918
2388 0.0024136504465271246
2397 0.003072357309426347
2420 0.004619651971458265
2465 0.003271664865601405
2503 0.005508302384241944
2612 0.004651683239599978
2618 0.009189208468161597
2674 0.0031981687533603653
2684 0.004638317155221319
2705 0.006070353012744507
2954 0.0014210203608044836
2984 0.0051036918768397645
3050 0.002365638818876531
3146 0.003868870449676696
3149 0.006822345132468566
3201 0.0059082567725614364
3229 0.001403482675842624
3272 0.008179040697477095
3306 0.010058785339780121
3320 0.003517409541891417
3342 0.006946931177137548
3418 0.003502613840867742
3477 0.002352206797219907
3512 0.009055822761035795
3574 0.008598298202874076
3627 0.002312637922288504
3786 0.0030080514057786644
3796 0.004184639025764709
3882 0.0035937287604771878
3982 0.005343141234342006
4003 0.0038879212311924358
4007 0.006070353012744507
4108 0.0028873730600099587
4221 0.0013122621080376025
4244 0.008771948720491064
4335 0.0051036918768397645
4399 0.0018917548015157967
4468 0.0016705868296293834
4517 0.0034879668428729436
4660 0.003954127589642792
4800 0.004976884625533053
4886 0.003072357309426347
4915 0.007826148806001264
5059 0.0059082567725614364
5172 0.006746962366771754
5198 0.0041613207037669644
5217 0.009796178003753871
5380 0.0015201393458609501
5381 0.001145347562257541
5388 0.008598298202874076
5435 0.0021409851623979633
5537 0.005508302384241944
5695 0.004717938468444801
5702 0.012651061827759472
5727 0.0040716084445480225
5760 0.008598298202874076
5807 0.002365638818876531
5811 0.004720179657324559
5897 0.002425242658236318
5910 0.0019926507245051663
5982 0.009953769251066107
5997 0.004281832636285905
6006 0.0032591552262750856
6052 0.0050179398484089316
6060 0.0044409757568501275
6161 0.0023791957913655917
6265 0.0028349917990284444
6329 0.0029667049721848167
6338 0.00478734987401477
6357 0.0020136960582076324
6378 0.015990843766801828
6381 0.003309851260713817
6388 0.011434810715968781
6395 0.0050179398484089316
6406 0.004208336524044866
6410 0.006325530913879736
6481 0.004332973463657506
6503 0.004256919823939574
6507 0.010623367151870207
6508 0.0018580291701159634
6529 0.0035627198452593606
6537 0.002242772674175842
6547 0.005343141234342006
6548 0.004413215602601839
6551 0.005987052396217553
6574 0.0044981346135574436
6754 0.003547459349451573
6761 0.005354176707274831
6764 0.002176104067358248
6823 0.0025525520745748593
6824 0.0036415154689154773
6834 0.0016204998351606779
6886 0.003069468162848513
6930 0.007063040524942256
6966 0.003987099900862623
6968 0.0031511529330824637
6973 0.0018344084904338912
6996 0.0023455369273020768
7074 0.00824898345282407
7182 0.00377718210333027
7375 0.0031396322087925512
7409 0.0025993164300892636
7484 0.0034200916314531776
7503 0.0028970565775854225
7555 0.002470530408576001
7572 0.004752230969054486
7590 0.009189208468161597
7616 0.00478734987401477
7661 0.0035627198452593606
7665 0.0035781418307934175
7702 0.003416861812436909
7782 0.006158705156108096
7904 0.014608326821617121
7961 0.0029769321301781233
7988 0.0023455369273020768
8019 0.0038315000935761597
8100 0.004619651971458265
8106 0.0038315000935761597
8145 0.0005437676956589365
8202 0.006070353012744507
8235 0.004316314994156951
8350 0.0029425585469086504
8445 0.0017391813270875869
8525 0.009189208468161597
8540 0.0023791957913655917
8572 0.008519693162634318
8639 0.003882659573285834
8640 0.002210045329290744
8671 0.003186271838042749
8686 0.003759516868456588
8824 0.004413215602601839
8872 0.035717933008768625
8907 0.023948209584870213
