235
53 0.0022501988878245818
74 0.003003315139790373
79 0.002896491087735547
82 0.02022336192589274
109 0.0026279468165526965
117 0.003831812934014516
139 0.00721209102051962
148 0.0023415654307274805
210 0.0033844461911891575
256 0.00860586199758493
342 0.003980322660933539
375 0.001838487447808431
401 0.002413257747399056
419 0.004945597608955228
423 0.0019056959776193583
480 0.0015170862817117867
521 0.005440154849022797
668 0.0019056959776193583
707 0.002094776041637811
709 0.003831812934014516
726 0.005654126621425544
744 0.016252218915882174
751 0.0025621107559244917
847 0.0036416148393790646
858 0.011929048982470375
872 0.0014545239694352646
1061 0.005793178502079502
1107 0.004250482238718361
1144 0.0021883120834432558
1363 0.003612946838018136
1390 0.001431970981236607
1411 0.0015011010601528006
1434 0.005431475443470001
1460 0.006392208377078895
1466 0.004416192114041661
1468 0.007013089973501544
1499 0.0022743569009165527
1520 0.017156863058271507
1558 0.0025203584656094033
1578 0.0034075650680558496
1640 0.001672777572485131
1641 0.003941227940182965
1642 0.012066109543802845
1712 0.0021120310022594143
1778 0.0025000751027003157
1894 0.0025410319170073386
1935 0.0024319536332664963
1948 0.0027731089772278796
1956 0.00195901201191666
1958 0.0034075650680558496
1983 0.0023678929427219976
1984 0.006284328124913432
2041 0.0036988022169290153
2072 0.002413257747399056
2075 0.0033831102078367057
2084 0.002530645494745933
2242 0.004020892998032968
2252 0.0033844461911891575
2283 0.0034075650680558496
2299 0.0048639072665329925
2372 0.000999827654359468
2373 0.001894198687902122
2619 0.0022825317413870615
2660 0.004020892998032968
2674 0.002359045268567794
2681 0.006768892382378315
2684 0.0034213329511285965
2691 0.003980322660933539
2713 0.0019173175647688135
2715 0.006723628127725494
2725 0.004542807268614387
2771 0.004882849879666918
2785 0.0030866891823709986
2795 0.005048054750435983
2810 0.005161315865685179
2897 0.006778178523544941
2928 0.0027602347354313255
2954 0.0020963567698996837
2964 0.004250482238718361
3010 0.010322631731370357
3066 0.0022265718633042095
3117 0.004542807268614387
3146 0.002853770777236771
3233 0.006778178523544941
3269 0.0038670615456843434
3342 0.0025621107559244917
3418 0.012918055997259743
3425 0.004945597608955228
3512 0.0013359580112815182
3544 0.001339365260857764
3557 0.003531263025882182
3577 0.004945597608955228
3599 0.0022111041670740076
3681 0.00273493977211032
3733 0.0024900751576465035
3864 0.005048054750435983
3898 0.007734123091368687
3902 0.0026741899179580286
3954 0.004753628084794616
3969 0.0013258005844528613
3970 0.00881895914706742
3974 0.0067031699407405715
4221 0.0009679557133544693
4248 0.0010692056830729421
4364 0.0015497880076606073
4373 0.004152688819699366
4374 0.006778178523544941
4383 0.0013565654092620408
4399 0.0013954032941873946
4403 0.0015333127987286618
4468 0.0012322645426474164
4474 0.003557807247148947
4528 0.0038670615456843434
4534 0.0012541082677812855
4547 0.001682125338703587
4569 0.009891195217910456
4592 0.0032552926969686836
4593 0.006778178523544941
4630 0.0035053584870748432
4659 0.001838487447808431
4680 0.0026741899179580286
4697 0.004852061567149783
4798 0.004406905972875036
4802 0.002971695614947727
4819 0.003992168360316749
4835 0.0003813190572886761
4886 0.0022662437579431963
4915 0.002886376663599476
5013 0.002376814042397308
5037 0.0037013516703610434
5163 0.0024707160613131854
5171 0.0024900751576465035
5172 0.004976719765589066
5198 0.0030694890339667213
5223 0.0005074094442935756
5362 0.0034075650680558496
5381 0.009293191359109453
5435 0.006316966122718743
5456 0.001965102602381157
5467 0.0034075650680558496
5535 0.011586357004159003
5562 0.007062526051764364
5637 0.0022743569009165527
5662 0.0037976835169708694
5702 0.009331723823446344
5727 0.003003315139790373
5777 0.004020892998032968
5796 0.0055971853187933
5811 0.0011605722259758406
5855 0.0031670316717579156
5863 0.0014583292347940002
5897 0.0046511831970334145
5932 0.003235198909290021
5982 0.007342136724796287
5985 0.0006812821455094219
5989 0.003107893134717362
5992 0.0036710683623981436
5997 0.0031583814990425742
6019 0.0031583814990425742
6051 0.0063167629980851485
6086 0.0026166903122192297
6095 0.007783574580324077
6161 0.003509902702113596
6223 0.0022825317413870615
6310 0.005061290989491866
6329 0.0021883120834432558
6357 0.001485350062737313
6378 0.018872362148542352
6388 0.006325941076779759
6430 0.0012828614739408438
6477 0.002376814042397308
6482 0.002853770777236771
6503 0.0031400052166682996
6507 0.00391802402383332
6529 0.0026279468165526965
6550 0.004542807268614387
6654 0.0031400052166682996
6754 0.0026166903122192297
6761 0.007459917271467077
6764 0.0016051460694870249
6799 0.004063054728970544
6834 0.0005976595926706461
6873 0.0044776366282125325
6886 0.0011320563273871992
6910 0.006778178523544941
6921 0.004148598984434088
6930 0.010419733051647487
6935 0.0022501988878245818
6962 0.0031400052166682996
6968 0.0023243652823232036
6969 0.0028398997932813285
6976 0.0031770773849100144
7074 0.002433858484100567
7130 0.005431475443470001
7181 0.005625366991010859
7182 0.0027861392742386647
7200 0.004766016749676486
7252 0.0033926023763798823
7332 0.00420047385731171
7378 0.004358070589661654
7409 0.0019173175647688135
7470 0.0017399861022960583
7472 0.004302930998792465
7484 0.0012613704284319888
7555 0.0018223219350387335
7572 0.0035053584870748432
7603 0.004259589959816672
7633 0.0035850235449248462
7660 0.004416192114041661
7666 0.0022990703190021986
7680 0.009111609675193668
7725 0.0021883120834432558
7726 0.004063054728970544
7903 0.001627220486636804
7904 0.0017959081653638213
7944 0.0016868298816229783
7958 0.0025101689453251655
8097 0.002882061524218904
8144 0.005431475443470001
8235 0.008490177348242716
8445 0.006414307369704219
8523 0.003361814063862747
8572 0.006284328124913432
8609 0.0037013516703610434
8639 0.001431970981236607
8660 0.011415083108947083
8664 0.0017650451936816478
8679 0.0009727980023590781
8749 0.005431475443470001
8758 0.0021659932262170795
8777 0.006342309070436819
8830 0.002572807225683508
8867 0.0008491527981257552
8872 0.0030995760153212145
8907 0.008832384228083322
