306
15 0.0011618729633816834
17 0.0023230611076403515
53 0.001971974730327833
56 0.001986035744488181
82 0.00966701425919227
91 0.003028115927743926
102 0.0026461392269723828
128 0.008353452350842951
141 0.0024302299930587055
163 0.0008546460950695125
201 0.0038192202130657446
268 0.0059319577494161375
334 0.0017886556857449876
338 0.0026899643594849357
375 0.0016111690431987117
401 0.002114872299239086
405 0.0023030162991047494
423 0.003340135249276446
456 0.0031662267300636157
458 0.002164905496785059
459 0.0034019158961944946
521 0.005959388717476166
524 0.0026751282975970717
549 0.002624057332502987
575 0.0017062062650677742
649 0.0035991385628297854
653 0.0030497736737452293
660 0.0032437008130712834
668 0.001670067624638223
707 0.007343076102574191
708 0.0018664580734988456
742 0.004041915097875176
780 0.00263197248693126
785 0.0017659540942522218
819 0.0032437008130712834
821 0.01086754469886674
847 0.0031913500978506338
858 0.008363272518729772
861 0.004243108196338879
862 0.009046297656124998
872 0.0038240413252831687
962 0.0035991385628297854
988 0.0025641683790561145
1004 0.008353452350842951
1018 0.004523148828062499
1033 0.004759904727032279
1057 0.0019310086909343975
1164 0.0016303956382774645
1165 0.0037708983156445903
1279 0.0059400957126077136
1373 0.0019177398735598164
1391 0.005076885281648847
1417 0.0012419663748850925
1426 0.0034881786442888287
1468 0.0061459617121358435
1473 0.0023967801907431004
1476 0.0031662267300636157
1493 0.0028178989797871873
1496 0.002576181847733361
1499 0.0019931457439702543
1520 0.002147930795023765
1525 0.0031662267300636157
1568 0.0019177398735598164
1574 0.009268217493206913
1622 0.003217161862058243
1639 0.0052871022296055855
1644 0.004759904727032279
1648 0.001690548223841784
1664 0.0025641683790561145
1741 0.0030497736737452293
1763 0.006143882120512958
1772 0.011626283082402157
1779 0.0031179048326424614
1848 0.004759904727032279
1930 0.0014991523994099273
1932 0.003981115263601329
1956 0.0017167914377751205
1958 0.011944956941384496
1972 0.002464911349640333
2005 0.0032710091152578784
2058 0.002720356364783883
2075 0.004447212117026125
2078 0.0033281217805992
2084 0.0022177457264150905
2091 0.0055035232430975835
2138 0.004634108746603457
2145 0.002604262534574581
2200 0.0033281217805992
2238 0.00241894757725435
2252 0.0059319577494161375
2299 0.002131256546289945
2367 0.0037708983156445903
2372 0.0008762047122803147
2416 0.001670067624638223
2465 0.002114872299239086
2515 0.00410691124403015
2517 0.0034881786442888287
2635 0.0031913500978506338
2674 0.004134725763563509
2684 0.005996609597639709
2829 0.0016017009186814664
2838 0.0026899643594849357
2857 0.003870155345060371
2862 0.009519809454064557
2909 0.006189285303498489
2912 0.0031662267300636157
2944 0.0023129853917059403
2948 0.004905125528834042
2954 0.002755731458913684
2976 0.003071941060256479
3066 0.0039025381031449055
3119 0.003924002598260007
3133 0.0023751224447417976
3149 0.0014700353213851288
3168 0.0026899643594849357
3184 0.002114872299239086
3229 0.0009072404282019564
3306 0.0032511041553736184
3332 0.0030946426517492443
3342 0.002245320488922982
3394 0.0014578268940349634
3418 0.00452832505240168
3450 0.0035606813676878515
3464 0.0011157685729702644
3512 0.0011707744827716558
3530 0.004634108746603457
3604 0.0010401464081128517
3640 0.0023751224447417976
3680 0.002488762508645676
3760 0.002052044325409766
3767 0.0032991327099745112
3819 0.0012419663748850925
3840 0.0020829346488687906
3872 0.003543156824418889
3884 0.003260791276554929
3902 0.0023435417068439126
3970 0.0012880909238666804
3997 0.002604262534574581
4005 0.001782928796013516
4148 0.0030946426517492443
4195 0.0031417559916478047
4203 0.004490640977845964
4221 0.0033930942142751026
4296 0.0023539514310993758
4316 0.0014028571928773783
4349 0.0015876747966657792
4393 0.0016111690431987117
4437 0.0021821916782845713
4462 0.001777236510056577
4485 0.0047079028621987516
4493 0.002694632658812979
4547 0.0014741402100569396
4567 0.0018727177009120518
4724 0.0017603631552331098
4759 0.0032991327099745112
4816 0.004905125528834042
4830 0.003241466584900916
4834 0.0027678657822412145
4842 0.004905125528834042
4852 0.0027050378084118947
4855 0.006542018230515757
4912 0.0012260257160518048
4915 0.002529492781115376
4951 0.0022087306292976117
4973 0.0018099787254223076
4974 0.0028178989797871873
5004 0.0035237326924193475
5013 0.0020829346488687906
5041 0.005076885281648847
5059 0.0038192202130657446
5171 0.004364383356569143
5172 0.00290758464974401
5255 0.0011559850038422238
5291 0.00526394497386252
5293 0.002604262534574581
5310 0.0037708983156445903
5349 0.003217161862058243
5362 0.002986239235346124
5367 0.0026180156322557504
5379 0.002000309812408618
5380 0.0004913248644973571
5381 0.006663388637689208
5390 0.0052871022296055855
5431 0.0012451871317304096
5474 0.00241894757725435
5538 0.004423891798646718
5637 0.0019931457439702543
5703 0.0023132341979910523
5727 0.00263197248693126
5776 0.0056357979595743745
5787 0.003420859265243343
5807 0.001529198195282443
5811 0.0010170741416360945
5812 0.0019931457439702543
5830 0.004523148828062499
5855 0.0013877232054123622
5869 0.0014028571928773783
5897 0.0012541818866020353
5898 0.00555811901183617
5939 0.004577273389997942
5949 0.0037708983156445903
6019 0.0027678657822412145
6095 0.0022737267754525865
6117 0.0043341028937481825
6118 0.0041767261754214755
6161 0.004613885113841299
6219 0.0018297493856115042
6223 0.002000309812408618
6252 0.0023751224447417976
6275 0.00410691124403015
6293 0.0017114839845276425
6309 0.002946145079827657
6378 0.006202088645345263
6385 0.003028115927743926
6410 0.0020444774537268563
6418 0.001924350921460045
6423 0.0033580312914140227
6430 0.0011242430270544488
6470 0.0034539177610280213
6493 0.004634108746603457
6507 0.0017167914377751205
6601 0.0025257111839141803
6754 0.002293151596825529
6761 0.00384561257837527
6764 0.004220036954920335
6823 0.0016500228161026207
6824 0.0023539514310993758
6827 0.00263197248693126
6834 0.0005237624196072474
6849 0.0023435417068439126
6873 0.003924002598260007
6895 0.003577311371489975
6930 0.006848544717243359
6946 0.003870155345060371
6968 0.0040739417529656145
6973 0.0011857998484800427
6996 0.0015162039139609955
7051 0.004905125528834042
7074 0.011731092302974967
7076 0.0041767261754214755
7101 0.0029659788747080688
7193 0.007638440426131489
7227 0.004423891798646718
7252 0.001486563297242378
7301 0.004759904727032279
7375 0.0020295236403908468
7377 0.0025641683790561145
7383 0.003028115927743926
7407 0.001294868438420149
7481 0.0017886556857449876
7484 0.0011054092257842159
7495 0.0020673628817817545
7543 0.005076885281648847
7553 0.0024532084605151574
7555 0.0015970023031575886
7581 0.0034881786442888287
7661 0.0023030162991047494
7665 0.004625970783411881
7666 0.002014803489971558
7680 0.003194004606315177
7694 0.0028178989797871873
7695 0.0013154985429538642
7725 0.0019177398735598164
7793 0.001965022149253622
7816 0.0031913500978506338
7828 0.006099547347490459
7903 0.0014260240273346395
7904 0.004721563332800328
7988 0.0015162039139609955
8011 0.0007691296258822662
8028 0.009519809454064557
8089 0.0016450775529900426
8125 0.0025132332470614877
8129 0.002577344404462173
8140 0.004634108746603457
8145 0.00035150276205284835
8205 0.0009871646308212717
8228 0.0035991385628297854
8235 0.011160623585759404
8305 0.004905125528834042
8350 0.0019021311214290192
8445 0.0022484860541088975
8448 0.0007927811725424065
8454 0.0035606813676878515
8458 0.0031662267300636157
8520 0.011203697112103573
8570 0.0031913500978506338
8631 0.002464911349640333
8660 0.005001836850341238
8664 0.001546807501621227
8671 0.004119344935951146
8672 0.00555811901183617
8674 0.0043341028937481825
8697 0.0009254452547861208
8702 0.0037249345432586074
8713 0.0043341028937481825
8756 0.004759904727032279
8807 0.004423891798646718
8814 0.0008567798909073722
8820 0.0013802464164865927
8830 0.002254694401683595
8838 0.0035991385628297854
8839 0.004523148828062499
8867 0.0007441599358846097
8872 0.0027163312585461404
8873 0.01007401744985779
