34
124 0.07245559407866121
375 0.019546024445121213
521 0.014459358940823749
785 0.04284762302369864
969 0.024711673001541423
1468 0.014912043943655914
1577 0.025461371365000308
1661 0.05366879260989835
1930 0.018187085687578326
2440 0.033578582252978946
2684 0.018187085687578326
3486 0.034826599356351
3970 0.015626576734277357
4296 0.057114295249305905
4504 0.018290048565553326
4973 0.010978949900258996
5474 0.02934565350300672
6421 0.03245353013663815
6430 0.013638843038739495
6507 0.020827390863535012
6513 0.033578582252978946
6707 0.01855158863224227
6764 0.01706523715980942
6834 0.006354065143130027
7004 0.0205719880080777
7074 0.012937879310218803
7447 0.03647898961581035
7725 0.023265212676607246
7799 0.049034812108433044
7904 0.019093339442289047
8145 0.008528567016124372
8448 0.00961768738268551
8697 0.011227112169905306
8815 0.02342618438212519
