325
10 0.0027482870513349422
15 0.0010241365891375833
17 0.004095339084597331
24 0.0025304221329662292
48 0.00382030866925031
52 0.003334978143127958
56 0.0017505974726750504
68 0.000552401002533061
70 0.001970963570581682
82 0.009941190253159165
122 0.0025968888753356593
123 0.004899221538157695
124 0.0052644599904189794
128 0.011044765393131742
141 0.004284267788910376
163 0.003013321987204935
225 0.0007347527425712333
246 0.0017080039837435927
334 0.0015766161971863084
375 0.0014201700361655947
401 0.0018641608603235538
405 0.002030000982576079
423 0.004416259129779469
456 0.0027908805402663992
458 0.0019082627801489714
521 0.004202337588920095
524 0.0023580002776142444
549 0.001156491807154758
571 0.003074666070778489
660 0.002859170315154611
668 0.0029441727531863125
707 0.0032362887985532525
708 0.00329039071465762
742 0.0035627588147618657
785 0.006226423230977241
821 0.011495077872682755
858 0.005528874710039807
861 0.0012467003687139727
872 0.0022471421936973114
962 0.0031724720410411683
988 0.0022601943073515653
1004 0.003681588464377247
1019 0.009320665880872561
1033 0.0041956330385504404
1057 0.001702093702716553
1126 0.0031385738250556397
1144 0.0016903978617802589
1164 0.0028742347581105585
1216 0.0016731572913799236
1219 0.002132188973449819
1373 0.0016903978617802589
1417 0.0010947351793920224
1466 0.003411360638762583
1468 0.006500852809089003
1473 0.0021126494606741285
1476 0.0027908805402663992
1493 0.0024838459458544804
1499 0.0035137292082993775
1525 0.0027908805402663992
1568 0.005071193585340777
1574 0.004084749774730771
1622 0.0028357774730570742
1639 0.009320665880872561
1763 0.002707772139155328
1772 0.010248023902461557
1779 0.0027482870513349422
1784 0.0018291180666533213
1848 0.0041956330385504404
1881 0.0016181443992766263
1920 0.0031385738250556397
1921 0.00012497746918405315
1932 0.0035091666090252627
1958 0.0052644599904189794
1972 0.002172703885629433
1984 0.0016181443992766263
2031 0.0018786028065767963
2053 0.0026322299952094897
2058 0.0023978667001249903
2075 0.0013066697169847312
2078 0.0029335834433197538
2091 0.0024255489627801013
2138 0.004084749774730771
2145 0.0022955354272253953
2150 0.001970963570581682
2200 0.0029335834433197538
2238 0.002132188973449819
2252 0.005228742872812313
2254 0.0025304221329662292
2299 0.0018786028065767963
2308 0.003986943804468092
2320 0.0014810636637984716
2343 0.003748055206746677
2367 0.003323870217040451
2440 0.004879488052058126
2465 0.0018641608603235538
2502 0.0026143714364061563
2515 0.003620049872844931
2531 0.0026504810810722627
2556 0.0020841761233866625
2619 0.0017631793948764299
2656 0.003106005298671738
2674 0.0036445670688389628
2684 0.00792859567259629
2715 0.005193777750671319
2771 0.005657757221946754
2780 0.0016507129256605275
2838 0.0023710775711712337
2845 0.004323638372452186
2857 0.003411360638762583
2875 0.005235916106141789
2893 0.0022374424463578605
2896 0.0022718083565144583
2903 0.002579766805253582
2908 0.0032078131609149982
2909 0.002727782528597326
2912 0.0027908805402663992
2921 0.002669142337839292
2944 0.002038788270700647
2948 0.004323638372452186
2954 0.002429048188449729
3019 0.005338284675678584
3146 0.0022044424359534518
3149 0.00129576727181366
3168 0.009484310284684935
3229 0.0007996899376694109
3306 0.004298544021875444
3394 0.002570012230019572
3418 0.003991506403742207
3450 0.0031385738250556397
3489 0.0021223617465809643
3512 0.0010319828614870619
3599 0.0017080039837435927
3604 0.0027505209988911545
3627 0.0013177172100228953
3640 0.004187118344267566
3648 0.0022955354272253953
3680 0.002193727564982135
3760 0.0018087809445772507
3767 0.002908030935560707
3796 0.00238436411028276
3840 0.001836009317645339
3882 0.0020476695422986654
3884 0.004311352137165839
3902 0.002065722231080389
3970 0.002270783617218125
3974 0.0017259914952576106
3997 0.0022955354272253953
4005 0.0015715682121648772
4044 0.0024688835414339136
4053 0.004899221538157695
4148 0.002727782528597326
4157 0.005235916106141789
4195 0.002769310730687644
4198 0.0022718083565144583
4203 0.00197914482866825
4221 0.0029908535999633315
4251 0.0014676338673798054
4296 0.008299591661467015
4321 0.003283355304860837
4335 0.002908030935560707
4349 0.0027989219168754274
4364 0.0011971593787665112
4393 0.0014201700361655947
4461 0.002021305709630151
4468 0.0019037662532679015
4485 0.0041497958307335076
4504 0.0013289136625067425
4517 0.0019874074936446218
4547 0.0012993855388838413
4567 0.0016507129256605275
4592 0.0025146046837004744
4659 0.0014201700361655947
4759 0.002908030935560707
4811 0.0018499657970745922
4819 0.0015419082385927023
4842 0.004323638372452186
4852 0.00238436411028276
4855 0.0028832413042712847
4912 0.0010806842353726232
4915 0.0022296293921494994
4951 0.0019468925814650074
4973 0.001595411457781422
5004 0.003106005298671738
5017 0.009682803854750547
5171 0.003846999478734942
5172 0.002562899662585064
5234 0.002439744026029063
5291 0.002319960452151646
5349 0.0028357774730570742
5367 0.002307658138565776
5380 0.0004330798518800795
5381 0.007831286582472213
5390 0.004660332940436281
5431 0.002195148251348829
5474 0.004264377946899638
5538 0.00389945338274596
5576 0.002908030935560707
5703 0.002039007581785612
5776 0.0024838459458544804
5830 0.003986943804468092
5855 0.0012232129975049692
5869 0.0012365528985018575
5897 0.0005527512903666713
5898 0.004899221538157695
5939 0.0030259890527567657
5985 0.0005262676611583297
5990 0.0022374424463578605
6110 0.0028832413042712847
6117 0.00764061733850062
6118 0.003681588464377247
6161 0.00271128239321968
6242 0.003323870217040451
6252 0.002093559172133783
6293 0.00452577887304346
6328 0.003539085150551818
6378 0.005466850603258445
6381 0.001885919073982251
6385 0.002669142337839292
6388 0.0016288592702479428
6395 0.002859170315154611
6410 0.00180211110165981
6414 0.0016342690025975876
6418 0.0016962251908089498
6430 0.00297290268913251
6459 0.0026504810810722627
6470 0.003044466707139422
6493 0.004084749774730771
6507 0.0015132712290904982
6508 0.0010586858368920786
6513 0.002439744026029063
6537 0.001277908713010327
6601 0.0022262960913660367
6708 0.002769310730687644
6716 0.004660332940436281
6761 0.0037287000736024845
6764 0.007439529775213285
6775 0.0027908805402663992
6824 0.0020748979153667538
6834 0.00046167203716814724
6849 0.002065722231080389
6852 0.002172703885629433
6895 0.0015766161971863084
6930 0.00503055945610132
6966 0.0022718083565144583
6968 0.001795494405465725
7074 0.008460334080487249
7092 0.0016128383685791651
7101 0.0026143714364061563
7193 0.003366463705971908
7227 0.00389945338274596
7232 0.003074666070778489
7252 0.0013103359082767424
7328 0.004008367279096147
7390 0.0022152973745608907
7409 0.0014810636637984716
7447 0.0026504810810722627
7481 0.0015766161971863084
7484 0.0014615496742443313
7492 0.0019548389672607203
7495 0.0018222835344194814
7503 0.0016507129256605275
7553 0.002162388337088886
7555 0.0014076827184620426
7581 0.003074666070778489
7656 0.003748055206746677
7665 0.004077576541401294
7666 0.0017759548926900347
7680 0.0028153654369240852
7694 0.0024838459458544804
7725 0.0033807957235605177
7726 0.0031385738250556397
7799 0.014251035259047463
7807 0.004660332940436281
7816 0.002813025612063369
7828 0.002688232626379638
7846 0.0035627588147618657
7870 0.00389945338274596
7897 0.003748055206746677
7902 0.003244725503544801
7903 0.0025139467556453874
7904 0.004161836895642354
7988 0.0013364627233958294
8011 0.0006779517352423033
8028 0.0041956330385504404
8053 0.003986943804468092
8055 0.001015784604951983
8125 0.0022152973745608907
8145 0.0006196664371180233
8159 0.0018641608603235538
8167 0.0023451257409814177
8187 0.0015766161971863084
8205 0.0008701393782191325
8228 0.0031724720410411683
8235 0.009837566870047967
8350 0.002514959216956342
8361 0.00382030866925031
8437 0.005235916106141789
8445 0.003963870252176679
8448 0.0013975989313271485
8454 0.0031385738250556397
8485 0.005235916106141789
8520 0.007406650624301741
8531 0.0039096779345214406
8565 0.004795733400249981
8570 0.002813025612063369
8572 0.0016181443992766263
8631 0.002172703885629433
8660 0.0044088848719069035
8664 0.0027268767045789126
8671 0.0054465143847231695
8672 0.004899221538157695
8674 0.00382030866925031
8695 0.0015132712290904982
8697 0.0008157366394959879
8713 0.00382030866925031
8724 0.0017889300157173619
8756 0.0041956330385504404
8807 0.00389945338274596
8814 0.0015104226757487516
8820 0.00121662255831801
8830 0.0019874074936446218
8838 0.0031724720410411683
8839 0.003986943804468092
8872 0.0059857968938325555
8873 0.007103819570760139
