185
17 0.004407124158939103
69 0.0038362310680175675
79 0.004815565429815477
145 0.0021220891043809576
147 0.010030263900609774
163 0.0016213656371483346
201 0.007245516535898388
250 0.005960286058228963
277 0.0020181516755158413
291 0.010544415080067798
314 0.023003985927413033
392 0.010544415080067798
443 0.002149046177885444
521 0.009044537279856832
682 0.004505890728501928
708 0.0035408937114525425
727 0.007923748011807822
785 0.0033502256685196477
821 0.020617029243529084
855 0.003471252949658039
858 0.003966531513512783
878 0.005282054582319531
988 0.004864533426933617
1060 0.007667995309137679
1373 0.0036381814062184177
1388 0.006370586112517961
1468 0.016323471971244747
1593 0.004654029219331225
1664 0.004864533426933617
1710 0.008392650696198097
1712 0.0017556800924131758
1717 0.011830075126322427
1772 0.007352148835373656
1812 0.006983503861538811
1881 0.0034826729251920805
1930 0.0028440710128723313
1958 0.011330504423823566
2075 0.0028122973744156977
2078 0.00631384420105445
2084 0.004207328312252497
2123 0.004277424358749536
2169 0.007342146559970499
2195 0.008392650696198097
2388 0.0029599499303089843
2416 0.003168317592420662
2468 0.004074881055580064
2505 0.005313687622098506
2531 0.0057045333555588214
2619 0.0037948264342402174
2656 0.006684941445289379
2684 0.0028440710128723313
2731 0.004426445645393341
2771 0.004058994550175792
2810 0.00858095312648894
2846 0.010030263900609774
2849 0.0033932932968248532
2909 0.005870906429861735
2929 0.011178377627988066
2942 0.00513177954599952
2954 0.0017426504836203132
3051 0.004173284995520029
3055 0.007066645368074971
3066 0.00740358051666585
3203 0.006258848474478394
3213 0.0029344784290015876
3225 0.005988973317863234
3236 0.007552650767572892
3302 0.003688886086098939
3306 0.003083866287298844
3374 0.003754359344902591
3378 0.010544415080067798
3413 0.0036133585059307093
3418 0.004295386520899536
3420 0.003149202756841388
3477 0.0028845992821873757
3491 0.006370586112517961
3512 0.002221098915875446
3604 0.00197328186888899
3680 0.004721479491710522
3729 0.004744540716064426
3819 0.0023561584313663694
3882 0.004407124158939103
3912 0.004864533426933617
3913 0.009631457262716537
3970 0.0024436622053602454
4094 0.01176610232717764
4296 0.00446572678904038
4382 0.0015853398242723319
4468 0.0040974063804901754
4482 0.006808448681252506
4547 0.005593239809351845
4567 0.0035527689716891193
4660 0.004849094739561944
4719 0.004207328312252497
4798 0.003663353936299413
4852 0.00513177954599952
4886 0.0037677468239055616
4904 0.015582601510270775
4951 0.004190225597144852
4973 0.003433745647817629
5013 0.003951575609582356
5172 0.002758017538131664
5223 0.0008435943024469323
5293 0.004940596824851366
5381 0.0014045826072129517
5435 0.0052511405629184615
5474 0.004589032235038089
5702 0.011635853162568896
5703 0.002925654225717079
5776 0.005345890657127134
5833 0.004966688092468728
5855 0.0026326765337246873
5863 0.002424547369780972
5939 0.002170908469947584
5985 0.0011326666122872693
5995 0.0058278388015565305
6095 0.004313531043142561
6115 0.003864376847977672
6134 0.004993165911421032
6161 0.002917696896407187
6303 0.003120908444149834
6307 0.004190225597144852
6350 0.005589188813994033
6395 0.006153687550723711
6414 0.003517377318347895
6430 0.002132823191243214
6435 0.005345890657127134
6469 0.00342522492821594
6507 0.009770874726102845
6666 0.004744540716064426
6764 0.005337275819528873
6827 0.004993165911421032
6852 0.004676230996642772
6930 0.002165417774107811
6935 0.0037410714019799635
7011 0.005516230925267977
7074 0.0060696223924483275
7076 0.015847496023615643
7178 0.005665252211911783
7273 0.009631457262716537
7342 0.005160840675577655
7422 0.009305608513549356
7448 0.00446572678904038
7481 0.0033932932968248532
7484 0.001048546611289143
7511 0.00903010732165383
7512 0.006552494188616947
7521 0.0035057341495459845
7666 0.0038223226702752606
7695 0.002495657729636755
7719 0.0034941663415878426
7720 0.004407124158939103
7800 0.003448629608459612
7842 0.004767903402861506
7892 0.0025424287749230704
7901 0.00858095312648894
7904 0.005971579414049249
7923 0.003951575609582356
7958 0.004173284995520029
7959 0.0034826729251920805
7962 0.005589188813994033
8011 0.0014591306894309658
8028 0.00903010732165383
8033 0.002221098915875446
8048 0.006830445305625567
8055 0.001093118000802237
8061 0.01262198493675749
8096 0.005626815889878271
8125 0.004767903402861506
8131 0.007245516535898388
8163 0.009779059839152773
8235 0.005293258717114286
8350 0.0018042848703267035
8434 0.011269070467128215
8448 0.006016001984231266
8534 0.005020041907959953
8572 0.0034826729251920805
8627 0.00926419972668659
8679 0.0032346534399429433
8697 0.0017556800924131758
8719 0.006897259216919224
8812 0.008738193529936539
8820 0.0026184921728408203
8867 0.0014117602075835601
8872 0.01288301142170546
