74
79 0.011360994169370494
82 0.0072111546496563695
124 0.026731190048438117
139 0.009429400557572578
291 0.024876629752004605
375 0.014422309299312739
459 0.007613025379347873
487 0.015458796969261336
521 0.02667260387142245
785 0.023711791382046824
861 0.012660665880338012
872 0.0057051231422509405
1468 0.011003061550658732
2031 0.00953892493048218
2057 0.02024438456055157
2238 0.010826551777808304
2373 0.007429672523421914
2416 0.0074747686889147635
2659 0.013649957898995636
2771 0.019152149042577036
2902 0.007543330382968036
3168 0.012039549220607333
3464 0.004993876816886328
3512 0.005240068316094498
3604 0.004655412564466258
3640 0.010630402398310373
3819 0.005558703872058521
3970 0.02306057925835105
3974 0.008764015068152721
4221 0.003796641827137918
4296 0.03160694008942172
4382 0.003740170653380355
4485 0.021071293392947808
4504 0.006747784907679868
4528 0.015167891887926936
4547 0.006597850843070379
4926 0.01732176324342554
5171 0.009766896734846478
5172 0.013013558480893092
5223 0.003980454669798146
5379 0.008952842946799735
5380 0.006597109588348008
5474 0.010826551777808304
5700 0.007147748172384934
5906 0.022722758396506004
5912 0.006470894332097383
6250 0.009429400557572578
6349 0.008298278527752799
6350 0.013186144483500483
6414 0.008298278527752799
6469 0.0040404352308566665
6707 0.006844275417720448
6764 0.0188877382157114
6834 0.007032654624435176
6849 0.010489055600534402
6930 0.005108704069011632
7004 0.007589665478708278
7074 0.009546396384239117
7158 0.012848648306226581
7666 0.009017712707542603
7725 0.00858328234670947
7799 0.018090513205052967
7904 0.007044144648611492
8033 0.005240068316094498
8054 0.013850779247149529
8137 0.014640147593532833
8235 0.004162659767827739
8448 0.0035482730149713525
8565 0.012175575574421067
8830 0.020182798430604606
8872 0.006078780146552284
8873 0.018035425415085207
8874 0.011779993363837967
8880 0.02070458768109589
