131
70 0.0060636114553777615
458 0.011741428635504848
575 0.0046268299305661405
713 0.011753067258928895
722 0.006114200701036102
838 0.006088780855255851
894 0.011326298628642944
920 0.010494950671016653
1095 0.0036438727687434077
1242 0.006469969803279521
1268 0.0044212493485053595
1366 0.006684259601083491
1390 0.003403036920115231
1437 0.007376966377443353
1554 0.007936576700868373
1640 0.003975306701670547
1707 0.014337377222636321
1731 0.015072310967391027
1778 0.005941354949946632
2025 0.004474473636607695
2031 0.005779466281409791
2219 0.012265715351393012
2305 0.012566612542259962
2372 0.0023760610138895593
2416 0.0045288304409307105
2438 0.002884769747943232
2439 0.006684259601083491
2713 0.004556448800980004
2715 0.007989252245885587
2851 0.010795847861883602
2954 0.002490965103057271
3023 0.0070621472261110695
3076 0.010795847861883602
3118 0.013301546287014666
3133 0.006440773217799815
3149 0.003986389900932613
3229 0.012301112864738293
3306 0.004408114751844818
3439 0.010356826577784166
3464 0.0030257018361134814
3474 0.006652524119396985
3477 0.004123280150420778
3512 0.003174864920927843
3523 0.012566612542259962
3604 0.002820632318470733
3835 0.006192014028881719
3847 0.008796153381328598
3852 0.009366212281375987
3914 0.006781902317668561
3928 0.007834376135754122
4005 0.00483488338213077
4257 0.010640971751752135
4268 0.024154750458140348
4272 0.01610814190301268
4364 0.003683025618205208
4383 0.0032238377961286147
4504 0.004088363797006038
4706 0.007376966377443353
4756 0.007214710367842833
4802 0.014124294452222139
4809 0.006529383490952026
4928 0.02683262708268616
4937 0.010225788961836211
5184 0.010960722706590917
5229 0.0025854767476614663
5293 0.014124294452222139
5321 0.011753067258928895
5358 0.011136976961752348
5441 0.01800602988029311
5456 0.0046700085374234545
5463 0.0279267355216688
5485 0.006781902317668561
5508 0.010101146026130693
5510 0.004684565120528486
5675 0.005366525416537232
5703 0.004181964569701471
5863 0.003465676534451624
5869 0.003804218623038067
5871 0.008330381345754333
5985 0.0032380939621859577
5997 0.0075058007389011755
6058 0.005779466281409791
6079 0.01610814190301268
6080 0.006559616665377973
6088 0.005366525416537232
6108 0.01610814190301268
6228 0.0055237857297563185
6298 0.00480410381193267
6469 0.0024480284045778626
6718 0.018050166363014486
6749 0.00629959512130707
6761 0.004171358585014116
6834 0.0028406408875169533
6858 0.007688355055018639
6914 0.013301546287014666
6932 0.006272272150449638
6978 0.008043036830825998
6984 0.006953421310263934
7238 0.0055237857297563185
7370 0.004913494920707131
7375 0.011007181155531533
7423 0.014050777401904474
7484 0.0029976097240383736
7492 0.012028009175027726
7563 0.01610814190301268
7591 0.025998015716060453
7594 0.011530781606638308
7606 0.009459119735394999
7615 0.007688355055018639
7680 0.004330694480915579
7695 0.0035673225194219494
7784 0.01610814190301268
7793 0.0053286777106230565
7863 0.009517237621151331
7962 0.007989252245885587
8091 0.0050111376372922005
8097 0.006849134445790807
8100 0.008097978161732725
8145 0.0009531927841550769
8187 0.019401653438316218
8205 0.002676958204756508
8347 0.0073354260569287255
8365 0.013301546287014666
8533 0.005254624020575876
8561 0.009025083181507243
8592 0.006165812020492014
8601 0.0043950473401156535
8605 0.008097978161732725
8653 0.005757154581308973
8814 0.0023233854688723445
8892 0.005272937170129659
