289
107 0.0042065083114345755
109 0.0022783058237924665
138 0.0010576640680214724
170 0.0047088327879010305
386 0.0023183964095601795
423 0.003304296888232707
474 0.0193961000969733
494 0.002068384458763104
549 0.0012979511054548036
626 0.005073311685600295
645 0.001212870933690734
708 0.0018464316993196733
718 0.005498482541752092
726 0.001225465211939871
855 0.0018101168814740418
961 0.0023929932041078443
990 0.002092180536371714
1055 0.004442458134736029
1102 0.005466195843385272
1110 0.0018906687276413895
1134 0.00206058556465346
1156 0.04426345145939975
1164 0.0016129021228453028
1176 0.0019788472607733323
1207 0.002404154563948634
1231 0.0047088327879010305
1242 0.002360289413213559
1253 0.0017143022980548013
1313 0.002562910041119915
1314 0.0045843865497514884
1333 0.0018906687276413895
1364 0.0025754567611410923
1411 0.002602767503440907
1473 0.0023710636650913506
1496 0.0012742702057994412
1569 0.00393839943459273
1588 0.0030389803192666025
1603 0.003450751834800751
1621 0.0021674470847444795
1635 0.0029956254134977465
1648 0.0016724092944014213
1660 0.011191314099863665
1711 0.0032088971562786728
1712 0.0009155155846703899
1717 0.0030844509181291303
1749 0.00952785573786991
1753 0.0047088327879010305
1833 0.002839937286569395
1873 0.0037304380332878885
1920 0.0035224766319830463
1930 0.001483067073236001
1933 0.00413191151688691
1939 0.005498482541752092
1940 0.0015346173044601813
1941 0.007895927655793658
1947 0.0029145340811170596
1967 0.004474617188276421
1978 0.003600185156992584
2025 0.008161593543168543
2058 0.0026911679917711803
2117 0.003853036719598194
2150 0.0022120470974554066
2183 0.0025111210288522767
2227 0.0047088327879010305
2237 0.0022783058237924665
2389 0.0027876640121929043
2410 0.007939275612825644
2416 0.0016521484441163535
2420 0.0029541980418338267
2438 0.005261919068136796
2485 0.002876489516824288
2490 0.003998546910129733
2492 0.0004889251358488066
2505 0.002770871442424757
2570 0.001261003612986796
2643 0.005022412263605404
2653 0.002549690494543051
2655 0.003641612528656504
2666 0.0015986006287865757
2684 0.001483067073236001
2688 0.0024862672250973088
2738 0.0014502191830128603
2849 0.00176946410113399
2902 0.00333460527659102
2915 0.0030389803192666025
2934 0.005230373664910247
2986 0.0026911679917711803
3136 0.0021761979697668818
3149 0.0014542624102114685
3160 0.0040302299315818635
3222 0.005235494350361667
3225 0.0015615026998291477
3227 0.0043664895599937
3229 0.0008975060888435664
3234 0.027082649530777304
3355 0.005498482541752092
3368 0.0035605211962758177
3478 0.004763927868934955
3486 0.002839937286569395
3565 0.0042065083114345755
3615 0.00393839943459273
3650 0.004474617188276421
3656 0.0009019759410931209
3661 0.008125691345484545
3663 0.005476335303060944
3696 0.012862798931445787
3733 0.002158777604483235
3760 0.0020300266824332665
3970 0.0012742702057994412
3976 0.0042065083114345755
4005 0.003527597317434467
4040 0.0035224766319830463
4047 0.006314216288022069
4061 0.0025111210288522767
4069 0.0119956407303892
4079 0.013423851564829262
4105 0.0038205794271277136
4136 0.002523800985098029
4188 0.005230373664910247
4203 0.0022212290673680143
4221 0.0008391719059982953
4226 0.0020841808099355697
4240 0.005022412263605404
4251 0.0016471513146773353
4320 0.0030389803192666025
4333 0.0015524544500412434
4349 0.0031412793187249968
4364 0.0026871860733686066
4371 0.005498482541752092
4457 0.003998546910129733
4467 0.005230373664910247
4468 0.0010683151828960436
4502 0.004852495426593334
4504 0.0014914631877489836
4534 0.0010872526613382818
4568 0.001212870933690734
4571 0.0030170507802501087
4573 0.012814550205599575
4592 0.0028221850849256395
4634 0.004062845672742272
4677 0.0006929921353946305
4693 0.00736993486885072
4711 0.0034859244017281525
4822 0.004986671434548931
4876 0.005498482541752092
4888 0.0035224766319830463
4909 0.003584953375623229
4973 0.0008952791764159697
4978 0.01025164016447966
5013 0.00206058556465346
5017 0.0015524544500412434
5032 0.0013222494533032816
5045 0.00192360368867391
5108 0.0028580342126141647
5110 0.003881899566089835
5142 0.010460747329820493
5163 0.002141994181911002
5178 0.0011851410808990355
5218 0.001369127850632174
5223 0.0004399000332502243
5255 0.0034307451938064277
5272 0.005230373664910247
5276 0.0032637342903395917
5317 0.006264508680512133
5320 0.0031826429579589056
5329 0.005022412263605404
5362 0.0029541980418338267
5371 0.002133242790535364
5380 0.0009721062769668737
5435 0.001369127850632174
5527 0.00413191151688691
5556 0.005508752203878308
5567 0.0034859244017281525
5623 0.0012877283805705461
5632 0.0029956254134977465
5706 0.004424094194910813
5730 0.001741475138546059
5776 0.0027876640121929043
5787 0.00338415476668923
5812 0.011830560360132454
5855 0.00137283347144871
5869 0.001387805077073973
5873 0.0025111210288522767
5915 0.005022412263605404
5924 0.00413191151688691
5946 0.0033525597949709755
5985 0.0011812789132438044
5988 0.0014914631877489836
6060 0.002839937286569395
6107 0.004140867631418889
6148 0.004852495426593334
6194 0.006135542629837267
6221 0.004474617188276421
6228 0.008060459863163727
6285 0.003235912450931077
6357 0.0025754567611410923
6389 0.0031826429579589056
6430 0.0011121803336311177
6431 0.004852495426593334
6432 0.00310804616341124
6456 0.0030844509181291303
6471 0.002415451216292748
6477 0.00206058556465346
6525 0.004287599643815262
6537 0.0014342194354171694
6589 0.0012577162642255354
6648 0.008743602243351179
6656 0.004376425148446646
6685 0.0023929932041078443
6690 0.0014107233403460703
6713 0.0011523326162912113
6752 0.004474617188276421
6756 0.0030389803192666025
6761 0.006467396089426394
6849 0.0023183964095601795
6879 0.003998546910129733
6899 0.004830902432585496
6921 0.0017983197314499692
6932 0.0022881679518807693
6935 0.0019508162031783927
6962 0.005444472564523575
6963 0.008001752356465826
6973 0.001173076674140128
6979 0.0026177471751808335
6993 0.0018310311693407798
6996 0.0029998712632447163
7006 0.005876360780069004
7065 0.003998546910129733
7119 0.005498482541752092
7124 0.005230373664910247
7134 0.0035605211962758177
7135 0.011815198303778193
7147 0.0075564829108296485
7151 0.005498482541752092
7181 0.004876927605940744
7186 0.005498482541752092
7207 0.003641612528656504
7212 0.002007747635665623
7252 0.0014706130472719662
7322 0.0014611335400863447
7342 0.0026911679917711803
7347 0.004630479612006973
7409 0.0033244476230326206
7412 0.003600185156992584
7423 0.002562910041119915
7444 0.01393832006096452
7484 0.00492096875298145
7492 0.0021939501714106366
7495 0.0020451808766124226
7503 0.0018526241633486178
7513 0.003998546910129733
7676 0.0032924123194339725
7720 0.0022981355592751117
7724 0.005498482541752092
7726 0.0035224766319830463
7793 0.0019439382206135614
7871 0.00826382303377382
7892 0.005303091779453271
7913 0.0022493305654155415
7943 0.003494012177898173
7958 0.006528593909300644
8011 0.002282631486255738
8043 0.0038228106173983237
8048 0.0017808993661663224
8078 0.0024862672250973088
8123 0.0027876640121929043
8133 0.0047088327879010305
8187 0.00530839230340197
8205 0.0009765727356407861
8212 0.0045843865497514884
8235 0.0018401457342757817
8459 0.004287599643815262
8460 0.005498482541752092
8527 0.002092180536371714
8533 0.0019169229259611569
8604 0.0026319758852645526
8690 0.005829068162234119
8697 0.0009155155846703899
8719 0.0017983197314499692
8754 0.004060053364866533
8762 0.006644001825501564
8803 0.0030614383314515057
8805 0.0025899253357723195
8814 0.0016951739472459166
8838 0.0035605211962758177
8851 0.005876360780069004
8853 0.005876360780069004
8867 0.0014723507744326399
8910 0.005498482541752092
