155
52 0.003910747912233009
68 0.0012955413646851609
158 0.0013765720123292023
230 0.009145354794511826
277 0.00219915182578632
297 0.006545428352283977
378 0.0031793737481028983
594 0.012279749432789937
626 0.005300814451770712
639 0.005144930567200254
700 0.005412130970717044
726 0.005121675235551389
773 0.00444034123993702
887 0.009579928843875306
1102 0.011422633466446355
1110 0.0039509041573133966
1155 0.010929839138332622
1156 0.0326459008917124
1157 0.008959737372277633
1172 0.0036276466268962476
1231 0.009839982417766279
1242 0.009864527951188508
1333 0.0039509041573133966
1407 0.0076098270778203175
1580 0.006494840861657569
1749 0.004977556921353562
1903 0.006880108254960678
1908 0.01014019223673764
1940 0.006413736895770803
2019 0.005221313254638731
2025 0.006822067428011732
2043 0.004210957731204368
2056 0.008000635040685341
2158 0.007440371647823009
2372 0.001811346961261099
2384 0.004680622980173036
2414 0.005095623911139881
2438 0.00219915182578632
2505 0.005790251534394335
2612 0.0062161506968645445
2684 0.0030991446463137957
2731 0.004823436286235793
2902 0.006968278290992894
2984 0.006820180176225335
3203 0.006820180176225335
3234 0.02572465283600127
3357 0.03447030759358486
3364 0.021859678276665243
3413 0.007874853066736881
3420 0.0034316424659751443
3464 0.0023065888436739545
3585 0.0049786034065412675
3627 0.0030904309454797053
3656 0.003769693170846586
3783 0.008230018549417992
3840 0.008611954019089797
3917 0.03583894948911053
3918 0.012279749432789937
3970 0.010651298939955867
4105 0.003991905858837476
4131 0.0072844877632525515
4191 0.0076098270778203175
4203 0.004641671504006702
4221 0.0017536058663462134
4319 0.011490102531194953
4346 0.002050900252306854
4364 0.0028076876910084546
4468 0.008929773546718499
4504 0.003116689890094289
4564 0.0018895337330226208
4571 0.012609378148847987
4573 0.010711354970061707
4634 0.008490072123308965
4659 0.0033307126857157225
4798 0.003991905858837476
4822 0.0034735259917784782
4915 0.002614565408282933
4978 0.010711354970061707
5177 0.010767399358196249
5223 0.0009192529842807378
5229 0.0019709912426118803
5329 0.010495265088969141
5362 0.006173346580693108
5418 0.010929839138332622
5435 0.002861047436747054
5438 0.005221313254638731
5594 0.008230018549417992
5623 0.0026909480957214103
5624 0.008959737372277633
5776 0.011650685467999043
5787 0.03535910585823276
5812 0.03296287669848564
5869 0.008700230931611723
5942 0.006494840861657569
5989 0.0028152215839143814
6034 0.004603483831708362
6194 0.00427378604709143
6199 0.009350545335142655
6203 0.005273951834330409
6219 0.003782576084156518
6357 0.0026909480957214103
6383 0.008634398057709866
6430 0.0023241077823861027
6437 0.007210988139090358
6466 0.006259916783363004
6477 0.004305977009544899
6541 0.002414147340620563
6626 0.009440738878115626
6648 0.0060904613533656945
6681 0.003820149768339346
6685 0.005000604632799352
6834 0.001082755495241888
6963 0.016721150664184194
7085 0.018520039742079327
7101 0.006131463054889774
7135 0.008230018549417992
7147 0.007895338646741292
7182 0.005047534828665563
7200 0.008634398057709866
7207 0.015219654155640635
7252 0.01229247856553787
7322 0.0045799656704948654
7347 0.0032254162917716733
7423 0.005355677485030854
7444 0.011650685467999043
7481 0.003697624534208248
7484 0.0011425866661132814
7555 0.006602852571799536
7621 0.0041056613372603195
7657 0.006597365000489426
7702 0.0045660305834358695
7864 0.006111921723548729
7934 0.0069419391270935625
8019 0.005120121201281146
8048 0.0037215206485807454
8061 0.004584667174337922
8078 0.005195518057826663
8096 0.006131463054889774
8106 0.005120121201281146
8205 0.0040814609399875005
8212 0.009579928843875306
8235 0.0019226634802074311
8323 0.008790281942280324
8359 0.0069419391270935625
8445 0.0023241077823861027
8601 0.0033504845193706775
8664 0.0031976603508851375
8690 0.0060904613533656945
8719 0.0037579237437474697
8809 0.008490072123308965
8814 0.001771190716180711
8829 0.006597365000489426
8838 0.014880743295646018
8864 0.006650724746228027
8867 0.001538375472837691
