341
17 0.003937246950816919
33 0.0037489230131914288
48 0.0036728335184152794
56 0.0016830192614136973
68 0.0005310766991264538
82 0.006826736478994542
91 0.002566105593180055
102 0.0022424084257982877
123 0.004710097177309696
124 0.005061236351082953
131 0.0024801802190213664
133 0.0034803053005476084
141 0.004118882451470821
149 0.0024801802190213664
163 0.0007242497239467744
250 0.0026624071914515403
268 0.0025134490096331247
277 0.0009014905462322599
296 0.003833036047310316
330 0.0010416501284171412
338 0.002279547003166462
370 0.006620763024479128
401 0.001792198768289005
405 0.007806547896230069
423 0.001415259512790847
456 0.002683144342939939
459 0.008648620743450342
521 0.007070201246799848
523 0.002206921008159709
549 0.0022236956439041855
649 0.0030500052894568584
660 0.0027487979316651867
682 0.0020127416305624423
726 0.0020995102528087494
735 0.0028456846054078387
785 0.008979097471878026
821 0.014735112076992844
848 0.0036728335184152794
861 0.007191444406294939
862 0.007666072094620632
872 0.005400989739447123
875 0.0036728335184152794
892 0.0024175335470135073
915 0.005033794344691463
941 0.0015923306080218073
1019 0.0044804303820738505
1164 0.0027632808428158496
1172 0.0029741367566097914
1193 0.0016830192614136973
1216 0.0016085684988818016
1244 0.005033794344691463
1248 0.0018793764335980822
1373 0.0032502870651142475
1411 0.0011147882873193593
1460 0.0023735773753123836
1468 0.00833320102733713
1473 0.0020310949778172232
1499 0.001689044463180675
1503 0.0040621899556344465
1516 0.001491778335592764
1520 0.0018202134126947711
1568 0.0016251435325571237
1574 0.003927066419456238
1635 0.002566105593180055
1640 0.0012422833442720458
1685 0.002820338494221013
1758 0.002279547003166462
1763 0.002603244170548229
1772 0.0016420700064299614
1778 0.0018566734218583227
1784 0.0017585087295214836
1798 0.004156733214692084
1807 0.003279672084692704
1847 0.001066216234222254
1921 0.00024030594258551397
1932 0.0033737024568386256
1940 0.0013145802644824347
1952 0.002098873213025176
1958 0.0025306181755414764
1960 0.002496641326839246
1984 0.0015556792662163152
2031 0.0054182496388216796
2041 0.0013734522937861417
2049 0.0044804303820738505
2058 0.004610603985902096
2060 0.0027487979316651867
2075 0.0012562284227628942
2082 0.0017073978104354562
2124 0.0031566081331658416
2148 0.0013775358599515057
2149 0.002566105593180055
2150 0.0018948785798055506
2172 0.008067338526330443
2195 0.0037489230131914288
2215 0.0027487979316651867
2222 0.004156733214692084
2238 0.00614964062379185
2276 0.003833036047310316
2299 0.0018060832129405597
2373 0.0014067210843978994
2388 0.0013221835166637558
2389 0.002387962186915245
2416 0.001415259512790847
2465 0.00358439753657801
2499 0.0025306181755414764
2556 0.0020037207950941625
2619 0.00169511548441245
2666 0.0013693895092179121
2743 0.0024639641976690967
2771 0.005439351152717192
2789 0.0018717368016658068
2818 0.0023319156388492517
2826 0.001960085047015512
2862 0.0040336692631652215
2903 0.004960360438042733
2921 0.002566105593180055
2944 0.001960085047015512
2954 0.0023352797841161917
2972 0.004156733214692084
2988 0.002496641326839246
3010 0.003833036047310316
3034 0.0030174156443090066
3168 0.006838641009499387
3225 0.0013376107686036448
3306 0.0013775358599515057
3320 0.0019268162564037544
3400 0.002464051681691394
3418 0.0019187112584165204
3464 0.0009455318237854629
3489 0.002040432340922508
3526 0.005033794344691463
3599 0.0016420700064299614
3604 0.000881447599522104
3608 0.005033794344691463
3627 0.0012668494500771585
3648 0.002206921008159709
3653 0.0010915623454090802
3675 0.0021193444742714255
3680 0.0021090432288339276
3690 0.0018717368016658068
3695 0.002279547003166462
3733 0.001849246992075712
3760 0.001738956680172614
3819 0.002104950363316278
3872 0.0015012824412289595
3882 0.003937246950816919
3884 0.0027632808428158496
3926 0.0018202134126947711
3946 0.0033737024568386256
3970 0.007640936417863561
3974 0.0016593631470950925
3997 0.002206921008159709
3999 0.006167964276318177
4005 0.0015109010569158655
4105 0.001636387879633745
4109 0.002820338494221013
4148 0.0026224821001036795
4195 0.0026624071914515403
4203 0.0019027440172674534
4221 0.0028753978543765114
4226 0.0017853460614521608
4296 0.011968804519156018
4321 0.0031566081331658416
4335 0.0027957723884159003
4349 0.0013454376493803753
4382 0.0007081573112098834
4388 0.004302286975809041
4461 0.0019432773642216337
4482 0.0015206369756841532
4485 0.003989601506385339
4534 0.0018627196330280858
4573 0.002195433969047574
4592 0.0024175335470135073
4600 0.005033794344691463
4700 0.0006022185480421803
4719 0.0018793764335980822
4724 0.001491778335592764
4764 0.002603244170548229
4783 0.005033794344691463
4798 0.001636387879633745
4800 0.002726308122075092
4811 0.0017785516762316392
4819 0.0014823860455587929
4830 0.0013734522937861417
4834 0.0023455627309066176
4835 0.0008495564291063887
4855 0.00554387941960986
4915 0.0021435591398790226
4973 0.0015338238831244188
4974 0.002387962186915245
5013 0.0017651339579568242
5017 0.00531943951264132
5066 0.0021090432288339276
5114 0.004710097177309696
5163 0.001834870016122292
5171 0.005547740976227136
5172 0.0012319820988345484
5178 0.0030456382924574483
5181 0.001799110806659054
5199 0.0017454209701043
5223 0.00037682613142390537
5255 0.0009796122918589432
5280 0.003833036047310316
5291 0.0044608063105709955
5344 0.004302286975809041
5365 0.0029559749173109374
5380 0.0004163616958332382
5381 0.005646731915394715
5382 0.0036728335184152794
5386 0.0018870898795422147
5390 0.0044804303820738505
5435 0.0011728190779312373
5474 0.0020498802079306168
5638 0.003927066419456238
5703 0.0006534319640158549
5732 0.0023184979205744367
5776 0.002387962186915245
5811 0.0008618955501732346
5837 0.002926941337929996
5843 0.004710097177309696
5855 0.0011759933781159907
5859 0.0010915623454090802
5897 0.0007971201972291429
5910 0.0010915623454090802
5912 0.0012251877136140266
5929 0.002464051681691394
5973 0.004156733214692084
5985 0.0005059521815915559
6001 0.0005673379476282132
6107 0.0011823800957360309
6115 0.0017261830405488495
6152 0.004302286975809041
6154 0.0023594471755581724
6223 0.00169511548441245
6293 0.00145035683247655
6309 0.002496641326839246
6349 0.004713544237271352
6357 0.0011030908554152104
6367 0.0020498802079306168
6388 0.0031319610233076253
6402 0.003236508305557552
6410 0.0017325443128089718
6430 0.0019054266010003708
6459 0.002548164715810282
6507 0.0014548545088498722
6517 0.0016085684988818016
6526 0.00289892669352423
6547 0.002926941337929996
6708 0.0026624071914515403
6761 0.0048883108418134175
6764 0.00476822802994675
6824 0.015958406025541355
6834 0.00044385013867452393
6852 0.002088831125338591
6886 0.0008407183019566699
6895 0.0015157541748684546
6921 0.001540472417014128
6930 0.002901819039199622
6932 0.001960085047015512
6935 0.0016711035858109026
6968 0.0017261830405488495
6996 0.002569742663000069
7004 0.0014370138682113101
7074 0.00271124676721497
7076 0.0035394683214509197
7091 0.003236508305557552
7140 0.0010152127641524828
7181 0.002088831125338591
7193 0.003236508305557552
7224 0.0027044345498329816
7247 0.005972208717666614
7252 0.001259753088288118
7303 0.0019350043840255372
7311 0.002206921008159709
7370 0.0015354671627209786
7376 0.0031566081331658416
7383 0.002566105593180055
7407 0.0010973057906464865
7417 0.0034803053005476084
7470 0.0012921955612639844
7484 0.0023418825969049794
7492 0.0037587528671961645
7495 0.003503876060666871
7512 0.002926941337929996
7582 0.0025844589404348355
7586 0.0034252258458096615
7606 0.0029559749173109374
7666 0.0017073978104354562
7725 0.0032502870651142475
7729 0.002726308122075092
7749 0.0034803053005476084
7799 0.0034252258458096615
7811 0.0035394683214509197
7816 0.0027044345498329816
7828 0.0025844589404348355
7840 0.001738956680172614
7904 0.0040011777507738076
7988 0.002569742663000069
8011 0.0013035616085725172
8049 0.004156733214692084
8063 0.0030839821381590886
8068 0.0036728335184152794
8115 0.0029559749173109374
8123 0.002387962186915245
8125 0.004259560760644654
8127 0.0036728335184152794
8145 0.00029787274504846153
8187 0.01061027922407918
8209 0.0033253036724225425
8213 0.0031566081331658416
8235 0.007881506545703257
8350 0.0032238325256572714
8445 0.0009527133005001854
8448 0.0006718237509964142
8488 0.0020594412257354104
8520 0.0023735773753123836
8531 0.0056381293007942476
8565 0.006915905978853144
8572 0.0015556792662163152
8622 0.0016652117845697052
8627 0.0020691181374860672
8639 0.0010634490375360096
8660 0.004238688948542851
8664 0.002621611243556565
8671 0.0034908419402086
8679 0.0014448911505627483
8695 0.0014548545088498722
8697 0.0023527404179580977
8698 0.0022545969899508854
8704 0.004710097177309696
8724 0.001719872055551802
8758 0.0016085684988818016
8796 0.0040336692631652215
8814 0.0007260579590226076
8815 0.001636387879633745
8824 0.0024175335470135073
8830 0.0019106877190737817
8838 0.0030500052894568584
8872 0.00460378202275651
8873 0.015366580293919107
8880 0.001960085047015512
