39
52 0.01855525073250981
238 0.02308875765397473
882 0.027808943816024865
1058 0.027808943816024865
1065 0.029493651178740286
1109 0.029493651178740286
1208 0.0607076707428256
2031 0.020904452507226903
2064 0.03058200272017393
2081 0.04339178976970505
2100 0.04668757615238043
2407 0.03456256960011317
2495 0.0497966832944706
2580 0.03208372770497621
3474 0.024062321282925264
3506 0.017321379520218602
3872 0.01737654570273519
3926 0.021068002053318203
4372 0.07545201847307673
4835 0.0032777212583962796
5032 0.01310996266466658
5052 0.02429334101884459
5171 0.021404050291259306
5380 0.004819165160282587
5625 0.02683538018707433
5890 0.13119512182896276
6381 0.020985865440270583
6444 0.024177109195408372
6728 0.016331330056162514
6834 0.01027465852931664
6920 0.014025593137543214
7004 0.01663267115546708
7148 0.03746086208985762
7265 0.03355353449525917
8073 0.026239024365792552
8145 0.0034477185809864484
8146 0.023948941846647243
8235 0.00912242459757994
8679 0.008361923254320586
