102
276 0.003402809175287755
277 0.0038921496599234077
521 0.008721518091290516
537 0.012176699530605009
575 0.006242548319017808
708 0.006828866443515617
821 0.00795228270821836
1164 0.005965177692427865
1207 0.00889155576825447
1468 0.01349184928235535
1498 0.012286130359856066
1612 0.013628530352716014
1734 0.014788276667622665
1894 0.008147435670404482
1912 0.010309931981602327
1921 0.000518755685581427
1940 0.005675648126019401
1941 0.009734133035978424
2062 0.013973496176375461
2084 0.008114133173629814
2117 0.00475003997707079
2387 0.01302757230558809
2691 0.012762304404898015
2713 0.006147589652115878
2732 0.02527390615609393
2738 0.0053635090419364515
2743 0.005319033823539637
2745 0.020335657654416466
2784 0.015357652569365264
2829 0.005860191456445682
3033 0.011407572443239481
3051 0.008048478205645767
3073 0.019344080379747417
3133 0.017379864238507438
3214 0.019344080379747417
3286 0.03237165268533551
3418 0.008283959718877675
3481 0.010373177455183877
3604 0.007611230065714675
3624 0.010126874012803173
3701 0.01132246240044763
3703 0.00928716190035842
4187 0.043466414658923105
4248 0.010284740380034966
4364 0.004969161548372105
4403 0.004916336275288724
4433 0.004532276101301427
4504 0.005516046392785924
4566 0.009787572580890871
4567 0.006851768731114729
4660 0.004675912784577588
4835 0.0012226420567033741
5013 0.007620895818480257
5069 0.012286130359856066
5163 0.003960989241152884
5172 0.005319033823539637
5177 0.019056587752998122
5229 0.003488341643670232
5291 0.028889031344650255
5343 0.04067131530883293
5703 0.0028211665747986114
5833 0.009578612749761118
5897 0.0011471782732609885
5988 0.005516046392785924
6058 0.007797692601902099
6122 0.010779149855559918
6312 0.017946530704702326
6435 0.010309931981602327
6526 0.01251600096251731
6537 0.00530433537225715
6748 0.016185826342667756
6754 0.008390022905845784
6761 0.0014070058719293647
6764 0.01029331765194854
6832 0.007920805031888191
6834 0.001916305360626516
6842 0.012070636343636901
6886 0.003629767906860543
6996 0.011094761973587601
7272 0.01695495343003328
7322 0.002701937419366018
7553 0.008975627780138789
7584 0.015281514022772225
7702 0.008081149365922214
7842 0.018390484553894377
7904 0.005758308720690347
8011 0.008442113274564872
8033 0.0042835479091883595
8061 0.008114133173629814
8345 0.02633655361054811
8448 0.00580114477050872
8531 0.008114133173629814
8561 0.012176699530605009
8565 0.009953049874328334
8570 0.011676288850072556
8639 0.009182798038406178
8679 0.006238260205604247
8739 0.006261858070374946
8801 0.008048478205645767
8820 0.005049949190478724
8830 0.00824931840615982
8872 0.004969161548372105
