54
277 0.014423848739716158
406 0.04105768949088088
423 0.011322076102326776
521 0.016160459992685366
569 0.018547983364595493
1366 0.016710649002708727
1379 0.041651906728771664
1380 0.019220887637546598
1468 0.00833320102733713
1799 0.014853387374866581
2041 0.043950473401156535
2388 0.010577468133310047
3342 0.030443904276279254
3827 0.017843225242283982
3872 0.012010259529831676
4004 0.0314165313556499
4333 0.01063887902528264
4578 0.005122538633134834
4651 0.023415530703439966
4886 0.013464154091309579
5229 0.006463691869153665
5328 0.03917188067877061
5429 0.026989619654709005
5435 0.009382552623449898
5695 0.04135134304695737
5727 0.017843225242283982
5811 0.006895164401385876
5912 0.009801501708912213
5954 0.021810464976600736
6047 0.02276547684326271
6095 0.015414530051230035
6388 0.012527844093230501
6469 0.006120071011444657
6482 0.016954755794171404
6685 0.016399041663444934
6834 0.007101602218792383
7042 0.027842442404380868
7346 0.014973894413326454
7484 0.0037470121550479667
7729 0.021810464976600736
7851 0.033262620596984926
7886 0.024139325154472053
7904 0.02133961467079364
8011 0.005214246434290069
8129 0.01747287897730973
8135 0.015958406025541355
8202 0.05320485875876068
8329 0.035843443056590804
8438 0.011053123371263398
8448 0.005374590007971314
8484 0.01971241345353115
8653 0.014392886453272432
8664 0.01048644497422626
8697 0.00627397444788826
