93
68 0.0023680797075802534
141 0.009183082186885764
726 0.00468087531773754
751 0.008484366765520448
836 0.019978312523345695
872 0.009633240715604048
969 0.007697078475889953
1055 0.03393746706208179
1102 0.020879075926373253
1110 0.007221734648203996
1315 0.01443164359199433
1411 0.009941718496749696
1468 0.004644734998843646
1510 0.006802451677323822
1851 0.017091570571613215
1918 0.020558758756809348
1941 0.01005328493879739
2025 0.012469844561037838
2117 0.004905778992712455
2492 0.0018675337156192119
2780 0.007076416886233245
3160 0.007697078475889953
3222 0.019997871862856863
3229 0.006856357990181999
3234 0.01880851666369929
3413 0.007197099319189855
3835 0.008628216269753216
3840 0.00787076125515174
3976 0.016067482566627152
4108 0.0070527637039587525
4288 0.017986197370179348
4350 0.010338220236004047
4468 0.012241841194169416
4482 0.006780545203050651
4853 0.022884613814589342
4875 0.014624111590760911
5081 0.023176330479542966
5223 0.0016802738974967585
5229 0.0036027135008397486
5255 0.004368107268616928
5277 0.015518738389327042
5431 0.00470517432563704
5437 0.013751526911135608
5670 0.00949672563028972
5833 0.009892665626802466
5873 0.009591659011845582
5985 0.004512098144029614
5988 0.005696900372877266
6051 0.010458902668960655
6058 0.00805335465442348
6059 0.012926361649812961
6122 0.01113256460492254
6178 0.011284067930283305
6469 0.003411187121133088
6477 0.01574152251030348
6507 0.012974440210070992
6596 0.005601543131008316
6607 0.01091675363178853
6761 0.0014531372119926226
6764 0.005315401738301296
6834 0.003958270089162968
6966 0.009738981725057884
7074 0.004029831260559956
7317 0.013909765888146975
7370 0.006846673250165676
7484 0.0020884985782234572
7555 0.012069148553371285
7591 0.00905668580272598
7734 0.04200480105666352
7863 0.006630862277031666
7903 0.010777001255758506
7904 0.011894211455852193
7996 0.006672990470903888
8056 0.012059117992697887
8082 0.012156652609908607
8104 0.010647962538376176
8150 0.008628216269753216
8187 0.006758772714167536
8287 0.01751085354249339
8448 0.002995673119197126
8450 0.011871717312701952
8567 0.013454705823804095
8586 0.02091780533792131
8604 0.01005328493879739
8605 0.011284067930283305
8664 0.0058449037561261125
8667 0.008245822653190061
8679 0.006442793327099469
8697 0.0034969693643967354
8764 0.004779082672517165
8775 0.04581941459312596
8866 0.015782547269420494
8867 0.002811948610186927
