183
139 0.003637559016591669
158 0.0005748605969090114
163 0.0029512498114385413
164 0.00602266050568221
171 0.015159753248849701
266 0.01025612031277961
386 0.004046339800955219
423 0.0028835249998435232
467 0.009128667145498781
474 0.004836052779662685
494 0.00360998935499478
523 0.00899299646770698
569 0.004723830969260275
575 0.0029459216786376177
626 0.004427271995299134
682 0.00410086684279389
855 0.003159230212610125
961 0.004176534955484102
1079 0.009596602488601029
1102 0.003180083973804665
1131 0.005963505946943512
1155 0.009128667145498781
1156 0.06362078812979158
1157 0.007483226344636375
1175 0.006873760810937125
1193 0.0034290729520938252
1222 0.004956594664948831
1231 0.00821841228150517
1253 0.0029920032617735486
1309 0.00276548360865976
1333 0.0032998188280183053
1364 0.004494991950156364
1388 0.005797949158583762
1390 0.00216672762703966
1411 0.002271328944950305
1516 0.0030394285189605376
1568 0.0033111538640864246
1627 0.005466780983368265
1648 0.011675546534697562
1741 0.005265714095867231
1749 0.008314570737541906
1933 0.007211500999510488
2025 0.0028489157985891692
2084 0.003829141497668003
2117 0.0022415918992918335
2373 0.0028661283517320496
2438 0.001836744783334642
2492 0.000853330012380314
2505 0.004836052779662685
2638 0.005020389943221417
2666 0.0027900670150357463
2672 0.004956594664948831
2738 0.0025310941546216963
2764 0.004318065146081107
2902 0.005819947786110171
2903 0.0050532510829499
2933 0.007090959114224341
2934 0.009128667145498781
3050 0.0026403010038397235
3079 0.006594234150649094
3149 0.002538150873252975
3227 0.003048365745254029
3229 0.001566433847944202
3234 0.017188307363081
3268 0.003441349018615308
3464 0.005779430473475189
3565 0.007341696154039372
3629 0.008765708295281343
3653 0.0022240071756649423
3663 0.019115897012931832
3733 0.003767754171120552
3747 0.007809631497141618
3970 0.006672021526994827
4047 0.005510158783180307
4069 0.013957474607643865
4105 0.003334063694834297
4136 0.004404836176238507
4221 0.001464622128071931
4311 0.01025612031277961
4349 0.005482532443917035
4367 0.0053431845035820285
4384 0.005647697386269221
4454 0.0012301535587298182
4457 0.0069787373038219325
4468 0.00186455009449272
4504 0.002603078073000099
4567 0.003233418951762007
4573 0.013419281788335733
4592 0.004925611421630517
4634 0.007090959114224341
4660 0.0022066105275534687
4668 0.007211500999510488
4693 0.00643144129004576
4798 0.003334063694834297
4811 0.0036237157747940514
4822 0.008703329170411243
4834 0.004778974253232958
4889 0.006594234150649094
4951 0.011440728315799988
4978 0.013419281788335733
5017 0.0027095272423940803
5032 0.0023077462368514203
5163 0.0056076926335422855
5178 0.002068448478273223
5218 0.002389563964024693
5223 0.0007677656011033878
5255 0.0019959141826639145
5317 0.005466780983368265
5320 0.0055547251625799625
5329 0.008765708295281343
5381 0.0012783279908342592
5510 0.0029826819119469763
5556 0.014421789477569053
5617 0.0045688021858961364
5637 0.003441349018615308
5649 0.005466780983368265
5703 0.001331337035298221
5722 0.009596602488601029
5776 0.004865361159857279
5787 0.01771928226154136
5807 0.0026403010038397235
5812 0.01720674509307654
5833 0.004520244218988393
5912 0.002496262607513223
5985 0.001030853883092908
6043 0.006594234150649094
6107 0.002409044090188767
6194 0.0035694917172336663
6199 0.007809631497141618
6219 0.003159230212610125
6221 0.007809631497141618
6285 0.005647697386269221
6328 0.003466182647450563
6346 0.004176534955484102
6414 0.00320120857063123
6430 0.0019411087470865202
6466 0.005228320010074719
6477 0.0035963778019794473
6508 0.0020737554033504013
6648 0.030520738916866286
6707 0.0026403010038397235
6756 0.005303988122764932
6761 0.0026559211964509357
6962 0.00475116894207488
6963 0.0034914013090946395
6993 0.0031957323030442075
6996 0.002617865184779097
7135 0.01374752162187425
7138 0.005647697386269221
7186 0.009596602488601029
7322 0.002550143182322984
7340 0.005020389943221417
7347 0.0026938870152250303
7411 0.005963505946943512
7444 0.014596083479571835
7452 0.004339327816087438
7484 0.0038171809219964305
7503 0.003233418951762007
7757 0.006510801960719685
7761 0.0059064274205137875
7892 0.0023138958513344797
7988 0.002617865184779097
8004 0.01025612031277961
8009 0.0084691493213202
8043 0.006672021526994827
8062 0.005250618918138819
8090 0.01286288258009152
8096 0.005121034686293707
8100 0.010312032116064143
8123 0.004865361159857279
8145 0.0012138035453660156
8167 0.009187271629462783
8205 0.0017044303176352296
8212 0.008001213978217953
8414 0.0059064274205137875
8445 0.0019411087470865202
8572 0.0031696236734894217
8575 0.009128667145498781
8601 0.002798344748388244
8695 0.00889259385184641
8723 0.007227132270566301
8762 0.023191796634335047
8838 0.006214242986758544
