40
17 0.02549836120529052
46 0.035903219098425754
94 0.03422271732971845
459 0.0186700384303055
537 0.036530098591815025
652 0.035312181390686904
861 0.015524387924700183
1193 0.02179910662402503
1881 0.02014975049575418
1955 0.023952151516409222
1972 0.027055336480576033
2084 0.024342399520889447
2161 0.02680000635220049
2238 0.026550829359863224
2416 0.01833098035614811
2495 0.05572485987714568
2674 0.022691768773842592
2684 0.016454982288761345
3263 0.039504830415822166
3943 0.016316801905446102
4221 0.009310812099885846
4282 0.061859591889613964
4975 0.02814480054154449
5330 0.031509780370031854
5721 0.044364830002868
6349 0.020350540199012817
6728 0.01827553601522948
6729 0.0202162481191868
6764 0.01543997647792281
6784 0.045844542068316674
6806 0.035312181390686904
6834 0.005748916081879548
6849 0.02572316016321532
6875 0.04307059994756817
6886 0.021778607441163257
7628 0.016737009174466844
7635 0.029525561183870362
7840 0.022523629381283383
8054 0.033967387201342895
8307 0.04088559105814804
