123
102 0.00701074818180614
141 0.006438712797701513
143 0.009535648721060523
297 0.008388681164134063
401 0.00560319614913344
459 0.004506561000418569
488 0.009990713353518138
549 0.006952243852206189
708 0.004945041217718205
726 0.006563986077746895
858 0.005539466424043714
872 0.013508682382801078
912 0.015737839790299746
918 0.006530598460828698
1018 0.023967489767089793
1139 0.0059147884559104325
1172 0.004649225274700363
1237 0.011720770799862858
1286 0.00775412666176795
1390 0.0033248061863194785
1422 0.007911817744221627
1496 0.0034127006661065495
1543 0.013450828246207577
1565 0.008666294265137252
1651 0.01054766745126559
1712 0.0024518980600942626
1777 0.00659379032463021
1847 0.0033334576518213002
2027 0.013450828246207577
2059 0.012277724897610308
2122 0.005758549547330537
2150 0.011848436177174937
2177 0.007805591274715804
2178 0.011265706167405243
2255 0.007966675893108009
2619 0.005299671399542372
2639 0.008260655907173418
2663 0.010253687437200178
2684 0.031775138212780524
2717 0.004548510648358222
2730 0.011720770799862858
2771 0.045348766698515744
2780 0.004961625632876184
2784 0.005560529378563286
3034 0.009433759255770688
3212 0.006658623717789344
3213 0.004098150909467734
3418 0.0059987294516010755
3656 0.007246910147403351
3733 0.005781553814305674
3970 0.013650802664426198
4003 0.006658623717789344
4248 0.0024825235400084402
4287 0.006292709465666486
4330 0.001882798219166357
4350 0.007248637176968354
4357 0.007654275534932188
4366 0.011983744883544896
4504 0.0039943784223622205
4517 0.005973644363081248
4519 0.00775412666176795
4534 0.0029118375872622952
4573 0.006863885512424599
4677 0.0009279722272813156
4764 0.008138878326311706
4801 0.010880954502861489
4835 0.0017707229786738522
5010 0.015737839790299746
5177 0.013799598028033124
5180 0.00701074818180614
5199 0.005456948320326087
5229 0.002526040500588789
5308 0.00679357254451074
5373 0.014725821060094681
5381 0.003923144523594796
5435 0.003666744703417201
5456 0.004562652019321766
5617 0.00701074818180614
5627 0.008199024496875871
5642 0.011983744883544896
5730 0.004663950658404963
5740 0.013123988826272363
5811 0.0026946619499668943
5818 0.01812662208364576
5863 0.010158017428565105
5912 0.003830471932218566
5939 0.009095357899952807
5985 0.004745482530789766
6021 0.011983744883544896
6096 0.008978694623313072
6417 0.012277724897610308
6469 0.002391751889530096
6654 0.0072905868249080056
6695 0.009335866501179995
6832 0.005735755367919035
6834 0.005550677596297494
6909 0.004576873968332429
7035 0.009150897056516769
7101 0.007858139432416205
7484 0.0014643495778348377
7665 0.006128081986071485
7692 0.010253687437200178
7712 0.014007782343955028
7903 0.0037781441183980962
7923 0.0055185797306236345
7934 0.008896853019206117
7961 0.005098423993063682
8011 0.002037751480067383
8043 0.0034127006661065495
8095 0.021761909005722977
8145 0.0009312803063584084
8148 0.011720770799862858
8205 0.0026154189356816454
8235 0.004928206391796059
8350 0.002519777146490741
8664 0.004098150909467734
8697 0.0024518980600942626
8706 0.011720770799862858
8758 0.01005817544128391
8814 0.006809922926005148
8822 0.009752824358355925
8872 0.014393433450457134
8873 0.010676142630768829
