105
2 0.01799789112267839
32 0.009499632862138856
70 0.006964959104150132
74 0.008198238624833182
82 0.020074295376070438
168 0.008724500622769844
277 0.003313586872637496
373 0.01189635485286019
393 0.009116338102348806
480 0.0041412355257537965
521 0.00742507621285544
709 0.010459813684742327
757 0.01953784779291094
830 0.013009937613981759
858 0.006512615930970313
861 0.004405569546198701
1002 0.011210830253138725
1107 0.01160266773271769
1131 0.010758487079958905
1390 0.003908893759591819
1468 0.011486304118761989
1568 0.011947001104203723
1648 0.005265829264804476
1712 0.0028826369084892006
1763 0.009568681275528627
1847 0.003919065077141258
1956 0.010695146659653116
1958 0.009301731672260562
2117 0.008087905906904318
2238 0.007534694818339564
2277 0.008332663143190878
2743 0.0045283666335540155
3149 0.013736884118078602
3229 0.005651862667582459
3342 0.0069938699013073966
3418 0.00705256030120667
3464 0.0034754683252654853
3477 0.009472400345561247
3563 0.0064880599535710294
3604 0.003239915500946112
3789 0.009940624291277986
3796 0.008425827227553266
3908 0.012400636057569003
4105 0.012029662250280503
4517 0.0070230683728117384
4534 0.0034233766228624284
4677 0.0010909943753172225
4719 0.006907978242414573
4853 0.00943217191006723
5172 0.0045283666335540155
5229 0.002969804372313847
5431 0.003878589646808911
5637 0.0062083796484478865
5702 0.006368270987622167
5727 0.008198238624833182
5842 0.008724500622769844
5897 0.0029299553195449575
6034 0.00693633036804706
6131 0.011745838672379433
6161 0.004790542877209097
6310 0.006907978242414573
6378 0.012879112006775526
6410 0.012736541975244334
6411 0.009639393665245957
6444 0.007677865758001307
6477 0.0064880599535710294
6601 0.023601747076711563
6686 0.011745838672379433
6755 0.01850259542913619
6761 0.001197856350426351
6764 0.00876322989287511
6834 0.0016314491583712231
6886 0.0030902078125974895
6963 0.01889603005800545
6969 0.007752158895173356
6973 0.0036936062847925653
7074 0.006643775862004251
7252 0.004630443783977948
7256 0.01850259542913619
7303 0.007112448546688461
7377 0.007987037991519383
7521 0.005756036475268069
7555 0.0049744463632138405
7660 0.012055010905897508
7702 0.006879897433149994
7814 0.01850259542913619
7904 0.014707031732573995
7944 0.00920917935372545
7961 0.017982279218778666
8033 0.010940412903197298
8054 0.009639393665245957
8062 0.0047362001727806234
8167 0.008287167314414066
8235 0.002896986189772008
8395 0.014088997363086568
8445 0.007003730209082445
8448 0.004938812439757424
8567 0.011091041287189862
8639 0.011726681278775459
8660 0.007790022932457131
8720 0.009366227063518875
8726 0.02755965025913699
8803 0.009639393665245957
8872 0.016922009597159064
8907 0.024110021811795015
