242
10 0.0037825108627583546
17 0.0028182399226900053
24 0.0034826599356351
32 0.0036998570094646066
46 0.003968250531931268
53 0.0071769501369562975
82 0.003909204889024243
84 0.004903481210843305
124 0.0072455594078661215
130 0.0027819549635172865
225 0.0010112518009598817
277 0.0077433293234265696
303 0.00427484413475084
334 0.002169921766127472
378 0.001865790383755122
393 0.007101147574461175
401 0.002565674026182154
405 0.005587844809933102
423 0.00405211144714853
446 0.002358945576110637
462 0.0052579511421524
488 0.0045746950618740945
520 0.004903481210843305
521 0.00867561536449425
621 0.002605779201331462
668 0.002026055723574265
687 0.01013405666773316
693 0.0045746950618740945
709 0.004073822171952275
726 0.0015028073388525785
785 0.0042847623023698645
821 0.0026368095295671405
858 0.010145970081932697
861 0.003431706804407409
872 0.006185554564756284
892 0.006921780260922885
918 0.008970979990927844
1035 0.0036735827439209204
1054 0.0045746950618740945
1139 0.0027083505034958297
1164 0.0019779273401208186
1183 0.005158507560864506
1193 0.0024093749426553983
1268 0.0019779273401208186
1364 0.0015791616456470382
1417 0.0015067013126895464
1463 0.0053668792609898345
1468 0.01192963515492473
1473 0.0029076728103488666
1564 0.0035982006874747887
1572 0.003159381653786531
1625 0.0045746950618740945
1656 0.0067428759590959855
1728 0.002392316712318766
1741 0.0036998570094646066
1803 0.004518933748532152
1807 0.004695109510717976
1881 0.011135388431864152
1958 0.0036227797039330607
1972 0.0029903266636426146
2058 0.009900665401305554
2067 0.0059506917599802455
2075 0.003596780326226392
2076 0.004231711460571447
2091 0.003338321335615771
2092 0.0027701115392365586
2093 0.004903481210843305
2117 0.0015750132555550514
2148 0.001972051336351629
2150 0.0027126682826689986
2158 0.004366323361748766
2211 0.004150042424413635
2238 0.0029345653503006722
2255 0.010943696884743106
2327 0.004366323361748766
2372 0.0010629746641084871
2373 0.0020138322892433082
2388 0.0018928100870133765
2389 0.0034185563938997194
2465 0.002565674026182154
2505 0.003397963400447202
2525 0.0018928100870133765
2619 0.0024266916408430864
2659 0.0036998570094646066
2681 0.0035982006874747887
2684 0.005456125706273499
2733 0.003935121249541741
2738 0.001778426682326297
2771 0.005191240398382723
2785 0.003281637972836535
2832 0.0032633514992698822
2833 0.0034826599356351
2884 0.005487293709833716
2954 0.001114379125051937
3034 0.030237680982970253
3117 0.004829721411895296
3133 0.0028813985448051804
3136 0.005337411862691405
3149 0.0017833849556803797
3189 0.004111297011727565
3212 0.003048948754987752
3213 0.0018765217322299623
3269 0.004111297011727565
3306 0.001972051336351629
3342 0.0027239282773513017
3361 0.011901383519960491
3382 0.0025364925204831744
3418 0.005493573287255722
3541 0.0033578582252978945
3599 0.002350752851310261
3604 0.0012618618266842753
3656 0.00442442935315152
3733 0.005294686124679934
3786 0.002358945576110637
3882 0.0028182399226900053
3898 0.00822259402345513
3901 0.002435449386498159
3902 0.0028430861233027464
3929 0.0036735827439209204
3954 0.002526928613496085
3970 0.007813288367138679
3997 0.003159381653786531
4221 0.0010290897584084356
4226 0.002555863835342041
4296 0.005711429524930591
4333 0.0019037994045242616
4357 0.007009704963569477
4382 0.0020275661963061924
4383 0.0014422432245838539
4393 0.0019546024445121213
4399 0.0029670680571142498
4451 0.004633317153219232
4468 0.001310091776919885
4485 0.0028557147624652954
4493 0.0016345074417273464
4504 0.0018290048565553327
4547 0.0017883648337796028
4573 0.0031429370504260008
4677 0.0008498271976155207
4835 0.00040540236617006613
4852 0.00656327594567307
4855 0.003968250531931268
4909 0.004396284929053749
4973 0.0010978949900258997
4974 0.006837112787799439
5045 0.002358945576110637
5054 0.005774515997794422
5059 0.004633317153219232
5067 0.0037267495494164122
5172 0.007054718544905203
5178 0.0014533572202603962
5229 0.0011566606502696032
5296 0.004829721411895296
5367 0.0031760663328155286
5381 0.007185548916899941
5422 0.0061590634601055745
5456 0.0020892143456894404
5467 0.0072455594078661215
5474 0.0029345653503006722
5560 0.004190147599562942
5637 0.0024180004946586504
5767 0.004319668711852893
5768 0.0059506917599802455
5807 0.0018551588632242269
5823 0.0021423811511849323
5863 0.003100868478193558
5897 0.00038038016429180145
5912 0.0035079058747685813
5946 0.004111297011727565
5976 0.0024531688145480756
5985 0.0014486209830831915
6095 0.0027583895881148485
6230 0.0017491204557000875
6293 0.002076300307545377
6349 0.0022492702325224694
6372 0.003902925311602237
6388 0.00672547419741848
6389 0.003902925311602237
6469 0.0010951706020479912
6517 0.0023027927983992106
6537 0.0017588059392221079
6754 0.0027819549635172865
6761 0.006998002889332893
6764 0.006826094863923769
6775 0.011523398862310475
6824 0.008567144287395887
6832 0.002626372194783979
6834 0.0012708130286260054
6849 0.0028430861233027464
6895 0.004339843532254944
6976 0.006755469807913925
6996 0.0018393947482526812
7004 0.00205719880080777
7035 0.004190147599562942
7074 0.0038813637930656415
7081 0.0029621059652432118
7158 0.0034826599356351
7193 0.004633317153219232
7252 0.0036068720001512433
7314 0.005621905611011035
7332 0.00446576694303666
7356 0.004037537212779556
7358 0.004633317153219232
7383 0.0036735827439209204
7559 0.003192998201250818
7570 0.0059506917599802455
7606 0.004231711460571447
7665 0.0028060164883590487
7666 0.0024442747602023375
7725 0.004653042535321449
7811 0.00506702833386658
7846 0.004903481210843305
7863 0.0021288557836785875
7887 0.0018551588632242269
7904 0.0019093339442289045
7988 0.007357578993010725
8011 0.000933075677715065
8028 0.005774515997794422
8043 0.0031253153468554715
8055 0.0006990201952498515
8062 0.0018446253304514007
8073 0.0032453530136638156
8105 0.01013405666773316
8361 0.0052579511421524
8445 0.0027277686077478995
8572 0.00445415537274566
8640 0.0008665704054324233
8664 0.0018765217322299623
8667 0.002647343062339967
8673 0.007206274009242516
8695 0.0020827390863535013
8697 0.0011227112169905308
8747 0.0027701115392365586
8773 0.004633317153219232
8782 0.002026055723574265
8800 0.0028305955048173207
8803 0.0037542901643589513
8814 0.002078818577412098
8830 0.0027353003136214135
8872 0.0016476693555128562
8873 0.02688702236222571
8877 0.0053668792609898345
