200
109 0.004131091493724861
164 0.006257005272440272
277 0.0019082134519468848
314 0.007250283502414225
334 0.003208444634741009
386 0.004203784929397057
474 0.005024226039571739
544 0.006942185268765879
575 0.003060548981308342
595 0.009970011145745038
626 0.004599539388112329
682 0.004260433646015442
751 0.008055196462206184
807 0.004671459254625999
849 0.005054674823664955
855 0.0032821574582369783
886 0.005818467217221251
918 0.004421494677759508
965 0.004825188987247297
1041 0.003722290851594113
1102 0.003303822649828193
1131 0.01858664693969554
1155 0.009483868201743871
1156 0.042490481899913606
1157 0.007774402466995767
1175 0.021423666963270964
1193 0.0035624999152103166
1222 0.005149458270588864
1253 0.0031084236221538422
1333 0.0034282164477855543
1364 0.004669894360668284
1411 0.0070791225093587325
1417 0.002227807388412559
1496 0.00462108883970848
1749 0.008638094890753654
1912 0.005054674823664955
1913 0.010655191142070647
1933 0.007492104151242414
1944 0.010655191142070647
1959 0.004061396593691
2084 0.003978135330262088
2117 0.0023288133739724497
2312 0.007366871920225288
2334 0.010655191142070647
2438 0.0019082134519468848
2478 0.004696129208054089
2588 0.004260433646015442
2595 0.019940022291490077
2611 0.002774623572947026
2721 0.005182272152055256
2738 0.005259160616996054
2748 0.007141222321090321
2827 0.0055928176180862835
2829 0.002873089974755471
2876 0.005182272152055256
2903 0.005249875638706706
2933 0.007366871920225288
3051 0.003945946513273801
3149 0.002636911607620795
3222 0.004746576590016609
3227 0.001583489599188377
3234 0.03124994791984279
3254 0.007492104151242414
3302 0.0034879350930818757
3320 0.004078552698379931
3331 0.007366871920225288
3386 0.006603079526668992
3394 0.002615012444163884
3437 0.008538194860552064
3464 0.0020014370122151434
3512 0.0021001052006137484
3564 0.004936039328926043
3582 0.008088825830164492
3624 0.004964926558806225
3636 0.007935463498739834
3663 0.004964926558806225
3828 0.00607896056208745
3840 0.0037363146814339003
3970 0.00462108883970848
4061 0.00455323890834693
4069 0.007250283502414225
4094 0.0074167648910613915
4105 0.0034637937996916624
4108 0.003348004559855906
4170 0.005470605694928212
4297 0.003303822649828193
4382 0.001498978899992905
4383 0.0021324997095014185
4399 0.00438710452024675
4437 0.003914359391786721
4458 0.0034879350930818757
4485 0.004222457625435067
4541 0.009483868201743871
4547 0.002644274851502915
4559 0.0076273652650914875
4567 0.003359232918756638
4573 0.009294288553788952
4655 0.0052847193844379374
4677 0.0006282769165250931
4693 0.013363383847799361
4703 0.009970011145745038
4706 0.004879705385857472
4713 0.0029420735037843874
4782 0.00607896056208745
4822 0.003013993370298057
4830 0.002907229758053156
4834 0.004964926558806225
4978 0.013941432830683428
4979 0.008798688205418263
5017 0.0028149563179736166
5070 0.03050946106036595
5163 0.003883927193659638
5178 0.00214893285485973
5218 0.002482543106593747
5223 0.0007976397490062434
5255 0.002073576213117763
5317 0.005679496196728899
5320 0.005770862328439105
5329 0.00910678643906661
5380 0.0008813259242540139
5381 0.001328068379582674
5399 0.008113508209092653
5571 0.004671459254625999
5637 0.0035752536496898336
5645 0.0026740529224310297
5821 0.006850819137055674
5823 0.0031677231029193552
5912 0.0025933934482724923
5949 0.006764140558413058
5958 0.009483868201743871
5985 0.0021419298582553026
6034 0.003994462624400641
6039 0.004044412915082246
6107 0.002502781214320626
6148 0.008798688205418263
6169 0.007492104151242414
6194 0.0037083824455306958
6219 0.0032821574582369783
6262 0.005054674823664955
6328 0.0036010535675848267
6430 0.0020166382703194585
6435 0.005054674823664955
6466 0.005431756586342217
6477 0.0037363146814339003
6529 0.004131091493724861
6541 0.0020947659803828233
6629 0.008798688205418263
6643 0.005320296736344046
6648 0.010569438768875875
6726 0.0029332949811998574
6756 0.005510368983572905
6761 0.003449080542083657
6899 0.004379767575067784
6932 0.004148973796017271
6962 0.009872078657852086
6963 0.007254507000219991
6993 0.0016600399317369715
7101 0.005320296736344046
7135 0.007141222321090321
7140 0.00214893285485973
7207 0.006603079526668992
7244 0.009493153180033218
7287 0.006850819137055674
7322 0.0026493705435028663
7347 0.00279870752165402
7381 0.008538194860552064
7444 0.01010934964732991
7470 0.002735231071313648
7484 0.0019828546812705196
7503 0.003359232918756638
7506 0.007935463498739834
7521 0.003314760304823635
7555 0.0028646617188935733
7595 0.006681691923899681
7842 0.009016346512804248
7959 0.006585910667872961
7988 0.0027197276433308126
8004 0.010655191142070647
8020 0.010655191142070647
8033 0.0021001052006137484
8048 0.006458358790922228
8123 0.005054674823664955
8145 0.0006305166276512182
8178 0.00910678643906661
8205 0.0017707505634576121
8235 0.0016683033310749306
8368 0.0061955489798985125
8527 0.00379360361847945
8531 0.003978135330262088
8540 0.0027587562094433713
8601 0.002907229758053156
8667 0.003914359391786721
8697 0.003320079863473943
8719 0.0032607665169481935
8752 0.005393780565761843
8754 0.007361808825010911
8762 0.012047100586318011
8772 0.014077550177415278
8815 0.0034637937996916624
8867 0.001334854982267724
