27
15 0.016738232378717376
53 0.028408760958785344
521 0.03434097748445641
858 0.030120848680737698
1253 0.04992905443084609
1468 0.017708052183091398
2252 0.042728633163763116
2684 0.021597164253999265
3512 0.016866469892429167
3585 0.01734732124466723
3653 0.018556559871954363
3882 0.03346659908194381
5172 0.06283108704056196
5181 0.03058488371320392
5223 0.006406044234206392
5367 0.0377157877021844
5381 0.01066604917352335
5643 0.027438941154411322
6161 0.022156260807092074
6223 0.02881696323501165
6761 0.005540085620721873
6834 0.007545452357466907
6930 0.01644364122213119
7074 0.03072746336176966
7996 0.02544077617032107
8448 0.011421003766939043
8872 0.019566073596715167
