98
93 0.006078983098276555
158 0.0009533402445633917
238 0.00674019633376902
384 0.009366057156111067
480 0.0038068500485190174
519 0.012667168442087809
722 0.006455988317864206
726 0.00354699868797503
969 0.00583256878297251
1242 0.006831645133897631
1390 0.0035932687976372
1411 0.003766738063985909
1572 0.007456925642477527
1658 0.00988978936542806
1712 0.0026498774065615007
1777 0.007126208176929544
1784 0.005941793471178181
1940 0.004441811576884748
2041 0.004640733216271187
2183 0.007268213661150068
2215 0.00928786381879417
2438 0.012184120674542841
2666 0.009254011093348375
2700 0.018893169929170804
2713 0.009622314238094417
2717 0.004915781694498947
2939 0.004378635826243517
2954 0.002630211599501466
3318 0.010665806362995143
3366 0.028339754893756206
3394 0.004174274522671541
3395 0.017008597040448173
3467 0.017008597040448173
3512 0.0033523418419734987
3716 0.014045110986288778
3819 0.0035561894336771905
3841 0.03352094507199064
3902 0.006710389607795302
3943 0.004256557018812026
3973 0.010089694231088938
4005 0.005105156366225036
4158 0.0063762540029252465
4267 0.008492647585344222
4268 0.03825752401755148
4458 0.005567697633056161
4568 0.003510545683850198
4810 0.011399342462858461
4928 0.06799821024680718
5013 0.0059641793362019396
5017 0.008986879176636266
5052 0.021275534681099918
5193 0.004429057504642147
5229 0.0027300065037419207
5379 0.005727595177145172
5717 0.008732581761469257
5759 0.011573433913791651
5769 0.00928786381879417
5939 0.003276588560231446
5985 0.005128658138865958
5988 0.004316905872615071
5990 0.007268213661150068
6096 0.009703682387928413
6135 0.022139548517833448
6161 0.01761491542427196
6365 0.05180550583197048
6381 0.012252617089350526
6463 0.00988978936542806
6469 0.0025848747129083023
6498 0.009211873406266148
6718 0.009529590936995224
6728 0.014302593403223072
6729 0.005273803857179165
6756 0.008796054837131905
6761 0.012112485332261488
6834 0.0029994344775023728
6935 0.005646461805472863
6966 0.0073798495059444824
6978 0.008492647585344222
6983 0.006350191179362464
6984 0.007342121880402911
7035 0.00988978936542806
7238 0.00583256878297251
7409 0.004811157119047209
7484 0.006330355938963025
7675 0.01042041169663692
7680 0.004572782992271107
7719 0.005273803857179165
7800 0.005205074502209228
8149 0.029111047163785243
8187 0.005121554479058629
8205 0.005653203662218711
8350 0.008169712238932713
8583 0.0059641793362019396
8592 0.006510484742134424
8639 0.0035932687976372
8640 0.0020453214538156575
8719 0.005205074502209228
8892 0.011135395266112322
