201
55 0.004904346847418686
79 0.0032595610012400027
82 0.008275754082613995
91 0.003888471985208774
93 0.0027262291889206835
102 0.0033979670853322244
163 0.0010974703337800703
217 0.0034736000826681985
256 0.004842295608668958
342 0.00447924889976922
378 0.0039498626508464975
393 0.007516535037034114
443 0.0029092937115663673
459 0.002184238479311507
480 0.0017072503003107572
492 0.004621735034720143
494 0.0026848667347732767
521 0.013774653921341846
605 0.004165309400629141
668 0.006433714553968419
707 0.0023573524256871184
709 0.008624247494940748
726 0.0015907152890361556
789 0.006519342938273311
827 0.006789287264201044
858 0.01610920040863966
861 0.0018162236569287122
872 0.0016368459154647546
961 0.0031062251618781487
1041 0.0026647040358208553
1042 0.005363428319970196
1108 0.004065823182616509
1239 0.00361852765928104
1253 0.0022252503367508007
1309 0.002056780288334696
1379 0.003944748826680325
1390 0.0016114659510294965
1418 0.006298782364324494
1430 0.004165309400629141
1468 0.02051963707010034
1476 0.004065823182616509
1511 0.012660993116258424
1538 0.005560007988957728
1565 0.00420037660761527
1572 0.003344192279774044
1681 0.0038346971796505936
1741 0.003916283185505712
1744 0.005363428319970196
1772 0.004976524142049577
1921 0.0001820702406218936
1956 0.0022045706206527313
2003 0.001791684601895267
2041 0.002081220188912705
2086 0.004351790708792409
2252 0.015234721573709411
2292 0.004621735034720143
2373 0.004263266127646001
2408 0.005363428319970196
2569 0.00713730602912667
2586 0.003709871707738721
2611 0.001986290412945364
2684 0.009625477104846469
2717 0.004409141241305463
2822 0.004098084666042178
2838 0.0034542439268037753
2896 0.003309626101551704
2908 0.0046732208444527695
2916 0.0054602586995223185
2921 0.003888471985208774
2935 0.006298782364324494
2954 0.001179565647687287
3050 0.01374574533753884
3066 0.007517005844915605
3146 0.0032114857771689564
3213 0.001986290412945364
3277 0.004351790708792409
3365 0.00762781092900322
3413 0.0024458109106996165
3418 0.011629848741822697
3477 0.0019525282049346303
3478 0.0030919086168853605
3506 0.002267701497075973
3604 0.0013356754711421298
3653 0.004962199854338771
3663 0.003554278901429526
3826 0.00713730602912667
3872 0.011374619053322477
3882 0.005966190365583298
3884 0.002093627825197524
3898 0.004351790708792409
3970 0.0016540666181129237
3974 0.002514466718717912
4105 0.0024796518287486273
4221 0.0010892872094573972
4251 0.002138084993425176
4333 0.002015163715095319
4382 0.0010730851735325253
4437 0.0028022015701648674
4482 0.002304252130284622
4517 0.005790607906273745
4719 0.0028478573255636677
4748 0.00713730602912667
4749 0.013038685876546621
4798 0.0049593036574972545
4830 0.002081220188912705
4951 0.002836280835950415
4987 0.006789287264201044
5037 0.020826547003145703
5166 0.004969753799645769
5171 0.0028022015701648674
5172 0.03360325546459024
5181 0.005452458377841367
5193 0.001986290412945364
5218 0.0017771965971994236
5223 0.0005710122994278678
5229 0.0012243204654664326
5234 0.003554278901429526
5284 0.00762781092900322
5356 0.0038346971796505936
5360 0.003493270986533064
5367 0.006723705885626189
5371 0.002769056101363453
5380 0.0006309213441038484
5381 0.004753670940846061
5429 0.005112239934596692
5435 0.008885982985997118
5467 0.007669394359301187
5556 0.0035753182827399604
5626 0.003344192279774044
5702 0.010501438508836553
5706 0.0028713480429365446
5811 0.001306047853187297
5855 0.003564013357632863
5897 0.0004026308145707091
5960 0.004904346847418686
5976 0.007790006820570492
6000 0.00895849779953844
6107 0.001791684601895267
6161 0.0019749313254232488
6190 0.00713730602912667
6223 0.007705928887356876
6293 0.002197755200187307
6346 0.006212450323756297
6349 0.0023808431430599954
6378 0.010618989286923553
6430 0.0028873316739392806
6469 0.00347770051903819
6507 0.0022045706206527313
6529 0.0029573551918866
6550 0.010224479869193384
6761 0.007407356818792477
6764 0.0018063482230438943
6823 0.0021188315270844237
6849 0.0030093947823260267
6911 0.006112301056161226
6930 0.002931456930964892
6935 0.002532257244237134
6962 0.003533599185331457
6963 0.002596668940190164
6973 0.0015227123402487455
6996 0.001946991655532086
6999 0.00403439975529147
7000 0.0015662753884581467
7074 0.0041084073575625175
7130 0.006112301056161226
7144 0.0037832113699179663
7252 0.003817858941664269
7263 0.004572351282741224
7346 0.002836280835950415
7409 0.0021576498500462415
7484 0.0014194809278176143
7492 0.005695714651127335
7662 0.005112239934596692
7702 0.002836280835950415
7729 0.008262460269687187
7934 0.004312123747470374
7944 0.001898270953135608
7988 0.003893983311064172
7996 0.004535402994151946
8011 0.007901253649732026
8012 0.020367861792603133
8013 0.006519342938273311
8043 0.004962199854338771
8235 0.0011943007133321927
8290 0.005808277464447944
8342 0.005190314373594585
8350 0.0012212847450957908
8445 0.0043309975109089216
8448 0.0010180281909249287
8514 0.0010757704885815973
8531 0.0028478573255636677
8572 0.0023573524256871184
8625 0.004165309400629141
8654 0.012597564728648989
8667 0.005604403140329735
8686 0.0031207131665739922
8697 0.0023767702643810677
8745 0.013038685876546621
8846 0.003554278901429526
8872 0.0017440511283980094
8907 0.004969753799645769
