27
15 0.018469773659274345
53 0.03134759829934935
821 0.03455129728398322
858 0.033236798544262286
1164 0.02591766859468659
1468 0.019539919650307748
2684 0.04766270731917079
3050 0.02430897820776573
3184 0.033619176894800644
3814 0.04479487688558253
4221 0.01348462442052433
5172 0.04622056977696512
5178 0.01904399116203278
5223 0.007068738465331191
6161 0.02444828778713608
6223 0.031798028397254235
6378 0.03286394098280651
6550 0.06328600470759353
6596 0.023565112482172912
6834 0.008326016394446242
7000 0.01938940911918878
7074 0.016953083234079812
7252 0.02363123034581849
7492 0.03525450965094334
8448 0.01260248691524308
8697 0.014711388360565575
8872 0.0215901501756857
