32
56 0.027744317521486404
145 0.015626292495896144
882 0.03960667755615663
1109 0.042006109254569504
1568 0.02679024490033562
1721 0.021922538597552103
2031 0.029773008116353472
2072 0.029544125149976324
2407 0.0492254779153127
2638 0.04061951863151873
3212 0.035109106875616546
3554 0.06473709491467253
3748 0.041156753993956054
3926 0.03000594231836229
4038 0.039128063399088996
4811 0.029319154905151874
5032 0.0186717650072524
5052 0.03459960690562714
5081 0.02856073048994184
5171 0.03048455647542992
5360 0.038002554065617276
5380 0.006863659470705503
5890 0.07474146334498484
6262 0.039365194838845256
6481 0.039128063399088996
6728 0.023259773110292068
6729 0.025729770333510475
6920 0.019975844771652457
7393 0.014243642713972464
7725 0.02679024490033562
8073 0.03737073167249242
8411 0.08298133707612594
