131
56 0.004793520828319641
68 0.0030251908306260828
71 0.009218117896457111
130 0.005534779508568424
131 0.007063968791348814
203 0.008419111806372512
225 0.002011914577825943
458 0.015675729330124274
522 0.005184272756575683
549 0.003166728875088683
575 0.004118120880608607
802 0.008179543792965836
864 0.03203268250014875
1011 0.003994514738235042
1045 0.011184943100440804
1048 0.013857704455930242
1095 0.003243237542860625
1139 0.0035922275439037184
1216 0.004581472583202619
1230 0.014337089651896106
1366 0.005949341006199966
1373 0.018514724224315715
1405 0.012761016376168454
1439 0.015139274729585438
1516 0.004248834631217087
1621 0.005288116971156689
1701 0.021834257693579186
1707 0.012761016376168454
1712 0.002233666295583255
1716 0.011676804535227805
1758 0.006492531778652123
1921 0.0003422157925825121
1952 0.00597794255437537
2073 0.02683029177441335
2083 0.010460845204282263
2297 0.008256628907210373
2310 0.009755617068693486
2327 0.017373852120047446
2438 0.002567596110734814
2576 0.021355121666765835
2757 0.011184943100440804
2772 0.005164061129281243
3041 0.0060069084632756896
3078 0.005534779508568424
3146 0.006036248136144793
3229 0.004379453794775937
3327 0.015284089241458921
3417 0.024507268218221138
3521 0.007642044620729461
3582 0.00544195873914208
3656 0.0022006324007821697
3819 0.0029976256482828678
3902 0.005656401711282951
4022 0.02091901481274661
4024 0.013415145887206674
4151 0.026351093452752
4152 0.011839072611479024
4217 0.007829037040973097
4383 0.011477537703494545
4653 0.0020886527864173573
4835 0.000806559681385472
4915 0.009157823341053833
4943 0.006350207626196141
5018 0.010080998779420421
5032 0.0032260117551797343
5163 0.007839025828040786
5178 0.002891496040308642
5187 0.0074692683898240925
5199 0.0049712513494070115
5255 0.002790099930739608
5298 0.0066034705172381865
5366 0.009341055571061943
5371 0.0052046656564894225
5380 0.0011858678666663957
5381 0.003573964120971175
5435 0.0033403852271968225
5441 0.020032886646922963
5467 0.007207624541856352
5481 0.06543635034372669
5613 0.0066034705172381865
5623 0.0031417875672558877
5675 0.004776488590635233
5939 0.002761941142394046
5988 0.0072777156595919
6006 0.00508496469858626
6115 0.004916458502924472
6194 0.004989813028803083
6228 0.004916458502924472
6329 0.009257362112157858
6352 0.010460845204282263
6477 0.005027397241510536
6626 0.005511216674920902
6707 0.0036908919791895614
6713 0.002811450257548191
6761 0.003712727536399999
6786 0.005732625377099313
6834 0.0012641595572719425
6869 0.007702682696906504
6944 0.007962828163865182
6985 0.007702682696906504
6990 0.007360972060714925
7027 0.010080998779420421
7303 0.02204486669968361
7384 0.012761016376168454
7409 0.004055477990401051
7447 0.007257600028276406
7470 0.003680389451977003
7484 0.0013340147986558206
7492 0.00535277895223747
7555 0.0038545448259458027
7579 0.004143669386462464
7695 0.006350207626196141
7716 0.006565886304530734
7717 0.009471021977999284
7821 0.006352561866362884
7863 0.0042354198837584464
7886 0.00859410529059738
7962 0.0071108527842960725
7983 0.010917128846789593
8145 0.0016967829665587757
8167 0.006421469960907234
8187 0.004317121838368792
8427 0.007308698652826963
8473 0.007642044620729461
8509 0.013415145887206674
8560 0.005309467297965271
8601 0.007823644479787027
8653 0.005124168999070814
8697 0.0067009988867497644
8723 0.0067352332155015794
8754 0.01485851990597752
