243
70 0.002570608347666383
94 0.007168848517946008
107 0.0048883612796222255
145 0.0012859542452981862
148 0.002359083376593272
245 0.0029328959078695296
267 0.0048016727353349135
360 0.00451113515660315
394 0.004050974491783838
513 0.004282281357711267
521 0.004110640696393784
523 0.0029939277517179097
668 0.0038399061095173103
669 0.03501911393775738
682 0.0027305023616607696
751 0.0025812786668166945
773 0.002469316948892657
838 0.0025812786668166945
847 0.003668858840671177
860 0.0112781190463466
872 0.0014654056948923864
961 0.0027808848706091156
969 0.007025263646323498
974 0.003668858840671177
990 0.0024313120447611437
1005 0.0041837563171036015
1095 0.0030895679335979018
1138 0.003145293937138388
1144 0.002204683495538841
1145 0.0033427534035913174
1364 0.0014964624073463204
1370 0.002560042130850286
1417 0.0014277967551671513
1419 0.003932708531863295
1468 0.007065556980784598
1496 0.0029616454658480777
1499 0.0022913720398261526
1509 0.004646690424240538
1523 0.002889278121933531
1536 0.004282281357711267
1673 0.0033213065912174582
1712 0.0010639158664748172
1720 0.0031097816201443476
1772 0.00222764609351097
1812 0.00423189884876292
1915 0.003127392229838828
1921 0.00048900161882738
1983 0.0023856078525179227
2075 0.0017042101296334527
2077 0.006389757766724375
2091 0.0031634965275161918
2092 0.0026250433538900055
2117 0.0014925312646157593
2159 0.004093451647142392
2161 0.0028069832089586545
2183 0.002918160597120102
2191 0.006828888088558993
2225 0.005472109923096958
2234 0.005085820746075155
2297 0.003932708531863295
2309 0.006184905584651149
2344 0.006389757766724375
2413 0.006389757766724375
2467 0.00433512250252408
2492 0.0011363546798281489
2513 0.004390674609035681
2526 0.006078189845007917
2531 0.0034568618588548465
2611 0.0017782500205670466
2624 0.0036118441699492217
2717 0.0019736679621305
2784 0.012063991419825584
2793 0.0027428799664776025
2818 0.0031634965275161918
2861 0.0027182646197786145
2896 0.002962981971214618
2937 0.006828888088558993
2939 0.0017580059052997661
2944 0.0053181359879124115
2954 0.002112040237006165
3075 0.002182197664318454
3111 0.025606768349199914
3149 0.001689990731068689
3212 0.002889278121933531
3225 0.0036292282200517845
3270 0.00451113515660315
3306 0.0018687768274653841
3353 0.011006576522013532
3413 0.002189641189379457
3418 0.0078088198846278335
3420 0.0019083697504051302
3429 0.004576793357905767
3470 0.0040101006359529925
3475 0.005199929201338683
3604 0.0035873378613966926
3606 0.006078189845007917
3624 0.015910051441561098
3641 0.0030097386695009994
3729 0.002875120683300886
3774 0.006389757766724375
3786 0.0022354097728729226
3884 0.003748690220677861
3943 0.0034179834415398315
3971 0.004576793357905767
3973 0.004050974491783838
3974 0.0022511061147624197
4057 0.0036985327142365337
4059 0.009442823359091766
4114 0.0048016727353349135
4128 0.003584424258973004
4144 0.0030753968708036156
4148 0.0035576814525097294
4221 0.000975197277294777
4226 0.00242201560456353
4244 0.0032594023924019167
4248 0.0010772047280834629
4296 0.002706163615303771
4349 0.001825232122850185
4385 0.015583968722757852
4458 0.004470819545745845
4468 0.004965933917501808
4485 0.002706163615303771
4493 0.0015489097951530964
4504 0.003466443119655992
4547 0.0016947098175467557
4567 0.0021529248382056256
4659 0.009261208589957682
4680 0.005388392652643609
4734 0.0048883612796222255
4746 0.006828888088558993
4770 0.002875120683300886
4819 0.0020110174782642974
4830 0.003726474053963397
4854 0.0018969090230007684
4857 0.006389757766724375
4915 0.0014539852519877658
4951 0.002539214015227429
4993 0.003932708531863295
5163 0.002489200221372885
5171 0.010034816595403366
5172 0.006685269444049818
5223 0.0020448220996968033
5229 0.0021921747985159563
5255 0.002657900682150948
5260 0.005472109923096958
5291 0.018154702989655522
5336 0.004379282378758914
5380 0.0005648398068161635
5463 0.002367852887124038
5553 0.004282281357711267
5567 0.004050974491783838
5617 0.006084140566754456
5623 0.0014964624073463204
5627 0.0035576814525097294
5637 0.0022913720398261526
5678 0.006389757766724375
5703 0.002659354028114402
5711 0.009442823359091766
5733 0.005085820746075155
5799 0.005199929201338683
5807 0.0017580059052997661
5819 0.004721411679545883
5823 0.006090559881174122
6002 0.0038260951143546914
6031 0.0030924527923255744
6287 0.006828888088558993
6298 0.0040733049776985235
6303 0.001891223820270348
6306 0.007652190228709383
6307 0.010156856060909715
6309 0.0033869647925200744
6328 0.002307907149300001
6329 0.002204683495538841
6409 0.000977633788183335
6411 0.0035576814525097294
6430 0.0012924589413269348
6435 0.0032395297498301577
6481 0.0032200151924437325
6589 0.0014615854841124676
6761 0.007515727126365833
6764 0.008085773217864814
6821 0.004576793357905767
6834 0.0006021308614437431
6897 0.004282281357711267
6966 0.002962981971214618
6973 0.0013632262597239391
6990 0.02804879129369677
7048 0.010944219846193917
7072 0.005085820746075155
7074 0.0012260334508436771
7157 0.0032796465076691973
7182 0.005613966417917309
7317 0.00423189884876292
7336 0.0028202720705673002
7347 0.0017936853692396087
7375 0.002333193013017906
7391 0.002903623081756701
7412 0.0041837563171036015
7425 0.0038604798636954225
7450 0.019206690941339654
7477 0.0018040991863322179
7484 0.0006354035574644931
7495 0.0023766939862877525
7579 0.0019736679621305
7621 0.002283198200022572
7657 0.003668858840671177
7704 0.0037927685269283033
7719 0.002117412521211585
7720 0.0026706512983097307
7793 0.002259040425949924
7800 0.0020898179422835055
7840 0.002359083376593272
7864 0.0016994495565478386
7899 0.00786541706372659
7943 0.004060373254116081
7944 0.010196697339287032
7955 0.006078189845007917
7958 0.0025289482641181215
7993 0.02491298546156998
7995 0.038304769461678705
8015 0.0040101006359529925
8062 0.005244072011757099
8076 0.0090222703132063
8150 0.0026250433538900055
8205 0.0011348700618668487
8235 0.0021384237211284646
8302 0.0032200151924437325
8350 0.00109336963463688
8445 0.0012924589413269348
8448 0.000911401796862966
8458 0.0036399763654846057
8469 0.003668858840671177
8540 0.0017680806629100908
8639 0.002885367962192465
8640 0.002463566738635817
8667 0.0025087041488508414
8695 0.003947335924261
8697 0.0010639158664748172
8754 0.002359083376593272
8803 0.0035576814525097294
8820 0.007933835386537648
8867 0.0034220222488060355
8880 0.007977203981868616
