51
139 0.030350883044686736
339 0.02122145127813359
377 0.016588914279488897
458 0.015594084906529877
754 0.06676012913075605
775 0.022630461127338092
941 0.013534810168185361
1380 0.02042219311489326
1437 0.019595066940083908
1496 0.009278279935977182
1539 0.022291097850881274
1547 0.024410826007132416
2325 0.016588914279488897
2440 0.01993728321270625
2525 0.022477119783283848
2715 0.02122145127813359
2743 0.02094369568018732
2864 0.03808365824762773
3229 0.006534966209392218
3512 0.008433234946214584
3835 0.03289507452843413
4257 0.02826508121559161
4357 0.020810061610596887
4383 0.008563319145966633
4393 0.01160545201429072
4659 0.01160545201429072
4928 0.014254833137677024
4937 0.027162251929877437
5180 0.019060471619285445
5229 0.01373534522195154
5863 0.018411406589274253
5939 0.008242668096832231
5964 0.03808365824762773
5985 0.004300593543528225
6178 0.02151025449210255
6381 0.03082298986539742
6491 0.003794371655714178
6761 0.011080171241443747
7238 0.014672555844665222
7303 0.016447537264217067
7347 0.011238559891641924
7517 0.03808365824762773
7591 0.05179292193433919
7594 0.030628638642633006
7694 0.020297678588779584
7862 0.018470025355388574
7962 0.02122145127813359
8091 0.013310834349057409
8174 0.03656943929437685
8695 0.012366263325223914
8892 0.014006239358156907
