26
145 0.019098801939428617
163 0.014592290734335009
375 0.027509219589429854
459 0.029042282002697442
521 0.02035020887967787
668 0.028514858331785953
861 0.02414904788286695
1164 0.027837495897996705
1468 0.0209873211058861
1921 0.0024208598660466593
2004 0.060795337426077754
2292 0.06145195842461226
2829 0.02734756013007985
2954 0.015683854352582818
3604 0.01775953682000091
4221 0.014483485488711317
5812 0.0340311180729736
5897 0.00535349860855128
6349 0.03165639586513105
6430 0.01919540872118892
6537 0.02475356507053337
6764 0.04803548237575985
7904 0.02687210736322162
8033 0.019989890242879012
8448 0.013536004464520347
8872 0.023189420559069827
