244
13 0.007744708190124543
131 0.007045525008603778
134 0.003202351860400213
203 0.004198564895606135
207 0.006363848897775914
230 0.005324841042235346
281 0.0034125857946557927
375 0.0019392922425968827
378 0.0037023516753365345
446 0.0023404681956189087
486 0.004483537400632423
522 0.0025853683981878735
559 0.0036193253404720456
604 0.0061108201431856884
626 0.003086374994111929
645 0.0014757124154043916
651 0.0029251593389035594
660 0.003904297845498333
681 0.005324841042235346
702 0.004157326600088558
726 0.0014910360019947256
731 0.007149827998726256
752 0.005904080597369434
919 0.003811045750807642
920 0.004658333196012614
990 0.0025455773627916936
1095 0.0032347695597199967
1102 0.002216925381216307
1106 0.004943305701038901
1110 0.013802375358969514
1138 0.003293114539928182
1176 0.0024076836123247333
1204 0.006363848897775914
1289 0.0038723540950622716
1309 0.0019278958838437493
1364 0.0031335844665580912
1370 0.0026803574268171406
1371 0.006910761229980878
1388 0.004041912337707218
1417 0.0014948994747311427
1439 0.017616371029987584
1451 0.004943305701038901
1457 0.004157326600088558
1531 0.004380381940361734
1621 0.0026371549386186095
1648 0.0020348374182534265
1649 0.003937167629592381
1692 0.002981167174636281
1701 0.005444312296962956
1712 0.0055695856717545905
1716 0.00873473759619521
1721 0.00755554855059237
1780 0.009886611402077802
1799 0.0026371549386186095
1921 0.00017066113938187937
1952 0.005962334349272562
1959 0.00545054268709445
1960 0.003546143294518407
2025 0.0019860587943167315
2103 0.005216766146260867
2216 0.005904080597369434
2241 0.0031679877714760074
2242 0.004241359715940781
2310 0.004865072741828866
2324 0.006690059698319777
2372 0.003163945475414295
2398 0.0029528174942493146
2438 0.008963122715541633
2537 0.007149827998726256
2567 0.005904080597369434
2592 0.003937167629592381
2599 0.003455380614990439
2649 0.009077723882570006
2650 0.004380381940361734
2666 0.001945033663223353
2686 0.004430787045310525
2713 0.0020224446375107065
2727 0.0025455773627916936
2772 0.002575288970477069
2826 0.0027840372469358707
2851 0.004791890695875228
2954 0.001105650306840042
2962 0.0019801064019018527
3030 0.0020224446375107065
3055 0.004483537400632423
3078 0.0027601641935680646
3138 0.006690059698319777
3141 0.011433137252422926
3146 0.003010243848573513
3149 0.0017694158829204812
3229 0.0010920047973919111
3327 0.026677320255653496
3464 0.0013430008149850961
3489 0.002898159774051813
3506 0.002125600097781395
3521 0.003811045750807642
3582 0.002713874984794092
3656 0.002194886624278822
3789 0.00384128562691682
3819 0.0029897989494622854
3902 0.0056416330384075385
3906 0.004943305701038901
3971 0.004791890695875228
4022 0.02434179530430132
4023 0.01679425958242454
4062 0.007149827998726256
4099 0.002669401514040096
4151 0.013141145821085201
4152 0.005904080597369434
4158 0.0026803574268171406
4259 0.005118101496419092
4265 0.011155739593651142
4337 0.005850318677807119
4346 0.0011941273009515104
4360 0.004117535564692379
4383 0.004292838840797894
4393 0.0038785844851937654
4462 0.0021391802379532167
4546 0.004241359715940781
4564 0.0011001723824126486
4638 0.004943305701038901
4653 0.001041599692443121
4659 0.0019392922425968827
4677 0.0004215852938562635
4770 0.003010243848573513
4915 0.004566956287575149
4924 0.0019054411272852176
5017 0.0018888871376480925
5032 0.0032175887479860533
5126 0.005444312296962956
5129 0.011458569603978487
5159 0.007149827998726256
5163 0.005212372265120245
5178 0.0014419732211460852
5181 0.0025553949838708237
5200 0.006825171589311585
5223 0.0010704616997107286
5250 0.007149827998726256
5283 0.0061108201431856884
5295 0.004508213368775227
5326 0.007149827998726256
5336 0.002292548608201468
5356 0.003594402839411392
5381 0.0017823163109804033
5383 0.007149827998726256
5438 0.0060801715706759124
5440 0.0018671845009881058
5441 0.005994174437956583
5463 0.0024791357904353504
5467 0.003594402839411392
5481 0.01223728092263557
5486 0.005444312296962956
5613 0.003293114539928182
5623 0.004700376699837136
5643 0.002292548608201468
5674 0.005904080597369434
5675 0.0023820086705256646
5706 0.00538284045647112
5807 0.0018406275927551076
5869 0.006754226275890041
5873 0.01222122610386591
5893 0.002725271343547225
5939 0.004132094711727907
5983 0.003202351860400213
5985 0.002155911123648614
6002 0.004005911594924885
6005 0.009583781391750456
6046 0.003937167629592381
6058 0.0025652983494508213
6063 0.010236202992838185
6107 0.0016794119375467384
6161 0.0018511758376682673
6165 0.0030250666498572998
6228 0.002451810898325259
6283 0.005444312296962956
6367 0.0029115791987317373
6389 0.0038723540950622716
6430 0.0013532011370028744
6469 0.001086592242240827
6477 0.002507135438977839
6479 0.003937167629592381
6482 0.003010243848573513
6491 0.0012680928771055216
6517 0.004569510513794779
6626 0.0027484135376237397
6707 0.0018406275927551076
6708 0.0037815914155343027
6715 0.005118101496419092
6761 0.004165912947174672
6834 0.0012608588795767156
6858 0.0034125857946557927
6930 0.004121643752805729
6932 0.0027840372469358707
6935 0.0094943117564609
6979 0.0031850396439537035
6985 0.00384128562691682
6990 0.007341752812514625
7113 0.0061108201431856884
7224 0.00384128562691682
7303 0.010993654150494959
7366 0.004658333196012614
7415 0.0024339533930242004
7455 0.003477399329185903
7484 0.001330531731296406
7495 0.0074651771945278495
7513 0.004865072741828866
7521 0.00222426474762317
7579 0.004132850406341151
7606 0.004198564895606135
7661 0.002772037895267074
7667 0.003477399329185903
7680 0.00961120185059593
7695 0.003166813724813219
7699 0.010499562257233301
7719 0.002216925381216307
7746 0.004430787045310525
7980 0.004157326600088558
7996 0.00425120019556279
8112 0.005904080597369434
8153 0.005904080597369434
8176 0.007149827998726256
8177 0.004791890695875228
8207 0.004198564895606135
8347 0.0032559332367568757
8350 0.0022895103054276183
8351 0.004380381940361734
8359 0.004041912337707218
8429 0.006690059698319777
8601 0.015606434419209631
8604 0.009607055581200638
8638 0.005216766146260867
8640 0.0008597826476875218
8653 0.0025553949838708237
8702 0.004483537400632423
8705 0.003522762504301889
8723 0.0016794119375467384
8747 0.0027484135376237397
8764 0.0030446375250501
8768 0.00288489730530697
8785 0.0061108201431856884
8815 0.002324268946529392
8843 0.003811045750807642
8867 0.000895712089928995
8898 0.0035700163478862134
