262
13 0.007252379552121516
131 0.006597643223215762
203 0.003931663459699633
207 0.005959301046083556
230 0.004986342589672707
281 0.0031956488003744956
338 0.003031964718148057
375 0.0018160120511359562
378 0.003466994356121987
446 0.002191685376337511
486 0.004198520353159457
522 0.002421017350870307
529 0.004792745411072157
559 0.003389245978975045
599 0.0035411968512216088
604 0.005722357248997845
626 0.0028901751167356203
645 0.0013819018462099804
651 0.0027392078894867074
660 0.003656102872434869
681 0.004986342589672707
702 0.0038930466695205816
726 0.0013962513172713444
731 0.006695315705408694
752 0.0055287600703972945
773 0.002421017350870307
919 0.0035687787837636355
920 0.004362204435385895
990 0.002383755818946745
1095 0.00302913628697496
1102 0.0020759961393785956
1106 0.004629061328845719
1110 0.012924962744462897
1176 0.0022546279303676596
1204 0.005959301046083556
1289 0.003626189776060758
1309 0.001805340155286445
1364 0.002934383498023836
1370 0.002509967957141723
1371 0.006471446335165467
1388 0.0037849692551145827
1417 0.0027997383805478124
1439 0.016496503922946805
1451 0.009258122657691438
1457 0.0038930466695205816
1529 0.006264774729722432
1531 0.004101922452710377
1568 0.0021615601019830694
1581 0.004149123321158755
1621 0.0024695118373861307
1648 0.0019054834503448956
1649 0.003686883134801667
1692 0.002791655324903901
1701 0.005098219094711032
1712 0.006258634657062127
1716 0.008179473103527546
1721 0.007075244730750312
1780 0.009258122657691438
1799 0.0024695118373861307
1952 0.005583310649807802
1959 0.0025520267104610934
1960 0.0033207160924218822
2005 0.003686883134801667
2025 0.0018598056680276484
2103 0.004885137980483892
2202 0.006264774729722432
2216 0.0055287600703972945
2241 0.002966599795783156
2242 0.003971737826907871
2310 0.004555801613986445
2324 0.006264774729722432
2398 0.0027651078246882337
2438 0.00599524275244926
2439 0.0027782986116972946
2537 0.006695315705408694
2567 0.0055287600703972945
2592 0.003686883134801667
2599 0.006471446335165467
2649 0.00850065586069514
2650 0.004101922452710377
2686 0.004149123321158755
2713 0.001893878474734965
2727 0.002383755818946745
2772 0.002411578669175348
2826 0.0026070568840499716
2954 0.0010353644682634135
2962 0.001854231667306625
3030 0.001893878474734965
3055 0.004198520353159457
3078 0.002584701433096745
3138 0.006264774729722432
3141 0.010706336351290906
3146 0.002818883603920918
3149 0.0016569346776492526
3212 0.0028327641244384983
3229 0.0010225863995136967
3327 0.02498145148634545
3464 0.0012576266800471683
3489 0.0027139246783908174
3521 0.0035687787837636355
3582 0.0025413548146115826
3656 0.0020553583792146425
3789 0.0035970963205602495
3819 0.004199607570821719
3902 0.005282996219340067
3906 0.004629061328845719
3943 0.001675564009850211
3971 0.004487271727433282
3988 0.0044228977941268045
4022 0.022794395113807837
4023 0.01572665383879853
4062 0.006695315705408694
4099 0.002499708508257596
4151 0.012305767358131131
4152 0.0055287600703972945
4158 0.002509967957141723
4259 0.004792745411072157
4265 0.010446572773516839
4337 0.008217623668460123
4349 0.0017895307610340445
4360 0.0038557851375970197
4383 0.004019944440160375
4393 0.0036320241022719125
4462 0.00200319323016157
4546 0.003971737826907871
4564 0.0010302347737507198
4638 0.004629061328845719
4653 0.0009753855310653185
4659 0.0018160120511359562
4670 0.006695315705408694
4677 0.0003947852507260365
4764 0.0034625056938343197
4770 0.002818883603920918
4915 0.004276636327973795
4924 0.0017843128404651304
4948 0.0035411968512216088
4973 0.0010200491349873885
5032 0.00301304765398205
5045 0.002191685376337511
5126 0.005098219094711032
5129 0.010730151976341713
5159 0.006695315705408694
5163 0.004881023416970792
5178 0.0013503074418067251
5181 0.00239294933697439
5200 0.006391297600748991
5223 0.0010024127897046676
5250 0.006695315705408694
5283 0.005722357248997845
5295 0.00422162767785064
5326 0.006695315705408694
5336 0.0021468120218610326
5356 0.01009772338015572
5381 0.002503522544396679
5383 0.006695315705408694
5431 0.001403499432097112
5438 0.005693656996500915
5440 0.001748488175741918
5441 0.005613126674174503
5463 0.002321537916226746
5467 0.00336590779338524
5481 0.011459360863983921
5486 0.005098219094711032
5556 0.0031382378080773736
5613 0.0030837722953361703
5623 0.004401575247035754
5643 0.0021468120218610326
5674 0.0055287600703972945
5675 0.0022305851364580183
5706 0.002520327499790268
5807 0.0017236194817242206
5869 0.006324862258351799
5873 0.014305408306175563
5893 0.0025520267104610934
5939 0.003869418764283101
5983 0.002998779370497021
5985 0.002018860538771196
6002 0.0037512570681081446
6005 0.008974543454866564
6034 0.002509967957141723
6037 0.0037849692551145827
6042 0.0032154969427270123
6046 0.003686883134801667
6058 0.002402223148752236
6063 0.009585490822144315
6107 0.0015726522544753075
6161 0.0017334971780609935
6165 0.0028327641244384983
6228 0.00229595005882292
6283 0.005098219094711032
6367 0.002726491034509182
6389 0.003626189776060758
6430 0.0012671785708364325
6469 0.0020350358375463896
6477 0.0023477576360110327
6479 0.003686883134801667
6482 0.002818883603920918
6491 0.0011874806159692293
6626 0.0025736977626158735
6707 0.0017236194817242206
6708 0.0035411968512216088
6761 0.00476799544864083
6834 0.0011807064813640147
6858 0.0031956488003744956
6930 0.0038596321694977856
6932 0.0026070568840499716
6935 0.008890761375854582
6979 0.0029825676861473557
6985 0.0035970963205602495
6990 0.006875039919787534
7113 0.005722357248997845
7224 0.0035970963205602495
7303 0.010294791050463494
7366 0.004362204435385895
7415 0.00227922774945787
7455 0.003256342159115405
7481 0.004032128465175742
7484 0.0012459502520452896
7495 0.01165103042177737
7503 0.00211081383892532
7513 0.004555801613986445
7521 0.0020828689445957804
7579 0.003870126419629978
7606 0.003931663459699633
7661 0.002595820327352786
7667 0.003256342159115405
7680 0.005400132482315269
7695 0.002965500382893552
7699 0.009832108421810159
7719 0.0020759961393785956
7732 0.011918602092167113
7746 0.004149123321158755
7943 0.0019904763751840446
7980 0.0038930466695205816
7996 0.003980952750368089
8112 0.0055287600703972945
8153 0.0055287600703972945
8176 0.006695315705408694
8177 0.004487271727433282
8207 0.003931663459699633
8347 0.006097909191578892
8350 0.0021439668630287966
8351 0.004101922452710377
8359 0.0037849692551145827
8429 0.006264774729722432
8601 0.014614338343660853
8604 0.008996338111491062
8638 0.004885137980483892
8640 0.0008051265380545742
8653 0.00239294933697439
8702 0.004198520353159457
8705 0.003298821611607881
8723 0.0015726522544753075
8747 0.0025736977626158735
8764 0.0014255454426579319
8768 0.0027015053005686293
8785 0.005722357248997845
8815 0.0021765159083637097
8820 0.0015557300684604382
8843 0.0035687787837636355
8867 0.0008387719570728731
8898 0.003343071543375109
