142
2 0.012868057421045418
15 0.002587552831492541
55 0.008505606368228542
56 0.004423007141106528
82 0.014352636307528619
139 0.00469192394893708
141 0.005412251337198373
163 0.0019033422696958708
277 0.007107403726816658
521 0.0026543750712623307
573 0.006275610771410113
668 0.0037193293476242544
726 0.011035107029255649
785 0.00786574722174178
838 0.005000448045379201
858 0.018625452324320894
872 0.014193905402218524
878 0.024802691082196054
1014 0.007618435368488797
1139 0.0016572837219459183
1143 0.006561221651210385
1164 0.0036309777258256575
1172 0.007816088867612205
1208 0.00689193363505508
1216 0.008454698197021257
1398 0.010923975211557939
1419 0.007618435368488797
1468 0.0054749533319702875
1476 0.007051355181446024
1496 0.0028686469367272443
1535 0.006353324877175594
1554 0.006517961541775958
1619 0.00985224212162385
1640 0.0032647446342221878
1691 0.013228908809237468
1831 0.010073292800660927
1921 0.0006315286607078241
1930 0.0033386920585892583
2004 0.007929826620792751
2075 0.0033013925699662537
2078 0.007411904062107397
2238 0.005387124797653408
2292 0.008015472837992903
2299 0.00949284316753299
2560 0.010600560768897972
2619 0.00890959249778138
2771 0.004764906645858538
2921 0.006743775085458694
2954 0.0020457201329455847
3130 0.008295627171218444
3229 0.004040945288899535
3342 0.005000448045379201
3374 0.0088145828097713
3418 0.0050424102636646715
3472 0.006314108016198882
3600 0.006517961541775958
3604 0.00463292264869589
3656 0.006091605631150643
3731 0.002287759905809756
3819 0.002765925115082259
3970 0.02008052855709071
4005 0.0039706771737305835
4105 0.00860091793739862
4221 0.0037783005622725177
4248 0.002086758917688254
4296 0.010484749852529587
4349 0.0035358361413667834
4382 0.001861051098058824
4383 0.0026475962576901664
4389 0.006093057337161804
4393 0.0035881590768821548
4504 0.0033575934564783884
4534 0.002447631595090045
4587 0.007284711121419719
4680 0.005219191917174124
4835 0.0014884338081606293
4855 0.007284711121419719
4909 0.016140949497975118
4922 0.021847950423115877
5073 0.007107306256565903
5178 0.0026679987618306793
5199 0.018348000149502205
5223 0.0009903063550463986
5229 0.0021233383917992716
5269 0.012378226398340457
5275 0.010600560768897972
5435 0.0030821911999738792
5463 0.004587000037375551
5474 0.005387124797653408
5601 0.007847539957513618
5643 0.00424176868087518
5807 0.0034056056426338462
5837 0.0076920583953329355
5897 0.0013965648544046816
5912 0.0032198169865025627
6093 0.006275610771410113
6115 0.004536442386756397
6161 0.0034251224436084365
6378 0.00460412699759125
6390 0.010923975211557939
6414 0.00412909511284318
6430 0.0025037489636333373
6469 0.0020104581100397908
6507 0.00382338576238807
6530 0.008738962308202237
6537 0.003228725878765222
6764 0.006265497701186068
6832 0.0048213595846275945
6834 0.004665786965003691
6895 0.011950293784470135
6930 0.0025420121696048217
6973 0.002640839276083573
6990 0.0067920080366983115
7158 0.006393288770731101
7346 0.0049189604836048255
7416 0.006353324877175594
7479 0.010923975211557939
7503 0.0041706418363307044
7578 0.0038115657819673583
7666 0.004487074439018784
7725 0.008541817214599762
7904 0.0035050574821593418
8033 0.01042950795280644
8145 0.0007828153299824302
8159 0.0047099329949237614
8171 0.0049189604836048255
8175 0.007107306256565903
8205 0.0021984680908628323
8445 0.0025037489636333373
8448 0.0035311315994400903
8512 0.010600560768897972
8535 0.007547308523944322
8540 0.0034251224436084365
8631 0.010978977122552594
8640 0.0015908055751899558
8671 0.009174000074751103
8679 0.005695802796421269
8697 0.0020610157606589454
8814 0.0038161886928338024
8864 0.007164790427095893
8872 0.00302470702944389
8873 0.004487074439018784
