209
13 0.004549422142358436
18 0.007859794062749923
24 0.004059542256261773
49 0.004665337973307515
53 0.0027885900327642055
87 0.008399951299117043
131 0.004138705641557127
161 0.002427732677344572
203 0.004932669800666104
227 0.007476546404442254
246 0.0027401413604230033
378 0.002174847686585725
626 0.007252034495367293
651 0.0034366135791412985
775 0.008885579829138884
890 0.0065531415097674645
919 0.004477394240979531
920 0.005472827037033224
1095 0.0038003581023704253
1102 0.005209094607397826
1110 0.016215674118053143
1129 0.0023688416894881085
1176 0.005657317935707808
1332 0.0058076260229996905
1336 0.004932669800666104
1371 0.008119084512523547
1390 0.0017745898049680653
1439 0.01773988633957558
1493 0.003984820336447526
1506 0.004477394240979531
1510 0.002545702774949406
1558 0.003123389018730672
1609 0.00262184873729613
1621 0.003098252581260514
1640 0.0020730126971901623
1648 0.0023906218748192096
1712 0.009160772506732551
1716 0.0034206589972829923
1721 0.00443830536024061
1784 0.0029344440149070158
1847 0.0035584149166681366
1890 0.005715714294848025
2025 0.006999943419232897
2053 0.0042228720475293345
2060 0.004586951149772581
2122 0.0030735816602316364
2123 0.006376773737276915
2150 0.00316200597366325
2275 0.006128900104349424
2299 0.003013832109937621
2318 0.003358685420325057
2372 0.002478100443933896
2373 0.002347411870897108
2374 0.00673103091767448
2438 0.015043277826697834
2450 0.007969640672895052
2592 0.0046255681047051595
2599 0.004059542256261773
2649 0.005332466636540356
2666 0.0022851162362409333
2688 0.003553989346304742
2721 0.004085410868338039
2724 0.0028805017609158717
2772 0.003025569557339624
2793 0.00337391063361202
2826 0.0032708167655718973
2832 0.0038039066555906604
2891 0.005472827037033224
2939 0.006487365349925211
2954 0.001298969532269129
3023 0.0036827148111622143
3029 0.007859794062749923
3041 0.0035193850198946526
3078 0.003242769589375978
3116 0.004665337973307515
3141 0.022386971204897653
3146 0.0035365748282320717
3149 0.00623637683888231
3327 0.017909576963918122
3335 0.007859794062749923
3493 0.006936389168075133
3627 0.0021140064443005346
3653 0.0018215028095169927
3656 0.001289327572237406
3757 0.004748627071600811
3819 0.0035125552074971025
3835 0.0032289643708892403
3840 0.0029454996108236576
3882 0.003285064940558902
3901 0.002838867383034664
3916 0.005715714294848025
3943 0.006306493987994506
3954 0.0029454996108236576
4022 0.024512465210028235
4023 0.009865339601332209
4144 0.003782926825743098
4151 0.005146276942204124
4337 0.0034366135791412985
4349 0.0022451474885365774
4360 0.00483747276465393
4383 0.006724569636096497
4393 0.002278370947590816
4399 0.0017292727940236426
4412 0.004111791763313246
4425 0.005629736615092676
4468 0.0015271008442624425
4482 0.005075009293080855
4501 0.008399951299117043
4546 0.004982947150936562
4564 0.0012925338112394
4565 0.009098844284716872
4578 0.0010685049909606402
4587 0.0046255681047051595
4659 0.002278370947590816
4677 0.0004952980599599661
4680 0.0033140267694939988
4915 0.0017884910614941539
4924 0.0022386010789884614
5017 0.002219152680120305
5018 0.005906352045611351
5032 0.0056702599255153
5045 0.0027496911623375525
5124 0.007782589616772964
5163 0.0015309344919793358
5200 0.012027794717973946
5295 0.002648229632271337
5298 0.0038689045054984468
5356 0.0042228720475293345
5380 0.0006947876151327656
5399 0.012792463863416025
5431 0.0017608321095942297
5441 0.002347411870897108
5481 0.0047923094001732355
5491 0.0042228720475293345
5510 0.002442871381870683
5623 0.018407405685456273
5625 0.0077378090109968935
5674 0.013872778336150266
5675 0.0055969896982290155
5706 0.0063240119473265
5798 0.0015156656524856228
5807 0.004324910233283474
5863 0.0018072546345299881
5869 0.001983794987473839
5873 0.003589516562715218
5892 0.0028185281839579364
5893 0.00640355168453121
5939 0.004854577529422664
5985 0.0008442883030239461
5988 0.0021319688511994674
6034 0.003149008878745291
6134 0.003721899743789297
6136 0.007859794062749923
6228 0.008641505282747616
6243 0.001697764143857061
6329 0.002711895956168943
6335 0.004085410868338039
6368 0.0063962319317080124
6389 0.004549422142358436
6477 0.008836498832470974
6517 0.005368474008538037
6557 0.004477394240979531
6575 0.008399951299117043
6608 0.006255871531215145
6626 0.0032289643708892403
6761 0.0027190604273481587
6834 0.000740657900119451
6858 0.004009264905991315
6869 0.0045129214573900065
6930 0.0016140997518656385
6944 0.00933067594661503
6985 0.0045129214573900065
7022 0.004586951149772581
7291 0.0045129214573900065
7303 0.0032289643708892403
7333 0.0065531415097674645
7347 0.0022063430462119114
7470 0.002156301795483459
7481 0.002529356659903188
7484 0.000781585357494668
7495 0.01169391765032379
7503 0.002648229632271337
7606 0.004932669800666104
7667 0.004085410868338039
7680 0.006775012838242163
7695 0.005580780628543541
7839 0.005629736615092676
7864 0.002090427215262832
7885 0.0030021971743022253
8011 0.0010876342255574376
8062 0.0021501767655568477
8207 0.009865339601332209
8337 0.005548972999379949
8347 0.0038252221769260225
8350 0.001344911728495058
8445 0.0015898037897917206
8572 0.0025959801252198635
8601 0.018335166817660394
8604 0.011286816833128358
8697 0.0013086817866760788
8723 0.001973051448099389
8764 0.0017884910614941539
8768 0.0067786237296476645
8786 0.005629736615092676
8796 0.00673103091767448
8817 0.006936389168075133
8824 0.012102499229220996
8857 0.007476546404442254
8879 0.0071792764258899345
