38
597 0.022178254089286937
652 0.032958035964641114
847 0.03269360878020316
861 0.014489428729720172
1847 0.01288936958704236
2117 0.026600223871596423
2238 0.049561548138411356
2373 0.017005694886943493
2416 0.01710891499907157
2684 0.015357983469510589
2706 0.060852980522492356
2912 0.03243623383465171
2954 0.018820625223099383
2958 0.04747386960409319
3599 0.01985080185550887
4282 0.02886780954848652
4349 0.016264846250287207
4975 0.02626848050544153
5304 0.031021365393109998
5368 0.04278823926376223
5418 0.054163425063292775
6309 0.030181619595567775
6350 0.06036323919113555
6729 0.037736996489148696
6764 0.014410644712727957
6834 0.005365655009754246
6886 0.010163350139209522
6973 0.012147860669984436
7561 0.029409128345363068
7628 0.031242417125671447
7635 0.02755719043827901
7726 0.03647720245564666
7727 0.04633714688304027
8033 0.011993934145727409
8068 0.04440047631150916
8307 0.03815988498760484
8445 0.011517245232713353
8690 0.06036323919113555
