59
70 0.01272609811622493
93 0.012082917022500313
140 0.02337390226540616
217 0.030790677275997116
238 0.013397180367121139
494 0.01189959454053835
521 0.013566805919785246
605 0.01846106265217113
708 0.010622681134357626
726 0.014100414537382219
785 0.020101354011117883
1366 0.014028692989928314
1411 0.007486973188910264
1468 0.013991547403924066
1568 0.010914544218655252
1763 0.017483516404669587
1984 0.02089603755115248
2016 0.025742859379466815
2122 0.01237021754611745
2715 0.016767566441982094
2954 0.010455902901721877
3342 0.012778922782635736
3557 0.017612719289585202
3763 0.02889437178814961
3970 0.007330986616080735
4251 0.00947620385974862
4296 0.026794360734242278
4383 0.006766079325208204
4389 0.015571146528302389
4485 0.013397180367121139
4770 0.014233622148193275
4819 0.009955777886222015
5032 0.007607015373325051
5163 0.012323077639142307
5223 0.0025307829073407968
5293 0.014821790474554095
5381 0.012641243464916564
5474 0.013767096705114263
5702 0.02327170632513779
5912 0.008228421187728771
6141 0.023003985927413033
6310 0.01262198493675749
6489 0.01877654542343518
6834 0.0059618388997269385
6911 0.027090321964961483
6930 0.006496253322323433
6968 0.011593130543933013
7182 0.013896299590029882
7377 0.014593600280800848
7484 0.006291279667734857
7695 0.007486973188910264
7725 0.010914544218655252
7904 0.02687210736322162
7961 0.043808680236695346
8033 0.0066632967476263376
8202 0.022332903676516826
8235 0.021173034868457143
8653 0.012082917022500313
8872 0.007729806853023275
