106
2 0.01944297727121461
10 0.010491635969694706
82 0.0162645750857213
102 0.008904161924337725
139 0.007089257353503471
277 0.0035796412930682434
339 0.009913670670077005
459 0.011447322833180014
521 0.008021250215347482
687 0.014054531145031388
726 0.008336741441809925
849 0.01896425444791085
856 0.017083533684964368
858 0.007035526699150411
872 0.008578506330683897
878 0.018737799467206506
1364 0.004380156389385945
1426 0.011737593832241969
1468 0.01654474948493211
1476 0.010654237390943991
1496 0.0043343789481937196
1520 0.007227708733620113
1641 0.011622307210466552
1658 0.011622307210466552
1712 0.003114089506981034
1847 0.004233734535889826
1921 0.00047710376922087443
2056 0.013022931489582707
2117 0.004368649905919121
2277 0.01800341817798905
2322 0.015593606804264186
2372 0.0029483968785490883
2485 0.009784263611971666
2517 0.011737593832241969
2684 0.005044593110423185
2743 0.00489195811508025
2771 0.007199530479508886
2784 0.0070622781888322024
2928 0.008139670314702594
3203 0.011101461162760947
3229 0.0030528309299350503
3418 0.007618824266996986
3512 0.0039396134055309
3544 0.003949661061215595
3566 0.013022931489582707
3656 0.01227213981166115
3731 0.0034566883248366384
3840 0.007008999073930747
3872 0.0059612967009383495
3901 0.006755261072038689
3970 0.017337515792774878
3974 0.006589004029341097
4099 0.007462633429761728
4105 0.01299554754044901
4389 0.009206298312353967
4504 0.005073152156868806
4519 0.00984830685509214
4547 0.004960428006104008
4677 0.0035357773915390277
4922 0.03301113677069333
5172 0.00489195811508025
5178 0.004031209808021537
5193 0.005204950790126903
5229 0.003208255818266053
5336 0.006409095744096075
5435 0.004657033418938635
5510 0.005812964018174034
5548 0.011511066578665555
5625 0.009206298312353967
5703 0.005189299101089417
5712 0.013022931489582707
5834 0.016016905687312996
5837 0.011622307210466552
5855 0.004669637939380284
5897 0.0010550690688385734
5960 0.012851536629367213
6161 0.0051751850060361045
6378 0.006956600645995539
6453 0.005619716605534458
6714 0.017790906042687408
6761 0.0012940345975408754
6834 0.0035248828531232266
6927 0.012851536629367213
7074 0.0035886088597687194
7141 0.010914934852743514
7163 0.0100485860401063
7320 0.015220230728005928
7666 0.006779740210780206
7904 0.01059192553002896
7934 0.011299652739721637
7935 0.017790906042687408
8011 0.002588093120669523
8033 0.0039396134055309
8175 0.010738776606636073
8235 0.0031295909203376436
8445 0.003783036755270809
8448 0.005335359423971523
8478 0.016505568385346666
8540 0.015525555018108315
8622 0.006612227816101603
8639 0.004222746543208681
8660 0.008415499226304054
8697 0.003114089506981034
8766 0.010189499581678465
8872 0.009140355548830442
8873 0.013559480421560412
