40
13 0.0302675840491602
446 0.036587727302940486
494 0.01967075832211441
521 0.011213380403087806
559 0.028289828681648845
668 0.047136806630095146
961 0.02275785373702562
983 0.018819241296334138
1181 0.034632478333753686
1439 0.01967075832211441
1577 0.019745553303469627
1959 0.02130161070568545
2050 0.04974192097649336
2188 0.09552833121796402
2438 0.010008384839803047
2824 0.021124341742724376
3349 0.043598451677228436
3478 0.022652963131874374
3954 0.019596589247520658
4022 0.027180488634248993
4151 0.034238495574664164
4251 0.015664745155910983
4383 0.011184743374323763
4590 0.03691765709791557
4653 0.008141483310320718
4830 0.030496246849782083
4915 0.023797881063146696
5045 0.018293863651470243
5111 0.0334994716429408
5200 0.026673884884758543
5988 0.014184119295735232
5989 0.012812130881896061
6761 0.007236030198493875
7303 0.06444749295366688
7648 0.04077594763301861
7716 0.025593556819701428
7862 0.024124114749895276
8279 0.03281735418402346
8695 0.01615185413906797
8768 0.02254929934556264
