73
217 0.013855804774198704
443 0.005802424680290699
521 0.012210125327806723
605 0.016614956386954018
872 0.013058392970041043
1207 0.01244817807555626
1417 0.012723255529378393
1464 0.024381289768465337
1468 0.012592392663531661
1511 0.012625823690935484
1640 0.007508912658711032
1712 0.004740336249515574
2465 0.021665691776649305
2698 0.012937253953160413
2822 0.01634680439010158
2896 0.013201730782856242
2954 0.004705156305774846
2966 0.027081712531646387
3096 0.012111379028124716
3342 0.011501030504372163
3374 0.010136770231236995
3477 0.0077884180619059145
3557 0.03170289472125337
3653 0.0065978879544726626
3827 0.026963095921673574
3849 0.023168573441520134
4108 0.009560413020921863
4221 0.004345045646613395
4399 0.00626381034279675
4437 0.011177670707657638
4888 0.01823860122782333
4915 0.006478312067189935
4921 0.027081712531646387
5045 0.009959992432467134
5172 0.007446647352955493
5229 0.004883678301138326
5372 0.012873339187726067
5381 0.0037923730394749692
5702 0.020944535692624014
5727 0.013481547960836787
5732 0.014014031875472151
5807 0.007832892978057848
5911 0.019562894646925646
5912 0.007405579068955895
5954 0.016479017982320557
6141 0.020703587334671734
6328 0.010283008520770005
6329 0.009823089796789726
6363 0.017522401347524235
6430 0.005758622616356676
6470 0.017691734309265753
6764 0.007205322356363978
6834 0.008048482514631368
6886 0.005081675069604761
6963 0.010357823883647432
6996 0.007766333381511321
7074 0.005462660153203495
7158 0.014704564172681534
7377 0.013134240252720765
7409 0.00860662551296223
7484 0.002831075850480686
7904 0.01612326441793297
7923 0.01066925414587236
7961 0.02957085915976936
8033 0.005996967072863704
8235 0.023819664227014287
8448 0.004060801339356104
8560 0.011267869487904076
8609 0.016614956386954018
8664 0.007923091758304286
8822 0.01885546042615479
8830 0.011549045768623747
8872 0.006956826167720948
