125
13 0.008332087743869943
92 0.005394566702969171
145 0.0028970092829470376
158 0.0008622908953635172
281 0.00734281100760207
446 0.010071902459798224
447 0.009766202941079528
458 0.0056068619888646745
632 0.0032082403863144936
930 0.010817251499265731
969 0.0052755256969582815
1082 0.0035940471780623534
1110 0.009899456484054915
1135 0.008945258920415268
1253 0.004488004892660323
1257 0.007955982184147397
1309 0.00414822541298964
1373 0.004966730796129637
1380 0.00734281100760207
1431 0.0075798766244248505
1439 0.02165993612996868
1516 0.004559142778440806
1523 0.0065089917241311565
1580 0.008136795012076618
1659 0.01063643867133651
1712 0.00479359845456631
1716 0.006264802433226154
1763 0.007955982184147397
1799 0.0056743277611849855
1959 0.005863926542576332
2029 0.03075650132095417
2060 0.00840082064508911
2215 0.00840082064508911
2372 0.004538543509676686
2438 0.005510234350003925
2440 0.007168461379849438
2491 0.008544383029765448
2604 0.014394903732901542
2713 0.004351664585205622
2893 0.0065740584238492186
2895 0.005697237381524532
3141 0.008200171475052398
3149 0.026650584169156236
3229 0.002349650771916303
3327 0.04100085737526199
3346 0.011714447245712427
3349 0.012001820967326928
3506 0.004573622682304912
3518 0.004299192527598074
3559 0.007734024087048107
3629 0.013148562442922014
3827 0.0068165130139062405
3828 0.008776926204811655
3917 0.011224839516954563
4022 0.029929077372543838
4108 0.009667833391943458
4221 0.0021969331921078963
4360 0.00885964113077068
4383 0.0030789462097857555
4495 0.027386001436496346
4756 0.006890453722097087
4830 0.004197517122582366
5035 0.009766202941079528
5045 0.005035951229899112
5104 0.015384180469169416
5199 0.005334320268183928
5336 0.004932843353602035
5431 0.0032248947625152743
5438 0.013082616357128507
5440 0.004017593617294632
5531 0.009221764665753368
5569 0.008776926204811655
5578 0.009126071748344488
5703 0.003994011105894663
5869 0.007266485010297432
5871 0.007955982184147397
5939 0.0029636559449284427
5988 0.011713851328500445
6040 0.010023267494791184
6088 0.030751999577909982
6163 0.0056516312566808275
6328 0.0051992739711758445
6430 0.00291166312062978
6469 0.007014013968172528
6470 0.008945258920415268
6494 0.006264802433226154
6607 0.0074822693431359595
6832 0.011213723977729349
6834 0.0013564858170727024
6849 0.006069509701432829
7140 0.0031026727174098346
7182 0.0063235970044518
7236 0.030768360938338832
7303 0.005913721263538721
7366 0.010023267494791184
7407 0.003353563764672408
7447 0.007787649468543783
7470 0.003949181940042739
7579 0.013338890777769615
7608 0.012001820967326928
7680 0.004136056526717126
7695 0.003406993417425457
7943 0.004573622682304912
7959 0.014263306530702397
8010 0.002712971634145405
8062 0.003937964188604114
8079 0.015384180469169416
8135 0.006096469717622541
8150 0.005913721263538721
8163 0.026700129673192397
8171 0.005720364157899994
8187 0.0046324172535305574
8350 0.004926305881903246
8496 0.00768155202944056
8524 0.008014776755373043
8533 0.01505538342973987
8561 0.008619461465484445
8595 0.010023267494791184
8601 0.004197517122582366
8695 0.00889259385184641
8698 0.006890453722097087
8768 0.006207391392879603
8830 0.005839405163910883
8867 0.001927290620465197
8892 0.005035951229899112
