130
49 0.0066126094752097814
53 0.007905046527662008
82 0.009688029507581818
145 0.0022420332711503162
163 0.001713008042726284
217 0.005421836650773406
255 0.012793151261818627
338 0.010783248432370047
375 0.0032293431691939396
405 0.004616045712553432
423 0.0033473964128618292
521 0.007166812692408293
524 0.010723775175584782
549 0.0026297618049649497
559 0.00602696350174258
668 0.0033473964128618292
726 0.0024828990815825213
858 0.03771654095674982
872 0.012774514861996673
874 0.011906017928313722
878 0.016741816480482334
909 0.008867017909461466
936 0.021194383720418913
1065 0.00602696350174258
1139 0.002983110699502653
1159 0.028621514076024524
1164 0.013071519812972367
1172 0.0035172399904254926
1268 0.0032678799532430917
1390 0.0025152881583460403
1468 0.014782373996319775
1568 0.011531453239709678
1573 0.01773403581892293
1772 0.0038838525369473873
1921 0.0005683757946370418
1932 0.007979539724000924
1958 0.005985462119541579
2078 0.02001214096768997
2081 0.008867017909461466
2086 0.00679257767154989
2117 0.002602195813525737
2373 0.006654402347064845
2525 0.006254502896218114
2611 0.003100340253249503
2684 0.01201929141092133
2707 0.005037393595197156
2827 0.006249365773252934
2954 0.0018411481196510264
3136 0.004409166321353769
3454 0.01773403581892293
3512 0.007039917868144348
3557 0.006202740271549572
3656 0.0018274816893451928
3731 0.0020589839152287803
3733 0.004373871146474728
3760 0.00822602116533828
3828 0.01358515534309978
3882 0.004656222480966096
3884 0.0032678799532430917
3970 0.00516356448610904
3974 0.0039247545739988276
4221 0.001700235253022633
4244 0.005682697214578994
4251 0.0033372717940853835
4382 0.0016749459882529417
4437 0.013121613439424182
4510 0.004964291425589981
4677 0.000702031163247604
4684 0.006856591831639918
4802 0.005219847949734268
4835 0.003348976068361416
4915 0.0025349916784656265
4987 0.010597191860209456
5006 0.01966315538080429
5019 0.004255288168793589
5163 0.002169933236457667
5172 0.005827810971878211
5220 0.010905080731872784
5293 0.005219847949734268
5301 0.0075581918413572
5336 0.003817591812787662
5371 0.012966406178993212
5381 0.007419860294624939
5459 0.006856591831639918
5702 0.00409784393986122
5732 0.0054837516034456244
5811 0.00611571103427269
5897 0.0006284541844821068
6093 0.005648049694269102
6095 0.0045573393194940975
6310 0.004445133825553725
6453 0.0033473964128618292
6469 0.0018094122990358118
6761 0.006166356169151303
6764 0.005638947931067461
6824 0.004718137433638314
6834 0.0010498020671258306
6911 0.009540504692008175
6930 0.004575621905288679
6935 0.003952523263831004
6968 0.004082798148080757
7074 0.006412688005934537
7091 0.007655045731405688
7101 0.005944853309740955
7232 0.006991523282683261
7252 0.008938769739505255
7313 0.009065963520594834
7346 0.017708257740977375
7407 0.0025953667396160372
7484 0.0011078122893185293
7492 0.004445133825553725
7495 0.004143714297832126
7666 0.004038366995116905
7725 0.003843817746569893
7903 0.0028582481591359512
7904 0.0031545517339434076
8011 0.0015416032936161942
8172 0.011140403758506412
8187 0.00717017627068208
8205 0.003957242563553098
8235 0.009320738175788199
8356 0.006346219663301422
8445 0.011266870336350019
8448 0.0015890092197480407
8667 0.004373871146474728
8695 0.010323141558447789
8800 0.014029908154311937
8814 0.0017172849117752112
8846 0.005547765763535652
8873 0.012115100985350714
