111
2 0.016544645255629823
124 0.008550660170773683
163 0.002447154346751834
164 0.009987890403833228
216 0.007659839411131987
217 0.007745480929676293
277 0.024368241349085683
423 0.004781994875516899
494 0.0059867525328174305
521 0.013651071795063415
523 0.007456925642477527
605 0.01857572763758834
668 0.004781994875516899
708 0.005344330260142656
785 0.015169655356216291
847 0.009137965187013304
878 0.007972293562134445
1085 0.012175359460425542
1208 0.008861057530785102
1313 0.007418112292930933
1468 0.01055883856879984
1528 0.012667168442087809
1539 0.008861057530785102
1558 0.006324377764634776
1658 0.00988978936542806
1664 0.007342121880402911
1665 0.009987890403833228
1721 0.004493439588318133
2078 0.009529590936995224
2286 0.00806864242038443
2325 0.006594351017933474
2330 0.010540319492881558
2416 0.004781994875516899
2465 0.012111256272661101
2619 0.005727595177145172
2684 0.004292604075329046
2825 0.011759540891291298
2831 0.006622896059480984
2896 0.0073798495059444824
2954 0.010520846398005865
3213 0.004429057504642147
3306 0.004654531104432416
3342 0.01285829497383223
3472 0.00811813887796999
3544 0.0033608917104753825
3557 0.008861057530785102
3840 0.0059641793362019396
3902 0.006710389607795302
3926 0.03690171788220952
3943 0.004256557018812026
3970 0.0036882603472207427
3997 0.007456925642477527
4085 0.01079741691622457
4105 0.011058323062369655
4248 0.002682975751313469
4296 0.020220589001307063
4382 0.002392779983218488
4383 0.003404052331315928
4500 0.005154652823810598
4510 0.0070918448936999725
5163 0.003099904623510953
5180 0.0075768334387221635
5229 0.0027300065037419207
5381 0.006359880252535663
5435 0.0039628172571092735
5463 0.005897571476625708
5474 0.006926303311268667
5537 0.01019549136959068
5660 0.012175359460425542
5702 0.011708125542460628
5703 0.0022078694933206524
5807 0.004378635826243517
5811 0.008736730048960986
5855 0.003973542842826701
5912 0.004139764696931866
5985 0.0017095527129553192
6093 0.00806864242038443
6141 0.011573433913791651
6202 0.009529590936995224
6300 0.007925379662193787
6310 0.006350191179362464
6469 0.0025848747129083023
6507 0.004915781694498947
6713 0.00333532297634599
6719 0.013629292417154536
6761 0.0011011350302055896
6834 0.00449915171625356
6858 0.00811813887796999
6973 0.003395364783536022
7252 0.004256557018812026
7346 0.018973133293904328
7484 0.0031651779694815124
7605 0.012667168442087809
7666 0.0057690957073098645
7821 0.007536269046430501
7864 0.00423279051040797
7904 0.009013004954124021
7961 0.0055100979800812465
8033 0.0033523418419734987
8043 0.007376520694441485
8061 0.006350191179362464
8106 0.0070918448936999725
8202 0.02247161736394861
8235 0.018641476351576397
8297 0.013629292417154536
8445 0.0032191058103857194
8448 0.004540026342137259
8496 0.008492647585344222
8622 0.005626554104384594
8726 0.025334336884175617
8872 0.0038889090378564305
