349
13 0.0070512438276173536
44 0.0029873347263647564
99 0.0028668228174292603
130 0.0016753453029105688
131 0.004276443864176302
134 0.003887482607078547
161 0.001254264426013202
163 0.0012487855778987172
203 0.0025484157765723455
222 0.004060685997553843
225 0.0006089947454275041
243 0.0008911138897883909
258 0.0043397529691159365
304 0.0030514592184933444
334 0.0013067674661306487
378 0.003370841580793723
443 0.002482812462248001
446 0.004261803418012878
522 0.0015692489643517522
554 0.002790270234902232
563 0.0038626848301872817
575 0.0024930620862004564
626 0.0037466929405542593
660 0.0047396072102246015
665 0.005654965496268878
682 0.0017352320872043876
707 0.001341187830145286
722 0.00164724900027914
740 0.003385616691258627
807 0.001902638713849258
919 0.006939606287920731
984 0.0021106877069385116
1011 0.0036273485657823757
1048 0.0020973229406360348
1051 0.004060685997553843
1101 0.00234036172270097
1108 0.0023132020959735766
1110 0.008377669988090848
1139 0.0005436731068824169
1208 0.0022609037439879584
1216 0.008320709319096991
1258 0.0034775215200663714
1289 0.0023504146092057847
1304 0.002754966915233211
1309 0.00234036172270097
1332 0.0030004533811377166
1336 0.005096831553144691
1364 0.00665700471857547
1371 0.0041946458812720695
1380 0.0020713476376436903
1439 0.010692662606157281
1487 0.002754966915233211
1491 0.003385616691258627
1507 0.0015816504501076263
1567 0.002629481580767878
1609 0.001354552596447763
1635 0.002212300226133043
1648 0.0024701829831729393
1653 0.0030004533811377166
1701 0.003304550887063094
1712 0.00540894152084186
1716 0.0035345002634366257
1721 0.003439510810075528
1740 0.0043397529691159365
1792 0.0020713476376436903
1799 0.008003409995966146
1810 0.004060685997553843
1854 0.0034775215200663714
1890 0.002952968082599772
1921 0.00010358671376110904
1940 0.002266661375209016
1959 0.008270831415044273
1978 0.0026587738243400065
1999 0.002499233155748306
2025 0.0036164525430585175
2029 0.0017352320872043876
2053 0.002181705685411352
2072 0.0030901937557819927
2113 0.0022953241080025956
2115 0.003232035054161866
2123 0.00164724900027914
2150 0.0016336195680098566
2197 0.0043397529691159365
2215 0.0023698036051123007
2216 0.0035836178586251878
2223 0.003106549719696533
2241 0.0019228832273776716
2341 0.0038626848301872817
2373 0.0012127674642035773
2394 0.002499233155748306
2397 0.0014509706469240118
2438 0.00854915915793002
2439 0.003601661274751802
2450 0.0020587185890362813
2492 0.0003610762492956321
2560 0.0034775215200663714
2592 0.002389754678500605
2597 0.0035836178586251878
2611 0.0011300764789974418
2612 0.002196832972109023
2649 0.005509933830466422
2673 0.003385616691258627
2713 0.0024551388151080847
2731 0.0017046375464826972
2738 0.0010710018055213833
2743 0.0010621208585831923
2789 0.0016136684946215516
2819 0.0029085485523299725
2832 0.001965251299084874
2835 0.002790270234902232
2891 0.002827482748134439
2893 0.0018544887471397165
2907 0.0038626848301872817
2954 0.0013421998970514614
2961 0.0043397529691159365
2975 0.0007713881189602915
2986 0.00397491056787756
3030 0.0012275694075540423
3032 0.0019988318047424623
3033 0.002277898776304556
3041 0.0018182559690739408
3078 0.0016753453029105688
3096 0.0017274550119353795
3137 0.0030514592184933444
3141 0.0300716272476565
3146 0.0036542738320242646
3147 0.01301925890734781
3149 0.003221963311371843
3169 0.0027213864095756227
3229 0.0006628174919193375
3327 0.0300716272476565
3346 0.003304550887063094
3374 0.0014458150884490168
3394 0.0010650684598258607
3478 0.0035182098049503785
3489 0.0017591049024751892
3491 0.0024533318943611164
3496 0.003304550887063094
3506 0.0012901819927896583
3595 0.001170180861350485
3604 0.0007599167894453639
3653 0.0018821233467592382
3749 0.0034775215200663714
3760 0.0014991956165038068
3901 0.0014666731646106187
3943 0.0010860628843561589
3954 0.0015217636658138073
4019 0.025085325010376313
4022 0.014774813948569582
4108 0.0027272176604848423
4125 0.002331556886068371
4151 0.0026587738243400065
4198 0.0018829726948606368
4221 0.0012394741939626168
4265 0.003385616691258627
4333 0.002293007206717019
4337 0.001775492910935124
4346 0.0007248031002605839
4349 0.001159933567770086
4360 0.002499233155748306
4382 0.0006105191399337189
4383 0.0008685458404783906
4393 0.0011770981440802
4433 0.0009050186826687479
4454 0.0005205245644704619
4468 0.002366885302200743
4482 0.0013109770440129626
4499 0.004060685997553843
4534 0.000802947290306877
4549 0.003304550887063094
4578 0.0005520326894661945
4589 0.004663113772136742
4590 0.0028668228174292603
4653 0.001264445902395294
4659 0.0035312944322405996
4677 0.00025589091528835015
4680 0.0017121596305151247
4706 0.0059623658518163395
4707 0.010750853575875564
4711 0.0025743910795646896
4830 0.0011840856542308417
4909 0.0013237624984472462
4915 0.006468045328573153
4928 0.0014458150884490168
4943 0.0009610853063418881
4948 0.0022953241080025956
4982 0.002331556886068371
5018 0.0030514592184933444
5045 0.0028412022786752523
5124 0.004020799073007902
5163 0.003954711920643926
5178 0.0008752388965118077
5180 0.0019332332545709484
5200 0.0020713476376436903
5221 0.0038626848301872817
5223 0.0012994828240545455
5255 0.003378187554809922
5295 0.0013681820287170458
5298 0.003997663609484925
5381 0.0005409089913672697
5427 0.0043397529691159365
5430 0.003304550887063094
5438 0.0018452501676457008
5440 0.001133330687604508
5441 0.0012127674642035773
5459 0.002499233155748306
5481 0.009903599774684467
5511 0.0038626848301872817
5544 0.0038626848301872817
5556 0.002034135124411483
5574 0.003106549719696533
5578 0.010297564318258758
5608 0.003232035054161866
5623 0.00855900606673989
5625 0.0019988318047424623
5627 0.0022609037439879584
5703 0.0028166956293551905
5706 0.0016336195680098566
5717 0.0022281230801847077
5763 0.001965251299084874
5821 0.002790270234902232
5869 0.00409963338140394
5892 0.0029123302312845873
5893 0.006616665132035418
5902 0.0030004533811377166
5912 0.001056263258646641
5933 0.002212300226133043
5939 0.0008360233885852026
5970 0.002629481580767878
5985 0.002617159937741424
5988 0.005507304639390067
6006 0.0015391889975118471
6039 0.00164724900027914
6040 0.008482448244403317
6063 0.003106549719696533
6086 0.0016753453029105688
6088 0.007229075442245084
6134 0.0019228832273776716
6161 0.0011236138602645743
6165 0.0018361339570449223
6223 0.0014613990864031266
6228 0.005952732640624877
6293 0.0025007737460134493
6305 0.002827482748134439
6335 0.0021106877069385116
6341 0.008370810704706695
6367 0.0017672501317183128
6387 0.0019544122744726625
6388 0.0027001375541669545
6406 0.00198745528393878
6430 0.0032854265323112577
6469 0.000659532216764242
6477 0.004565290997441422
6491 0.0003848491061263192
6496 0.0024314804134013173
6517 0.00277356977303233
6537 0.0010591858271068162
6553 0.005905936165199544
6626 0.0016682129713310495
6653 0.004060685997553843
6654 0.002010399536503951
6665 0.0022281230801847077
6671 0.0030321037998722253
6707 0.0011172113597863807
6709 0.0024533318943611164
6713 0.0017020190148706955
6761 0.00309050735102076
6849 0.0017121596305151247
6869 0.004663113772136742
6930 0.0008339089050843076
6935 0.0014406978616182742
6944 0.0024103013934996032
6973 0.0008663292078435811
6981 0.0016071446179260964
7020 0.003385616691258627
7026 0.0022609037439879584
7102 0.0033506906058211375
7105 0.004998466311496612
7140 0.0017504777930236154
7179 0.0005245534374665997
7238 0.0014881831601562191
7265 0.002499233155748306
7303 0.018350342684641547
7322 0.0005395310853250687
7328 0.0033223075863189934
7350 0.0038457664547553432
7385 0.0019762637554324616
7409 0.0012275694075540423
7416 0.0020842127568547514
7452 0.0036722679140898445
7470 0.0011140323063828963
7484 0.0012113953718380114
7495 0.00302077429002025
7553 0.0035845613321631936
7555 0.0011667481168869229
7579 0.002508528852026404
7583 0.0022281230801847077
7615 0.0020713476376436903
7678 0.0009869629347668085
7680 0.007000488701321537
7695 0.0028832559190256645
7705 0.0020587185890362813
7716 0.00198745528393878
7764 0.0024533318943611164
7803 0.002952968082599772
7813 0.005046770484418124
7862 0.0018733464702771296
7863 0.005128147054186138
7864 0.0010799988465541733
7959 0.0040235634904358586
8011 0.000561915622078803
8021 0.002389754678500605
8033 0.0008553518804401479
8043 0.0009410616733796191
8069 0.0016071446179260964
8099 0.0018361339570449223
8104 0.0020587185890362813
8171 0.0016136684946215516
8187 0.003920302398391946
8205 0.0028848361002130354
8207 0.0025484157765723455
8262 0.0038626848301872817
8263 0.0037091031930905206
8279 0.0025484157765723455
8427 0.004424600452266086
8445 0.0008213566330778144
8510 0.002629481580767878
8533 0.0014156673272549907
8560 0.0016071446179260964
8602 0.004060685997553843
8622 0.0014356184006432957
8664 0.0011300764789974418
8667 0.0015942794987150355
8679 0.0006228373897829914
8695 0.01755970196418483
8723 0.0010193578004443753
8724 0.002965484621934011
8734 0.0026587738243400065
8739 0.0012503868730067247
8764 0.0009240064755104504
8768 0.0035021098825121057
8784 0.002629481580767878
8813 0.0026013852781364495
8817 0.0035836178586251878
8840 0.0037091031930905206
8857 0.0038626848301872817
8867 0.0010873462137648338
8874 0.0019228832273776716
8893 0.0014666731646106187
