29
652 0.04362092995320147
861 0.038354370166906335
1525 0.04293030948703903
1847 0.03411891949511213
1921 0.0019224475406841117
2238 0.06559616665377974
2322 0.0628330627112998
2416 0.022644152204653552
2525 0.042309872533240186
2666 0.021910232147486594
3599 0.026273120102879383
4221 0.011501591417506046
4282 0.03820739499064392
5172 0.019711713581352774
5304 0.04105768949088088
5330 0.03892384633945112
5381 0.01003863451625727
6309 0.03994626122942794
6349 0.02513890259878054
6350 0.03994626122942794
6729 0.049946024765049744
6764 0.019072912119787
6806 0.04362092995320147
6886 0.013451492831306719
7628 0.02067512898022375
7635 0.036472752050663394
7840 0.027823306882761824
8062 0.02061640075210389
8747 0.030960070144408595
