31
145 0.015166695657781549
872 0.03456633433246158
1426 0.047295598676975
1468 0.01666640205467426
1476 0.04293030948703903
2075 0.020099654764206307
2619 0.0271218477505992
2771 0.02900987281449169
3599 0.026273120102879383
3675 0.03390951158834281
3970 0.017464997526545283
4221 0.011501591417506046
4393 0.02184555673278253
4403 0.01821936384371704
5456 0.023350042687117274
5807 0.020734128471329594
6764 0.019072912119787
6852 0.03342129800541745
6895 0.024252066797895273
6930 0.01547636820906465
6973 0.016078050886744105
7503 0.02539184882707223
7846 0.054803613532954584
7862 0.03476710655131967
7961 0.02609193455273767
8033 0.015874324604639216
8235 0.02522082094625042
8448 0.010749180015942628
8625 0.04398076690664299
8830 0.030571003505180508
8872 0.03683025618205208
