22
277 0.02132221118044997
521 0.02388937564136098
872 0.025549029723993345
1371 0.057539598936579915
1468 0.02463728999386629
1496 0.0258178224305452
3648 0.10439695899468537
3970 0.0258178224305452
4389 0.05483751603445624
4915 0.025349916784656267
5255 0.023169960294402832
5732 0.05483751603445624
6930 0.022878109526443393
7503 0.037535776526976344
7961 0.03857068586056873
8001 0.06346219663301421
8003 0.1114040375850641
8033 0.023466392893814494
8100 0.059854621195415784
8205 0.01978621281776549
8864 0.06448311384386304
8872 0.027222363264995015
