42
145 0.00991668562239563
375 0.01428363324835781
521 0.021132909221203942
596 0.03431041565524675
872 0.022601064755840266
1193 0.01760697073478945
1309 0.028399389365852155
1468 0.0108972628819024
1499 0.035340007229626436
1572 0.023087789008440034
1984 0.016274798477339914
2075 0.013142081961211818
2818 0.02439542514488448
2954 0.01628707951998985
3506 0.01565586225865912
3641 0.023209715509036555
3648 0.04617557801688007
3656 0.008083092087488353
3970 0.022838842919328448
4189 0.00853688264135698
4221 0.007520271311446261
4547 0.013068819939158637
5172 0.012888428110884507
5702 0.018125078964770783
6033 0.029505079631850603
6086 0.020329670887241708
6469 0.00800316978419686
6764 0.012470750232168424
6869 0.028292546059791195
6921 0.04834713431859725
6930 0.01011916382900381
6996 0.026883461705231496
7182 0.02164615897677732
7409 0.014896082618588475
7666 0.01786200786301708
7961 0.017060111053713092
8002 0.038423489115729084
8043 0.011419421459664224
8448 0.0070283100104240265
8534 0.023459041992966702
8697 0.008204428124161571
8872 0.012040660674901641
