240
15 0.001447630908429611
44 0.0025473083950488667
68 0.0007808262819588944
91 0.007545737528053783
158 0.00041483183614785424
232 0.00899996102806901
318 0.0023411563534158466
375 0.0020074295376070438
494 0.0026050463723881253
496 0.003720692668904225
535 0.0019839533776473336
536 0.00822108205026081
549 0.0016347167976809148
575 0.0021258407789087673
619 0.004262205733181571
652 0.004008409779483378
726 0.0015434237534161619
861 0.008811139092397401
969 0.0025379556055637143
990 0.0026350165674303206
1041 0.005170966210052363
1108 0.003944947358268451
1134 0.002595223981428412
1172 0.0021863924264807115
1174 0.006925115849882364
1183 0.005297926684131115
1222 0.0035767858798414543
1248 0.0027631912969658294
1366 0.003071146303200523
1402 0.007401038171654476
1499 0.0024833518593791546
1525 0.019724736791342255
1553 0.005511930051827398
1581 0.004586463346902516
1772 0.01690000698509539
1773 0.006587443588778851
1894 0.002774532147218824
1921 0.0008832867078818892
1930 0.0018678628543999365
1931 0.003071146303200523
1940 0.0038655765615051058
1973 0.00611152126700674
1984 0.0022872689751937177
2053 0.003720692668904225
2058 0.00338941698423073
2117 0.006470324725523454
2123 0.0028092273491246954
2161 0.006084325766445517
2197 0.007401038171654476
2238 0.030138779273358257
2249 0.005297926684131115
2286 0.0035109498099510634
2319 0.003532487457711267
2331 0.00611152126700674
2372 0.0010917037090843922
2404 0.0040414758779077345
2425 0.004586463346902516
2478 0.0032619059634321646
2525 0.0038879342327842333
2556 0.0029460111149492555
2574 0.002894408569249195
2586 0.003599578224535678
2619 0.0024922779014064133
2674 0.002575822401355105
2675 0.005773849005903226
2684 0.007471451417599746
2829 0.0019956327662490705
2849 0.0022285683003471332
2896 0.012844927248184453
2962 0.0020496777079146208
2964 0.004641067093087076
3010 0.005635598945234627
3050 0.007621193167840067
3105 0.01222304253401348
3133 0.0029592741811512667
3136 0.00548166623735874
3173 0.005400057929778141
3229 0.005651862667582459
3294 0.004822004362359003
3450 0.00887283302975189
3464 0.001390187330106194
3472 0.003532487457711267
3507 0.004390380462717078
3595 0.0019956327662490705
3618 0.004641067093087076
3627 0.0037252221667133747
3634 0.0063255246347030235
3635 0.006925115849882364
3653 0.008024458323007293
3715 0.007401038171654476
3733 0.0027188928748356415
3755 0.005635598945234627
3840 0.005190447962856824
3872 0.00662187282185314
3882 0.00578881713849839
3901 0.0025012723428900012
3911 0.0050360077300552865
3973 0.004390380462717078
4005 0.002221432905303327
4050 0.004303394831983562
4125 0.003976249716511195
4198 0.0032112318120461132
4237 0.005635598945234627
4256 0.020815900182370815
4282 0.02106569885970638
4345 0.007401038171654476
4349 0.0019781569763862817
4435 0.0031468996102282086
4437 0.0027188928748356415
4458 0.0024227008619514654
4468 0.0013454996627825847
4499 0.006925115849882364
4500 0.0022429705530635307
4504 0.0018784374202460174
4531 0.004110541025130405
4542 0.006629733851531252
4592 0.003554427701554995
4660 0.003184675734360952
4780 0.0039144581409449675
4834 0.003448611150305946
4853 0.0037728687640268916
4855 0.004075500546307789
4889 0.0047585419411440765
4915 0.0031516112759302386
4943 0.001639040076491166
4951 0.0027519589732599974
5013 0.002595223981428412
5057 0.0032792954499332727
5080 0.003408818564304037
5163 0.0013488774172574689
5171 0.0027188928748356415
5172 0.005434039960264819
5174 0.005773849005903226
5234 0.003448611150305946
5267 0.014095006406855319
5298 0.013635274257216149
5304 0.0037728687640268916
5308 0.00958444558982326
5330 0.0035767858798414543
5381 0.004612345588550638
5386 0.002774532147218824
5435 0.003448722045376179
5670 0.0031313527753928268
5714 0.004303394831983562
5719 0.005635598945234627
5723 0.004641067093087076
5807 0.0019052982919600169
5811 0.001267219403497945
5847 0.00611152126700674
5851 0.009282134186174152
5855 0.0017290281018786458
5891 0.01976233076633655
5893 0.002821024120482668
5912 0.0018013570708271095
5924 0.005203975045592704
5985 0.0007438864507724498
5991 0.007401038171654476
5997 0.006897222300611892
6000 0.004346082040586892
6006 0.0026249412362972313
6034 0.002774532147218824
6086 0.00285714293550424
6137 0.005773849005903226
6161 0.001916217150883639
6165 0.0062627055507856536
6213 0.003351550188439339
6223 0.0024922779014064133
6349 0.006930183959663825
6409 0.0010595436461122091
6430 0.0014007460418164889
6444 0.003071146303200523
6484 0.005170966210052363
6507 0.002139029331930623
6542 0.004075500546307789
6543 0.005773849005903226
6551 0.004822004362359003
6589 0.0015840426462948637
6596 0.001846995302656796
6602 0.005203975045592704
6619 0.004698335468951773
6707 0.0019052982919600169
6729 0.002294817354069853
6761 0.006707995562387566
6764 0.0017526459785750217
6806 0.012025229338450136
6823 0.0020558392384413737
6827 0.009837886349799818
6834 0.0013051593266969787
6886 0.0024721662500779918
6891 0.011023860103654796
6920 0.0035632587971055735
6937 0.007401038171654476
6973 0.0014774425139170262
7012 0.006587443588778851
7081 0.0030421628832227585
7091 0.0047585419411440765
7174 0.004146659840151976
7181 0.003071146303200523
7244 0.00659389288450956
7282 0.007401038171654476
7312 0.003554427701554995
7409 0.0020935035031529746
7440 0.005930583997734812
7492 0.005526382593931659
7524 0.002152367758080656
7560 0.0020496777079146208
7562 0.007401038171654476
7611 0.0031948151966077537
7635 0.02346085131907537
7637 0.006925115849882364
7663 0.006587443588778851
7719 0.00688445206220956
7720 0.00578881713849839
7729 0.004008409779483378
7911 0.007401038171654476
7944 0.00184183587074509
7988 0.0018891081198270782
8011 0.0009582939392749316
8043 0.0016048916646014585
8062 0.0018944800691122496
8075 0.005116989414859187
8102 0.0036707375183798645
8145 0.0008759068827370978
8180 0.004183925473896931
8256 0.00448433210125549
8358 0.005116989414859187
8473 0.003944947358268451
8520 0.0034898002491079373
8583 0.002595223981428412
8611 0.006587443588778851
8671 0.0025662405614506464
8677 0.0034285462365783595
8690 0.007341475036759729
8695 0.002139029331930623
8699 0.005511930051827398
8765 0.0031008635580693426
8788 0.0063255246347030235
8814 0.0010675014316440504
8826 0.00611152126700674
8837 0.003976249716511195
