28
130 0.033035715191767775
849 0.04059535717755917
969 0.029345111689330444
1107 0.10732467652763862
1468 0.017708052183091398
2420 0.0430205089842051
2639 0.04491731649525546
3203 0.047528130603070304
3912 0.03694005071077715
3986 0.041888878588753696
4534 0.01583311688073873
4542 0.03832814882916505
4660 0.018411406589274253
4731 0.05822883937876425
5702 0.08835975995325757
5811 0.029304448705889975
5821 0.05502064119447838
6685 0.03484796353482048
7074 0.01536373168088483
7187 0.0731388785887537
7660 0.05575442543977597
7904 0.022673340587718242
8033 0.016866469892429167
8123 0.04059535717755917
8159 0.030467379060913083
8235 0.013398561127695536
8609 0.046729564838308174
8697 0.013332195701762552
