74
141 0.01191846837021344
210 0.014545917672770423
246 0.009503043441467011
423 0.008190438031470433
521 0.011690545526623457
549 0.006434523565339771
708 0.00915358693492519
785 0.017321379520218602
838 0.011011624950994623
872 0.012502716673443551
1417 0.006090920200234337
1468 0.018084819250816744
1664 0.012575336412179455
1712 0.004538619813365975
1881 0.018006160017482457
2075 0.007270087893436325
2150 0.010966105823555526
2222 0.024055987965877587
2619 0.01962006007490155
2771 0.010492932720135292
2831 0.011343470910387643
2964 0.018268030047257636
3034 0.017462490537277654
3133 0.011648206883254984
3306 0.007972122423549138
3512 0.005741776984656738
3604 0.0051011435546811125
3835 0.011198323243722257
3901 0.00984543369009894
3954 0.010215243331154386
3970 0.018951380294761903
4296 0.02308875765397473
4573 0.012705490203849791
4630 0.015065583284874859
4809 0.011808459504913238
5163 0.005309411110481526
5229 0.0046758622032175455
5360 0.013341322171972023
5372 0.012325537520163254
5381 0.007261990926654196
5474 0.011863136522492079
5536 0.014168552585938306
5702 0.020053278854640012
5752 0.02218267669932779
5775 0.01590793696623257
5897 0.0015377070471370698
5912 0.0070904480447450055
5929 0.02852008754978975
5985 0.0029280636892107066
6161 0.007542556870499429
6329 0.009405085975649739
6381 0.010492932720135292
6419 0.02913174599481017
6469 0.004427285412534432
6654 0.013495341569510563
6824 0.011544378826987365
6834 0.007705993896987479
6921 0.008915074413358358
6930 0.0055978353096616815
6973 0.005815465214354251
6996 0.007435851109957647
7377 0.012575336412179455
7484 0.002710604537694274
7923 0.010215243331154386
8159 0.010371873722864028
8235 0.00912242459757994
8338 0.027258434728260367
8448 0.0077760025647244544
8540 0.007542556870499429
8668 0.02913174599481017
8697 0.004538619813365975
8782 0.016380876062940867
8872 0.019982373034943147
8873 0.009881110732732854
