32
45 0.03772868764026892
103 0.04641067093087076
757 0.026050463723881253
861 0.017622278184794803
1728 0.024569739207598137
1847 0.031352520617130064
2238 0.030138779273358257
2416 0.020808139863735697
2684 0.018678628543999366
2743 0.018113466534216062
3102 0.029199262887974153
3627 0.018626110833566873
3680 0.06201727116138685
3892 0.026762056662323123
4221 0.010569029951221774
4282 0.07021899619902126
5304 0.03772868764026892
5493 0.05400057929778141
5703 0.009607215903368245
5723 0.04641067093087076
6349 0.023100613198879415
6350 0.03670737518379864
6518 0.03351550188439339
6695 0.043903804627170785
6729 0.022948173540698533
6806 0.08016819558966758
7181 0.03071146303200523
7628 0.018998767171016423
7635 0.03351550188439339
8033 0.014587217204263064
8054 0.03855757466098383
8690 0.07341475036759729
