149
15 0.002514664019337822
93 0.013784736321444021
148 0.004441279032929118
375 0.00697416834661602
378 0.0033286401212532695
480 0.002877478205688084
493 0.00543943909340538
522 0.004648807964816693
589 0.010988000539155485
708 0.004039611135600788
712 0.008161427809916225
807 0.00563645553257691
894 0.009039768858541316
906 0.009789538073881747
974 0.006907100446521794
975 0.012124188658872647
1037 0.020603906846590424
1057 0.004179319279440175
1143 0.006376398506105868
1248 0.0047999097646824265
1317 0.0072678517621683775
1390 0.005432077712859993
1411 0.002847158818317988
1463 0.009574714174535856
1496 0.002787839980763097
1640 0.0031727799966384646
1646 0.006252788465155873
1712 0.0020029589786685524
1720 0.011709130795097496
1918 0.0058877196439688735
1921 0.0006137391209695756
1960 0.006376398506105868
2024 0.005259793553051941
2025 0.0035711761418934654
2091 0.005955690645699498
2131 0.010988000539155485
2159 0.030825804892095767
2161 0.010569016589600194
2228 0.010616257599964757
2311 0.007140376428630281
2398 0.005309526292476467
2619 0.004329309030612079
2674 0.004474433279349243
2743 0.003146470712516405
2838 0.005821941641889932
2975 0.0022851920331640563
3102 0.0050721724265495
3149 0.006363251485056754
3225 0.006832490686576364
3226 0.008616404396808509
3229 0.003927115844141803
3258 0.012029543964584388
3268 0.00431380369939102
3413 0.008244564478320773
3506 0.003822088438733682
3512 0.00760178924729202
3544 0.002540392325758388
3627 0.0032355216001970625
3756 0.006098833003201377
3767 0.007140376428630281
3786 0.004208447506676254
3837 0.005187397502030842
3872 0.0038342612583500187
4103 0.019579076147763493
4206 0.010988000539155485
4226 0.009119514154272071
4282 0.01829649900960413
4350 0.005921421919213585
4384 0.007079507991238882
4433 0.0053621294719622525
4437 0.004722959453939847
4468 0.0023372529353500294
4534 0.0023786842262142694
4677 0.0015161236389384877
4710 0.01144297712604777
4903 0.009789538073881747
4915 0.0027373149579675783
4928 0.004283142351226899
4943 0.002847158818317988
5052 0.005360502478336599
5081 0.004424901906892397
5223 0.0019248208027662398
5304 0.013107619180187323
5336 0.0041222822391603865
5379 0.004329309030612079
5380 0.001063383861658599
5435 0.0029953689126506716
5714 0.007475380694055953
5768 0.010616257599964757
5848 0.009039768858541316
5869 0.009108692477696781
5912 0.003129117916460237
5939 0.002476670226278229
5982 0.006962965344642488
5985 0.001292197121060124
6006 0.004559757077136036
6135 0.05020376494888993
6319 0.00796709595471329
6372 0.006962965344642488
6411 0.006697794659419725
6429 0.012856263490667399
6430 0.0024332208238126802
6435 0.006098833003201377
6481 0.006062094329436323
6484 0.004491214783378813
6513 0.0059905451906723
6543 0.030089072284284417
6589 0.0027516233761929556
6713 0.002521065723904716
6728 0.010810880459713214
6729 0.023917814676221005
6764 0.0060890048081949115
6827 0.0056964287158465295
6834 0.0011335890865677982
6849 0.010144344853099
6886 0.002147186649128772
6969 0.005386476603219045
7131 0.009039768858541316
7244 0.00572709006401065
7329 0.010988000539155485
7447 0.006507988757750205
7484 0.001196229232597473
7498 0.01144297712604777
7521 0.003999499522721475
7572 0.006648661167972942
7626 0.008161427809916225
7635 0.005821941641889932
7698 0.009039768858541316
7719 0.007972604892073668
7933 0.012029543964584388
7943 0.007644176877467364
7944 0.038393198432432864
7958 0.004761071614607356
8048 0.003896239927856837
8062 0.003290880871227851
8125 0.00543943909340538
8145 0.0015215283878531743
8205 0.002136539412246978
8350 0.0020584094999501826
8461 0.008747994648452845
8540 0.0033286401212532695
8583 0.004508135554593955
8590 0.0070204041071636695
8679 0.0036902384314842023
8681 0.006553809590093661
8719 0.003934352088524346
8866 0.009039768858541316
8867 0.003221199346880799
8871 0.02288595425209554
