37
82 0.019546024445121213
164 0.04231711460571447
277 0.012905548872377614
521 0.014459358940823749
681 0.05366879260989835
709 0.040738221719522745
872 0.015463886411890707
1164 0.019779273401208185
1468 0.014912043943655914
1779 0.037825108627583544
1921 0.0017200846416647315
2075 0.01798390163113196
2885 0.05950691759980246
3116 0.040023688928901305
3320 0.02758389588114848
3418 0.027467866436278607
3599 0.023507528513102605
3604 0.012618618266842751
3675 0.030340089315885665
4126 0.04574695061874094
4221 0.010290897584084358
5172 0.017636796362263008
5304 0.0367358274392092
6449 0.07206274009242515
6764 0.01706523715980942
7074 0.025875758620437606
7484 0.0067051796458753084
7725 0.023265212676607246
7904 0.019093339442289047
8069 0.02668705931345702
8089 0.019957388208642356
8123 0.034185563938997195
8350 0.011537926933931287
8520 0.03397963400447202
8660 0.030340089315885665
8830 0.027353003136214138
8872 0.016476693555128562
