110
74 0.008666709403395078
82 0.015916048476741558
124 0.009833259196389737
145 0.003683340374032662
277 0.0105088040817932
297 0.010425932303995192
341 0.015673686279727716
375 0.010610698984494373
401 0.006963972356780133
521 0.007849366282161464
549 0.0043203229652995605
571 0.011486073964408212
599 0.010345353658211699
709 0.01105751732387046
726 0.004079048491171284
858 0.013769530825480089
872 0.01678936239005277
1080 0.016717457963143702
1095 0.004424702647759852
1164 0.010737319846370158
1373 0.01262968688158679
1468 0.01619021913882642
1503 0.007892254770946924
1640 0.0048271581377428065
1712 0.003047359017545726
1881 0.018134775446178763
1915 0.017915489773791
2075 0.009762689456900207
2078 0.010959029577544507
2145 0.008575464488849155
2576 0.014567243708400979
2652 0.014894082926691515
2688 0.00827571804925247
2717 0.005653148948673789
2743 0.004787130441185674
2772 0.007045254826376553
2824 0.007393519609953532
2899 0.010863572709273212
2954 0.0030247433394266863
3306 0.005352710770097279
3342 0.007393519609953532
3344 0.007072829260756825
3418 0.0074555637469899076
3507 0.011603148365752278
3604 0.003425053529571604
3819 0.004089617848728769
3970 0.004241499399303854
3997 0.01715092897769831
4109 0.010959029577544507
4126 0.012417029453658256
4221 0.002793243629965754
4251 0.005482660804568844
4393 0.005305349492247187
4500 0.0059278507473821875
4517 0.007424386565543837
4626 0.01126440086626558
4912 0.004037127536427728
4915 0.004164629186050672
5066 0.008195139403468976
5163 0.003564890317037596
5172 0.004787130441185674
5229 0.0031395074793032092
5304 0.00997115316207107
5381 0.002437954096805337
5431 0.004100223340912278
5527 0.013753362620495002
5655 0.012417029453658256
5703 0.0025390499173187503
5823 0.005815034553216245
5885 0.010345353658211699
5897 0.0020649208918697795
5939 0.0037680768442661626
5982 0.010593654417206071
6115 0.006707454100418387
6161 0.005064288184478188
6357 0.004286295895327675
6378 0.006807530632152777
6421 0.008808815322801785
6459 0.009901440038577096
6469 0.0029726059198445474
6507 0.005653148948673789
6761 0.0012663052847364281
6764 0.004631992943376843
6834 0.0017246748245638645
6886 0.0032667911161744887
6930 0.003758546565058558
6993 0.003047359017545726
7074 0.014046840393951843
7247 0.011603148365752278
7350 0.008666709403395078
7356 0.010959029577544507
7484 0.003639954664903739
7572 0.010115463062701691
7581 0.011486073964408212
7666 0.006634460063406344
7686 0.010425932303995192
7904 0.0051824778486213125
7996 0.005815034553216245
8001 0.010425932303995192
8089 0.010834010741834422
8123 0.009278938783442095
8188 0.014567243708400979
8448 0.002610515146728924
8586 0.009114186611522856
8598 0.011159234746117675
8671 0.006782207198119565
8697 0.003047359017545726
8820 0.004544954271430852
8872 0.00894449078706979
8873 0.026537840253625378
