46
447 0.03049796707916063
480 0.010752681715992312
523 0.021062544358576872
537 0.026916914751863703
652 0.026019502077348242
861 0.022878045362716058
1139 0.0060185566744351765
1164 0.013186182267472124
1222 0.046435465808467996
1749 0.019473599885295515
1984 0.014847184575818868
2117 0.010500088370367009
2238 0.01956376900200448
2971 0.03747937074007357
3133 0.019209323632034536
3162 0.036581958065558105
3740 0.02560755302735661
3912 0.02073827408324331
4221 0.006860598389389572
4282 0.02279037595933146
4834 0.02238572150198596
4915 0.020457827580599792
4943 0.010639382952661954
5052 0.020031351366415713
5199 0.016658052767311214
5330 0.023217732904233998
5569 0.05481729348970086
5703 0.006236262954817983
5812 0.016120003297724336
6135 0.020844838078194067
6349 0.014995134883483129
6430 0.009092562025826331
6535 0.02879779141235262
6728 0.013466184432274354
6729 0.029792365649327916
6764 0.022753649546412562
6886 0.008023697478323306
6996 0.02452526331003575
7174 0.026916914751863703
7635 0.04351135332359843
7680 0.02583221269318064
8091 0.01494549821648551
8150 0.03693482052315411
8583 0.016846190756640567
8697 0.014969482893207075
8837 0.025810743773844597
