56
13 0.04563420364334923
549 0.009305311002183668
814 0.01986501680261441
1364 0.00923202192839807
1380 0.02010800552851029
1439 0.014828725504363175
1712 0.006563542499329257
2299 0.0151155271975333
2438 0.007544782417697683
2772 0.015174395010657192
2939 0.021691088246929422
2954 0.0065148318079959406
3141 0.04491170838644083
3263 0.02552619811483894
3898 0.024035274837791918
3907 0.024991396480081834
3943 0.010543164308134404
4022 0.020489906816587706
4221 0.012032434098314018
4383 0.008431575774490224
4558 0.03478865951988452
4589 0.022634036847832956
4653 0.006137425880087927
4700 0.005040106002076094
4752 0.014885109413384797
4754 0.03478865951988452
4915 0.00896997055457068
5081 0.014500063171816626
5178 0.00849654990306078
5223 0.003153744853763147
5226 0.02319900310975203
5229 0.006762016109268451
5293 0.01847023120675203
5441 0.011773173383268573
5481 0.09614109935116767
5703 0.010937445797680771
5985 0.004234430565935483
6122 0.020894967412316154
6430 0.007973477468801553
6507 0.01217601312022047
6537 0.020564500212443108
6708 0.022282300186917507
6713 0.008261338449103145
6834 0.0037146842375221697
6930 0.008095331063203048
7247 0.024991396480081834
7680 0.011326431719317668
7695 0.009329920435411252
7886 0.025253447853909226
8096 0.02103563478831415
8560 0.015601665444790259
8586 0.019630555778664616
8601 0.011494739197225556
8605 0.021179327499916356
8697 0.006563542499329257
8782 0.011844633460895704
