308
13 0.003548113919638397
16 0.006129887235541805
33 0.004878981146354395
37 0.007545531680752063
130 0.03287764956884066
131 0.016138971760139037
145 0.0012336546707286428
179 0.005409719781800223
270 0.004878981146354395
276 0.0010257271676704716
277 0.0011732317156706923
303 0.0038862219406825813
324 0.006551158190220468
524 0.0029503209215125596
640 0.004878981146354395
668 0.005525606518838905
672 0.0033635063722405514
707 0.002024616078520755
709 0.003703474701774795
740 0.0051108232827373045
766 0.006551158190220468
830 0.004606389394424163
832 0.006129887235541805
940 0.006551158190220468
967 0.006551158190220468
983 0.0022060833098573513
1011 0.0018252447727341936
1045 0.0051108232827373045
1048 0.003166054486941
1092 0.0034919390491849923
1129 0.0036949396687709253
1144 0.0021150193342370223
1219 0.00266778668209152
1221 0.00761845018102353
1257 0.003387954135833102
1336 0.007694020837402631
1366 0.0027184787851296495
1381 0.0025290499668338966
1390 0.0013840102306688737
1417 0.0013697284660814059
1439 0.023059022913483405
1451 0.0045293925442533465
1457 0.003809225090511765
1487 0.008317627385225627
1496 0.0028411957698686106
1516 0.0019414531448862765
1550 0.004390655828995723
1558 0.00243594454570861
1567 0.00396938487431706
1584 0.006551158190220468
1651 0.004390655828995723
1678 0.0035773829541288554
1692 0.0027315479136021427
1712 0.005103232804502413
1781 0.006253685929919467
1823 0.0038470104187013155
1851 0.00498844882712156
1903 0.0036704883752541415
1931 0.0027184787851296495
1940 0.001710841301144604
1948 0.002680229729186754
1978 0.0040136035482261825
2019 0.002785533147809658
2024 0.005360459458373508
2025 0.0018197620053189189
2057 0.00498844882712156
2072 0.0023324309328928675
2113 0.006929901972007837
2145 0.002872165139805937
2161 0.0053856472095331126
2162 0.0051108232827373045
2215 0.0035773829541288554
2241 0.0029027256375007433
2265 0.002872165139805937
2277 0.0029503209215125596
2372 0.0009663406037349882
2388 0.0017207364427394333
2389 0.003107778539908836
2397 0.002190340856959453
2398 0.0027055720102810705
2410 0.0029503209215125596
2416 0.0018418688396129683
2438 0.0011732317156706923
2440 0.0030525983866344494
2484 0.0028873330298322987
2487 0.006129887235541805
2492 0.00109013929811265
2503 0.003926971556229903
2555 0.004158813692612813
2578 0.0027994794245099546
2592 0.02164500290144328
2598 0.002631327431955786
2630 0.006551158190220468
2648 0.006551158190220468
2672 0.006332108973882
2673 0.0051108232827373045
2684 0.0016533714261434843
2686 0.004059788130033327
2695 0.006551158190220468
2713 0.001853101187001437
2717 0.003786798338824548
2719 0.004606389394424163
2731 0.0025732686407430186
2739 0.008216243179149367
2743 0.0016033451238420915
2745 0.006129887235541805
2757 0.0051108232827373045
2772 0.0023596547265376014
2818 0.003034837577832519
2879 0.006551158190220468
2891 0.0042682813733799785
2962 0.003628616037934974
2990 0.004878981146354395
3013 0.008078470814299668
3041 0.0027447835322623364
3095 0.005830990736478887
3133 0.002619453222550164
3149 0.0016212590506185268
3203 0.0036385171753546643
3213 0.001705928847481784
3256 0.003206804102488321
3308 0.004212106502926575
3338 0.006551158190220468
3352 0.005599148600095977
3374 0.0021825581837591613
3394 0.0016077947324165504
3396 0.006129887235541805
3453 0.0051108232827373045
3464 0.0012305485936346693
3512 0.0025824260122379586
3582 0.00248663664874674
3595 0.0017664691950051577
3629 0.005599148600095977
3665 0.0038470104187013155
3675 0.002758189937807788
3731 0.0011329337332598552
3786 0.002144495978282397
3827 0.0029027256375007433
3835 0.0025182832174877805
3842 0.006551158190220468
3852 0.003809225090511765
3857 0.004457710191675732
3869 0.003249217420575478
3878 0.0051108232827373045
3905 0.0046895523280586415
3943 0.0016394872727960197
4022 0.031862295288952173
4110 0.004390655828995723
4159 0.0040136035482261825
4221 0.0009355361440076688
4241 0.006551158190220468
4333 0.0034614534627713848
4352 0.0042682813733799785
4382 0.0018432419966419931
4383 0.00262226040833428
4446 0.01225977447108361
4458 0.002144495978282397
4462 0.001960062275445172
4468 0.003572977573417868
4482 0.003958021601780762
4485 0.002596104329513905
4500 0.0019854045565394886
4504 0.001662731687777575
4534 0.001212104641587654
4537 0.006551158190220468
4546 0.0038862219406825813
4547 0.0016257862125269116
4577 0.0031462637549649476
4616 0.006551158190220468
4655 0.003249217420575478
4669 0.008655335874630923
4678 0.006551158190220468
4724 0.0019414531448862765
4775 0.005830990736478887
4798 0.0021296531256477444
4880 0.0037375427379341495
4886 0.002190340856959453
4915 0.0013948518804954404
4924 0.0017458946214120533
4998 0.0032710915340679898
4999 0.0040136035482261825
5005 0.005249559997994929
5059 0.004212106502926575
5124 0.003034837577832519
5169 0.0030890576367701835
5193 0.001705928847481784
5198 0.005933366362308877
5199 0.002271552650087893
5254 0.01574867999398479
5295 0.002065365694068076
5306 0.004878981146354395
5363 0.003703474701774795
5386 0.002455925584858767
5430 0.00498844882712156
5431 0.001373280544803155
5434 0.004390655828995723
5463 0.002271552650087893
5510 0.003810411820525563
5543 0.0046895523280586415
5623 0.0014356014960427619
5660 0.0046895523280586415
5706 0.0024660620751536353
5730 0.0019414531448862765
5807 0.00337301611495314
5823 0.0019476192283499384
5869 0.0015471702533886877
5871 0.006775908271666204
5886 0.006551158190220468
5892 0.004396364535743001
5893 0.002497078766934419
5939 0.005048141226768065
5965 0.0030706680945063293
5985 0.0006584640832196326
5989 0.001501900510078725
5990 0.0027994794245099546
5997 0.0030525983866344494
6010 0.00842421300585315
6042 0.0031462637549649476
6095 0.0025076268982862256
6165 0.005543543190886822
6240 0.005409719781800223
6262 0.003107778539908836
6306 0.0036704883752541415
6309 0.003249217420575478
6310 0.002445887033199418
6388 0.012228134904397238
6430 0.0012398948217035907
6462 0.003166054486941
6476 0.001853101187001437
6503 0.003034837577832519
6517 0.002093447998544737
6521 0.005830990736478887
6554 0.0035196468782515357
6615 0.0018088825130923147
6667 0.0046895523280586415
6682 0.004327667937315462
6707 0.00168650805747657
6713 0.0025693157856062415
6737 0.006129887235541805
6738 0.006551158190220468
6739 0.006551158190220468
6761 0.00042412138723229654
6843 0.005830990736478887
6933 0.006129887235541805
6935 0.0021748333748352416
6950 0.006551158190220468
6993 0.0010206465609004824
7000 0.0026903964806529886
7111 0.004158813692612813
7148 0.004212106502926575
7192 0.006551158190220468
7193 0.00842421300585315
7208 0.005830990736478887
7229 0.006129887235541805
7290 0.0028873330298322987
7342 0.0030002016367592587
7348 0.003339620676291746
7351 0.00396938487431706
7375 0.0022383023880865557
7423 0.0028572155003872735
7438 0.006129887235541805
7484 0.0018286853579659935
7561 0.003166054486941
7583 0.0033635063722405514
7603 0.0041169242673826205
7695 0.0014508249480902665
7702 0.00243594454570861
7777 0.006129887235541805
7793 0.0043343311521814335
7862 0.002827946465896815
7943 0.0019476192283499384
7996 0.003895238456699877
8033 0.0025824260122379586
8046 0.0026928236047665563
8062 0.0016769321185921824
8145 0.0003876621370965624
8167 0.0029342123505580898
8248 0.0034919390491849923
8275 0.005830990736478887
8319 0.0051108232827373045
8322 0.0041081215895746835
8350 0.003146707345617624
8430 0.0034386462388712315
8450 0.0034649509860039183
8466 0.005409719781800223
8478 0.005409719781800223
8508 0.004878981146354395
8560 0.0024260963012233657
8570 0.0035196468782515357
8572 0.002024616078520755
8589 0.006551158190220468
8601 0.0017874594445446436
8622 0.0043343311521814335
8640 0.0007877912776658394
8666 0.005409719781800223
8669 0.005599148600095977
8679 0.0009402162510838936
8697 0.0020412931218009647
8711 0.006129887235541805
8723 0.004616373962299527
8724 0.0022383023880865557
8814 0.0018898350703746344
8820 0.006088933952156165
8821 0.006551158190220468
8824 0.0031462637549649476
8825 0.002497078766934419
8828 0.0030173752841925684
8867 0.0032828490951464597
