453
13 0.0022302430352012783
16 0.0038530719766262777
33 0.0030667881491370486
37 0.004742905627901297
130 0.02225563970813829
131 0.01623119445591126
145 0.0007754400787437183
178 0.00823574172484859
179 0.0034003952914172836
203 0.0024181208346122558
270 0.0030667881491370486
276 0.0006447427911071537
277 0.0007374599355644352
303 0.00244276807700048
324 0.004117870862424295
332 0.0028954447622094744
446 0.0013479689006346497
524 0.0018544874363793232
593 0.004117870862424295
599 0.0021779691912024632
640 0.0030667881491370486
645 0.0008499215866163639
668 0.003473238383270169
672 0.0021142040054083467
702 0.011971850284465547
707 0.0012726158207844746
709 0.0023278983839727287
740 0.003212517492006306
766 0.004117870862424295
830 0.0028954447622094744
832 0.0038530719766262777
867 0.007330388354430601
940 0.004117870862424295
967 0.004117870862424295
983 0.001386680937624621
1011 0.0011472967142900647
1045 0.003212517492006306
1048 0.001990091391791486
1092 0.002194933116630567
1099 0.004117870862424295
1110 0.0013248896647832895
1129 0.0023225335060845817
1144 0.001329440724377557
1202 0.004117870862424295
1219 0.0016768944858860985
1221 0.00478874011378622
1253 0.0012013005577346427
1257 0.0021295711710950928
1278 0.0025518668245923773
1322 0.0034003952914172836
1336 0.007254362503836767
1338 0.0018752216987637344
1366 0.003417516187020131
1373 0.001329440724377557
1381 0.0015896885505813066
1390 0.0008699492878490064
1417 0.0008609721786797409
1439 0.017393091569027484
1451 0.002847046742102104
1457 0.00239437005689311
1486 0.0025228365160278863
1487 0.005228222927856108
1496 0.0017858944839174125
1503 0.0016615273201993526
1516 0.0012203419767856595
1550 0.002759840806797312
1558 0.0015311651430168407
1567 0.002495041920999295
1580 0.0021779691912024632
1584 0.004117870862424295
1627 0.002194933116630567
1651 0.002759840806797312
1678 0.0022486407140238523
1692 0.003433945948528408
1712 0.005773943401665586
1716 0.003353788971772197
1781 0.0039308882988065225
1784 0.0014385394719694544
1823 0.0024181208346122558
1851 0.0031355964056192665
1894 0.0015437246533397968
1903 0.0023071641215883175
1931 0.0017087580935100655
1940 0.002150771921438931
1948 0.0016847158297745312
1955 0.0015127674641942667
1971 0.0030667881491370486
1978 0.0025228365160278863
1980 0.001329440724377557
2019 0.0017509065500517854
2024 0.006738863319098125
2025 0.0011438504033433206
2041 0.001123545936570919
2053 0.0020701598308188922
2057 0.0031355964056192665
2072 0.0014660994435326598
2113 0.0043559383824049265
2145 0.001805360945020875
2150 0.0015500961615251422
2154 0.0029477186062082895
2161 0.003385263960277957
2162 0.003212517492006306
2177 0.0020423652357903005
2188 0.003519464834346043
2205 0.004117870862424295
2215 0.0022486407140238523
2227 0.0032997234273110985
2241 0.0036491408014295065
2265 0.001805360945020875
2277 0.0018544874363793232
2299 0.0014774575456235558
2372 0.0018222422813288352
2388 0.0010816057640076438
2389 0.0019534607965141257
2397 0.0013767856815173705
2398 0.0017006452636052444
2410 0.0037089748727586465
2414 0.0017087580935100655
2416 0.001157746127756723
2438 0.0029498397422577406
2440 0.0019187761287416541
2450 0.005860382389542377
2484 0.0018148950473231592
2487 0.0038530719766262777
2492 0.0010278456239347844
2503 0.0024683821210587965
2513 0.0026476098018395613
2555 0.002614111463928054
2578 0.003519345562241086
2592 0.018140573860257227
2598 0.001653977242943637
2606 0.0004461488539420134
2630 0.004117870862424295
2648 0.004117870862424295
2651 0.0038530719766262777
2666 0.001120222395510593
2667 0.0034003952914172836
2672 0.003980182783582972
2673 0.003212517492006306
2684 0.0010392620392901902
2686 0.0025518668245923773
2695 0.004117870862424295
2713 0.0011648064604009034
2717 0.002380273241546859
2719 0.0028954447622094744
2731 0.0016174831456098977
2739 0.005164495712608175
2743 0.0010078169349864575
2745 0.0038530719766262777
2757 0.003212517492006306
2772 0.0014832115423950639
2788 0.0031355964056192665
2818 0.0019076121917804406
2879 0.004117870862424295
2891 0.0026829197204102724
2962 0.002280844366701984
2990 0.006133576298274097
3013 0.006770527920555914
3030 0.0011648064604009034
3041 0.010351755035960813
3062 0.0031355964056192665
3078 0.0015896885505813066
3095 0.0036651941772153007
3098 0.004117870862424295
3133 0.001646513454174389
3141 0.008779732466522267
3146 0.0017337193894791812
3149 0.003057231352594937
3203 0.0022870679387943607
3213 0.0010722981327028357
3229 0.0018867872363959486
3256 0.002015705435849802
3283 0.0026476098018395613
3306 0.0011268864779152166
3308 0.0026476098018395613
3327 0.004389866233261134
3338 0.004117870862424295
3352 0.003519464834346043
3374 0.0013718937155057587
3394 0.001010613831804689
3396 0.0038530719766262777
3406 0.004117870862424295
3453 0.006425034984012612
3464 0.0007734876874275065
3512 0.0016232392076924312
3521 0.002194933116630567
3582 0.001563028750640808
3595 0.0011103520654318136
3629 0.003519464834346043
3649 0.004117870862424295
3652 0.0034003952914172836
3665 0.0024181208346122558
3675 0.0017337193894791812
3731 0.0007121297751919091
3734 0.0030667881491370486
3784 0.004117870862424295
3786 0.0026959378012692994
3797 0.0038530719766262777
3819 0.0008609721786797409
3827 0.0018245704007147532
3835 0.0015829208795637478
3842 0.004117870862424295
3852 0.00239437005689311
3857 0.0028019892633390315
3869 0.0020423652357903005
3878 0.003212517492006306
3905 0.0029477186062082895
3928 0.0020027728467341367
3943 0.002061069714372139
3958 0.0034003952914172836
3968 0.0032997234273110985
4019 0.0034003952914172836
4020 0.004117870862424295
4022 0.02403327416080964
4034 0.0032997234273110985
4110 0.002759840806797312
4159 0.0025228365160278863
4221 0.0005880512905191062
4241 0.004117870862424295
4253 0.0028954447622094744
4259 0.0029477186062082895
4333 0.002175770748027728
4337 0.0016847158297745312
4347 0.004117870862424295
4348 0.004117870862424295
4352 0.0026829197204102724
4360 0.0023714528139506487
4382 0.0011586092550321101
4383 0.002472416956429464
4403 0.000931516346896811
4431 0.004117870862424295
4446 0.007706143953252555
4458 0.0013479689006346497
4462 0.001232039144565537
4468 0.002994495490102594
4482 0.003731848938821862
4485 0.001631837007123026
4497 0.002759840806797312
4500 0.00124796857839625
4504 0.001045145632317333
4534 0.000761894346140811
4537 0.004117870862424295
4539 0.0036651941772153007
4546 0.00244276807700048
4547 0.0010219227621597732
4566 0.0018544874363793232
4577 0.0019776515031208245
4578 0.0005238084617340883
4616 0.004117870862424295
4655 0.0020423652357903005
4660 0.0008859624223410168
4669 0.005440496835482296
4678 0.004117870862424295
4724 0.0012203419767856595
4775 0.0036651941772153007
4784 0.0038530719766262777
4798 0.001338639107550011
4880 0.002349312578130037
4886 0.0013767856815173705
4915 0.0017535280783371253
4924 0.001097419476316148
4943 0.0009119471102281676
4998 0.002056114678557022
4999 0.0025228365160278863
5005 0.0032997234273110985
5018 0.0028954447622094744
5032 0.0009265687898335779
5059 0.0026476098018395613
5073 0.0022123494663295372
5124 0.005722836575341323
5163 0.000750503224639494
5169 0.003883386743368231
5179 0.004117870862424295
5193 0.0010722981327028357
5198 0.003729544570594152
5199 0.0014278330943409614
5223 0.000616521550359713
5254 0.009899170281933295
5295 0.0012982298648427908
5298 0.0037932717858420863
5306 0.0030667881491370486
5363 0.0023278983839727287
5380 0.00034060265042598734
5386 0.0015437246533397968
5430 0.0031355964056192665
5431 0.0008632049138762689
5434 0.002759840806797312
5463 0.0028556661886819227
5481 0.009397250312520148
5510 0.0023951160014732114
5543 0.0029477186062082895
5544 0.007330388354430601
5614 0.0024181208346122558
5623 0.001804756166453758
5648 0.004117870862424295
5660 0.0029477186062082895
5703 0.0010690736493973686
5706 0.0015500961615251422
5730 0.0012203419767856595
5794 0.004117870862424295
5807 0.0021201815579705453
5823 0.0024484356013542087
5869 0.0009725070164157465
5871 0.0042591423421901855
5886 0.004117870862424295
5892 0.004145143705129115
5893 0.001569592367787349
5939 0.006346234685079854
5965 0.0019301342308325501
5975 0.004117870862424295
5985 0.002483350256714043
5989 0.001888103498384683
5990 0.001759672781120543
5997 0.0019187761287416541
6006 0.001460493620195452
6010 0.005295219603679123
6039 0.001563028750640808
6040 0.0026829197204102724
6042 0.0019776515031208245
6095 0.0031524452435598266
6126 0.0032997234273110985
6127 0.004117870862424295
6165 0.003484512862843146
6194 0.0014331643436111111
6240 0.0034003952914172836
6262 0.0019534607965141257
6300 0.0019187761287416541
6306 0.0023071641215883175
6309 0.0020423652357903005
6310 0.0015374147065824915
6387 0.0018544874363793232
6388 0.0076862562256211206
6430 0.0007793624593565427
6462 0.001990091391791486
6476 0.0011648064604009034
6487 0.0034003952914172836
6502 0.004117870862424295
6503 0.0019076121917804406
6506 0.0017685582842942578
6517 0.0013158815990852635
6521 0.0036651941772153007
6537 0.001005031965269776
6554 0.0022123494663295372
6589 0.0008813470362843602
6607 0.00600831854020241
6615 0.0011370118653723123
6626 0.0015829208795637478
6654 0.0019076121917804406
6667 0.0029477186062082895
6682 0.002720248417741148
6707 0.0021201815579705453
6708 0.0021779691912024632
6713 0.0016149984938096376
6725 0.0017337193894791812
6737 0.0038530719766262777
6738 0.004117870862424295
6739 0.004117870862424295
6761 0.000799771758780902
6832 0.0015007841113051311
6843 0.0036651941772153007
6923 0.002720248417741148
6933 0.0038530719766262777
6935 0.0013670381213250092
6950 0.004117870862424295
6993 0.0006415492668517318
7000 0.003382212718535186
7031 0.002759840806797312
7111 0.002614111463928054
7148 0.0026476098018395613
7192 0.004117870862424295
7193 0.005295219603679123
7208 0.0036651941772153007
7229 0.0038530719766262777
7290 0.0018148950473231592
7328 0.0015762226217799133
7340 0.004031410871699604
7342 0.0018858410288201055
7343 0.0038530719766262777
7347 0.0010816057640076438
7348 0.0020991901393833832
7349 0.0030667881491370486
7350 0.0018245704007147532
7351 0.002495041920999295
7352 0.0034003952914172836
7375 0.0014069329296544067
7409 0.0011648064604009034
7423 0.0017959640288148578
7438 0.0038530719766262777
7484 0.001915765613107231
7519 0.0026476098018395613
7561 0.001990091391791486
7579 0.0011901366207734295
7583 0.0021142040054083467
7603 0.0025877809680690763
7621 0.0013767856815173705
7695 0.002735841330684503
7696 0.002495041920999295
7702 0.0015311651430168407
7711 0.0019416933716841155
7777 0.0038530719766262777
7793 0.00272443672422833
7862 0.0017775663499922838
7901 0.0031355964056192665
7919 0.0038530719766262777
7943 0.0012242178006771044
7958 0.00152497481791183
7959 0.0012726158207844746
7996 0.0024484356013542087
8021 0.0022675717325321533
8033 0.0016232392076924312
8046 0.0016926319801389784
8062 0.002108143234801601
8145 0.00024367334331783921
8167 0.001844362048922228
8207 0.0024181208346122558
8223 0.003519464834346043
8235 0.0006447427911071537
8248 0.004389866233261134
8275 0.0036651941772153007
8319 0.003212517492006306
8322 0.0025822478563040873
8350 0.002637240442041437
8351 0.0025228365160278863
8367 0.0032997234273110985
8377 0.004117870862424295
8430 0.00216143477871906
8450 0.0021779691912024632
8466 0.0034003952914172836
8478 0.0034003952914172836
8508 0.0030667881491370486
8560 0.00152497481791183
8570 0.0022123494663295372
8572 0.0012726158207844746
8589 0.004117870862424295
8601 0.001123545936570919
8622 0.00272443672422833
8640 0.0004951830888185277
8666 0.0034003952914172836
8669 0.003519464834346043
8679 0.0005909930721098761
8697 0.0012830985337034637
8711 0.0038530719766262777
8723 0.00290172077630256
8724 0.0014069329296544067
8768 0.0016615273201993526
8814 0.0011878963299497703
8820 0.004784162390979844
8821 0.004117870862424295
8824 0.0019776515031208245
8825 0.001569592367787349
8828 0.0018966358929210431
8846 0.0019187761287416541
8867 0.00257938143190079
