94
74 0.010282536580299245
130 0.008958838018106515
217 0.021135973384370906
277 0.004156024213138554
405 0.008997377236332961
521 0.004656403726705953
549 0.0051258069079825296
569 0.010688668379597404
849 0.011008910421032995
1107 0.014552498512222185
1468 0.028813101857233462
1496 0.005032287422902878
1664 0.010017640870719227
1688 0.0137664472136044
1763 0.012001396854052854
1779 0.012180967185154023
1921 0.0005539255625699983
1958 0.011666578707581043
2016 0.017670945845227222
2388 0.006095490110721044
2619 0.007814769690850617
2771 0.008358776912650148
2849 0.006987883653630842
3074 0.012180967185154023
3342 0.008771972418588937
3489 0.009406738927642749
3557 0.012090086969969504
3604 0.008127245663390247
3763 0.01983427215966202
3926 0.00839149234327081
3970 0.005032287422902878
4005 0.006965509957307041
4094 0.02423019377545904
4108 0.007291840439686168
4284 0.0155533401400018
4350 0.010688668379597404
4461 0.01791767603621303
4485 0.009196369574040781
4510 0.009676161253268607
4534 0.004293726611725757
4659 0.006294482448428865
4731 0.047372615087808205
4886 0.007759004052619079
4904 0.03208959463555761
4909 0.007078763868815359
5172 0.005679646286152494
5177 0.020348559804048844
5223 0.0017372323347000385
5291 0.010282536580299245
5381 0.0028924879114639594
5429 0.0155533401400018
5702 0.015974645867255603
5727 0.010282536580299245
5771 0.010017640870719227
5910 0.005032287422902878
5912 0.005648323018695174
5976 0.007900035165493804
6060 0.011215345555435068
6134 0.010282536580299245
6469 0.0035268205828664126
6599 0.009770537237319113
6685 0.00945029519588352
6817 0.016044797317778806
6824 0.009196369574040781
6886 0.0038758538666476988
6997 0.014061041334445178
7074 0.004166435710070462
7098 0.021714346308953174
7350 0.010282536580299245
7475 0.019163244650783843
7484 0.0021592951401971333
7636 0.01983427215966202
7660 0.01511984418705789
7725 0.014984374266289412
7903 0.005571161666112447
7904 0.012297405064525148
7923 0.00813756672142807
7961 0.022554045121857987
8019 0.009676161253268607
8048 0.007033043259605985
8055 0.002251081984702912
8061 0.025992731691797208
8159 0.008262340084315412
8163 0.010069116698788658
8188 0.017283170501492688
8235 0.010900524307277726
8448 0.003097221360525842
8534 0.010337882912154818
8653 0.008294205752733267
8660 0.009770537237319113
8671 0.008046686506243553
8679 0.00666119310089945
8824 0.011145239403180915
8872 0.005306053856736316
