37
337 0.046465614744602604
352 0.04042753775609665
722 0.02417242137618924
1065 0.032237246637227754
1110 0.020489572722811336
1558 0.02367964697921393
1621 0.02348907770909134
1653 0.044029908918555793
1712 0.009921634010613993
1721 0.01682427380742371
2092 0.02448005546302075
2438 0.022809807309318576
2666 0.0173243696049894
3184 0.022673398370912062
3690 0.02367964697921393
4226 0.022586703661162222
4268 0.047747762533533245
4567 0.020077275816754787
4928 0.06364948749846486
5441 0.017796657439824587
5939 0.02453631433475641
5985 0.006400883413623405
6088 0.021216495832821616
6348 0.04268125898884215
6469 0.009678251832052016
6834 0.00561522035904514
7238 0.02183822265252498
7521 0.019811474379992422
7611 0.027490270296392297
7959 0.01968115164701571
8011 0.008245785058877318
8033 0.012551791547854263
8054 0.03317744796410236
8151 0.025236549063646797
8279 0.03739651988411977
8592 0.04875293225505313
8893 0.02152257597370466
