289
1 0.0033067340460037394
10 0.003281630428877111
70 0.004706913001891413
71 0.004019772872655955
82 0.006783095241229279
83 0.021373918856987383
99 0.004130057529218865
122 0.0031008513283117575
124 0.00942915265407235
130 0.0024135682331885133
145 0.0011773234072250517
180 0.005564735451708161
188 0.03509990225282842
193 0.005849983708804737
195 0.006252018546831406
212 0.005343479714246846
224 0.005343479714246846
225 0.0008773417451250115
246 0.00203946594405913
250 0.0033067340460037394
277 0.0022393189824216867
281 0.0029840647473816633
346 0.004190169261461672
350 0.005849983708804737
381 0.004656196619123601
386 0.002466604399212428
401 0.00667778171198095
406 0.0031871265814839033
446 0.01227944272495948
480 0.0013993215931770817
487 0.0036352878717669356
493 0.0026452066824094655
521 0.005017859723756187
522 0.0022607216815204462
532 0.004190169261461672
579 0.004877452356584916
632 0.0013038054537990408
645 0.0012904060618718766
668 0.003515530479261282
705 0.006252018546831406
707 0.0038643357115145
726 0.0026076109075980815
728 0.0035343662679037996
785 0.007434747373975107
807 0.0027410160466641137
814 0.002948004776643691
849 0.0029658708440225873
872 0.005366462864400429
929 0.0047606657756548215
958 0.004475417518558247
969 0.002143935100590352
1011 0.005225700787691048
1048 0.0030214857889071644
1101 0.0016858085011693057
1126 0.00374765778653904
1138 0.002879595590850442
1253 0.0018238923993003137
1353 0.006252018546831406
1370 0.0023437828640889605
1390 0.0013208134164830803
1417 0.00392155136179471
1419 0.003600493427573473
1428 0.005564735451708161
1439 0.00220060994927764
1468 0.00905617280596455
1496 0.0013557304016039717
1520 0.0045214433630408925
1577 0.0022089774243607575
1593 0.002582029909354994
1657 0.0021678287847870757
1712 0.0019480833902118797
1834 0.005564735451708161
1921 0.00014923108763301323
1940 0.001632720693786403
1958 0.0031430508846907834
2012 0.0033324897775327098
2075 0.001560247173477202
2078 0.003502886166338427
2093 0.004254161781096931
2117 0.0013664498564176244
2312 0.00432257096689018
2355 0.004561692771730392
2420 0.0031430508846907834
2421 0.0035343662679037996
2465 0.004451854474653966
2492 0.0005201806239852599
2586 0.0030407395960689513
2600 0.003788134423435002
2653 0.002712684407436214
2666 0.0017007942762889137
2684 0.0015778750139908138
2705 0.004130057529218865
2712 0.005564735451708161
2715 0.006201702656623515
2722 0.0037087688840304086
2772 0.0022519079353715008
2828 0.004877452356584916
2939 0.001609498557135174
2954 0.002900438818628329
2962 0.0034629258078922812
2988 0.006201702656623515
3035 0.00432257096689018
3076 0.004190169261461672
3081 0.0047606657756548215
3201 0.004019772872655955
3229 0.004774404536542259
3232 0.005849983708804737
3306 0.01368729694636747
3464 0.0011743591601353694
3466 0.006252018546831406
3489 0.0025342356015110603
3512 0.001232253508122679
3530 0.004877452356584916
3542 0.012504037093662813
3592 0.006252018546831406
3600 0.0030804064820721994
3604 0.002189531936712441
3643 0.007133757371947372
3648 0.0027410160466641137
3656 0.00287890951061229
3705 0.004877452356584916
3733 0.0022967816522584186
3788 0.0026452066824094655
3819 0.002614367574529807
3835 0.0024032931162326306
3997 0.030151176513305247
4026 0.04376412982781984
4091 0.007748819353214296
4099 0.0023342026937839193
4195 0.0033067340460037394
4217 0.00682806426861124
4221 0.0026784527958575726
4244 0.0029840647473816633
4296 0.009910243011295089
4341 0.0026322451917891675
4349 0.003342091695264494
4357 0.0030407395960689513
4364 0.0014294848289837564
4383 0.0025025224901455
4393 0.0033915476206146395
4493 0.0014180658170237252
4510 0.002606819698369168
4532 0.005009854062013425
4653 0.0009108052105153316
4680 0.002466604399212428
4731 0.004254161781096931
4747 0.004561692771730392
4830 0.00511752087547713
4846 0.006252018546831406
4909 0.0038141284772612435
4912 0.002580812123743753
4915 0.003993480041418453
4935 0.006252018546831406
5032 0.0014067768156149068
5053 0.004254161781096931
5059 0.004019772872655955
5066 0.0026194509508804947
5067 0.006466506067480533
5075 0.009312393238247202
5124 0.002896260519484002
5178 0.0012609035244268278
5180 0.0027850917434572337
5218 0.0014566520054671074
5220 0.0028632061282314386
5256 0.005849983708804737
5280 0.0047606657756548215
5295 0.0019710567582658808
5296 0.004190169261461672
5298 0.002879595590850442
5304 0.0031871265814839033
5371 0.0022696144757750674
5382 0.004561692771730392
5386 0.0023437828640889605
5431 0.0013105736706112302
5435 0.0014566520054671074
5474 0.0025459699386170213
5574 0.004475417518558247
5623 0.0013700489163147819
5695 0.0032099216063848184
5703 0.0008115684667228881
5704 0.005849983708804737
5796 0.005162700613681491
5811 0.0010704821445073963
5897 0.00033001018819836655
5910 0.0013557304016039717
5952 0.005849983708804737
5976 0.002128319976091938
5985 0.0012567944602091617
6003 0.004396051979153654
6040 0.004073382680531578
6053 0.005009854062013425
6107 0.0014685268768958922
6122 0.0031008513283117575
6133 0.003358932408924982
6161 0.0016187222507464529
6179 0.006252018546831406
6202 0.007005772332676854
6215 0.003386099585408333
6378 0.0021759230331081935
6387 0.0028156030712151825
6401 0.0034427744340956206
6410 0.0021518358588312344
6430 0.001183278619799317
6476 0.0017684846944442936
6484 0.002184083901506135
6537 0.0015259046961287692
6557 0.0033324897775327098
6563 0.005564735451708161
6601 0.002658339853389126
6624 0.002128319976091938
6691 0.005009854062013425
6705 0.0021759230331081935
6707 0.003218997114270348
6713 0.0012259977150495536
6714 0.005564735451708161
6753 0.005343479714246846
6761 0.0016190204553707757
6775 0.00999746933259813
6816 0.0014605945152856138
6852 0.0025943473337538664
6858 0.0029840647473816633
6907 0.005564735451708161
6920 0.001505029400603952
6929 0.006252018546831406
6930 0.0012013619157721417
6968 0.002143935100590352
6992 0.011699967417609473
6997 0.003788134423435002
7000 0.001283773663142636
7011 0.003060374691415795
7074 0.002244928830083628
7091 0.004019772872655955
7202 0.004561692771730392
7291 0.003358932408924982
7292 0.0034427744340956206
7294 0.006252018546831406
7303 0.004806586232465261
7346 0.0023247142011557052
7347 0.006568656009726786
7350 0.00554036217568635
7356 0.003502886166338427
7385 0.0028470831727805553
7417 0.00432257096689018
7484 0.0029086395724116634
7492 0.0023342026937839193
7561 0.0030214857889071644
7579 0.0018069425863340878
7588 0.0027850917434572337
7591 0.0025226385112615737
7606 0.003671347842504908
7633 0.0033067340460037394
7695 0.0013845772335655967
7716 0.0028632061282314386
7782 0.004190169261461672
7816 0.003358932408924982
7821 0.002770181087843175
7904 0.004969499306897149
8011 0.0016190354225192906
8033 0.001232253508122679
8086 0.008950835037116495
8090 0.003920536128863511
8091 0.005834886289997768
8099 0.0026452066824094655
8106 0.002606819698369168
8123 0.0029658708440225873
8145 0.0003699606696492307
8159 0.002225927237326983
8235 0.003915561242796869
8350 0.0020020147191296294
8448 0.0008344112341142679
8517 0.001632720693786403
8518 0.004073382680531578
8524 0.0032571467179369896
8549 0.0034427744340956206
8559 0.0035343662679037996
8572 0.00193216785575725
8619 0.00432257096689018
8640 0.002255457219618636
8664 0.003256065106152446
8695 0.0036138851726681756
8697 0.0009740416951059399
8724 0.002136096799589453
8740 0.005849983708804737
8801 0.0023153156481994677
8830 0.002373091596292551
8867 0.0015664736549899775
8872 0.014294848289837564
8873 0.008482414692939618
8903 0.005564735451708161
