42
68 0.005778114486495818
139 0.019424565148599512
334 0.016491405422568786
337 0.03996042868035824
1095 0.012389167413727586
1110 0.01762103254161775
1373 0.017681561634221507
1536 0.03434389648884436
1621 0.02020060682981855
1721 0.028937750948768777
1956 0.03165763411257322
2438 0.019616434286013975
2468 0.019803921930119112
2666 0.014898957860290885
2939 0.014099207360504126
3374 0.018246186416226592
3477 0.014019152511430646
3653 0.011876198318050793
4517 0.020788282383522746
4928 0.018246186416226592
5229 0.008790620942048986
5381 0.006826271471054944
5441 0.045915376194747434
5556 0.025670785270072917
5985 0.005504759735716128
5988 0.013900436909820528
6329 0.017681561634221507
6414 0.017094453767170767
6494 0.02230269666228511
6517 0.03500245053566801
6587 0.009354105747348991
6761 0.003545654797261999
6834 0.00482908950877882
6999 0.02896699024299276
7238 0.018780871481171486
7923 0.019204657462570246
8011 0.007091375150634494
8033 0.021589081462309336
8175 0.029424247902182843
8601 0.029886321912786444
8695 0.01582881705628661
8893 0.01850941533738601
