49
28 0.0418752383109721
82 0.013754609794714927
130 0.019576720113640162
459 0.014521141001348721
517 0.035656866053135186
521 0.010175104439838935
849 0.024056507957072096
872 0.021763988283401738
1468 0.0209873211058861
1772 0.033084669759181444
1881 0.01567202816336436
1952 0.021144204220105475
2041 0.013836260144808538
2075 0.012655338184870638
2738 0.012514854431185054
3051 0.018779782479840124
3184 0.01805474314720775
3225 0.013475189965192274
3342 0.0191683841739536
3492 0.03861428906920022
3529 0.029486223848776253
3884 0.013918747948998353
4221 0.0072417427443556585
4393 0.013754609794714927
4510 0.021144204220105475
4731 0.03450597889111955
4830 0.027672520289617076
5291 0.022469246601394644
5372 0.021455565312876776
5702 0.017453779743853346
5781 0.05071081710207696
6354 0.047449867860305084
6430 0.00959770436059446
6537 0.012376782535266685
6763 0.01178321477778369
6764 0.012008870593939963
6834 0.004471379174795204
7074 0.018208867177344983
7346 0.018856015187151833
7350 0.022469246601394644
7390 0.021455565312876776
8011 0.0065660881024393455
8019 0.021144204220105475
8033 0.009994945121439506
8054 0.026419078934377806
8235 0.007939888075671428
8448 0.006768002232260173
8520 0.023911594299443274
8705 0.024985519243474506
