24
459 0.03136566456291324
872 0.02350510734607388
1468 0.02266630679435699
1772 0.035731443339915965
2478 0.048276208258796034
2738 0.027032085571359717
3051 0.04056433015645467
3276 0.06137056563424925
3585 0.022204571193174056
3607 0.09045051475169974
3690 0.04072899280424796
3884 0.030064495569836445
4221 0.015642164327808225
4830 0.05977264382557289
5291 0.04853357265901243
6764 0.025939160482910322
7074 0.019665576551532584
7719 0.033963296840233824
7903 0.026295883064050753
8033 0.021589081462309336
8061 0.04089523119509427
8448 0.014618884821681975
8565 0.050163371366614806
8872 0.025044574203795415
