272
10 0.0036296821410307448
56 0.0023120264601238674
79 0.002955006059204952
82 0.003751257216740435
122 0.0034297294994963382
134 0.0030972241478113174
141 0.0056582627616164815
225 0.0009703931423352401
239 0.01270974456938291
246 0.002255772938126008
276 0.0010827120103188313
277 0.003715233766290526
318 0.002187444067585513
351 0.006915111423010495
356 0.005265584873072758
375 0.0018756286083702175
423 0.0019441948862581333
480 0.0015477344894231362
521 0.005550056967184874
549 0.0030547738138481744
575 0.0019862653742329394
647 0.0038744043961015944
668 0.0019441948862581333
708 0.0021728211411186056
726 0.004326263551242272
785 0.0061674608897748055
800 0.0025103311625996965
814 0.003260671949924083
821 0.0025302717707967512
849 0.0032804329032371047
858 0.014604047845206157
872 0.011871266336400949
909 0.005150035654485195
969 0.0023713221567135713
1035 0.0035251551583079543
1057 0.0022479671881837308
1096 0.006470436526405239
1119 0.01846480399884981
1139 0.0008663074001080937
1143 0.013718917997985353
1159 0.016623606660317276
1349 0.0014346525457505015
1352 0.006470436526405239
1370 0.002592365895128699
1373 0.002232520408361302
1417 0.0014458244919748175
1462 0.006470436526405239
1468 0.00858572227058977
1476 0.003685935663028604
1550 0.0046345811528288195
1553 0.005150035654485195
1593 0.0028558815664077968
1609 0.0021583906271680263
1640 0.001706571058797962
1710 0.005150035654485195
1712 0.002154698295234352
1751 0.006915111423010495
1763 0.0035761738100460526
1781 0.0033005564630130524
1843 0.004189906256223563
1894 0.002592365895128699
1931 0.002869505384303519
1952 0.0028833005754689287
2072 0.002462010429164694
2075 0.001725727934300542
2078 0.007748808792203189
2079 0.006915111423010495
2145 0.0030317298697951564
2158 0.008379812512447127
2325 0.002681036651230529
2388 0.003632665823561026
2421 0.00390922329631784
2464 0.005150035654485195
2465 0.002462010429164694
2571 0.004505408116345533
2578 0.002955006059204952
2646 0.004236581523127637
2674 0.004813405497481762
2684 0.008726126971312835
2730 0.01030007130897039
2805 0.005910212411212421
2827 0.0036296821410307448
2861 0.0027525861427556177
2928 0.002815997053318827
2939 0.0017802029495586017
2962 0.003830205817820251
2975 0.002458312641737091
3046 0.004020848706651308
3050 0.0017802029495586017
3062 0.005265584873072758
3066 0.0022715531130679313
3081 0.005265584873072758
3136 0.002560879429069108
3212 0.0029257589063013787
3229 0.0010561561550532879
3269 0.003945184001152714
3306 0.0037847449889576723
3342 0.002613870569175492
3418 0.0026358053650974425
3501 0.003982363942619145
3512 0.0013629470620144782
3514 0.006915111423010495
3600 0.0034071162604737966
3648 0.0030317298697951564
3656 0.001061416132700491
3729 0.002911422712130443
3732 0.009591000078148882
3901 0.0023370473910840923
3903 0.004102123159609392
3946 0.0046345811528288195
3970 0.008997119937917268
3997 0.006063459739590313
4003 0.005851517812602757
4005 0.006226743749713871
4091 0.008570663830070359
4195 0.0036574482630041365
4221 0.0009875103742303171
4248 0.0010908057978824964
4296 0.0082209970434607
4300 0.017730637233637263
4346 0.0011549261521829003
4382 0.0019456443297887708
4399 0.001423593259726534
4458 0.0022636346437425307
4468 0.001257158775832213
4482 0.0020889558453842916
4500 0.0020957048096805716
4517 0.00262478312923267
4519 0.0034071162604737966
4547 0.001716107668778407
4660 0.0014877904314565054
4677 0.0008154907451866108
4706 0.0031668795054681067
4759 0.0038406570184299237
4830 0.003773525494038693
4835 0.0011670674177623117
4886 0.004624052920247735
4909 0.002109328627576294
4915 0.0029446873032681524
4926 0.004505408116345533
4936 0.0026695527427691135
4975 0.002985054602891083
5019 0.007414517263807011
5032 0.003111960834542067
5124 0.0064068793309797634
5132 0.004568093933832988
5171 0.002540379706285827
5178 0.0013946357164114915
5200 0.0033005564630130524
5220 0.0031668795054681067
5293 0.0030317298697951564
5295 0.002180108232627414
5320 0.003745231359618308
5371 0.0025103311625996965
5380 0.000571971622558792
5381 0.001723805927034077
5431 0.0014495739084033304
5435 0.004833436199959038
5474 0.002815997053318827
5510 0.0020110506830551583
5583 0.003321056185796334
5602 0.006915111423010495
5631 0.005150035654485195
5703 0.0008976439101631946
5705 0.005150035654485195
5708 0.00615493466628327
5717 0.003550367837365027
5763 0.0031314989134407964
5807 0.0017802029495586017
5811 0.0023680362590618163
5833 0.0030477404203785377
5837 0.008041697413302617
5863 0.002975580862913011
5912 0.0016830861520354308
5942 0.0036574482630041365
5976 0.007062152647941431
5982 0.003745231359618308
5983 0.0030972241478113174
5985 0.0013900908423525578
5989 0.001585339427305321
6033 0.0038744043961015944
6042 0.003321056185796334
6058 0.0024810840096961225
6064 0.004568093933832988
6095 0.002646939503746572
6122 0.0034297294994963382
6125 0.0042853319150351794
6232 0.012940873052810479
6293 0.001992409386028392
6328 0.0023370473910840923
6329 0.002232520408361302
6346 0.002815997053318827
6389 0.003745231359618308
6410 0.00238006087416182
6414 0.0021583906271680263
6421 0.0031142276393743688
6423 0.00390922329631784
6430 0.0013087778673537903
6453 0.0019441948862581333
6459 0.0035005091045474585
6463 0.004020848706651308
6469 0.001050921284793527
6507 0.0019985880121574004
6537 0.0016877430729909117
6542 0.003807917177105763
6544 0.004862299916336617
6654 0.0032034396654898817
6666 0.002911422712130443
6676 0.0012989124043921512
6683 0.001507409975029517
6761 0.0035814694921838374
6775 0.007371871326057208
6824 0.0027403323478202334
6835 0.00438985889775797
6878 0.006915111423010495
6930 0.001328779088657066
6935 0.0022956574512149777
6968 0.0023713221567135713
6978 0.0034528188415162116
6990 0.003550367837365027
6994 0.005710259769678014
7020 0.021579031638224177
7068 0.0007896134094685983
7123 0.006915111423010495
7252 0.0017305698990624655
7253 0.00414513664268712
7314 0.005394757909556044
7346 0.0025712747982479774
7356 0.0038744043961015944
7414 0.00615493466628327
7481 0.002082248159415251
7484 0.0012868526593094029
7591 0.005580382161275603
7606 0.004060733219740278
7666 0.0023455161840325463
7695 0.004594279002285844
7725 0.01339512245016781
7736 0.0046345811528288195
7816 0.0037151828159321773
7886 0.00414513664268712
7902 0.0042853319150351794
7903 0.001660093627780982
7904 0.0018321891384014742
7958 0.002560879429069108
7996 0.002055820296591602
8011 0.002686126950997914
8019 0.0028833005754689287
8043 0.004498559968958634
8062 0.001770095014069526
8089 0.0019151029089101255
8115 0.004060733219740278
8145 0.0004091989224908159
8235 0.004330848041275325
8237 0.005910212411212421
8350 0.0022143496135827723
8372 0.005394757909556044
8445 0.0026175557347075805
8447 0.006470436526405239
8448 0.0009229093953082055
8524 0.0036026016728697013
8551 0.0030477404203785377
8631 0.002869505384303519
8640 0.000831557459758386
8706 0.005150035654485195
8715 0.006915111423010495
8719 0.002116204532463853
8739 0.001992409386028392
8773 0.004446112419755829
8800 0.005432456019346374
8828 0.003185007244425489
8872 0.003162193712600431
8873 0.01172758092016273
