121
15 0.0027897053964528956
70 0.005368822642782393
134 0.006388024804860841
139 0.015175441522343368
423 0.008019803905814799
536 0.007921355100511717
583 0.014262417309959145
821 0.005218685527268299
861 0.023771719009697156
1031 0.010028493577444272
1134 0.015003638642633006
1193 0.0047685545740054755
1357 0.011126688188459341
1482 0.009054083976625812
1507 0.005198028302176625
1525 0.045613453829978966
1538 0.01039605660435325
1650 0.008136942002377471
1772 0.009305063369769781
1847 0.006041891993926106
1881 0.004407757920946226
2117 0.0031172137349527057
2209 0.010028493577444272
2237 0.005529638093162965
2238 0.03484796353482048
2249 0.010209546214211001
2416 0.008019803905814799
2492 0.0011866620484663741
2525 0.003746186630547308
2556 0.00567720891943346
2586 0.006936687203532296
2666 0.0038799369427840844
2681 0.014242877721254371
2684 0.003599527375666544
2724 0.004890851948221741
2743 0.0034906159466978866
2767 0.006569077441627571
2896 0.006188311304463863
2954 0.002205542018331959
2962 0.003949899749627133
2986 0.013063377960055939
3001 0.020055300992244465
3050 0.007343337166929231
3386 0.008838497074760056
3506 0.004240129361720179
3544 0.002818247736388211
3599 0.009305063369769781
3627 0.0035894067752186157
3680 0.005975622481696128
3731 0.002466491148451143
3733 0.010479066288429035
3740 0.007602242304996494
3840 0.005001212880877668
3882 0.005577766513657302
3892 0.005157271335968518
3898 0.008136942002377471
3937 0.011126688188459341
4009 0.012694552749209243
4234 0.010406361635509958
4256 0.010028493577444272
4282 0.02706357145170611
4349 0.0076241466798221275
4435 0.006064337790543943
4468 0.0025928899751539386
4504 0.0036199054452657623
4592 0.006849678383204938
4668 0.010028493577444272
4819 0.004200093795749912
5052 0.0059468074369046645
5113 0.012694552749209243
5172 0.01047184784009366
5174 0.011126688188459341
5229 0.00686767261097577
5298 0.006569077441627571
5304 0.007270632514010155
5330 0.006892764455944469
5381 0.005333024586761675
5435 0.003322987387471839
5939 0.0027475560322774103
5976 0.004855229945459733
6154 0.006685100330748155
6310 0.005324899895194566
6349 0.017806722674136216
6430 0.005398708702834384
6469 0.004335050299773298
6518 0.012917433017943285
6666 0.006004809343769038
6692 0.008375262265714322
6729 0.008844608552144225
6761 0.0064634332241755195
6764 0.00675498970909123
6806 0.00772453967921276
6823 0.019808867662065317
6895 0.00858927365758791
6987 0.010860268800712562
6993 0.002222032616960425
7000 0.0029286086690441387
7043 0.007921355100511717
7174 0.015981918133919075
7281 0.00955882362770944
7290 0.006285964617030734
7409 0.012103067127603135
7484 0.0013270668049128215
7524 0.008295584067602528
7635 0.032293582544858215
7683 0.008549344325542184
7719 0.004422304276072112
7845 0.007602242304996494
7863 0.008426720810394408
7873 0.0086416816534611
7934 0.008062773048655544
8073 0.006423094506209635
8183 0.010406361635509958
8356 0.007602242304996494
8463 0.011126688188459341
8468 0.014262417309959145
8520 0.01345027179343684
8671 0.004945359415295517
8695 0.004122087775074638
8697 0.002222032616960425
8765 0.005975622481696128
