178
24 0.0046435465808468005
55 0.006177756204292309
56 0.003212499923540531
65 0.008990501278794649
139 0.003407818447122721
210 0.0047976009166330515
246 0.006268674270160695
277 0.0017207398496503488
384 0.005291000709241691
397 0.004257330935001091
427 0.004503646538609284
458 0.007003659186090611
500 0.04126806048691605
522 0.003474372268441949
524 0.004327137351551754
527 0.004477144300397193
645 0.003966300737543032
686 0.007934255679973662
882 0.00917207269721522
913 0.004734098382974118
1065 0.004863865282108047
1095 0.002173538142759226
1109 0.009727730564216094
1145 0.004703312683649538
1176 0.0032355888544574486
1193 0.003212499923540531
1223 0.007316391613111622
1298 0.006260146014290635
1363 0.0051215106054713225
1373 0.0031020283568809663
1410 0.007495874148014714
1411 0.002127876590532391
1418 0.015868511359947324
1478 0.010493656665444643
1520 0.006948744536883898
1558 0.003572718667039295
1571 0.009287093161693601
1586 0.003112722016817827
1628 0.004830372938577415
1640 0.002371235576435063
1721 0.007615197618097046
2031 0.006894801879576593
2100 0.007699354663725896
2254 0.018574186323387202
2255 0.009727730564216094
2406 0.005383382950372741
2438 0.0017207398496503488
2465 0.003420898701576206
2484 0.0042347551104207045
2505 0.004530617867262936
2510 0.008552119746835701
2556 0.007649292017762979
2638 0.023516563418247687
2675 0.007495874148014714
2688 0.004065265006650337
2715 0.004765518883510701
2717 0.002776985448471335
2727 0.003420898701576206
2738 0.002371235576435063
2780 0.003029203017966512
2954 0.0014858388334025828
2962 0.002660985094485648
2975 0.0017078803616278734
3050 0.004947090301931272
3184 0.003420898701576206
3552 0.005699792179667786
3575 0.001674109665683026
3601 0.005699792179667786
3627 0.0024181266696209625
3748 0.004765518883510701
3810 0.008552119746835701
3866 0.009608365345656688
3872 0.005731211565112659
3890 0.005005720219145269
3893 0.005481729348970087
3926 0.003474372268441949
3937 0.007495874148014714
3943 0.0024045813334341625
3954 0.0033692381513281138
4109 0.010766765900745483
4139 0.005383382950372741
4290 0.006878010081152675
4293 0.003474372268441949
4349 0.0025681336184664007
4372 0.008295309633297325
4393 0.0026061365926828284
4402 0.013286218129809818
4500 0.002911926682924583
4630 0.004968999399221883
4660 0.004134491304258078
4677 0.0005665514650770138
4697 0.006878010081152675
4722 0.006347246308062678
4809 0.0038947199770591034
4811 0.013579398061333499
4813 0.01252029202858127
5052 0.008012540546566286
5172 0.004703145696603469
5229 0.0015422142003594713
5234 0.004477144300397193
5380 0.0015894790353212743
5381 0.0023951829722999806
5400 0.009608365345656688
5510 0.0027943020017187465
5553 0.0060252449980428705
5557 0.006260146014290635
5571 0.00842501774343075
5667 0.006643109064904909
5698 0.005642281947428596
5732 0.004425483750149101
5811 0.003290324065222734
5828 0.0054317628959363665
5838 0.019216730691313376
5890 0.08221560967948333
5985 0.0009657473220554611
5988 0.004877346284147554
6000 0.005642281947428596
6015 0.009211171193596842
6037 0.0054317628959363665
6046 0.005291000709241691
6081 0.0044002957339135795
6110 0.005291000709241691
6125 0.0059543559240488805
6178 0.004830372938577415
6286 0.009608365345656688
6328 0.006494531697328424
6381 0.0034608269322551487
6394 0.004673136642379652
6439 0.006756037778488773
6463 0.005586863466083922
6481 0.009061235734525871
6486 0.0060252449980428705
6507 0.002776985448471335
6518 0.0043511353323598435
6529 0.0037252298732887348
6537 0.002345074585629477
6564 0.009608365345656688
6589 0.0020564764179968405
6728 0.0053864737729097415
6729 0.014896182824663958
6761 0.006220447012740348
6823 0.008006952823403244
6834 0.0042360434287533515
6920 0.004625985105014253
6921 0.002940410508265564
6930 0.0018463035758182389
6996 0.002452526331003575
7140 0.0019378096270138618
7302 0.0034474009397882964
7375 0.0032828435025269486
7393 0.0016492638931968114
7484 0.003576095811133498
7616 0.005005720219145269
7661 0.0074504597465774695
7694 0.004558075191866293
7695 0.004255753181064782
7726 0.005759558282470525
7729 0.005203900415469649
7845 0.0051215106054713225
7848 0.014799428037858426
7905 0.0018937790756411697
7908 0.006177756204292309
8073 0.012981412054655262
8145 0.001137142268816583
8146 0.015797898481297132
8187 0.005786458043006592
8235 0.007521999229583459
8352 0.0043035114474851985
8445 0.0018185124051652663
8468 0.009608365345656688
8559 0.0054317628959363665
8572 0.002969436915163774
8601 0.005243214370664289
8697 0.0029938965786414154
8754 0.003319271698294393
8803 0.005005720219145269
8814 0.0013858790516080653
8845 0.004765518883510701
