152
35 0.005575281153502576
39 0.00825628691742939
96 0.005939479867141218
201 0.007275456686873174
234 0.011315636874017173
268 0.005650067195208346
277 0.010132455726246888
285 0.011315636874017173
356 0.01723282322096539
401 0.012086233015899405
515 0.008427331070975774
605 0.012358232023354229
645 0.0023355283268590163
773 0.008183438814098807
872 0.002428213568809285
1048 0.005468639568352637
1080 0.019342513345786103
1108 0.012063062169911792
1195 0.007095846381992637
1207 0.009258975428099697
1366 0.00469555426522394
1380 0.00540091057583954
1425 0.007372486008565418
1468 0.0023415606192517553
1558 0.004207540578951235
1567 0.006856210237456741
1623 0.006339934466348063
1712 0.0017629349688281061
1847 0.0023967836008963067
1882 0.011315636874017173
1915 0.005182166463493265
1921 0.0002700959354680157
1931 0.00469555426522394
2019 0.004811375437125774
2025 0.0031432252819144964
2029 0.004524510111677556
2041 0.0030874299496680213
2098 0.010071711272099895
2209 0.007956490772187191
2274 0.011315636874017173
2339 0.009671256672893052
2388 0.005944362256736224
2420 0.005688662345018856
2438 0.010132455726246888
2465 0.044316187724964484
2475 0.017655571340365234
2588 0.004524510111677556
2611 0.005893208745846163
2652 0.008616411610482695
2665 0.010587987043208574
2876 0.005503487368091739
2939 0.0029130593720049845
3076 0.007583860068265341
3119 0.007475062800817616
3133 0.004524510111677556
3136 0.004190529974840359
3331 0.007823496212801236
3413 0.0036282897394262904
3501 0.006516595542467691
3595 0.01525587032049909
3648 0.009922025028420512
3912 0.004884634804730862
3973 0.013425130340539828
4002 0.004651240771869507
4003 0.00478760548303862
4004 0.017655571340365234
4005 0.003396405681662111
4116 0.016200271678748036
4221 0.0016159260669223372
4251 0.0031717872423125547
4333 0.002989437081484378
4338 0.006231137198900338
4349 0.003024454881251753
4383 0.0022646794435614236
4399 0.0023295162431888738
4447 0.008827785670182617
4517 0.004295099666017096
4552 0.006284711484703512
4578 0.0014393910208808625
4681 0.02014342254419979
4706 0.005182166463493265
4886 0.007566632051314474
5035 0.007183405469058496
5126 0.008616411610482695
5234 0.005272669940550413
5255 0.006606310993032213
5336 0.0036282897394262904
5371 0.004107814629708594
5456 0.0032805845097602783
5514 0.010071711272099895
5623 0.01983740249077271
5643 0.007256579478852581
5686 0.007583860068265341
5732 0.005211830036332618
5776 0.0053679811143879895
5811 0.0077499368478386715
5863 0.0024345661605651905
5910 0.0024537599830683457
5974 0.011315636874017173
5988 0.0028719910970703573
5996 0.007095846381992637
6026 0.011315636874017173
6047 0.006396910848520101
6072 0.008100135839374018
6088 0.0075397464529861945
6107 0.0026579122813239703
6178 0.005688662345018856
6310 0.0042247139664353586
6329 0.0036532152136821297
6385 0.005768435713594834
6388 0.0035202206542961742
6477 0.00396790443441534
6491 0.0020069403798818795
6595 0.005984915339461314
6599 0.004764146256213452
6761 0.008058306357413635
6764 0.0026796653391436285
6834 0.001995491532553232
6861 0.011315636874017173
6930 0.006523097344316505
6975 0.007012361315512111
7252 0.002831841653011307
7409 0.006401622282368601
7410 0.010071711272099895
7411 0.006579570610883958
7412 0.006932587946936133
7415 0.0038520832625135075
7484 0.00210575889705175
7551 0.007275456686873174
7615 0.00540091057583954
7770 0.008427331070975774
7838 0.006856210237456741
7842 0.00478760548303862
7892 0.002552934678951678
7944 0.005632060100625481
7959 0.0034970641356267583
7961 0.0036658089867482677
7980 0.006579570610883958
8187 0.010221945509856686
8235 0.026575658435098584
8350 0.0054352217787940775
8352 0.005068184969145791
8448 0.0015102153741406998
8450 0.011969830678922627
8560 0.004190529974840359
8587 0.010587987043208574
8653 0.0040442821438947335
8697 0.0017629349688281061
8736 0.009344061441291296
8771 0.022631273748034347
8867 0.0014175939274496078
8872 0.0025872494012185343
