382
14 0.0016516339130584208
23 0.0029642647081048507
30 0.003189412905758547
94 0.0020891775114072306
138 0.0007163829297936135
145 0.0007495169365764137
240 0.005361295485583562
310 0.001089214400891888
330 0.0008236303340972744
360 0.0026293098805201497
375 0.0010795769315619275
377 0.0015431548166966417
386 0.0015703091960102378
423 0.00223808481092506
474 0.003753564221424235
498 0.0020735904977563975
534 0.0032867192860356006
586 0.0034018083064536607
626 0.003436283787049037
640 0.0029642647081048507
682 0.0015914701264912333
685 0.0031051222851514438
689 0.002593229090222138
696 0.0022300350884538246
751 0.0015044952694672886
772 0.001517120529910737
803 0.0029642647081048507
805 0.0029642647081048507
807 0.0017450073087774444
859 0.0022106107257242004
925 0.0027986493704495645
969 0.0013648889157828112
1034 0.003189412905758547
1048 0.0019235621737519447
1088 0.0022300350884538246
1097 0.0022921745948796235
1102 0.0012341314258805895
1110 0.0012805982951757085
1138 0.0036664618278851556
1156 0.001763574587900161
1160 0.009315366855454333
1167 0.0034018083064536607
1176 0.002680647742791781
1193 0.001330759416001528
1253 0.0011611408007173509
1272 0.0022921745948796235
1297 0.002250076199624803
1326 0.0020735904977563975
1390 0.0008408666808424262
1411 0.00264438151875755
1417 0.0033287587140815563
1420 0.0022300350884538246
1439 0.001400969706080823
1444 0.007085331767000508
1466 0.002593229090222138
1496 0.0008630958079978773
1509 0.0027083181106401974
1511 0.0016516339130584208
1530 0.0021556854918733286
1531 0.0024384975045909072
1535 0.0019115381534525408
1558 0.0029599558724017414
1594 0.005597298740899129
1595 0.0031051222851514438
1599 0.0032867192860356006
1621 0.0014680673568182086
1635 0.00608704117452013
1648 0.005663827988307139
1660 0.0025267211097560406
1693 0.005597298740899129
1705 0.0004381203384341663
1712 0.0006201021256633745
1873 0.0025267211097560406
1894 0.0014921175791729139
1896 0.0023611057721007545
1907 0.0029041009215376628
1921 0.00028501402492700495
1925 0.0029642647081048507
1926 0.0037242628843844106
1940 0.002078871115925711
1948 0.0016283953877907896
1980 0.012849972117893538
1983 0.001390448762877452
2004 0.004771727065418894
2012 0.002121555992092045
2025 0.036485170205478444
2041 0.0010859855346216005
2112 0.0021383901091702644
2233 0.004210318349272203
2262 0.0019873782866866563
2299 0.0014280657962785822
2346 0.007085331767000508
2374 0.003189412905758547
2384 0.001517120529910737
2385 0.002849175687686791
2387 0.002385863532709447
2416 0.00223808481092506
2438 0.005702451827329644
2450 0.0018881561477934496
2466 0.003030772688570948
2492 0.0006623230037951856
2501 0.0022921745948796235
2565 0.0022921745948796235
2588 0.0015914701264912333
2625 0.0016676155762872917
2666 0.002165546200623675
2689 0.0021051591746361017
2698 0.0033847466737919685
2731 0.003126820615786575
2736 0.003542665883500254
2743 0.0009741253804738289
2763 0.0022300350884538246
2767 0.0018332309139425778
2780 0.0012548297385471742
2788 0.003030772688570948
2789 0.0029599558724017414
2790 0.002029013724840043
2793 0.0015986843990661607
2829 0.002146465475326035
2831 0.0015498346883378465
2870 0.003542665883500254
2898 0.003542665883500254
2915 0.0041167582231925485
2951 0.0032867192860356006
2984 0.0022106107257242004
2988 0.003948176981978343
3019 0.004058027449680086
3048 0.006803616612907321
3096 0.0015843373728651518
3102 0.004710927588030714
3136 0.0014739945551037307
3145 0.003542665883500254
3160 0.0027297778315656224
3222 0.00177306712737539
3224 0.0031051222851514438
3227 0.0017745210479276725
3234 0.0033352311525745833
3246 0.0017181418935245186
3247 0.003542665883500254
3306 0.001089214400891888
3311 0.0037242628843844106
3374 0.001326030989551351
3394 0.0009768287763809857
3403 0.0034018083064536607
3441 0.0027083181106401974
3464 0.0022428894424678424
3474 0.003287584593888045
3489 0.0032267302135518734
3491 0.002250076199624803
3502 0.002751869307409737
3506 0.004733167659594618
3512 0.0007844869717408915
3564 0.0018438402725784783
3595 0.0010732327376630174
3627 0.0010016949140144976
3650 0.003030772688570948
3653 0.002589287423993632
3656 0.004887451029644121
3675 0.0016757607470983364
3771 0.0024959227099450843
3786 0.0013029059868052938
3789 0.0021383901091702644
3823 0.0032867192860356006
3831 0.011353872561456937
3835 0.003060006932877594
3920 0.002250076199624803
3954 0.001395687315593768
3969 0.0007785224362194128
3999 0.0048769950091818145
4003 0.0016840123937432352
4075 0.002029013724840043
4080 0.0025590995904408546
4098 0.003542665883500254
4099 0.0014860185754031348
4102 0.0037242628843844106
4105 0.003881664272619581
4107 0.002751869307409737
4112 0.0020735904977563975
4121 0.0020583791115962743
4136 0.0017094349695576765
4194 0.0032867192860356006
4198 0.0017269705965945665
4239 0.0037242628843844106
4297 0.0012341314258805895
4320 0.0020583791115962743
4346 0.0013295080123965942
4361 0.0032867192860356006
4372 0.003436283787049037
4381 0.005416636221280395
4383 0.0015931756550635594
4393 0.0010795769315619275
4399 0.0016387875896851961
4403 0.000900375538788342
4442 0.003542665883500254
4443 0.0022921745948796235
4455 0.0023372824927574854
4482 0.0012023641203084002
4534 0.002945696163858368
4547 0.0009877596465643155
4564 0.0006124506140465762
4567 0.0037644892156415226
4573 0.0034718490673310474
4575 0.003542665883500254
4592 0.0019115381534525408
4628 0.005698351375373582
4659 0.0010795769315619275
4680 0.0015703091960102378
4711 0.0023611057721007545
4724 0.0011795456607012552
4743 0.0031051222851514438
4763 0.0018125326012759931
4771 0.0031051222851514438
4789 0.003189412905758547
4822 0.0011258667095444777
4872 0.002043525673832196
4875 0.002593229090222138
4914 0.0008365132706253341
4924 0.002121464976018135
4947 0.005597298740899129
4948 0.0021051591746361017
4978 0.0034718490673310474
5019 0.0014225527308466938
5026 0.003030772688570948
5078 0.0034018083064536607
5190 0.006061545377141896
5193 0.0010364509567549211
5199 0.0013801003019429348
5203 0.0031051222851514438
5218 0.0009273453174340015
5223 0.001191822183108166
5233 0.003542665883500254
5255 0.0015491543220094916
5285 0.0032867192860356006
5291 0.003527149175800322
5295 0.0012548297385471742
5300 0.003542665883500254
5374 0.0021383901091702644
5380 0.0003292162246123279
5381 0.0004960953103964349
5395 0.005597298740899129
5402 0.002751869307409737
5431 0.0058404344100203955
5456 0.0011539265281424235
5510 0.0011575233582701203
5548 0.0022921745948796235
5552 0.0029041009215376628
5623 0.004361056870246181
5653 0.0018881561477934496
5698 0.004674564985514971
5703 0.0005166671343381178
5706 0.0014982760863578772
5771 0.0017181418935245186
5772 0.0034018083064536607
5773 0.0029642647081048507
5833 0.0017542226838225302
5845 0.002751869307409737
5869 0.0018799917613850914
5873 0.00340169302164291
5933 0.004058027449680086
5965 0.001865609394627392
5979 0.0037242628843844106
5985 0.0016002208534058513
6005 0.005335157373605268
6058 0.0014280657962785822
6107 0.0009349051919773267
6161 0.0010305237584693988
6185 0.003542665883500254
6186 0.0034018083064536607
6194 0.012467279936791425
6243 0.00040223191198939087
6285 0.00219176628217134
6303 0.001102297604547107
6346 0.0016208355132474642
6367 0.0032416710264949284
6383 0.0027986493704495645
6456 0.012535065068443384
6469 0.000604890739503251
6471 0.001636046899407588
6475 0.003542665883500254
6477 0.0348921828898442
6508 0.0008047858905444144
6517 0.002543782742417733
6525 0.0058082018430753255
6529 0.010802083716876493
6537 0.0019428670258848865
6578 0.0028233379576452777
6601 0.0016923733368959843
6607 0.001935819684706687
6621 0.003319148336877022
6626 0.001530003466438797
6639 0.0012023641203084002
6643 0.0019873782866866563
6655 0.0021051591746361017
6662 0.0007628871606335044
6679 0.006337349491460607
6689 0.003030772688570948
6713 0.0039025217964513406
6722 0.0027986493704495645
6761 0.0015460704057828484
6789 0.0031051222851514438
6811 0.0032867192860356006
6834 0.00035095127244032123
6859 0.0037242628843844106
6869 0.0021383901091702644
6899 0.03599303178696694
6961 0.00042216752604647633
6962 0.012906881908049348
6963 0.018969270484586867
6968 0.0013648889157828112
6990 0.002043525673832196
6993 0.001240204251326749
7004 0.001136243523701966
7042 0.002751869307409737
7092 0.001226038469137941
7104 0.002667578686802634
7129 0.003542665883500254
7161 0.0037242628843844106
7179 0.00048109479511834947
7210 0.003189412905758547
7340 0.001948319934360637
7347 0.0010454474317806441
7388 0.003030772688570948
7425 0.002250076199624803
7444 0.003776312295586899
7484 0.0033330980216415055
7527 0.0026293098805201497
7559 0.001763574587900161
7651 0.004460070176907649
7653 0.0021051591746361017
7665 0.0015498346883378465
7702 0.0029599558724017414
7735 0.0032867192860356006
7750 0.0021051591746361017
7803 0.0027083181106401974
7828 0.002043525673832196
7862 0.0017181418935245186
7863 0.0023516430168542537
7892 0.001795959861355541
7905 0.0007844869717408915
7952 0.002593229090222138
7997 0.0032867192860356006
8011 0.0010307231323596648
8018 0.0015703091960102378
8048 0.002412497397190425
8062 0.002037667516196315
8082 0.0021556854918733286
8096 0.0019873782866866563
8187 0.003595509903176334
8205 0.001984373087828225
8207 0.0023372824927574854
8208 0.003189412905758547
8210 0.0020583791115962743
8235 0.0006231888896602575
8298 0.002751869307409737
8327 0.002667578686802634
8359 0.002250076199624803
8386 0.0029041009215376628
8394 0.0037242628843844106
8398 0.0027083181106401974
8414 0.0022921745948796235
8445 0.0007533081910931699
8450 0.0021051591746361017
8459 0.0029041009215376628
8461 0.01083327244256079
8497 0.0022921745948796235
8524 0.004147180995512795
8527 0.002834174796364008
8533 0.003895142805950141
8565 0.009113984623294841
8601 0.007601898742351204
8605 0.0020009539062420976
8609 0.0021734681320143335
8620 0.0037242628843844106
8664 0.003109352870264763
8667 0.0014621952960598653
8683 0.003030772688570948
8695 0.0011503500767650152
8723 0.0009349051919773267
8758 0.0012718913712088664
8764 0.003389814453762175
8867 0.0009972608443104799
8880 0.003099669376675693
