377
14 0.0016637249373121427
30 0.0032127614629017284
44 0.001379947446805389
94 0.002104471636673755
138 0.0007216273143455434
145 0.0007550038834034739
240 0.005400543622374072
310 0.001097188151996514
330 0.0008296598387392749
360 0.0026485581226908684
375 0.0010874801301824393
377 0.0015544517040809508
386 0.003163609741888854
423 0.002254469033552623
474 0.0037810427296337827
498 0.002088770516041584
534 0.0033107801885688044
586 0.0034267117347585923
626 0.003461439598081607
640 0.0029859650353969798
682 0.001603120713068768
685 0.0031278537806503567
689 0.0026122131977640278
696 0.002246360381927132
751 0.0015155091440607535
772 0.0015282268295440514
803 0.0029859650353969798
805 0.0029859650353969798
807 0.0017577818864405298
859 0.0022267938203488283
925 0.002819137286777892
969 0.0013748807819305626
1034 0.0032127614629017284
1088 0.002246360381927132
1097 0.0023089547895712758
1102 0.001243166062966099
1110 0.0012899730996791911
1138 0.003693302690461182
1156 0.005329455270023327
1160 0.00938356134195107
1167 0.0034267117347585923
1176 0.002700271811187036
1193 0.0013405014322240868
1253 0.0011696410994048864
1272 0.0023089547895712758
1297 0.0022665482069427006
1326 0.002088770516041584
1390 0.0008470223666465435
1411 0.002663740095029567
1417 0.0033531273723105574
1420 0.002246360381927132
1439 0.0014112257068574032
1444 0.007137200960023938
1466 0.0026122131977640278
1496 0.0008694142253331473
1509 0.0027281447439538153
1511 0.0016637249373121427
1530 0.0021714664984024156
1531 0.0024563488772453065
1535 0.0019255318441805975
1554 0.001975429047068263
1558 0.0029816246562407
1594 0.005638274573555784
1595 0.0031278537806503567
1621 0.0014788145556236128
1635 0.0061316022372911415
1648 0.005705290857914073
1660 0.0025452183360353676
1693 0.005638274573555784
1705 0.0004413276615559391
1712 0.00062464167270337
1721 0.0010592148956357532
1873 0.0025452183360353676
1894 0.0015030408410995092
1896 0.00237839058741628
1907 0.002925360811153605
1921 0.00028710051120026266
1925 0.0029859650353969798
1926 0.003751526887930417
1930 0.0010118729957949875
1940 0.0020940897917377586
1948 0.0016403162910689068
1980 0.015532850630355644
1983 0.0014006277435720162
2004 0.004806659181563981
2012 0.00213708714869594
2025 0.03786597016045751
2041 0.0010939356483450383
2112 0.0021540445023559914
2233 0.004241140591946232
2262 0.0020019271760474667
2299 0.0014385201578911632
2346 0.007137200960023938
2374 0.0032127614629017284
2384 0.0015282268295440514
2385 0.0028700334892071922
2387 0.0024033295907819907
2416 0.002254469033552623
2438 0.006462222129360387
2466 0.00305295989712564
2492 0.0006671716348625003
2501 0.0023089547895712758
2565 0.0023089547895712758
2588 0.001603120713068768
2625 0.0016798235966115032
2666 0.002181399393893248
2689 0.002120570295973116
2698 0.003409525199954428
2731 0.0031497109570441635
2736 0.003568600480011969
2743 0.0009812566058067266
2767 0.001846651345230591
2776 0.0025778338480575524
2780 0.0012640159006156017
2788 0.00305295989712564
2789 0.0029816246562407
2790 0.0020438674124303806
2793 0.0016103877987664987
2824 0.0015155091440607535
2829 0.0021621789853943077
2831 0.0015611804766858543
2870 0.003568600480011969
2898 0.003568600480011969
2915 0.0041468955454706784
2951 0.0033107801885688044
2984 0.0022267938203488283
2988 0.003977080180967935
3019 0.004087734824860761
3048 0.006853423469517185
3096 0.0015959357430911046
3102 0.0047454146128332805
3136 0.0014847851448189851
3145 0.003568600480011969
3160 0.002749761563861125
3227 0.0017875116851745808
3234 0.005039470789834509
3246 0.0017307197990408035
3247 0.003568600480011969
3306 0.001097188151996514
3311 0.003751526887930417
3374 0.0013357383906461634
3394 0.0009839797923134966
3403 0.0034267117347585923
3441 0.0027281447439538153
3464 0.002259308838093522
3474 0.003311651831032174
3489 0.0032503519574285343
3491 0.0022665482069427006
3502 0.002772014763540116
3506 0.004767817496048459
3512 0.000790229921753636
3564 0.001857338371206432
3595 0.0010810894926971538
3627 0.0010090279660936667
3650 0.00305295989712564
3653 0.002608242675999442
3656 0.004923230319758646
3675 0.0016880283953201397
3703 0.0017132978029943792
3771 0.002514194472096952
3786 0.001312444097982492
3789 0.0021540445023559914
3823 0.0033107801885688044
3831 0.011436990222961015
3835 0.003082408154933799
3920 0.0022665482069427006
3954 0.0014059046458689787
3969 0.0007842217219896868
3999 0.004912697754490613
4003 0.0016963404493343277
4061 0.0017132978029943792
4075 0.0020438674124303806
4080 0.0025778338480575524
4098 0.003568600480011969
4099 0.0014968971886930554
4102 0.003751526887930417
4105 0.00260672037048538
4107 0.002772014763540116
4112 0.002088770516041584
4121 0.0020734477727353392
4136 0.0017219491347813783
4194 0.0033107801885688044
4198 0.0017396131339049222
4239 0.003751526887930417
4297 0.001243166062966099
4320 0.0020734477727353392
4346 0.00133924086753859
4361 0.0033107801885688044
4372 0.003461439598081607
4381 0.0054562894879076305
4383 0.0016048387272089737
4393 0.0010874801301824393
4399 0.0016507845705760102
4403 0.0009069668677692231
4442 0.003568600480011969
4443 0.0023089547895712758
4455 0.0023543929063208637
4482 0.0012111662002520928
4534 0.002967260557444447
4547 0.0009949906835084175
4564 0.0006169341470923052
4567 0.0025280318012312034
4573 0.0034972652391270288
4575 0.003568600480011969
4592 0.0019255318441805975
4628 0.0057400669784143845
4659 0.0010874801301824393
4680 0.001581804870944427
4711 0.00237839058741628
4724 0.0011881806948205909
4743 0.0031278537806503567
4771 0.0031278537806503567
4789 0.0032127614629017284
4822 0.0011341087791604694
4826 0.0032127614629017284
4872 0.0020584855982379953
4875 0.0026122131977640278
4914 0.0008426370866621228
4924 0.0021369954663257346
4947 0.005638274573555784
4948 0.002120570295973116
4978 0.005245897858690543
5019 0.001432966733268705
5078 0.0034267117347585923
5193 0.001044038445457373
5199 0.001390203525236807
5203 0.0031278537806503567
5218 0.0009341340825689504
5223 0.0012005470892802609
5233 0.003568600480011969
5255 0.0015604951296376724
5285 0.0033107801885688044
5291 0.0035529701800155514
5295 0.0012640159006156017
5300 0.003568600480011969
5374 0.0021540445023559914
5380 0.000331626299463077
5381 0.0004997270476614161
5395 0.005638274573555784
5402 0.002772014763540116
5431 0.005883190152407075
5456 0.0011623740137071557
5491 0.0020156021778836943
5510 0.0011659971749485253
5548 0.0023089547895712758
5552 0.002925360811153605
5623 0.00439298261600201
5653 0.0019019786671770034
5698 0.004708785812641727
5703 0.0005204494706070645
5706 0.0015092444325244796
5771 0.0017307197990408035
5772 0.0034267117347585923
5773 0.0029859650353969798
5833 0.0017670647239676441
5845 0.002772014763540116
5869 0.0018937545122005022
5873 0.0034265956059887585
5933 0.004087734824860761
5965 0.0018792668572527758
5979 0.003751526887930417
5985 0.0016119355009417652
6005 0.005374214162577489
6058 0.0014385201578911632
6107 0.00094174930026413
6161 0.0010380678562620005
6185 0.003568600480011969
6186 0.0034267117347585923
6194 0.012558548457558565
6243 0.0004051765087096646
6285 0.0022078114233292563
6303 0.0011103671331309072
6346 0.0016327010733737269
6367 0.0016327010733737269
6383 0.002819137286777892
6456 0.012626829820042531
6469 0.0006093189293971254
6471 0.0016480238166799715
6475 0.003568600480011969
6477 0.035147616146724465
6508 0.000810677441719703
6517 0.002562404870839532
6525 0.00585072162230721
6529 0.010881161928566656
6537 0.0009785450320708652
6578 0.002844006610336678
6607 0.001949991131886092
6621 0.003343446640953721
6626 0.0015412040774668994
6639 0.0012111662002520928
6643 0.0020019271760474667
6655 0.002120570295973116
6662 0.000768471986113984
6679 0.0063837429723644186
6689 0.00305295989712564
6713 0.002358654462042626
6722 0.002819137286777892
6761 0.0015573886371575399
6789 0.0031278537806503567
6811 0.0033107801885688044
6834 0.00035352046184325186
6859 0.003751526887930417
6869 0.0021540445023559914
6899 0.03955257160031932
6961 0.00042525806430450326
6962 0.013001368598445024
6963 0.015013536815242982
6968 0.0013748807819305626
6990 0.0020584855982379953
6993 0.00124928334540674
7004 0.0011445615582825076
7042 0.002772014763540116
7092 0.0012350138605664765
7129 0.003568600480011969
7161 0.003751526887930417
7340 0.001962582891420378
7347 0.0010531007804759635
7425 0.0022665482069427006
7444 0.003803957334354007
7484 0.0029844430634642666
7527 0.0026485581226908684
7559 0.0017764850900077757
7651 0.004492720763854264
7653 0.002120570295973116
7665 0.0015611804766858543
7702 0.0029816246562407
7735 0.0033107801885688044
7750 0.002120570295973116
7803 0.0027281447439538153
7828 0.0020584855982379953
7862 0.0017307197990408035
7863 0.0023688585587053096
7892 0.0018091074445279827
7905 0.000790229921753636
7952 0.0026122131977640278
7997 0.0033107801885688044
8011 0.0010382686896975833
8018 0.001581804870944427
8048 0.0024301584323089495
8062 0.0010262922775571483
8082 0.0021714664984024156
8096 0.0020019271760474667
8187 0.0036218313519550773
8205 0.0013325999847982615
8207 0.0023543929063208637
8208 0.0032127614629017284
8210 0.0020734477727353392
8235 0.000627751033801255
8298 0.002772014763540116
8327 0.0026871070812887446
8359 0.0022665482069427006
8386 0.002925360811153605
8394 0.003751526887930417
8398 0.0027281447439538153
8445 0.0007588228923456821
8450 0.002120570295973116
8459 0.002925360811153605
8461 0.010912578975815261
8497 0.0023089547895712758
8524 0.004177541032083168
8527 0.0028549227816961017
8533 0.003923657760605706
8565 0.009180704862118376
8601 0.008751485186760307
8605 0.004031204355767389
8609 0.0021893793189251267
8620 0.003751526887930417
8664 0.003132115336372119
8667 0.001472899507597639
8683 0.00305295989712564
8695 0.0011587713804016553
8723 0.00094174930026413
8752 0.002029577753149039
8758 0.001281202435419766
8764 0.0034146300793387653
8867 0.0010045614361429138
8880 0.0031223609533717086
