208
44 0.002891116890086137
138 0.0015118756309754789
145 0.004745407843845762
276 0.0013151961843136722
320 0.004748627071600811
330 0.0017382137112236956
386 0.0033140267694939988
496 0.0042228720475293345
527 0.007828135739958282
534 0.006936389168075133
640 0.006255871531215145
645 0.0017337357518401287
682 0.003358685420325057
695 0.006298017757490582
726 0.001751738615840429
775 0.004442789914569442
859 0.00933067594661503
948 0.014358552851779869
1102 0.002604547303698913
1109 0.004252152163806115
1110 0.0027026123530088575
1145 0.008223583526626492
1156 0.007443799487578594
1158 0.014358552851779869
1242 0.00674782126722404
1268 0.0023055594762144515
1275 0.008399951299117043
1320 0.008399951299117043
1328 0.00673103091767448
1370 0.003149008878745291
1554 0.004138705641557127
1563 0.007859794062749923
1635 0.004282090314999846
1694 0.003984820336447526
1712 0.0013086817866760788
1749 0.0034048932314780503
1780 0.0058076260229996905
1873 0.010664933273080712
1918 0.0038468843072557365
1937 0.018386700313048274
1940 0.0021936554106700753
1948 0.0034366135791412985
1959 0.00640355168453121
1980 0.013559479780844715
2004 0.015105589973964106
2025 0.01866651578462106
2100 0.00673103091767448
2122 0.0030735816602316364
2242 0.004982947150936562
2387 0.005035196657988035
2401 0.002412764074221607
2438 0.00451298334800935
2529 0.00673103091767448
2555 0.005332466636540356
2570 0.001802538906907506
2661 0.005035196657988035
2724 0.0028805017609158717
2822 0.0045129214573900065
2832 0.0038039066555906604
3000 0.00673103091767448
3019 0.004282090314999846
3123 0.005332466636540356
3125 0.0071792764258899345
3137 0.005906352045611351
3149 0.004157584559254873
3217 0.010410990419349269
3221 0.00673103091767448
3227 0.007490002950762201
3234 0.024635695139262566
3294 0.005472827037033224
3326 0.007859794062749923
3392 0.014953092808884507
3474 0.003469107669624195
3499 0.008399951299117043
3505 0.025199853897351132
3506 0.00749176230782461
3557 0.004376166449252766
3582 0.0031883868686384577
3595 0.002264981973963669
3596 0.006936389168075133
3641 0.0037021632100303708
3661 0.0058076260229996905
3688 0.008399951299117043
3695 0.0038039066555906604
3703 0.003589516562715218
3753 0.006128900104349424
3811 0.007859794062749923
3821 0.005035196657988035
3831 0.014376928200519706
3835 0.0032289643708892403
3839 0.014358552851779869
4005 0.0025212582054056163
4044 0.003960816233650113
4061 0.003589516562715218
4064 0.007859794062749923
4094 0.0029234794125809474
4099 0.003136137361586984
4105 0.008191978587614331
4138 0.004442789914569442
4221 0.0011995524791263976
4248 0.0013250279017222963
4337 0.0034366135791412985
4364 0.003841192362545309
4367 0.004376166449252766
4412 0.004111791763313246
4421 0.0063962319317080124
4458 0.0027496911623375525
4474 0.008818123483731134
4520 0.0027689986258273938
4566 0.003782926825743098
4567 0.002648229632271337
4592 0.0040341664097403316
4711 0.004982947150936562
4724 0.00248934789743087
4782 0.0047923094001732355
4800 0.004549422142358436
4802 0.0036827148111622143
4822 0.0023760622581797566
4902 0.010410990419349269
4910 0.008399951299117043
4936 0.003242769589375978
4978 0.010990638765293378
5026 0.019188695795124038
5032 0.0018900866418384333
5163 0.0015309344919793358
5181 0.0030021971743022253
5223 0.001886442473876729
5229 0.0013482547457130346
5295 0.010592918529085348
5336 0.005386785993504064
5380 0.0006947876151327656
5399 0.0063962319317080124
5406 0.005332466636540356
5426 0.005472827037033224
5440 0.004387310821340151
5441 0.002347411870897108
5706 0.02845805376296925
5771 0.0036260172476836466
5807 0.002162455116641737
5812 0.0028185281839579364
5833 0.0037021632100303708
5873 0.014358066250860871
5893 0.00640355168453121
5939 0.0016181925098075547
5996 0.005267468786632571
6058 0.003013832109937621
6194 0.008770438237742843
6203 0.003607641898943808
6285 0.009251136209410319
6444 0.0034856568471907778
6456 0.013227185225596702
6477 0.017672997664941948
6507 0.002427732677344572
6537 0.0020501418923447885
6547 0.004884221128324901
6574 0.004111791763313246
6589 0.0035956796265588925
6713 0.0016471993840236332
6733 0.009965894301873123
6761 0.0016314362564088954
6787 0.012792463863416025
6795 0.004059542256261773
6858 0.004009264905991315
6899 0.0034527615545779772
6909 0.002442871381870683
6932 0.0032708167655718973
6962 0.003891294808386482
6963 0.002859521931068309
6979 0.0037419330786327256
6996 0.0021440797679018984
7004 0.0023979617923526155
7140 0.0016940973733096645
7461 0.004932669800666104
7484 0.00390792678747334
7491 0.014953092808884507
7555 0.004516675225494775
7695 0.0018602602095145137
7797 0.0065531415097674645
7800 0.0025706042786984226
7832 0.008277411283114254
7892 0.009475616446415737
8133 0.00673103091767448
8143 0.005548972999379949
8187 0.002529356659903188
8235 0.0013151961843136722
8292 0.0065531415097674645
8347 0.007650444353852045
8428 0.0071792764258899345
8451 0.006936389168075133
8513 0.03143917625099969
8525 0.008399951299117043
8533 0.0054802827208460065
8540 0.002174847686585725
8565 0.01154065292176721
8601 0.0045837917044150986
8604 0.0037622722777094528
8664 0.004374713240781507
8695 0.002427732677344572
8697 0.0026173635733521576
8723 0.0059191543442981675
8754 0.0029018172822512333
8764 0.0035769821229883077
8778 0.00673103091767448
8800 0.003299467152854546
8801 0.0031107615150655424
8814 0.002423162758946617
8867 0.001052324326511672
8884 0.003149008878745291
