162
15 0.002241102243175548
93 0.0040950471917260475
145 0.0021576052400191325
198 0.009792653200167858
276 0.0017939496070554692
277 0.004103856545191208
395 0.006868092512569453
435 0.009181238824945105
459 0.0032809272555348575
590 0.01019813442614299
632 0.002389400789807447
688 0.013196787625750469
710 0.008938594695331353
729 0.009792653200167858
1055 0.00866186397818824
1066 0.011457674156954627
1088 0.00641951523370808
1102 0.007105292225990339
1138 0.005277250497039722
1194 0.007019607879324452
1195 0.0071849155834402415
1248 0.0042777438488592326
1286 0.011290527524247893
1390 0.0024205701942242226
1411 0.00507485211967976
1489 0.006942271453826489
1565 0.006309352310183606
1575 0.005131802353695738
1586 0.007423646650988123
1640 0.002827624013740556
1705 0.0012611999700531647
1749 0.004644331353396838
1803 0.0071849155834402415
1930 0.0028916705277321187
1934 0.010720890646261399
1955 0.004209164701628399
2024 0.004687598438493988
2025 0.019096079955396857
2084 0.0042777438488592326
2121 0.010720890646261399
2122 0.004192416825253194
2129 0.008938594695331353
2410 0.005159975502896443
2438 0.006155784817786812
2492 0.0009533017293118989
2635 0.0061557003979462
2666 0.0031169367908558334
2688 0.004847700949352911
2701 0.007921699094133467
2761 0.0038036834756532676
2763 0.00641951523370808
2793 0.00460207057137037
2902 0.003250891336592919
2915 0.01185075170525721
3023 0.005023284637819589
3035 0.007921699094133467
3102 0.009040775956945971
3160 0.007858105222247481
3184 0.00407931435125196
3222 0.015312178037250232
3234 0.004800500068977642
3261 0.010720890646261399
3278 0.018922701830899523
3344 0.008286159803397117
3420 0.00320190907913162
3564 0.0053077912449121046
3595 0.009268419960403632
3656 0.008793321936179798
3672 0.019585306400335716
4005 0.0034390383889633088
4149 0.008724567404756535
4203 0.00433093198909412
4226 0.004063716558284416
4297 0.0035526461129951697
4433 0.002389400789807447
4461 0.004423191992203216
4482 0.003461198806578156
4500 0.0034723811909351723
4531 0.006363599076561714
4567 0.01083668862075886
4659 0.006215472208490427
4660 0.007395376705315181
4677 0.0006755948432926733
4711 0.013593646620965011
4735 0.009792653200167858
4770 0.00482394725524542
4798 0.00372466529925003
4827 0.008724567404756535
4978 0.004997138406535063
5032 0.0025781098127168585
5156 0.012410975886266527
5165 0.007273573738544585
5223 0.0025731391066268353
5229 0.0036780840761711235
5365 0.006728244163251672
5380 0.0009477019352856969
5381 0.001428090265911076
5429 0.007679054964519717
5462 0.008359922318066577
5491 0.011520136297025632
5703 0.004461928724995293
5807 0.002949624970816762
5812 0.00384451961493844
5866 0.004461448809943256
5910 0.0024845603175838475
5985 0.0023032467513456603
6003 0.008056363041294142
6021 0.008724567404756535
6038 0.006942271453826489
6039 0.004349013050946181
6042 0.0055026705003152635
6076 0.006309352310183606
6107 0.0026912751969891246
6194 0.007975349694572292
6250 0.004063716558284416
6348 0.023037164893559153
6430 0.002168518976870715
6469 0.0017412754342185635
6471 0.004709624547248621
6477 0.028123975363596596
6491 0.0010160660500657212
6498 0.006205487943133263
6503 0.0053077912449121046
6707 0.002949624970816762
6710 0.006477206800593574
6713 0.002246807527998763
6761 0.000741768786038075
6834 0.0020205395434221003
6899 0.032967371830740354
6963 0.02340261463250884
6966 0.004971363056305697
6993 0.0017850638596502162
7037 0.00606003979978928
7092 0.003529349233334324
7153 0.008533113469356222
7182 0.004709624547248621
7233 0.004997138406535063
7247 0.006796823310482506
7408 0.006662159363321831
7416 0.0055026705003152635
7439 0.011457674156954627
7484 0.0021321910170984245
7651 0.00641951523370808
7722 0.012618704620367212
7803 0.007796329958662995
8001 0.006107240680164547
8033 0.002258272119488424
8078 0.004847700949352911
8104 0.005435361630468173
8117 0.005760068148512816
8308 0.008724567404756535
8601 0.012504737202002696
8604 0.010263604707391476
8664 0.00596718207738398
8719 0.0035063472588104
8739 0.006602461229014586
8752 0.005800006717158131
8764 0.0024395317407828205
8814 0.00165261727911422
8820 0.010649265238499066
8867 0.00430616398045362
8880 0.008922897619886513
