192
79 0.0035352942581424805
103 0.005187899771728755
109 0.003207524211139847
134 0.0037054403701911828
238 0.00327846407775472
334 0.004982297710745856
375 0.002243954468019958
378 0.0021419950024983273
386 0.006527931884320505
474 0.039009851727188426
480 0.003703340530583455
498 0.008620122431760734
577 0.007363607637003549
613 0.021212484424532798
626 0.007142487146494675
726 0.001725277307444048
733 0.007070828141510932
805 0.006161371961257212
881 0.016395454964935316
890 0.006454151456749829
1102 0.010260814755357651
1110 0.0026617873929936178
1156 0.04398813231934662
1176 0.002785929980424087
1195 0.005187899771728755
1242 0.023260616513300997
1339 0.005465151654978438
1356 0.006454151456749829
1373 0.002670930760456421
1393 0.0039009851727188423
1417 0.0017297477305801441
1490 0.005629374199759686
1498 0.004676895544839469
1523 0.003500303706632465
1526 0.006454151456749829
1558 0.003076207915728698
1609 0.0025822437714759466
1621 0.0030514511827520467
1632 0.004959136285510875
1635 0.004217406171268731
1648 0.002354509761906533
1658 0.004810441352972561
1692 0.0034495076371169053
1705 0.0009106549632710163
1712 0.0012889131796265912
1721 0.004371261472623682
1749 0.0033534597989783818
1921 0.000394943905639032
1930 0.008351773487951377
1940 0.006481555865967776
2025 0.011490340154430637
2029 0.0033079499910150106
2072 0.0029454867974296637
2176 0.013258707426960002
2438 0.0059264151921492375
2478 0.0036462392944709996
2556 0.003293124207042974
2584 0.010638432134279808
2607 0.00827306381725727
2660 0.00490767604593752
2688 0.00700060741326493
2690 0.009111390949449438
2780 0.002608226163505909
3023 0.007254169356126174
3184 0.0029454867974296637
3227 0.0012294768187051748
3234 0.010398666312558823
3236 0.00554469527649611
3400 0.0040496801052571545
3428 0.01654612763451454
3478 0.0033534597989783818
3491 0.004676895544839469
3627 0.00832829124884561
3650 0.006299612114008496
3653 0.0017939876613369777
3703 0.0035352942581424805
3831 0.0047199180195059654
3970 0.0017939876613369777
4005 0.0024831727340248666
4061 0.010605882774427443
4105 0.0026894108958331036
4136 0.003553145797751303
4198 0.003589594472679945
4221 0.0011814323510429172
4248 0.0013050123745059474
4293 0.0029915289924651225
4346 0.004145173017502373
4349 0.0022112328739061155
4409 0.0073708168195424075
4468 0.0015040328556784176
4565 0.004480699753501057
4573 0.007216411354452449
4677 0.0014634486484617728
4711 0.00490767604593752
4770 0.0034831522477451827
4800 0.004480699753501057
4822 0.002340170079053174
4951 0.003076207915728698
4978 0.010824617031678675
5190 0.012599224228016992
5223 0.000619315454666479
5255 0.001609997241000801
5371 0.003003296496644954
5380 0.0013685846678748131
5399 0.006299612114008496
5431 0.003468466874487727
5438 0.0035176823437596287
5446 0.00554469527649611
5456 0.007195481432283874
5491 0.012477247318681842
5547 0.00554469527649611
5548 0.004764399157937103
5556 0.003877762125388658
5625 0.0038104618392522465
5703 0.004295673576128399
5706 0.006228483065946946
5730 0.0024517444548714912
5869 0.003907656591640311
5873 0.0176764712907124
5893 0.006306821296547354
5910 0.0017939876613369777
6019 0.0038549429776833836
6046 0.004555695474724719
6081 0.003788774272402931
6107 0.0019432470455601233
6109 0.004858158172257251
6161 0.0021419950024983273
6184 0.007741066055759742
6194 0.011517272368596844
6223 0.002785929980424087
6228 0.002836989649723789
6383 0.005817132226191239
6392 0.005817132226191239
6406 0.003788774272402931
6430 0.0015657886268039302
6444 0.003433003420496053
6466 0.004217406171268731
6467 0.005187899771728755
6477 0.01740603395399116
6491 0.0007336549424945843
6503 0.003832513920042275
6508 0.001672787591222227
6517 0.0026436896174975833
6551 0.005390155933754776
6578 0.0029342243426887476
6589 0.001770682112172506
6648 0.004103241334744863
6707 0.0021297896314960915
6709 0.009353791089678938
6713 0.008111586090509132
6761 0.004820376612591841
6834 0.0014589394286340846
6864 0.005390155933754776
6899 0.010201815106879945
6932 0.00322140865733063
6946 0.005390155933754776
6962 0.00766502784008455
6963 0.014081633678674757
7158 0.003998219865683801
7322 0.0010285320690033787
7328 0.003166731249195294
7370 0.005047094480484667
7409 0.002340170079053174
7444 0.007849253351552225
7484 0.002309336796464608
7492 0.0030887636854300808
7569 0.005390155933754776
7711 0.0039009851727188423
7764 0.004676895544839469
7943 0.0049190624619351924
7944 0.0020588497648812184
7962 0.004103241334744863
8059 0.0023836680267892542
8187 0.0074734465661187854
8213 0.005187899771728755
8327 0.00554469527649611
8350 0.0013245958413576704
8352 0.0037054403701911828
8359 0.004676895544839469
8414 0.009528798315874207
8533 0.0026987494969725047
8601 0.009029100275766297
8604 0.0074108807403823656
8639 0.001747783312445889
8679 0.0023746851537949703
8695 0.009564239913164114
8752 0.01256376077402532
8754 0.0028579831843320307
8762 0.004676895544839469
8764 0.0035229491604054025
8780 0.003973227340106792
8854 0.015482132111519484
