200
69 0.0029782880176622006
145 0.001647500486787772
381 0.006515700061265614
386 0.0034516700538499796
427 0.004100764420139443
474 0.06187984467268067
494 0.0030794477884460263
496 0.004398262899343652
527 0.004076632989179553
534 0.007224482008921704
626 0.0037766186030187498
694 0.008748831065534044
828 0.006383455060760102
910 0.007010594502114633
941 0.0027675011206513196
1102 0.008138170169385102
1110 0.005629722856746885
1156 0.042641317831400696
1176 0.002946143206135376
1242 0.003514041107212519
1331 0.0052443262316424905
1364 0.0019171930522232411
1417 0.0018292220409649447
1498 0.0049458543940634645
1506 0.004663356302106476
1526 0.00682531671624343
1527 0.016372478367134024
1554 0.004310600764049915
1571 0.004228149442624083
1572 0.003835671017376619
1607 0.005553942886620307
1611 0.005953108179298581
1621 0.0032269339983735704
1749 0.007092621044484628
1930 0.004416033585482278
1940 0.002284765699292155
1951 0.00682531671624343
2025 0.0024302252978380453
2029 0.0034981835368241804
2092 0.0033630747121721795
2176 0.007010594502114633
2277 0.003940045192307507
2299 0.0031390072454941355
2317 0.005553942886620307
2372 0.0012905123717611025
2414 0.0036304285373296914
2416 0.002459748162805817
2423 0.008748831065534044
2438 0.01253446280256484
2439 0.0036304285373296914
2478 0.0038559271772201304
2492 0.0014558409795881395
2570 0.0018774047401017473
2661 0.0052443262316424905
2738 0.004318224532166089
2750 0.005700132952309364
2767 0.004029593830007967
2824 0.003307005576337043
2986 0.004006659054841438
3023 0.007671342034753238
3149 0.0043302637901504425
3202 0.004627314735302358
3217 0.005421697886114795
3225 0.00232479315693413
3227 0.0013001815558831083
3234 0.007331115121314099
3238 0.008186239183567012
3374 0.0029147262645729376
3464 0.001643352434949814
3472 0.004175783895697024
3502 0.006048837327469326
3537 0.008748831065534044
3556 0.00449183918081965
3571 0.0014905511724461883
3582 0.003320811882351876
3604 0.003063945649457026
3627 0.0022018086288880965
3656 0.0013428779186881608
3690 0.0032531144412338625
3701 0.0045579241612025605
3789 0.004700359089805565
3878 0.00682531671624343
3954 0.003067836655362659
3970 0.0018971562808387846
4047 0.004700359089805565
4051 0.005700132952309364
4061 0.0037386019151602586
4099 0.0032663922679787754
4105 0.002844073503261205
4189 0.0014182680426535557
4221 0.0012493741475885162
4251 0.002452308347091496
4301 0.0057794415265107445
4346 0.002922369049612961
4408 0.006262724834276397
4409 0.003897348829502455
4433 0.0036489890655845357
4547 0.0021711777534704443
4564 0.001346217324166276
4567 0.002758220000384843
4573 0.011447118969602686
4582 0.008186239183567012
4654 0.0057794415265107445
4677 0.0005158695448784311
4822 0.004949497100106074
4924 0.00233157812060779
4949 0.003163565803533404
4978 0.019078531616004476
5003 0.008351567791394048
5082 0.015569719851808168
5178 0.0017644592450445705
5181 0.0031268890697205283
5195 0.003334756947535422
5223 0.0006549310399188643
5229 0.002808505093306385
5255 0.0017025849417612305
5356 0.004398262899343652
5363 0.0049458543940634645
5380 0.000723644608732529
5438 0.0074399543500603006
5491 0.004398262899343652
5504 0.005863559541598122
5666 0.0052443262316424905
5707 0.006262724834276397
5713 0.008748831065534044
5730 0.0025927393436500435
5811 0.0014979909881605098
5812 0.005871183309714295
5833 0.007711854354440261
5842 0.0041253229781787115
5855 0.002043899034169645
5869 0.0041323780569742586
5871 0.004524488270856986
5873 0.007477203830320517
5910 0.0018971562808387846
5912 0.004258799464575275
5922 0.007010594502114633
5946 0.009982702009306546
6046 0.004817684351865437
6194 0.0030449018801961304
6228 0.0030001392142446457
6316 0.007010594502114633
6406 0.004006659054841438
6430 0.0033116679582881844
6477 0.006135673310725318
6482 0.0036834613226953846
6517 0.0027957228862354635
6648 0.004339210484985782
6656 0.006515700061265614
6761 0.007363180888882745
6766 0.007787073890888737
6787 0.006661890126954671
6834 0.0007714200493256901
6864 0.005700132952309364
6899 0.007192333973114508
6932 0.003406665385228238
6954 0.008748831065534044
6963 0.011913152070648803
6972 0.006383455060760102
6993 0.0013630359822888233
6996 0.002233131004268431
7104 0.005863559541598122
7128 0.006383455060760102
7172 0.007028082214425038
7182 0.003596166986557254
7255 0.013323780253909342
7375 0.002989170601342429
7385 0.007968194438836314
7390 0.0037015991274611687
7407 0.0019071384987593885
7426 0.008186239183567012
7444 0.012450972169475015
7470 0.0022458606559987463
7484 0.0032561894765912045
7603 0.002749000549146862
7633 0.004627314735302358
7648 0.006383455060760102
7695 0.005812570239313719
7716 0.004006659054841438
7842 0.0037015991274611687
7892 0.005921503440635521
7944 0.006531750212546485
8011 0.0033984225961507155
8062 0.0022394812318579306
8103 0.005953108179298581
8187 0.005268819623823893
8222 0.006515700061265614
8235 0.002739641891924966
8352 0.0039185327876462665
8438 0.0024013175375268724
8601 0.007161259244277901
8604 0.027429729513523866
8639 0.001848294812842138
8658 0.013323780253909342
8679 0.0037668727759079955
8695 0.005057130049931824
8697 0.0013630359822888233
8752 0.008857518245372483
8754 0.0060446800895457
8762 0.0049458543940634645
