84
44 0.008568219146982551
52 0.007928152585708736
74 0.011030357422502825
148 0.008599931218308201
218 0.02215776479861977
394 0.01476764337459381
722 0.037796877060950446
726 0.005191516261490726
1011 0.027743720545559743
1035 0.012690558569908634
1048 0.012031007050375799
1110 0.008009560246189885
1172 0.007354229070889665
1253 0.007262407917213976
1309 0.0067125829410196
1330 0.01621946921884392
1390 0.0052592388765417206
1393 0.023476838039453395
1411 0.005513134802743013
1648 0.007084933919918748
1799 0.009182094013553885
1980 0.008037073470100685
2019 0.010585025961676701
2024 0.010184872970909666
2029 0.009953922245690623
2122 0.009108978374868303
2416 0.006999101590529279
2438 0.008916561039097262
2824 0.009409934049031768
2954 0.007699346682177019
3033 0.013066855707710679
3901 0.01682674121580546
3953 0.017211691668162717
4108 0.00782215610802698
4383 0.004982294775835131
4660 0.005356045553243418
4915 0.005300437145882674
4928 0.02488116329485444
5032 0.00560152950217572
5362 0.012515057159041483
5366 0.01621946921884392
5441 0.006956875181022338
5619 0.034202298659055545
5703 0.012926072306350001
5863 0.010712091106486837
5985 0.005004327032469207
6088 0.02488116329485444
6161 0.006445457689335876
6258 0.01750427969881182
6469 0.007566633250513394
6494 0.010137589391947777
6506 0.010691738718688011
6517 0.00795510239447
6589 0.005328143446628177
6595 0.013166813746814889
6616 0.016445138161798756
6761 0.0016116612714827266
6834 0.004390081371617109
6984 0.010746196570407898
7182 0.010232729698112914
7238 0.008536759764168856
7400 0.021276764680364713
7408 0.014475055343944707
7470 0.006390494412069159
7484 0.002316334786756925
7489 0.014922491913673631
7561 0.012031007050375799
7579 0.007194916843766641
7603 0.00782215610802698
7793 0.008235229189144723
7842 0.010532732062684963
7923 0.008729389755713749
7959 0.007693541098378868
8011 0.003223352341197497
8033 0.004906609423252121
8062 0.0063723420506502934
8145 0.001473116120966937
8235 0.003897763237147792
8268 0.02489440112283778
8350 0.00398582930444899
8553 0.019948327992380728
8639 0.010518477753083441
8679 0.003572821754118796
8893 0.02524011182370819
