210
49 0.004922007052745145
109 0.0034358916307032023
146 0.0029316349864269243
149 0.00436640142118972
243 0.0018197180079497562
246 0.0028908934741032335
276 0.0027751065118851595
277 0.003174180305180255
281 0.004229839350657504
357 0.006913670330693183
477 0.005939463224984507
498 0.00461692641571651
569 0.004081756856933637
602 0.0038651005798119105
645 0.001829119272167903
708 0.0027845863167733588
744 0.02124885579940582
898 0.00788787743640186
994 0.010983763355041623
1055 0.0033498147100113097
1057 0.011523559954961259
1095 0.0020047196462342374
1108 0.004723723373978405
1195 0.005557264804020123
1222 0.004282882768742194
1242 0.003559530312483879
1263 0.014202693069008935
1268 0.002432402554193887
1294 0.005854256303552956
1305 0.0013137400116393224
1317 0.01001975679832922
1319 0.006466088783229489
1339 0.011708512607105911
1364 0.0019420110852617297
1366 0.0036774243760006264
1411 0.013738232356349904
1417 0.0018529012906861738
1439 0.0031193111902382085
1478 0.0048393076855205875
1496 0.0019217149381959213
1505 0.004395381494500162
1518 0.007938516262351336
1586 0.0028709571999776078
1621 0.003268706606766756
1664 0.0038255068697244945
1712 0.0013806804610239536
1792 0.004229839350657504
1867 0.007574252798835336
1911 0.007101346534504467
1912 0.00420404993424561
1921 0.0004230628892120376
2025 0.002461684524994525
2031 0.00317964164349406
2072 0.0031551978315508696
2145 0.0038853237166306858
2286 0.00420404993424561
2302 0.005939463224984507
2394 0.005103612042968224
2438 0.0015870901525901276
2462 0.00500987839916461
2465 0.0031551978315508696
2470 0.007101346534504467
2641 0.006343795705917516
2688 0.003749516268269728
2748 0.005939463224984507
2838 0.004013183073535778
2902 0.0025144434609893455
2915 0.004583057698311446
2954 0.0013704338754684017
3149 0.0021931594924224735
3160 0.003038975967827101
3203 0.01968802821098058
3222 0.007895599894072935
3229 0.0013535205093886794
3306 0.004850352801382648
3410 0.01406164574902561
3459 0.013200091386253316
3506 0.0026346434868940918
3564 0.004105378988783149
3566 0.005773921081141848
3656 0.005441045806464652
3732 0.0030728446852321656
3835 0.003406609659902564
3943 0.0022178177347208293
3973 0.005257089874450871
3999 0.00542940544711503
4005 0.00531993640752253
4047 0.014283615486496523
4057 0.0047997139754331715
4090 0.007101346534504467
4099 0.003308675663033517
4108 0.0027845863167733588
4144 0.003991049013567152
4224 0.005152932323087113
4251 0.0024840534389632307
4264 0.006748128186850525
4312 0.008862084542110538
4364 0.0020262600488507618
4383 0.00532089733341616
4393 0.004807436433104247
4409 0.003947799947036468
4433 0.0018481125849966987
4461 0.003421174388791485
4724 0.0026263023124998824
4819 0.005219534037436785
4830 0.002417987209772366
4866 0.01001975679832922
4940 0.005369588600208839
5032 0.0019940719910657907
5044 0.003005904235847535
5132 0.005854256303552956
5163 0.003230321322881964
5198 0.004013183073535778
5223 0.0013268182232660489
5271 0.005854256303552956
5295 0.0027939251136584334
5301 0.005625838587417981
5380 0.000733012176483112
5381 0.0011045746716917386
5431 0.0018577063680508701
5491 0.004455198341406353
5510 0.002577268836536708
5536 0.004310174573068611
5537 0.005312213949851455
5562 0.00461692641571651
5565 0.006343795705917516
5811 0.003034764914525823
5916 0.00829220991733487
5936 0.00788787743640186
5985 0.011579591677072761
5988 0.0022492616358932896
6006 0.0031431335191908594
6088 0.0029524573489039794
6135 0.0038451643056862843
6161 0.002294499501058079
6194 0.0030843180857650127
6260 0.00788787743640186
6293 0.0051067580379756845
6348 0.011878926449969013
6410 0.00610035020173515
6411 0.00461692641571651
6430 0.003354537446421365
6454 0.006913670330693183
6460 0.007101346534504467
6477 0.0031075497512249592
6498 0.0047997139754331715
6513 0.004129404937259547
6572 0.004282882768742194
6574 0.0043380068441427775
6589 0.0018967500942689306
6682 0.005854256303552956
6728 0.0024840534389632307
6729 0.00274783955018073
6761 0.004589844397750161
6762 0.005491881677520812
6799 0.005312213949851455
6823 0.002461684524994525
6834 0.0007814060693816862
6886 0.001480099534836338
6921 0.002712029109565326
6930 0.0017029013563372108
6935 0.002942007607382301
6963 0.003016841907858475
6973 0.003538211845626535
6999 0.004687215249675204
7128 0.006466088783229489
7181 0.0036774243760006264
7303 0.003406609659902564
7347 0.006983182845292068
7484 0.0016491703983382638
7503 0.0027939251136584334
7555 0.002382582724128312
7611 0.0038255068697244945
7671 0.007318002811626192
7676 0.009930512238551658
7680 0.002382582724128312
7714 0.004880049197844278
7727 0.006748128186850525
7746 0.005491881677520812
7963 0.005939463224984507
7988 0.00452407769796776
8011 0.00114747170722241
8097 0.01130439665810133
8145 0.0005244102695998805
8159 0.006310395663101739
8235 0.004162659767827739
8236 0.006343795705917516
8258 0.006343795705917516
8271 0.006343795705917516
8282 0.00788787743640186
8305 0.007318002811626192
8332 0.006748128186850525
8344 0.006343795705917516
8350 0.00141890363588799
8537 0.05044859921094731
8540 0.002294499501058079
8543 0.006466088783229489
8572 0.013694005191289247
8583 0.0031075497512249592
8624 0.007574252798835336
8640 0.0021313705764680964
8658 0.006748128186850525
8679 0.001271878294346497
8695 0.0025612972582988044
8697 0.004142041383071861
8739 0.007660137056963525
8754 0.003061464187747256
8867 0.00444087676948615
8882 0.007574252798835336
8905 0.007101346534504467
