196
2 0.006918669834172471
17 0.002781639404213512
20 0.022798089134149407
45 0.003625873877116753
53 0.01180623832053417
56 0.002378084358984549
82 0.001929217997180795
93 0.0076263606142014965
141 0.005819927411948381
153 0.0037055331492374067
161 0.002055690526790469
217 0.006478038595729264
224 0.006079075622961346
246 0.0023202235935010367
277 0.008916561039097262
334 0.004283481927939944
375 0.001929217997180795
378 0.0036831186796205005
458 0.010369053859926359
487 0.004135730098269916
497 0.005699522283537352
521 0.028543150116950782
522 0.005143875826004964
549 0.00785513266418102
565 0.005873410048811671
668 0.001999743311579794
689 0.004634134062526833
707 0.004396309199073639
708 0.0022349017451505655
726 0.0029665807208518434
785 0.004229116038702724
872 0.007631528359114895
878 0.006667736433785173
1030 0.005873410048811671
1035 0.003625873877116753
1095 0.0016089827810035827
1106 0.004917626190903634
1139 0.000891059040111182
1164 0.0019522399720673016
1390 0.004507919037035761
1468 0.014718381035296747
1568 0.002296306705743053
1577 0.002513070420441589
1665 0.016707016675502857
1694 0.0033741595576153075
1712 0.0011081305518348095
1763 0.007356700409237593
1803 0.0044602462972525144
1845 0.0050012227710890915
2016 0.005416030155160551
2075 0.0035500688934182573
2080 0.004573144203177424
2145 0.0031183507232178747
2148 0.0019464402800353742
2286 0.0033741595576153075
2330 0.00440776996975047
2373 0.003975357246298479
2465 0.002532353584283685
2492 0.0005917899046897243
2619 0.0023951761649879813
2659 0.003651806918432599
2666 0.0019349295922455694
2684 0.007180355907823132
2724 0.004878148436667918
2743 0.0017407747058856993
2772 0.0025619108459551104
2780 0.0022423970392739115
2831 0.002769574715782957
2893 0.003039434803753665
2935 0.011746820097623342
2990 0.005297179530327629
3229 0.002172664090395335
3306 0.0019464402800353742
3501 0.00409614576955112
3557 0.0037055331492374067
3559 0.003575730616868995
3595 0.0019178808402913142
3601 0.004219326678455374
3604 0.0012454740107533107
3733 0.002612961983608279
3789 0.007642661792774764
3819 0.0014871337631740978
3835 0.0027341360647010187
3872 0.010606462961409793
3898 0.004057903544042792
3929 0.003625873877116753
3940 0.00440776996975047
3970 0.01079654392550072
3974 0.004689317153349248
3997 0.006236701446435749
4047 0.003821330896387382
4055 0.01763107987900188
4117 0.006330789942462792
4195 0.0037619467848042545
4221 0.0010157249563511833
4284 0.014300993271586071
4296 0.0056372551155159075
4333 0.003758149473866075
4403 0.0016089827810035827
4437 0.002612961983608279
4468 0.0012930775979988474
4485 0.008455882673273862
4912 0.005872185507531241
4921 0.006330789942462792
4924 0.001895542731818801
4944 0.003884015778768472
4973 0.0010836366135320568
5032 0.0016004370006216344
5157 0.005416030155160551
5172 0.0017407747058856993
5178 0.0014344824511661055
5198 0.003220970310967676
5223 0.0005324504298561157
5229 0.001141639083382985
5255 0.0013841794461591302
5291 0.0031515306921436645
5304 0.003625873877116753
5371 0.0025820549101025444
5381 0.015070988962069359
5435 0.0016571781257002417
5448 0.007523893569608509
5456 0.0020620816918493177
5467 0.003575730616868995
5474 0.002896454111985079
5510 0.0020685092739995913
5529 0.006655306141445389
5625 0.0032760074514090742
5634 0.005873410048811671
5702 0.004896125226847172
5703 0.0009232908790250001
5717 0.003651806918432599
5811 0.004871388875784308
5837 0.01240719029480975
5897 0.0007508803243162835
6060 0.0034374305858216572
6095 0.008167699040132278
6161 0.0036831186796205005
6310 0.0026555344931879395
6371 0.007112686035096509
6378 0.002475465684419192
6388 0.0022127101255575952
6410 0.002448062613423586
6459 0.0036005236503916715
6469 0.0021618952144323985
6518 0.003220970310967676
6535 0.004263569118192466
6537 0.0034719286072955892
6761 0.010130442277891425
6764 0.001684361070318852
6824 0.0028186275577579537
6944 0.00395039007609935
6968 0.004878148436667918
6976 0.006667736433785173
7037 0.0037619467848042545
7074 0.0012769854903592586
7144 0.003527721770910519
7174 0.00398510166456164
7199 0.015891538590982888
7377 0.003070341877259399
7484 0.0013236198781468142
7555 0.0019122547058588269
7633 0.0037619467848042545
7665 0.002769574715782957
7666 0.0048250618642955235
7670 0.013310612282890778
7680 0.0019122547058588269
7695 0.0015751813722122894
7725 0.02525937376317358
7816 0.003821330896387382
7821 0.0031515306921436645
7904 0.005653612198495977
7944 0.0017700760316251513
7961 0.004608445583340679
7988 0.00544651951430664
8011 0.0018419156235414268
8033 0.0014018884066434633
8043 0.0015423634179286742
8123 0.0033741595576153075
8145 0.00042089032027626774
8157 0.010183027912355909
8163 0.0061722377686081135
8175 0.003821330896387382
8235 0.0033409399175552508
8350 0.0011388083726997114
8417 0.0050012227710890915
8445 0.0013461715207067554
8458 0.0037912481105437062
8512 0.011399044567074704
8572 0.0021981545995368194
8660 0.008983818654573938
8664 0.0018521513201230798
8677 0.0032949665130753065
8814 0.0010259104667748014
8867 0.000891059040111182
8872 0.006505084208778029
8873 0.009650123728591047
