216
49 0.004782704966346698
109 0.003338649414739904
146 0.0028486641849242754
149 0.0042428240224768035
243 0.0017682165548945745
246 0.002809075734270123
276 0.0026965657615487873
277 0.00308434501352421
281 0.004110126916204933
357 0.006718000415673565
364 0.008057524730995204
477 0.0057713652091830586
498 0.004486258686969817
569 0.003966235436454382
602 0.00375571094076063
645 0.0017773517455971133
708 0.002705777270072226
744 0.020647473088101883
898 0.0076646356221640715
994 0.010672902128012144
1055 0.0032550086333128763
1057 0.011197421465669903
1092 0.004590033089809205
1095 0.00194798229775591
1108 0.004590033089809205
1195 0.005399983724661063
1222 0.004161669105475906
1242 0.003458788888545656
1263 0.013800730057621889
1268 0.0023635609724714187
1294 0.005688569804395797
1305 0.0012765586905551906
1317 0.009736178775734997
1319 0.006283086270496579
1339 0.011377139608791593
1364 0.001887048507376964
1366 0.00357334632762325
1411 0.011442355250976064
1417 0.001800460688119584
1439 0.0030310287980616552
1478 0.004702346147251137
1496 0.0018673267795677347
1505 0.004270983905033176
1518 0.007713841273794224
1586 0.002789703694317864
1621 0.006352392084848601
1664 0.003717237807373801
1712 0.0013416045989195022
1781 0.004110126916204933
1792 0.004110126916204933
1867 0.007359887153585279
1911 0.006900365028810944
1912 0.004085067388936772
1921 0.0004110894112154705
2025 0.002392014208249397
2031 0.0030896517856593224
2072 0.0030658997797145243
2113 0.004554558214307038
2145 0.003775361724650572
2286 0.004085067388936772
2302 0.0057713652091830586
2394 0.004959170192695539
2438 0.001542172506762105
2462 0.0048680893878674985
2465 0.0030658997797145243
2470 0.006900365028810944
2641 0.00616425431801419
2688 0.0036433978833186977
2748 0.0057713652091830586
2838 0.0038996024205111804
2902 0.0024432799668104017
2915 0.004453348518170556
2954 0.0013316480110683526
3149 0.0021310889407501394
3160 0.002952967214020674
3203 0.01913081986538679
3222 0.0076721395197123805
3229 0.001315213325160698
3306 0.00471307866549446
3410 0.013663674642921111
3459 0.012826503894189543
3506 0.002560078105189542
3564 0.003989189017402494
3566 0.005610508220354814
3656 0.005287053944017539
3732 0.0029858773828199347
3835 0.0033101961789619256
3943 0.002155049308266466
3973 0.005108304311966412
3999 0.005275743028800454
4005 0.00516937216957378
4040 0.005161868272025471
4047 0.013879362218010774
4057 0.004663873013864308
4090 0.006900365028810944
4099 0.0032150338989853987
4108 0.002705777270072226
4144 0.003878094796202044
4224 0.005007094615829931
4251 0.00241375003974729
4264 0.006557143426845321
4312 0.00861127082865458
4364 0.0019689130663361177
4383 0.0051703058994515515
4393 0.0023356884557063085
4409 0.0038360697598561902
4433 0.0017958075118364148
4461 0.0033243486985426694
4724 0.0025519730017687535
4819 0.005071811375999895
4830 0.0023495536094957897
4866 0.009736178775734997
4940 0.005217619111523683
5032 0.0019376359913186455
5044 0.0029208314744556237
5132 0.005688569804395797
5163 0.0031388971344985125
5198 0.0038996024205111804
5223 0.0012892667641170097
5271 0.005688569804395797
5295 0.0027148517613850816
5301 0.005466616740604264
5381 0.0010733131243797084
5431 0.0018051297727286757
5491 0.004329107822309947
5510 0.0025043272656913294
5536 0.004188188500245915
5537 0.005161868272025471
5562 0.004486258686969817
5565 0.00616425431801419
5811 0.0029488753414732053
5936 0.0076646356221640715
5985 0.012117395644658142
5988 0.0043712065754152605
6006 0.003054176910157156
6088 0.0028688972352557533
6135 0.0037363389008083707
6161 0.0022295608359337938
6194 0.0029970260644697766
6260 0.0076646356221640715
6293 0.004962227150108448
6348 0.011542730418366117
6410 0.005927698780931325
6411 0.004486258686969817
6430 0.0032595977073717037
6454 0.006718000415673565
6460 0.006900365028810944
6477 0.0030196002299638755
6498 0.004663873013864308
6513 0.004012534986205032
6572 0.004161669105475906
6574 0.004215233065534963
6589 0.001843068487827357
6682 0.005688569804395797
6728 0.00241375003974729
6729 0.0026700705063076907
6761 0.005017436033861319
6762 0.005336451064006072
6799 0.005161868272025471
6823 0.002392014208249397
6834 0.0007592908032671102
6886 0.001438209925359838
6921 0.0026352735687285717
6930 0.0016547060349314407
6935 0.0028587432411356323
6963 0.0029314595897115374
6973 0.003438073774523897
6993 0.0013416045989195022
6999 0.004554558214307038
7128 0.006283086270496579
7134 0.005217619111523683
7181 0.00357334632762325
7303 0.0033101961789619256
7347 0.006785545594953614
7409 0.002435837409328933
7484 0.0016024957644230299
7503 0.0027148517613850816
7555 0.0023151511375963784
7611 0.003717237807373801
7671 0.007110889524504696
7676 0.009649460005385102
7680 0.0023151511375963784
7714 0.004741934597905289
7727 0.006557143426845321
7746 0.005336451064006072
7963 0.0057713652091830586
7988 0.0043960377631196155
8011 0.0011149960928670587
8097 0.010984460903626765
8145 0.00101913693903373
8159 0.0061317995594290485
8187 0.002592988273988803
8235 0.004044848642323181
8236 0.00616425431801419
8258 0.00616425431801419
8271 0.00616425431801419
8282 0.0076646356221640715
8305 0.007110889524504696
8332 0.006557143426845321
8344 0.00616425431801419
8350 0.0013787459858156884
8537 0.049020808667241254
8540 0.0022295608359337938
8543 0.006283086270496579
8572 0.013306439006630118
8583 0.0030196002299638755
8624 0.007359887153585279
8640 0.002071048767700131
8658 0.006557143426845321
8679 0.0012358817388461246
8697 0.004024813796758506
8739 0.007443340725162671
8754 0.0029748189748864846
8867 0.004315191577896919
8882 0.007359887153585279
8905 0.006900365028810944
