208
69 0.0025262985082066904
79 0.0063424520295130675
116 0.0036806853165326555
141 0.006072281988076224
145 0.0013974733126411183
148 0.002563665132829003
149 0.010969252350793688
158 0.0008319120833317401
161 0.0021448261593884294
277 0.0013290267131445782
297 0.011866914817555505
334 0.0022346077808358786
336 0.004835072124858621
395 0.004448439323859348
476 0.015026575668301284
478 0.004835072124858621
523 0.0032535637627069966
571 0.004357860040696883
666 0.005312284209020359
726 0.0015476064736151215
777 0.0057894962931820965
861 0.0017670035036244111
994 0.0045988927868670215
1216 0.0047428794763777786
1222 0.003586479066507691
1305 0.001100123749584148
1364 0.0016262369250565705
1411 0.008217409597584437
1417 0.0031032330559459496
1432 0.0063426669778865
1494 0.0045988927868670215
1518 0.00997155091490473
1572 0.0032535637627069966
1587 0.003925066428589805
1606 0.0047714377187623525
1640 0.0036628842237614793
1644 0.005946656041089107
1683 0.00504965544748091
1712 0.005780897865262895
1935 0.005325253484225824
1980 0.0023958755601926163
2092 0.008558068169999124
2123 0.005633680862743291
2145 0.0032535637627069966
2150 0.005587067465659726
2159 0.004448439323859348
2277 0.0033420979544505416
2385 0.010624568418040718
2388 0.0019492353199595748
2397 0.0024811991279378087
2414 0.006158938385822187
2416 0.00417290609733453
2491 0.004121680702705284
2492 0.0006174501715597395
2501 0.004273756426225423
2526 0.006605295739425948
2558 0.0018365481928415835
2586 0.003609333179073715
2639 0.003895268639154945
2653 0.0032199343372820103
2666 0.006056486935077596
2882 0.013887766203016122
2962 0.0020552323900498905
2986 0.003398602396112114
2989 0.0057894962931820965
3012 0.0148421903713396
3050 0.0019104617019653285
3078 0.0028648858702888043
3221 0.011893312082178214
3400 0.0036326398776154968
3410 0.00785013285717961
3413 0.002379528772198272
3420 0.00207386523011506
3425 0.005414692233110873
3473 0.0028648858702888043
3506 0.002206246171951963
3512 0.010238724270742908
3526 0.0074210951856698
3587 0.006605295739425948
3682 0.004195264025316706
3730 0.005312284209020359
3733 0.00272626114820918
3760 0.002563665132829003
3781 0.011053735063285297
3786 0.0024292664469432036
3796 0.0033794645790728548
3861 0.005414692233110873
3914 0.003124453642286329
3943 0.0018571969648475237
3974 0.002446323989213361
4005 0.004454906097356265
4144 0.0033420979544505416
4160 0.004835072124858621
4248 0.0011706208562641425
4338 0.004086545263235452
4364 0.001696786870175841
4383 0.0029704738500914065
4393 0.002012869726055843
4409 0.009917643769384298
4445 0.0035420605944530316
4468 0.0013491460033321309
4482 0.002241806273095337
4484 0.00994739369387649
4493 0.003366465191633559
4534 0.0013730616265139278
4539 0.006605295739425948
4568 0.0015317015043357235
4659 0.002012869726055843
4660 0.0031933062919066455
4690 0.009197785573734043
4725 0.003895268639154945
4819 0.006556243973853524
4924 0.001977734286586012
4934 0.000619267855033704
4943 0.0016434819195168874
4973 0.0022612471339286825
5081 0.012771058349160985
5163 0.0013525329116131802
5187 0.0038662066733235814
5193 0.0019324614044644599
5229 0.0023822820981162563
5241 0.006605295739425948
5253 0.0061280836552642095
5293 0.016267818813534986
5381 0.0018499380680365703
5431 0.0015556402919450374
5451 0.011053735063285297
5537 0.004448439323859348
5561 0.01760911405100617
5623 0.0016262369250565705
5662 0.012473692202083182
5703 0.0028899755156473585
5717 0.007620301699710301
5733 0.005526867531642649
5807 0.0019104617019653285
5855 0.001733713814891867
5866 0.005779329352717823
5869 0.001752621045844096
5912 0.0018062387973063157
5939 0.0014296226509410916
5983 0.0033238503049682427
5985 0.009696731241776377
6015 0.0023714397381888893
6030 0.005946656041089107
6034 0.0027820512045283598
6095 0.002840618004020711
6107 0.0017431294636325225
6134 0.003288182429472387
6161 0.0019214101512925377
6246 0.006943883101508061
6307 0.002759416856656366
6363 0.004273756426225423
6373 0.007361370633065311
6374 0.0074210951856698
6394 0.003609333179073715
6410 0.007662635009496592
6411 0.0038662066733235814
6414 0.002316321648668126
6428 0.00504965544748091
6430 0.0028090842031008177
6460 0.005946656041089107
6463 0.0043150571486014035
6469 0.002255635928337326
6482 0.003124453642286329
6486 0.004653644510683517
6498 0.004019272678614769
6554 0.0039870254610003845
6557 0.007911276545037002
6589 0.0015883354447943075
6590 0.0014332496178035908
6713 0.001455249320302722
6834 0.008506526234976242
6852 0.0030794691929110934
6935 0.004927264773339463
6997 0.008992969525553014
7140 0.002993364464492957
7423 0.003236628940818104
7484 0.002762025219981157
7519 0.0047714377187623525
7521 0.0023086541960424772
7616 0.0038662066733235814
7661 0.005754420129470404
7676 0.004157897400694393
7764 0.008390528050633412
7943 0.002206246171951963
7944 0.0036936545917381205
8011 0.0019217818836407843
8033 0.0014626748958204156
8097 0.015777138967268796
8129 0.0032199343372820103
8145 0.0004391403070633146
8159 0.013210787668688601
8337 0.004902344709479304
8350 0.0035645627925966583
8439 0.006605295739425948
8445 0.0014045421015504089
8537 0.06688882700259072
8538 0.007513287834150642
8572 0.01376080521661261
8586 0.006915913959963143
8639 0.0015677947870449574
8640 0.0071392250203646795
8642 0.0074210951856698
8664 0.00579738421339338
8665 0.006943883101508061
8815 0.002412452592197174
8830 0.0028168404313716456
8867 0.0027890872393723995
