190
13 0.010228355989026551
109 0.0036610017720251358
131 0.00465247599706077
145 0.0017781643184985264
203 0.005545001224197069
375 0.0025612032031538143
443 0.0018007524869867687
446 0.003091032134213938
456 0.0050332086984804375
521 0.0018946746198320776
552 0.005545001224197069
645 0.0019489581210340758
668 0.005309663275573936
707 0.002918239726971295
740 0.007366634938566184
988 0.004076143526706444
1129 0.002662904795769391
1176 0.0031798028397254235
1309 0.005092304300083834
1336 0.005545001224197069
1364 0.004138492588592238
1380 0.009013933512780473
1439 0.0232657589809836
1496 0.0020476203996639296
1503 0.0038100540273536872
1507 0.003441453220751421
1511 0.003918359076497219
1609 0.0029473196150294426
1635 0.004813660147206723
1636 0.007032462479917715
1640 0.0023303522044275616
1712 0.002942277672113115
1799 0.0034828632465204396
1921 0.000450780802643171
1956 0.002729106389014933
1959 0.003599237670960645
2029 0.0037756256793998917
2072 0.0033619176894800645
2117 0.002063810472796274
2123 0.003584186617848749
2149 0.004813660147206723
2158 0.011442778465272628
2188 0.008070496947724546
2223 0.006759423700443146
2310 0.006425251241794675
2372 0.0013928633529697416
2438 0.005073215763624304
2586 0.004592565320959313
2587 0.006071243166287269
2592 0.005199776559082351
2738 0.0023303522044275616
2788 0.007190246930126938
2891 0.0061522124623201065
2895 0.006993850026974943
2939 0.00729269346232972
2954 0.007301104612409243
3013 0.0038813802303186914
3033 0.0049563935443040505
3086 0.0061522124623201065
3141 0.050332086984804375
3146 0.003975597910357433
3169 0.005921361463593855
3229 0.0028843988786282893
3306 0.0025840672683228243
3327 0.04529887828632394
3413 0.003027745230831594
3464 0.0017736872832389372
3506 0.0056145161203467195
3595 0.002546152150041917
3604 0.0033069482354484456
3627 0.0023764348304895666
3652 0.03898729084124988
3734 0.007032462479917715
3737 0.006425251241794675
3786 0.003091032134213938
3840 0.0033111478383741804
3884 0.002591766859468659
3902 0.0037254231960518742
4022 0.03214795724671519
4108 0.005934049461261847
4136 0.004055487100192005
4151 0.005785125114339807
4221 0.002696924884104866
4248 0.001489514124005064
4333 0.0024946337024800667
4346 0.0015770715733256153
4360 0.005437986625093728
4382 0.0013284054389592296
4383 0.005669507848364115
4399 0.0019439411408679567
4446 0.008835492636056808
4500 0.002861721050460366
4519 0.00465247599706077
4534 0.003494205104714754
4546 0.011203039801415994
4653 0.0013756299386403974
4654 0.006237811026889183
4677 0.0005567833363687894
4756 0.004229312974252695
4810 0.006328600470759354
4819 0.011123007017710114
4830 0.002576407061447107
4834 0.0043999521572868966
4835 0.0005312168936021556
4854 0.002622967304218304
4909 0.0028803246086903872
5017 0.007483901107440201
5032 0.00212471808703217
5124 0.008748704189889607
5163 0.0034419630647259548
5211 0.018885407748359697
5295 0.00297697537972571
5298 0.004349182306181012
5336 0.003027745230831594
5371 0.006855800968203308
5380 0.0007810371121837296
5381 0.0011769433570784386
5426 0.0061522124623201065
5435 0.002200046822050321
5438 0.0040150098475325415
5441 0.005277629447672119
5456 0.0027375912115930596
5481 0.016161650321963532
5536 0.004592565320959313
5623 0.002069246294296119
5675 0.0031458942096942396
5703 0.001225748235946983
5811 0.0016167971699801366
5863 0.002031603485713021
5871 0.009766653991574045
5939 0.003638143159981123
5976 0.0032144970673388578
5982 0.005114177994513276
5985 0.0028472895184738596
5988 0.0023966270534173323
6083 0.00533811181152367
6088 0.015729471048471198
6308 0.009442703874179849
6329 0.0030485451093485356
6341 0.018213729498861807
6367 0.003845292527980191
6381 0.0034011575023886807
6383 0.006639554368514829
6409 0.0013518315484879907
6410 0.0032500141592002782
6469 0.0014350511337180576
6517 0.0030174526323851728
6529 0.0036610017720251358
6537 0.0023046422651875893
6626 0.0036298013272754903
6707 0.002430897820776573
6722 0.006639554368514829
6761 0.005501878133682412
6832 0.003441453220751421
6834 0.0016652032788892484
6895 0.0028433457625118594
6926 0.009442703874179849
6930 0.003628941511091021
7004 0.0026956398079550094
7022 0.0051563657752615915
7178 0.004747090646532976
7303 0.007259602654550981
7347 0.002480233907120976
7350 0.004183928677501072
7373 0.008835492636056808
7448 0.003741971068057973
7492 0.0035254509650943337
7579 0.005458212778029866
7643 0.0077974581682499775
7695 0.008364756252437674
7711 0.00445250376610323
7750 0.0049943086625849585
7764 0.00533811181152367
7800 0.0086691413260933
8080 0.004848088495160519
8210 0.004883326995787023
8263 0.008070496947724546
8279 0.005545001224197069
8328 0.008404669406373017
8438 0.005183533718937318
8487 0.0056602555534624125
8549 0.005199776559082351
8679 0.001355208251562302
8697 0.0014711388360565574
8723 0.002217981972691037
8734 0.005785125114339807
8751 0.0061522124623201065
8768 0.0038100540273536872
8782 0.002654831637786968
8867 0.002365915382364173
