124
24 0.0070770629708092935
52 0.009327238336127924
56 0.004896056033203483
139 0.005193733996951741
238 0.005803056736560493
246 0.004776930927796252
277 0.002622517952675665
458 0.005337013016138567
480 0.0032775553893666406
500 0.010482528733307551
549 0.0032344663911333606
768 0.010905957856556884
882 0.006989413686380581
994 0.009074820525956848
1058 0.006989413686380581
1095 0.003312611607948552
1109 0.007412842809629911
1172 0.004326017100523332
1223 0.011150650319448192
1268 0.008038635179100653
1383 0.02323555367084981
1411 0.003243020472201772
1417 0.006123491966010991
1478 0.007996503073935088
1507 0.032022078096831406
1520 0.005295166291475697
1564 0.014623703328774542
1568 0.004727690276529814
1577 0.005173968512673859
1624 0.013702100879446387
1721 0.007737366563841918
1984 0.004525612410811099
2031 0.005254060255827083
2064 0.007686385710418046
2084 0.005467276897739876
2092 0.0056291036626197445
2148 0.004007377047131652
2183 0.0062576598900810744
2254 0.0070770629708092935
2406 0.008204621074097493
2510 0.013033979293305747
2556 0.005829005949364836
2580 0.016127649220683226
2674 0.015289640992000891
2717 0.004232304025745082
2724 0.005021623390687562
2738 0.00361391518333686
2886 0.013702100879446387
2962 0.004055512042397912
2975 0.0026029192677216252
3136 0.005423038790969875
3161 0.010905957856556884
3229 0.008946263901627848
3302 0.0047935792455724175
3306 0.004007377047131652
3474 0.006047749199451805
3554 0.011424193220236328
3682 0.008278355215731895
3748 0.007262956587168716
3783 0.009814407147166911
3872 0.004367367101756972
3882 0.0057269046557337005
3937 0.022848386440472657
3943 0.0036647362568381615
4203 0.005535255322959864
4372 0.00632129210023994
4402 0.010124524510683951
4485 0.005803056736560493
4722 0.009673610683411032
4764 0.03029229580274303
4819 0.01293718730669492
4830 0.007990995163846642
5052 0.006105812983345966
5172 0.0035839479238823223
5229 0.004700866813929939
5360 0.013412666140806096
5380 0.0012112340242421474
5381 0.0036504125513662803
5557 0.009540864246378775
5667 0.010124524510683951
5811 0.010029330038379455
5890 0.0791380200123369
5985 0.002943721783805416
6015 0.009358943993494118
6051 0.006823455217182887
6081 0.006706333070403048
6135 0.006353774173567175
6161 0.003791445699609339
6262 0.006946799089207986
6323 0.011424193220236328
6328 0.00494904153406043
6381 0.00527452232990758
6414 0.009141419126829286
6439 0.01029663511694813
6463 0.008514738437614534
6469 0.002225480367798057
6481 0.013809904729090232
6529 0.0056774893790764135
6548 0.007032824864039294
6729 0.01362164311774084
6761 0.0028441081261459888
6834 0.0038736012102503913
6920 0.010575447232051302
7080 0.01173431058375337
7302 0.005254060255827083
7340 0.0071681503467386
7375 0.0050032641616052425
7484 0.001362549874562897
7492 0.005467276897739876
7616 0.007629038836665249
7635 0.00663140946375698
7848 0.0075184260085377035
7907 0.008777936419808018
7908 0.01883059377778939
8073 0.019784505003084225
8145 0.0008665388946864335
8146 0.012038505527191663
8187 0.004409466690526413
8235 0.009171207616818335
8438 0.004019317589550327
8583 0.005134935150419852
8695 0.01269691207723525
8814 0.0021121686080657676
8895 0.013702100879446387
