315
15 0.0019512693483386375
24 0.009642337162414121
52 0.0015885187330199654
74 0.0022100898296453747
80 0.0022340633197327534
129 0.002900284312994386
138 0.0008977622143861678
149 0.004915184113470395
246 0.003254229812378503
334 0.00300389898407446
336 0.0032498025757246468
378 0.0012914396098851482
395 0.002989934627512021
476 0.002524957386886691
477 0.0033429765692535745
479 0.00277030998050683
498 0.0025985979279715874
545 0.0021103834733977155
564 0.003448608530961565
615 0.0062557188504270235
671 0.002366213897416928
672 0.0025609210630173963
695 0.0018699032686174222
738 0.006590037150447588
757 0.0017556778830302483
777 0.007782601574441507
927 0.004263104034317156
979 0.0022973822746675658
994 0.003091059086254883
998 0.0033429765692535745
1057 0.006485938116726829
1095 0.0011283394730170844
1233 0.00045893195748218966
1253 0.002910254538774271
1263 0.003996932748928744
1291 0.004987949223155111
1309 0.002689923947220969
1317 0.0028197676235735235
1330 0.0032498025757246468
1331 0.002989934627512021
1342 0.0020599801462613614
1363 0.0026587076913648943
1364 0.0010930444906117932
1384 0.004987949223155111
1390 0.0010537637093252991
1393 0.002351960095027207
1411 0.007732447719694208
1432 0.004263104034317156
1496 0.005408104880715298
1520 0.005410907631180085
1531 0.0030558948691412464
1551 0.003714779816349977
1554 0.0024575920567351975
1568 0.0016103425896376602
1572 0.002186821545426014
1586 0.0016158939431567955
1609 0.0015568719277933303
1635 0.0025427348682877044
1640 0.002461938576626568
1712 0.008548147335192019
1758 0.0022587861014982794
1833 0.0024105842906035303
1842 0.009975898446310222
1918 0.004568613057068744
1921 0.00011905868193672094
1955 0.0018324050340422357
2053 0.0025075706511740676
2092 0.005752144179835477
2123 0.0018932861915776636
2150 0.0037552420670827666
2308 0.003798126793691825
2385 0.0035705516814727003
2397 0.0050030736514155814
2398 0.01029990073130681
2399 0.0071411033629454005
2410 0.0022463281333192165
2485 0.004883220819089684
2505 0.002351960095027207
2508 0.0032498025757246468
2536 0.003996932748928744
2544 0.003207031909332073
2555 0.0031664555983827976
2556 0.001985471971823724
2578 0.006394439341230388
2637 0.0019766331689195123
2639 0.005236262760831238
2643 0.008526208068634312
2666 0.0013569178379135595
2672 0.0024105842906035303
2677 0.002701478357757468
2686 0.006182118172509766
2715 0.002473903245538342
2717 0.0014416044677856659
2758 0.002524957386886691
2772 0.003593208290319553
2784 0.0035247071470674383
2793 0.0020034514873543143
2902 0.0014152332048191398
2954 0.0015426741986147034
2962 0.004144157114362894
2985 0.0033940307106019234
3013 0.002050273710004409
3041 0.00626950555456643
3051 0.005541575157985611
3194 0.00962109572799622
3213 0.005195470005445433
3229 0.005332722881252666
3268 0.001673661544572472
3307 0.004081369860838117
3309 0.003714779816349977
3320 0.0038185356775360378
3353 0.002679803998377308
3410 0.010552637611290622
3414 0.0025427348682877044
3442 0.009975898446310222
3489 0.00202184916841866
3512 0.0009831093562071645
3544 0.000985616694693145
3554 0.0038913007872207533
3577 0.003639383304222062
3627 0.0025106233181856987
3729 0.0021000426120285163
3739 0.0030558948691412464
3761 0.004667200117407058
3767 0.00277030998050683
3786 0.0016327856446667433
3788 0.0021103834733977155
3791 0.0032498025757246468
3796 0.002271443405606345
3819 0.0010428897974900323
3827 0.0066302694889361245
3852 0.005800568625988772
3855 0.004987949223155111
3872 0.0014876095592505536
3873 0.004667200117407058
3928 0.0024259452515085623
3943 0.001248279927192598
3944 0.0064996051514492935
3969 0.0019512693483386375
4099 0.001862260072636351
4164 0.0044396250051879325
4191 0.006182118172509766
4203 0.0018854148367823218
4226 0.005307258237322271
4248 0.0007868107394562269
4250 0.002198370139289437
4376 0.0012241497234064082
4383 0.002994821996403631
4389 0.006892146824002698
4393 0.004058737316473257
4409 0.0022219857625396513
4433 0.002080389030105573
4447 0.0038913007872207533
4468 0.0036272122056798272
4500 0.0015116559282941826
4504 0.0012659778606393924
4542 0.0022340633197327534
4566 0.0022463281333192165
4578 0.0006344856594775386
4660 0.002146320622429057
4697 0.0071411033629454005
4725 0.005236262760831238
4734 0.0035705516814727003
4765 0.0031278594252135117
4780 0.0026381594028226556
4819 0.001468885261901609
4844 0.003295018575223794
4938 0.0035072327265378875
4940 0.003022227463505521
4944 0.0027237633421236095
4973 0.0007599273155006228
5019 0.005348176387008336
5032 0.002244693060981163
5045 0.0016327856446667433
5081 0.0017167652207068864
5163 0.0009090794979695145
5169 0.002351960095027207
5193 0.0038966025040840747
5198 0.0022587861014982794
5213 0.0033429765692535745
5223 0.0007467883988874482
5229 0.0008006030001866107
5245 0.0035705516814727003
5255 0.000970690504137095
5293 0.002186821545426014
5295 0.00314507417165922
5336 0.0015993554042644123
5367 0.002198370139289437
5380 0.00041256969496044005
5386 0.0018699032686174222
5396 0.000522035861544382
5406 0.0031664555983827976
5431 0.0020911885891720175
5545 0.004987949223155111
5553 0.0031278594252135117
5564 0.005236262760831238
5613 0.0022973822746675658
5614 0.0029290534699765937
5627 0.0025985979279715874
5644 0.029927695338930665
5703 0.0032374042661623414
5775 0.0027237633421236095
5808 0.003714779816349977
5811 0.0017080917278478674
5830 0.003798126793691825
5837 0.002900284312994386
5869 0.0035339735842430135
5910 0.0021632419522861187
5939 0.0009608939129276189
5960 0.003207031909332073
5976 0.0016980039153520379
5985 0.0030080654293530755
5997 0.002324200593102368
6022 0.0035705516814727003
6031 0.0022587861014982794
6034 0.005609709805852267
6039 0.0018932861915776636
6051 0.002324200593102368
6054 0.0029589085085707087
6058 0.0035792687352993245
6095 0.0019092678387680189
6163 0.0018324050340422357
6269 0.003996932748928744
6306 0.0027946523512863957
6307 0.001854690018408377
6310 0.001862260072636351
6373 0.004947806491076684
6388 0.0015517183940613373
6410 0.003433530441413773
6411 0.0025985979279715874
6469 0.0007580415824740194
6508 0.0010085477098261515
6510 0.0038913007872207533
6516 0.0033940307106019234
6517 0.0015939185125531878
6547 0.002900284312994386
6572 0.0024105842906035303
6589 0.0010675697251896165
6707 0.0012840808160750569
6761 0.000322919380442805
6767 0.004987949223155111
6834 0.003958270089162968
6858 0.007142187756028244
6969 0.00626950555456643
6996 0.0012731694068051345
7000 0.002048425735724862
7088 0.004468126639465507
7144 0.002473903245538342
7163 0.005015141302348135
7182 0.002050273710004409
7244 0.0022219857625396513
7283 0.003714779816349977
7292 0.0027466943572566154
7300 0.003996932748928744
7328 0.0019092678387680189
7347 0.003930425317295537
7385 0.00454288681121269
7391 0.002120861303796789
7481 0.00300389898407446
7484 0.0013923323854823045
7503 0.00471761125748883
7539 0.0038913007872207533
7560 0.0013813857047876314
7581 0.0029290534699765937
7615 0.004761458504018829
7616 0.005197195855943175
7633 0.0026381594028226556
7641 0.0044396250051879325
7645 0.0044396250051879325
7652 0.0018776210335413833
7653 0.0026381594028226556
7658 0.003295018575223794
7695 0.001104635388527744
7764 0.005639535247147047
7822 0.009975898446310222
7848 0.0025609210630173963
7873 0.003022227463505521
7892 0.0011253373266052933
7923 0.0034981161134007735
7943 0.0029657735426239502
7944 0.009930481197459866
8033 0.001966218712414329
8054 0.0025985979279715874
8059 0.001437147753856545
8097 0.012725167822780733
8099 0.0021103834733977155
8106 0.004159515584283045
8135 0.0019766331689195123
8145 0.00029515987851796554
8175 0.002679803998377308
8205 0.0008289305916368057
8296 0.003448608530961565
8327 0.0033429765692535745
8344 0.0035705516814727003
8350 0.0023958536802698846
8352 0.011170316598663767
8429 0.004667200117407058
8430 0.002618131380415619
8439 0.0044396250051879325
8537 0.04495806405092163
8538 0.01767470170820684
8572 0.006166043867553191
8639 0.0010537637093252991
8667 0.0036648100680844713
8679 0.0007158659252332742
8718 0.004434576035860457
8719 0.001526442613580484
8723 0.0035148348201114797
8764 0.0010620183716704811
8800 0.0019592464332068888
8814 0.003597227046523667
8820 0.0046360189289640745
8824 0.002395515937295716
8867 0.005623897220373854
8884 0.005609709805852267
