296
49 0.003195168443903886
52 0.0018321361017394138
55 0.003698866634922916
60 0.0032232439933954434
68 0.0006069447990016615
69 0.001958412078840901
93 0.0020561266361817762
148 0.001987379063054416
149 0.005668983357763124
158 0.00032245331801408837
163 0.000827713970224885
167 0.0047505522453623805
246 0.001876651435919956
268 0.005745026307732856
276 0.0009007436052232292
277 0.0030908247299391766
317 0.00397749177205441
325 0.004197524021046034
334 0.001732290485563948
357 0.004488075907949986
365 0.004045106653086765
373 0.014795466539691665
443 0.002194194206832617
476 0.005824376493280645
477 0.003855659950672715
480 0.0012876110458226089
549 0.001270683225088106
564 0.00397749177205441
569 0.0026497119092279277
571 0.0033782570483553566
587 0.0051204918652272575
726 0.0011997201444621426
777 0.004488075907949986
803 0.004284483443647347
946 0.00411813628808511
961 0.00468544047526998
979 0.0026497119092279277
990 0.0020482271637588625
994 0.007130216127537524
1134 0.002017295951950656
1138 0.0026497119092279277
1195 0.0036075521521895335
1319 0.004197524021046034
1327 0.004488075907949986
1393 0.002712659857499867
1411 0.025480875138728213
1417 0.0012028287790378732
1454 0.004488075907949986
1505 0.002853304373530567
1506 0.0030664506776456445
1518 0.005153364548459166
1526 0.004488075907949986
1567 0.0034857203308078385
1568 0.0018573068943509986
1586 0.0018637096109098334
1622 0.003115780710942962
1628 0.002892135057761687
1640 0.0014197523934537666
1664 0.0024833647536656907
1720 0.0026197950203316876
1749 0.002331922675340009
1833 0.0027802747385322225
1847 0.0012185328391111474
1867 0.004916899400924619
1921 0.0002746353629548731
1947 0.002853304373530567
1955 0.004226850267601627
1977 0.005382968202639653
2041 0.0015696597643270192
2255 0.005824376493280645
2286 0.0027290996421888516
2302 0.003855659950672715
2373 0.0016076812393118849
2397 0.003846901168945594
2427 0.005382968202639653
2438 0.0010302749099797255
2444 0.0035245510150389583
2462 0.003252210977608959
2465 0.0020482271637588625
2492 0.0004786535993813946
2499 0.002892135057761687
2503 0.003448475022067436
2531 0.0029121882466403223
2606 0.0006232961930072245
2614 0.00411813628808511
2666 0.0031300331639266565
2731 0.002259719100484416
2748 0.003855659950672715
2780 0.0018137034876480164
2903 0.002834491678881562
2939 0.0014810091765235425
2954 0.002668891181847076
2985 0.0039145438237824706
3030 0.0016273031432071441
3111 0.0026965110577807684
3149 0.0028474213578090096
3184 0.0020482271637588625
3210 0.009833798801849238
3213 0.0029961271354932172
3229 0.000878650918909878
3331 0.00397749177205441
3410 0.018256506455667704
3506 0.001710304280357719
3512 0.0022677606578056023
3544 0.0011367721961902028
3581 0.004049862007494144
3582 0.0021836431075128934
3618 0.0036075521521895335
3656 0.004415134333502042
3681 0.004642502806439366
3786 0.0018831918464748782
3931 0.003115780710942962
4040 0.003448475022067436
4057 0.003115780710942962
4085 0.0036520674863700755
4090 0.004609907729331681
4107 0.00397749177205441
4144 0.002590828036118172
4224 0.006690151629554276
4248 0.0009074770923560264
4251 0.0016125472954614248
4263 0.00397749177205441
4264 0.008761225250995009
4363 0.0051204918652272575
4369 0.004284483443647347
4383 0.0046054825658980204
4393 0.0015603969094844666
4399 0.0011843338883439232
4412 0.002816059064790164
4433 0.0011997201444621426
4461 0.0022208884162532956
4462 0.0017212311578489118
4500 0.0017434855139359373
4504 0.0014601299275021564
4515 0.004609907729331681
4519 0.002834491678881562
4547 0.0028553724236817187
4573 0.0025090673931972276
4617 0.004488075907949986
4660 0.0012377416194470085
4838 0.0030907823426662645
4943 0.002548087513872821
4973 0.0017529415807136213
5032 0.0012944711034439688
5044 0.001951311783354807
5052 0.0023987122434573436
5156 0.003115780710942962
5163 0.0020969943041397624
5178 0.0023204863180628175
5181 0.0020561266361817762
5188 0.004488075907949986
5198 0.00521039315009477
5223 0.0012919753077391043
5271 0.0038003470541971914
5295 0.0018137034876480164
5317 0.0030664506776456445
5379 0.0019372748393285141
5380 0.00047584193809512937
5381 0.002151135967769415
5396 0.0006020959831677851
5427 0.005752907822504529
5431 0.0012059480414447874
5440 0.0015023774451227824
5463 0.0019947668229763427
5491 0.002892135057761687
5551 0.0009256798580105505
5561 0.0034126906958094937
5565 0.00411813628808511
5567 0.0034126906958094937
5703 0.0007467793874466912
5706 0.002165575519777772
5730 0.0017048895263917301
5740 0.0023987122434573436
5744 0.025706900661884084
5756 0.005382968202639653
5771 0.0024833647536656907
5823 0.003420608560715438
5863 0.002475483238894017
5869 0.0013586495082278812
5935 0.001017478299575248
5976 0.001958412078840901
5985 0.0052040795820845745
5989 0.0013188958260775359
5995 0.01487568097456131
6006 0.004080790997604939
6012 0.003345075814777138
6031 0.00521039315009477
6039 0.0021836431075128934
6052 0.003141483350474499
6076 0.0031679310969199197
6089 0.004380612625497504
6095 0.006606227164812872
6135 0.014976753409122627
6228 0.0019727806177701136
6293 0.0016575506656874856
6296 0.003748196668220233
6367 0.00234272023763499
6373 0.002853304373530567
6410 0.003960101286420507
6411 0.0029971224001184905
6412 0.00411813628808511
6430 0.0010888152005716404
6467 0.0036075521521895335
6469 0.0008742958587778082
6497 0.0039145438237824706
6503 0.002665046444399145
6537 0.0014040887750092457
6572 0.0027802747385322225
6574 0.002816059064790164
6589 0.002462587307265124
6590 0.001111069556658666
6683 0.0012540637607388416
6685 0.00234272023763499
6729 0.0017837865987517766
6761 0.00633152642368214
6762 0.003565108063768762
6834 0.0010145146026846262
6858 0.0027458410910780853
6875 0.0038003470541971914
6895 0.001732290485563948
6896 0.004609907729331681
6921 0.0017605399051590035
6968 0.0019727806177701136
6975 0.003565108063768762
6976 0.0026965110577807684
7000 0.001181287530370745
7066 0.005382968202639653
7134 0.006971440661615677
7140 0.0011602431590314087
7142 0.004609907729331681
7144 0.002853304373530567
7169 0.005382968202639653
7181 0.0023872355718155326
7303 0.002211433581743471
7328 0.0022020757216042906
7347 0.003022133752374299
7370 0.0017548196145382611
7385 0.0026197950203316876
7390 0.0048680694407367475
7444 0.0027290996421888516
7481 0.001732290485563948
7484 0.0037470121550479667
7572 0.002975136194912262
7615 0.005491682182156171
7616 0.0029971224001184905
7653 0.003042751075944617
7676 0.006446487986790887
7751 0.0039145438237824706
7794 0.0039145438237824706
7800 0.00880269952579502
7862 0.0024833647536656907
7863 0.001699506718062738
7944 0.007158395716131127
7988 0.004405273136571548
8011 0.0014897846955114482
8043 0.002494999646649326
8057 0.004284483443647347
8062 0.0014726000537217065
8068 0.004197524021046034
8097 0.007338358334775865
8116 0.0047505522453623805
8118 0.0036075521521895335
8159 0.006144681491276588
8163 0.0024961255681871047
8175 0.0030907823426662645
8213 0.0036075521521895335
8235 0.002702230815669688
8239 0.0051204918652272575
8240 0.0051204918652272575
8265 0.005752907822504529
8305 0.0047505522453623805
8312 0.005752907822504529
8332 0.004380612625497504
8344 0.00411813628808511
8350 0.0055265700439838935
8352 0.002576682274229583
8390 0.0047505522453623805
8473 0.0030664506776456445
8537 0.03820739499064392
8538 0.005824376493280645
8572 0.012445434129730521
8583 0.002017295951950656
8639 0.0012153703286125824
8640 0.004150799420978834
8695 0.0033253817345139935
8739 0.006630202662749943
8814 0.0008297805245972659
8820 0.0013367512563031917
8824 0.0027628954823011513
8855 0.004488075907949986
8867 0.0021621285532109564
8882 0.004916899400924619
8887 0.005382968202639653
8888 0.0039145438237824706
8905 0.004609907729331681
8911 0.003345075814777138
