36
24 0.03227831159856922
209 0.029752931308152892
277 0.011961240418301204
281 0.03187854535007729
477 0.04476327162244421
504 0.03846380783602881
523 0.029282073864362972
994 0.041390035081803195
1586 0.021637214019343435
1648 0.03801671859468597
1809 0.04188280059615166
2466 0.05085784413992225
2939 0.01719415531768796
3069 0.060830362423311385
4056 0.029129660467362935
4352 0.04351564912372759
4383 0.01336713232541133
4403 0.015108740748448276
4567 0.02105665512488917
5381 0.008324721306164566
5591 0.04046836286498857
5735 0.0604913936450027
5736 0.03269375889853947
5869 0.015773589412596864
5985 0.013426243257844216
6537 0.01630112821718051
6710 0.03775737622785035
6834 0.005889133547291245
6932 0.026006982087230207
7383 0.034047840065608535
7676 0.07484215321249908
7988 0.017048048886244362
8011 0.008648018476383528
8698 0.029914652744714186
8751 0.04351564912372759
8867 0.008367261718117197
