132
49 0.0171853127604322
53 0.005136047178989441
80 0.006929382839171082
140 0.01069653154518587
149 0.007622700786144765
276 0.0024223387349506056
357 0.012069627865447421
459 0.004430178610580966
503 0.015471096743006531
726 0.0032263660382145756
955 0.010527247797290711
965 0.007006065365664154
969 0.0053053309268846
979 0.007125778919731603
994 0.00958752225058718
1011 0.00431046505651352
1057 0.020117401277305248
1129 0.004362951360300132
1192 0.007777719138387362
1193 0.005172669368412719
1289 0.008379161685925706
1294 0.010220142360439905
1305 0.0022934783254042407
1364 0.003390290538677257
1411 0.020557451806838354
1547 0.008826513358511156
1577 0.005466283117909671
1609 0.004828941742138635
1712 0.002410340465855377
1720 0.007045324461456968
1728 0.005136047178989441
1766 0.009273865031096607
1799 0.005706386110118235
1831 0.011780630563484813
1912 0.007339273614021996
1921 0.0007385674167599977
2072 0.005508226722876941
2297 0.017819391200872104
2373 0.004323481750917837
2383 0.0016940213261358488
2438 0.002770682808759036
2478 0.006818673482880796
2539 0.015471096743006531
2717 0.00447141724753859
2816 0.006419910351323127
2985 0.010527247797290711
3030 0.004376250260828252
3050 0.0039828269379955155
3193 0.012775496433855895
3213 0.004028690724561501
3276 0.008668158987888312
3410 0.04091382802682593
3464 0.0029060413115214226
3473 0.0059725586787376765
3544 0.0030570822903194157
3564 0.014334035113378453
3581 0.016336731487857734
3582 0.011744792307074998
3604 0.002709081887796749
3648 0.006782853268016281
3791 0.01007989612470526
4094 0.010768975011315128
4108 0.004861226959790778
4144 0.006967424549108757
4203 0.005847981612392625
4297 0.004797075824891783
4316 0.0036537692989631154
4346 0.0025839025777651325
4382 0.0021764834875603197
4383 0.003096341386112229
4504 0.00392667709316964
4578 0.001967980943803213
4622 0.011288256689366736
4660 0.006657231761093515
4677 0.0009122438844460392
4854 0.004297517052109086
4940 0.009374027556296786
4973 0.002357062690451084
5045 0.00506440293176295
5169 0.007295062667626762
5193 0.004028690724561501
5223 0.0011581548898000255
5255 0.0060215716019351995
5271 0.010220142360439905
5396 0.003238391954665149
5537 0.009273865031096607
5538 0.011522113667661793
5571 0.006782853268016281
5632 0.007886787811807626
5985 0.012440134995968652
5988 0.00392667709316964
6070 0.008995797106406316
6088 0.005154289948086608
6411 0.00806005797997967
6508 0.0031282073033590796
6685 0.00630019679725568
6762 0.00958752225058718
6834 0.0013641495787510792
6849 0.006103800716695162
6869 0.00831193443564487
6935 0.005136047178989441
6964 0.012775496433855895
6997 0.009374027556296786
7088 0.006929382839171082
7140 0.003120201941801981
7347 0.004063660073814029
7385 0.007045324461456968
7564 0.008909695600436052
7615 0.007384295815554625
7652 0.005823807612509714
7923 0.005425044480952047
7963 0.010368893426667867
7977 0.012775496433855895
8061 0.005776162598177157
8078 0.006545765688674271
8097 0.006578264721945973
8129 0.006712744465859106
8145 0.0009154958943862321
8159 0.011016453445753882
8235 0.007267016204851816
8243 0.01447623087263545
8352 0.006929382839171082
8490 0.006967424549108757
8537 0.02201782084206599
8538 0.0313265899525603
8572 0.019125186911224307
8640 0.009302168193907369
8679 0.0022203977002998167
8719 0.004734559292969976
8754 0.005344590022677413
8830 0.005872396153537499
8884 0.005799869460287936
