73
139 0.009521845661078191
149 0.026455255669561244
164 0.06306079823596666
167 0.06650773143507334
170 0.021512902736881178
566 0.025120518278985045
786 0.020944354237099935
865 0.05369380634337561
1065 0.013590211817654838
1165 0.03408596320612071
1187 0.026846903171687805
1222 0.012974615446483706
1370 0.010064479357558479
1390 0.005671728200192051
1411 0.01189107506473983
1434 0.021512902736881178
1506 0.014310103162346342
1510 0.008136265731701042
1593 0.011087540198994975
1641 0.015610353802293312
1677 0.013685896496960292
1681 0.013496630269554541
1682 0.023895628704393868
1712 0.004182649631925507
1935 0.009632443802349651
2013 0.026846903171687805
2092 0.020640046762939065
2148 0.007346857919741363
2149 0.013685896496960292
2492 0.002233716797113175
2666 0.007303410715828865
2902 0.015234569204817798
3050 0.013822752314219729
3256 0.013141608969020767
3306 0.007346857919741363
3410 0.01419950502107488
3512 0.005291441534879739
3595 0.007239060034432902
3807 0.026846903171687805
3840 0.009414047775769728
3872 0.00800683968655445
3931 0.02908061996880098
3943 0.00671868313753663
4435 0.02283044815263602
4468 0.0048807340708780025
4924 0.0071547446250023366
5163 0.00978597341931889
5198 0.012157584016887798
5288 0.023895628704393868
5614 0.015765199558991666
5985 0.005396823270309929
6090 0.02294553053764822
6125 0.016637170964254225
6279 0.010106019092296269
6303 0.007435105411062839
6761 0.0069522643083568605
6774 0.011832403984999029
6976 0.012583718269643586
6996 0.006852647101333518
7111 0.017042981603060354
7140 0.02165787230191963
7484 0.002498008103365311
7633 0.01419950502107488
7996 0.00798141997500269
8097 0.01141522407631801
8235 0.008406940315416807
8302 0.01265907933499938
8350 0.008596886735086058
8445 0.010162275205335311
8527 0.009558393430874692
8537 0.05094319332085856
8572 0.01659391217297403
8829 0.014423650932442569
