201
1 0.004860233262247107
40 0.007853839311544021
77 0.0025993164300892636
149 0.004527577312575917
227 0.008179040697477095
281 0.004385974360245532
384 0.005060185242060007
391 0.009189208468161597
494 0.003234453549609417
522 0.0033228056929730052
549 0.0040593638600130095
757 0.003234453549609417
894 0.006461311298219128
961 0.0037420631983699844
1090 0.007853839311544021
1381 0.003547459349451573
1496 0.0019926507245051663
1503 0.0037077706977602996
1513 0.009303366479199956
1516 0.00272324635759216
1518 0.008231548741834105
1535 0.004413215602601839
1539 0.00478734987401477
1558 0.003416861812436909
1648 0.002615244064399538
1654 0.011974104792435106
1686 0.007588130432189575
1760 0.009189208468161597
1778 0.003389363562050092
1792 0.004385974360245532
1811 0.008179040697477095
1833 0.0044409757568501275
1871 0.005292000406970407
1946 0.006353309005026507
1979 0.018378416936323194
2055 0.008598298202874076
2123 0.0034879668428729436
2255 0.004651683239599978
2302 0.006158705156108096
2318 0.0036742666007582836
2370 0.0002649105424222757
2416 0.002583560989792687
2474 0.004619651971458265
2508 0.005987052396217553
2616 0.006843671540859521
2631 0.0073634767757110075
2643 0.007853839311544021
2644 0.007853839311544021
2738 0.002267792413704674
2767 0.0042324257342029985
2826 0.007156283661586835
2838 0.0041613207037669644
2873 0.006158705156108096
2954 0.0014210203608044836
2962 0.007634705556326271
2971 0.0071688729267925955
2975 0.0016333755136373957
3030 0.0025993164300892636
3046 0.005343141234342006
3229 0.002806965351685248
3306 0.0025146963349450303
3307 0.003759516868456588
3420 0.0025679740601089168
3560 0.013409539825623571
3656 0.0014104724447966254
3687 0.009189208468161597
3771 0.005762398739738986
3786 0.006016102811557329
3827 0.0040716084445480225
3912 0.011900150564545657
3914 0.003868870449676696
4221 0.0013122621080376025
4222 0.011524797479477973
4226 0.0032591552262750856
4248 0.0014495271676559349
4251 0.007727240060130585
4282 0.004359232985509709
4324 0.049574721458177505
4333 0.002427663670198723
4352 0.005987052396217553
4364 0.0021010548828687427
4367 0.02393674937007385
4409 0.004093524106155263
4412 0.01349440384067233
4468 0.0016705868296293834
4494 0.005292000406970407
4499 0.008598298202874076
4512 0.005694602142127285
4517 0.0034879668428729436
4660 0.001977063794821396
4682 0.006158705156108096
4685 0.006577962661505075
4809 0.007449632170884861
4921 0.008179040697477095
4944 0.0050179398484089316
4982 0.004936954346003832
5006 0.007588130432189575
5112 0.0044409757568501275
5163 0.0033495613717131776
5164 0.005987052396217553
5166 0.005987052396217553
5223 0.0006878973674315588
5232 0.0073634767757110075
5292 0.003309851260713817
5314 0.0073634767757110075
5354 0.009189208468161597
5364 0.006353309005026507
5378 0.006158705156108096
5498 0.0071688729267925955
5510 0.002672402921106855
5619 0.008416673048089731
5623 0.0020136960582076324
5643 0.0029464634796683297
5704 0.008598298202874076
5708 0.01635808139495419
5871 0.019008923876217942
5893 0.003502613840867742
5984 0.006353309005026507
5985 0.000923617405321498
5989 0.004213385323576557
6019 0.004281832636285905
6051 0.004281832636285905
6057 0.0058335037701750195
6060 0.0044409757568501275
6063 0.006577962661505075
6067 0.0059082567725614364
6076 0.030361111452360035
6095 0.003517409541891417
6107 0.010792194162422832
6109 0.005396142130930033
6110 0.005060185242060007
6122 0.004557627120136073
6134 0.0040716084445480225
6135 0.003987099900862623
6137 0.0071688729267925955
6203 0.003946614963274099
6293 0.0026476312646551785
6328 0.0031056066002325515
6329 0.0029667049721848167
6367 0.0037420631983699844
6394 0.0044692749767724855
6466 0.004684434371442785
6476 0.0025993164300892636
6499 0.011135589781641149
6681 0.0028587026789921952
6713 0.0018019697959453169
6728 0.007727240060130585
6729 0.048437587775501265
6761 0.00178472556909161
6764 0.002176104067358248
6834 0.002430749752741017
6864 0.005987052396217553
6996 0.0023455369273020768
7000 0.003773777613801843
7163 0.004619651971458265
7174 0.005148537385423595
7181 0.007626336457612037
7356 0.005148537385423595
7357 0.007853839311544021
7370 0.0028030004581215177
7371 0.0059082567725614364
7378 0.0059082567725614364
7385 0.012553917077294127
7387 0.006997220166902054
7484 0.002565068723589883
7495 0.0031981687533603653
7635 0.0041613207037669644
7718 0.005451143527534627
7739 0.013409539825623571
7800 0.011248550266519271
7821 0.0040716084445480225
7862 0.0039667168548485525
7864 0.0022868431952204134
7892 0.002073188564786262
7914 0.005629819742142766
7943 0.002731895427685484
7961 0.0029769321301781233
7988 0.0023455369273020768
8011 0.002379656090816944
8033 0.0018111645522071588
8058 0.006997220166902054
8063 0.005629819742142766
8080 0.004717938468444801
8279 0.005396142130930033
8337 0.006070353012744507
8351 0.011259639484285532
8445 0.006956725308350347
8559 0.005194806796449209
8583 0.0032222579635184977
8639 0.003882659573285834
8679 0.0013188268219901595
8691 0.0050179398484089316
8747 0.0035323569963419204
8748 0.008598298202874076
8764 0.001956537201500316
8801 0.003403047831917338
8812 0.03918991829785297
8814 0.0013254212406318745
8820 0.004270426832216907
8867 0.0011512004377275337
8871 0.008179040697477095
