130
82 0.004244279593797749
124 0.00786660735711179
134 0.007008575785904466
163 0.0022513819990116874
277 0.014011738775724267
338 0.007086134684128887
378 0.0040514305475825504
405 0.0060668029364987965
521 0.006279493025729172
575 0.008989269579385645
692 0.007813235778516683
726 0.003263238792937028
785 0.009304055285145992
821 0.01717693064975166
829 0.016184740900322705
841 0.007423151026753676
861 0.003725853101928044
872 0.013431489912042216
878 0.00733451007716369
1095 0.003539762118207882
1129 0.004412813661560705
1139 0.003920659776489201
1216 0.0050003500765240004
1364 0.0034290367162621398
1390 0.0033058072938262242
1417 0.0032716942789830154
1468 0.006476087655530568
1496 0.0033931995194430836
1506 0.008340745843196154
1539 0.008152172928322295
1568 0.005051874752634716
1577 0.0055287549249714955
1622 0.008474923533764857
1712 0.002437887214036581
1847 0.0033144093223823213
1931 0.006493280755338248
1960 0.007760987896003142
2233 0.008276282926569359
2375 0.012207566469623963
2465 0.011142355770848213
2659 0.008033975220551718
2681 0.007813235778516683
2684 0.01184758724790817
2939 0.004028344960144036
2954 0.002419794671541349
2999 0.012538949023782173
3050 0.008056689920288072
3331 0.010818777619987995
3342 0.005914815687962826
3374 0.005213196118921883
3413 0.0050174063825209276
3472 0.007468687767732392
3541 0.0072913492892182855
3599 0.005104491905702281
3653 0.0033931995194430836
3656 0.0024018330774251105
3733 0.005748516363938213
3872 0.004666843703020308
3882 0.006119606689269726
3884 0.0042949279385480635
3970 0.0033931995194430836
3974 0.005158248868684173
3997 0.006860371591079325
4148 0.008152172928322295
4195 0.008276282926569359
4211 0.012207566469623963
4221 0.011172974519863016
4296 0.012401961254134997
4517 0.00593950925243507
4653 0.0022796153268898013
4677 0.0009226695288397081
4915 0.0033317033488405377
4926 0.010195094937559034
5032 0.0035209614013675954
5178 0.0031558613925654322
5317 0.008340745843196154
5371 0.005680520802225598
5381 0.00390072655488854
5456 0.0045365797220684985
5474 0.006372199046367174
5510 0.004550720402799101
5556 0.00733451007716369
5577 0.012207566469623963
5703 0.00812495973542
5727 0.006933367522716062
5732 0.007207216393099964
5807 0.004028344960144036
5863 0.003366657204895863
5949 0.009933623562926605
5999 0.007378434812399639
6219 0.004820082667239448
6378 0.005446024505722222
6454 0.012207566469623963
6578 0.005549875756742717
6589 0.0033491187378805686
6593 0.014641673511179855
6611 0.012538949023782173
6626 0.006015099342342242
6708 0.008276282926569359
6761 0.007091309594523998
6764 0.0037055943547014743
6824 0.03100490313533749
6832 0.011405959245918995
6834 0.0013797398596510915
6849 0.006173558439171677
6930 0.003006837252046846
7074 0.0028093680787903688
7346 0.017455282630391984
7407 0.003411053429209649
7409 0.004426264549523432
7579 0.004522519158939031
7666 0.0053075680507250755
7725 0.005051874752634716
7799 0.01064755920068832
7816 0.00840692797205224
7957 0.014641673511179855
8011 0.0020261071858955694
8062 0.004005472146123042
8076 0.01033694398741636
8090 0.00981254185395553
8171 0.0058184275434639944
8235 0.012250113031035919
8400 0.012921502107385676
8448 0.0020884121173831392
8496 0.007813235778516683
8724 0.005346345132686745
8766 0.007976922529656856
8815 0.005086828608690041
8867 0.0019603298882446005
8872 0.003577796314827916
