182
10 0.005343323895346374
53 0.0033794808575506726
82 0.0027611484346267883
124 0.005117681366150792
134 0.00455948238859956
163 0.0014646537168291646
194 0.009525252284224812
277 0.009115443441456308
338 0.004609938920901693
378 0.0052713780358880765
405 0.011840414653018097
494 0.0035831492854409156
521 0.0020425860213803067
549 0.0022484952235759794
575 0.0029240189152276723
692 0.005082960078960668
726 0.0021229248652936054
785 0.006052824070262262
821 0.018624305227425902
829 0.010529106533667187
841 0.004829187470936407
872 0.006553468590912791
878 0.004771521425664111
885 0.019050504568449624
974 0.005469191059885286
975 0.019200387987657053
984 0.004951092725197772
1011 0.002836253959118561
1057 0.003309275117177536
1095 0.002302819221882451
1129 0.00287078955677741
1139 0.002550615096229034
1219 0.004145482650982362
1309 0.005489844784476996
1371 0.004919742660004974
1390 0.002150618127953863
1417 0.006385276938535625
1468 0.004213068177389775
1496 0.0022074718063291436
1506 0.010852271543192021
1520 0.0036810263810630314
1539 0.005303458224744987
1568 0.0032865356197437747
1577 0.003596773650074393
1578 0.005117681366150792
1622 0.005513426090739219
1623 0.005703584166751789
1660 0.006462394511197606
1712 0.0015859861057858798
1717 0.010686647790692748
1847 0.0021562142431855247
1921 0.00024298593451025946
1931 0.004224253279495143
1960 0.005048969820819887
2093 0.006926850781116936
2099 0.007287111052522351
2117 0.0044498515770328585
2233 0.010768397859848608
2325 0.0039468048843393656
2375 0.00794172539845425
2465 0.014497488921177972
2659 0.005226563805191637
2681 0.010165920157921336
2684 0.010276717563241285
2939 0.0026206705131048558
2954 0.0015742158643856359
2999 0.008157308844467956
3050 0.0052413410262097115
3331 0.007038238228616725
3342 0.0038479284215371546
3374 0.0033914844639826376
3413 0.006528223917778158
3472 0.0048588117448073185
3541 0.004743442846145724
3599 0.0033207661096576174
3600 0.0050156804429279675
3640 0.004070377126490589
3653 0.0022074718063291436
3656 0.00156253081245128
3703 0.008700240888068112
3719 0.0008247165413247449
3840 0.0035696389335632427
3872 0.003036050736165628
3882 0.00796231353622455
3884 0.011176392405143658
3885 0.004609938920901693
3970 0.0022074718063291436
3974 0.0033557381115975103
3997 0.004463067020218891
4148 0.005303458224744987
4195 0.005384198929924304
4211 0.00794172539845425
4221 0.007268663721100476
4228 0.005807780165265705
4296 0.008068190406965147
4407 0.0021562142431855247
4504 0.0025837243326803953
4653 0.0014830211234413207
4677 0.002400998773932326
4885 0.0074275889740442825
4915 0.0021674650038925433
4926 0.006632496706590449
5032 0.0022905882722651645
5124 0.004715844265925625
5178 0.002053069679178255
5181 0.0036383504788941464
5317 0.0054261357715960105
5367 0.004486636455278441
5371 0.0036955060981021547
5381 0.002537647387009273
5456 0.002951306510639358
5474 0.004145482650982362
5510 0.0029605058382522033
5556 0.004771521425664111
5577 0.00794172539845425
5703 0.0026428772373578067
5727 0.004510555079833869
5732 0.004688709549414474
5751 0.010179866630156712
5807 0.0026206705131048558
5863 0.00438040900265261
5912 0.0024777030342231616
5939 0.001961080885491683
5949 0.006462394511197606
5989 0.0023338082275572753
5999 0.004800096996914263
6019 0.004743442846145724
6095 0.003896609827076737
6219 0.0031357415121446223
6378 0.0035429527453583226
6381 0.0036666753743223694
6414 0.0031774077634146407
6444 0.004224253279495143
6578 0.003610513968141173
6593 0.009525252284224812
6611 0.024471926533403868
6626 0.0039131687171371455
6708 0.005384198929924304
6761 0.006590436426137544
6764 0.0024107026471106244
6824 0.03227276162786059
6832 0.011130350565255525
6834 0.0008976002804421599
6930 0.0019561208888780597
7011 0.00996612724788192
7074 0.0018276558133394592
7232 0.005977882360658549
7346 0.0037852223795769475
7407 0.0022190868033891767
7409 0.0028795401344483295
7492 0.011402016132461227
7559 0.004510555079833869
7579 0.005884318608284985
7666 0.003452878843408506
7690 0.00840618166837358
7725 0.006573071239487549
7799 0.006926850781116936
7816 0.005469191059885286
7957 0.009525252284224812
7969 0.00840618166837358
7980 0.005919167612765493
8011 0.0013180994703781586
8043 0.0022074718063291436
8062 0.002605790429633949
8090 0.006383623882684825
8135 0.004034095203482573
8171 0.0037852223795769475
8214 0.00455948238859956
8235 0.007969404388220394
8448 0.0013586324183719307
8496 0.020331840315842672
8531 0.0038006720441537425
8724 0.0034781055695917483
8754 0.007033400996385889
8762 0.005754841729895406
8766 0.005189447742341821
8782 0.0028620861522610434
8800 0.003998610750299561
8814 0.0014683105193617047
8815 0.003309275117177536
8867 0.002550615096229034
8872 0.0023275626583452984
