45
49 0.05069667264327499
116 0.02263621469667583
246 0.029776202783263303
268 0.022788604354006994
476 0.023103360090013226
549 0.010080753585698973
707 0.014104825347027925
1317 0.02580087375569774
1411 0.020214827610057714
1712 0.014221008748546723
1728 0.01515133917801885
1801 0.03399023531960229
1918 0.0209014047360895
2525 0.011987797217751386
2717 0.013190680880238842
3013 0.018760004446540343
3030 0.012909938269443344
3078 0.017619048102276148
3107 0.04270488107427458
4125 0.024520206585152367
4316 0.01077861943194119
4468 0.008297247920492605
4523 0.04270488107427458
4547 0.011326310613937485
4951 0.01697041366843665
5554 0.033300357233631867
5606 0.03768771447987489
5723 0.02861991374070363
5812 0.01531400313283812
5985 0.01376189933929032
5989 0.010463240220215117
6088 0.015205155346855492
6203 0.019601520984261357
6469 0.020808241438911836
6561 0.06702220574200592
6761 0.0029547123310516656
6996 0.01164950007226698
7182 0.018760004446540343
7560 0.012639679198806826
7963 0.030588235608670206
7988 0.01164950007226698
8537 0.06495257148409467
8538 0.04620672018002645
8572 0.02820965069405585
8586 0.04253287085377333
