397
15 0.001317646829320925
49 0.0018707259277961252
56 0.0011261531097282304
74 0.0029848445669749344
80 0.0015086110240261766
93 0.0012038330612823191
110 0.0024111105450535207
145 0.0006342775551839763
163 0.00048461482143548004
232 0.001365307741035479
268 0.0033636316389678224
276 0.0005273726397124935
277 0.005428902477679144
287 0.0020873203423787587
339 0.0016705693503081794
373 0.0021656340937556066
377 0.001305892391005276
395 0.00403806669250701
396 0.0024111105450535207
480 0.00075387805388876
571 0.0019779217158882533
597 0.0012275786396284281
688 0.003879498453326399
744 0.002019033346253505
751 0.0012731768086020844
757 0.002371136919516867
773 0.0024359067564722154
777 0.0026277049596361546
800 0.0036682329903670835
802 0.0019216394396758605
818 0.0017679632568858238
838 0.0012731768086020844
897 0.0015882239756087784
930 0.0023683527267765072
969 0.004620140585774043
979 0.0031027376846063806
990 0.0011992080319178581
1011 0.0018768814637217539
1041 0.0011766651277486926
1057 0.0010949508075286066
1073 0.0018871637648908133
1095 0.0007619414153584002
1144 0.0032622807443213114
1145 0.0032975254977616686
1193 0.0011261531097282304
1208 0.0017547727705490796
1216 0.0010763361173329645
1218 0.003368246154381496
1225 0.0024359067564722154
1226 0.0015882239756087784
1248 0.0012575409346584955
1331 0.002019033346253505
1332 0.0023287651703541193
1411 0.014172757364985113
1496 0.0014607870009902574
1520 0.0012179533782361077
1538 0.0012275786396284281
1542 0.003648491066196433
1550 0.002257434362263484
1566 0.003590726992765872
1575 0.0015086110240261766
1578 0.0033866083333199586
1586 0.002182351229503274
1601 0.0027813811424261914
1627 0.001795363496382936
1640 0.001662489887537498
1664 0.005815899742902184
1688 0.0019980821294038366
1712 0.0031485628225564697
1714 0.0026277049596361546
1720 0.001533852927033067
1728 0.0011181800131379225
1758 0.0015253057438161812
1784 0.003529995383246078
1803 0.0021121707557714858
1833 0.0016278115320311661
1842 0.006736492308762992
1866 0.002257434362263484
1912 0.004793547711003297
1921 0.0003215902405080433
1935 0.0012084984844276316
1940 0.0008796207427779146
1955 0.002474761042285824
1962 0.003368246154381496
1978 0.0020635747640326495
2031 0.0012084984844276316
2041 0.0009190135889540728
2092 0.0025895261621399564
2104 0.0026277049596361546
2109 0.005562762284852383
2117 0.00515317990132403
2122 0.00739474259214401
2123 0.0012784921515081639
2142 0.002508504451631165
2148 0.0009217460120708722
2183 0.0014393387447049952
2221 0.008636325147011507
2299 0.0012084984844276316
2373 0.0009412746247385698
2398 0.002782113407865898
2416 0.0009469879150777623
2478 0.005938032996161874
2482 0.002878775049003836
2492 0.0002802449118149371
2499 0.0016933041666599793
2535 0.003151651739798862
2538 0.005129573455687115
2544 0.0021656340937556066
2558 0.0016671249278192972
2578 0.0014393387447049952
2639 0.0017679632568858238
2647 0.0025647867278435574
2672 0.008139057660155831
2691 0.0019779217158882533
2711 0.002878775049003836
2717 0.0009734819837814644
2721 0.0016381844318305054
2727 0.0011992080319178581
2738 0.000831244943768749
2739 0.0021121707557714858
2743 0.000824352105493228
2764 0.0014181099557240534
2793 0.0013528842147078949
2794 0.0023683527267765072
2813 0.0027813811424261914
2912 0.001795363496382936
2939 0.0017342198475404828
2954 0.001041732023418785
3033 0.0017679632568858238
3036 0.006736492308762992
3041 0.0014112171174485322
3096 0.004022229197532193
3149 0.004167812319548243
3169 0.0021121707557714858
3186 0.004331268187511213
3194 0.0021656340937556066
3229 0.002572188421900996
3253 0.002878775049003836
3268 0.0011301847330507837
3318 0.0021121707557714858
3331 0.0023287651703541193
3374 0.0011221516861147965
3394 0.0033065594004925863
3410 0.019596364863033233
3413 0.0021600150478257377
3414 0.0017170497450060883
3425 0.0024575909397514294
3430 0.0027813811424261914
3490 0.003368246154381496
3529 0.0019584945729814486
3541 0.0015694786292905288
3567 0.016841230771907478
3581 0.002371136919516867
3582 0.0038354764545244914
3595 0.0009082215541354932
3624 0.0015694786292905288
3627 0.0008476827808634371
3641 0.0014845082490404684
3648 0.0029534195041546907
3656 0.0005169997399131543
3681 0.0027181197243113637
3693 0.003151651739798862
3709 0.005612177783388375
3731 0.0005824923745419674
3788 0.0014250928990102655
3796 0.001533852927033067
3819 0.0021127177078303604
3827 0.0014924222834874672
3845 0.0029979755570088253
3847 0.0018392940649764595
3859 0.003368246154381496
3912 0.001453974935725546
3914 0.0014181099557240534
3943 0.0008429344157795034
3944 0.002194516130470887
3945 0.0026277049596361546
3950 0.003151651739798862
3969 0.001317646829320925
3986 0.0016487627488808343
4005 0.0010109842250457944
4099 0.010060327477267964
4105 0.0021899016150572132
4108 0.0010583483048990994
4125 0.014476874736621324
4221 0.00048100136309373384
4243 0.003368246154381496
4248 0.010094985022469746
4250 0.0014845082490404684
4316 0.0007954700687779477
4364 0.0007701283580502895
4382 0.0004738469585463427
4403 0.0007619414153584002
4407 0.0007134337409802045
4447 0.0026277049596361546
4458 0.004410328752383971
4468 0.004286401139737877
4482 0.0010174987881576621
4500 0.0030623583196808346
4504 0.0008548854188081506
4531 0.0018707259277961252
4534 0.0012463954248060009
4564 0.0005182853904846795
4567 0.00106189773692553
4568 0.0006952003137759926
4659 0.0009135903184681502
4660 0.0007246802101559362
4725 0.0017679632568858238
4753 0.002878775049003836
4780 0.005344463144463608
4787 0.002878775049003836
4798 0.00328485242258582
4802 0.0014767097520773454
4809 0.001365307741035479
4819 0.0009919040698449979
4830 0.0018380271779081456
4834 0.006277914517162115
4838 0.003619218684155331
4908 0.0025647867278435574
4924 0.002692929711255492
4925 0.003151651739798862
4973 0.001539483749851815
4982 0.0018096093420776655
4993 0.0019397492266631994
5012 0.0011301847330507837
5045 0.0011025821880959927
5057 0.007462111417437336
5081 0.0046371665740126975
5120 0.00269903576772679
5163 0.002455521005585552
5195 0.0012838609158408207
5223 0.0017650109575181201
5234 0.0015694786292905288
5249 0.002878775049003836
5255 0.0019664541947279155
5293 0.0014767097520773454
5295 0.00212379547385106
5298 0.0015513688423031903
5308 0.001453974935725546
5362 0.0016933041666599793
5396 0.0010575560442356669
5429 0.002257434362263484
5431 0.0021181965598808814
5439 0.003843278879351721
5510 0.001959104724452258
5561 0.0019980821294038366
5571 0.0014767097520773454
5613 0.0015513688423031903
5627 0.0017547727705490796
5631 0.002508504451631165
5643 0.0010800075239128688
5703 0.005683973984649601
5719 0.0025647867278435574
5730 0.0009981887017988483
5744 0.00501700890326233
5855 0.0007868885580505522
5869 0.0031818802751117908
5892 0.0011301847330507837
5910 0.0007303935004951287
5913 0.001150812297933801
5935 0.0005957191520268364
5946 0.0019216394396758605
5985 0.005416737747322144
5989 0.0007721948502003777
5990 0.0014393387447049952
6012 0.0019584945729814486
6015 0.005381680586664822
6042 0.0016176362233399117
6052 0.0018392940649764595
6058 0.003625495453282895
6067 0.0021656340937556066
6095 0.0012892841863267434
6161 0.0008720791461586056
6262 0.0015978492370010988
6303 0.0009328176530484743
6307 0.00250485810604231
6319 0.0020873203423787587
6322 0.0022250494437858095
6340 0.0021656340937556066
6341 0.0021656340937556066
6349 0.001051319419875201
6410 0.0023185832870063487
6411 0.007019091082196318
6423 0.0038082470488114747
6424 0.0026277049596361546
6430 0.0019124576954690068
6435 0.006391396948004395
6462 0.0016278115320311661
6469 0.003071327149654883
6471 0.001384502173176409
6473 0.0025647867278435574
6516 0.002291910037048531
6517 0.002152672234665929
6573 0.0012731768086020844
6589 0.002883620069515865
6615 0.0009300281555628384
6666 0.0014181099557240534
6707 0.0008671099237702414
6761 0.000872239802524477
6799 0.002019033346253505
6801 0.0027813811424261914
6832 0.0012275786396284281
6834 0.0005939839494192891
6842 0.0018707259277961252
6930 0.0006472281907849916
6935 0.0011181800131379225
6963 0.003439867710436416
6993 0.0005247604704260784
6996 0.002579225108250992
7061 0.0041746406847575175
7092 0.0010375331694549858
7102 0.001300298752935509
7140 0.0006793059578092873
7179 0.0012213771920347764
7181 0.0013976926595131531
7182 0.001384502173176409
7283 0.002508504451631165
7292 0.005564336539239417
7303 0.0025895261621399564
7336 0.001391056703932949
7342 0.0015425390949143545
7346 0.00250485810604231
7358 0.0021656340937556066
7370 0.0010274220621404827
7385 0.006135411708132268
7404 0.0020635747640326495
7407 0.000734236593003307
7433 0.00204083994768085
7447 0.001705045025093227
7461 0.0019779217158882533
7470 0.0017292850807567222
7484 0.0018804193840831125
7496 0.0023683527267765072
7555 0.0009055572715321627
7560 0.0018656353060969486
7581 0.0019779217158882533
7603 0.0010583483048990994
7604 0.0022250494437858095
7615 0.0032153022370311653
7661 0.001305892391005276
7675 0.0020635747640326495
7720 0.001317258512450433
7800 0.004123084845538429
7817 0.0015425390949143545
7848 0.0017293304595283525
7863 0.001990074287325617
7864 0.001676455774109922
7923 0.0011810982449305194
7943 0.002002717927306948
7944 0.007544050983494649
7958 0.002494731251934482
7959 0.0010409465200758618
7962 0.0016705693503081794
8011 0.0008722478660067028
8018 0.0013288717427491312
8033 0.0053109671493995906
8043 0.0014607870009902574
8078 0.0014250928990102655
8097 0.0028643366685964016
8118 0.0021121707557714858
8129 0.0014614462121243072
8145 0.0001993146043128697
8175 0.0018096093420776655
8205 0.0005597575581901677
8258 0.0024111105450535207
8302 0.0015882239756087784
8308 0.0025647867278435574
8350 0.0026964404888646302
8352 0.006034444096104707
8445 0.001274971796979338
8473 0.001795363496382936
8505 0.0021656340937556066
8524 0.0017547727705490796
8537 0.03994623092502747
8538 0.022165585326211948
8571 0.0023287651703541193
8572 0.009368518680682754
8578 0.0027813811424261914
8579 0.003368246154381496
8622 0.0011142376516677978
8631 0.0013976926595131531
8639 0.0021347464074523586
8640 0.008910859273573258
8664 0.0008770950285945703
8679 0.002417038087042236
8697 0.0005247604704260784
8723 0.0007911620812797058
8739 0.0009704724684713938
8780 0.0016176362233399117
8803 0.005264318311647238
8814 0.0024291237989440256
8820 0.0031305958081196523
8824 0.0016176362233399117
8827 0.002257434362263484
8848 0.0017547727705490796
8867 0.0012658956842907937
8884 0.0025254044144427177
8885 0.0021382338542584945
