324
44 0.0019195602976946652
52 0.001776164530403179
62 0.002645725926032369
134 0.004995929786286279
136 0.004069290089649515
139 0.0019780616240936363
145 0.0010502396178504534
163 0.0016048547854462128
172 0.005218519072212779
246 0.003638639851315271
248 0.004350965645996321
273 0.00813858017929903
339 0.0027661362154797345
352 0.0035404971965624357
375 0.004538180828398815
378 0.001443992557692355
458 0.006097890635547324
479 0.0030975563733161905
521 0.0011190542561126324
522 0.0020166926609082596
549 0.0012318639819591413
617 0.004069290089649515
665 0.003633689641696193
682 0.002230002947099732
708 0.001752417865342093
722 0.014818531230617028
772 0.0021258226569828655
783 0.003921529056760286
807 0.0024451426241117753
808 0.005218519072212779
813 0.003794954908595633
838 0.004216263728690405
914 0.0033084333425770244
931 0.0046054233580295175
941 0.0017642115086840388
962 0.003379231929662996
975 0.002629788375091521
979 0.0025687634802291108
983 0.0037561825805310497
984 0.0027125131223588606
1011 0.012430994949130638
1020 0.0033431244613118115
1047 0.004964061360179581
1054 0.0035404971965624357
1125 0.0008885330887086656
1129 0.0031455901864485677
1139 0.0006986919153621284
1164 0.0015307787968348494
1216 0.0035644043315344195
1219 0.002271150372941457
1255 0.003633689641696193
1256 0.0029963592568414297
1257 0.005768492174249436
1268 0.0015307787968348494
1326 0.0029055606160008174
1364 0.0012221617624152228
1373 0.0018005663578636972
1380 0.005323911850725737
1407 0.003456194375466254
1409 0.004350965645996321
1411 0.0012351218499016931
1417 0.0011660824823259217
1496 0.0012093888307587364
1499 0.0018713649449496684
1504 0.004766688624928957
1518 0.0024979648931431394
1539 0.005811121232001635
1551 0.004153592910745697
1621 0.002057088271875616
1648 0.0015872560716722246
1659 0.007711959606916085
1706 0.0028232211922623084
1712 0.002606702214601232
1721 0.0029468178155569015
1736 0.005218519072212779
1772 0.0018193199256576354
1799 0.012342529631253697
1921 0.00013312264029177148
1956 0.0016118958305790844
1959 0.0021258226569828655
1980 0.0018005663578636972
1987 0.004469075517641303
2019 0.004742781489956974
2029 0.015610020629698127
2076 0.0032750516395461298
2162 0.004350965645996321
2167 0.005577157074362842
2195 0.004153592910745697
2255 0.0028232211922623084
2299 0.0020010372053760987
2326 0.003684246838692185
2336 0.005218519072212779
2373 0.0015585667411659005
2394 0.003211845460849656
2398 0.0023033179232128053
2438 0.003995200465583294
2439 0.002314305768195913
2467 0.0035404971965624357
2468 0.0020166926609082596
2498 0.003633689641696193
2511 0.004469075517641303
2523 0.0030711511245089243
2571 0.003633689641696193
2598 0.002240111744516331
2612 0.0028232211922623084
2676 0.004153592910745697
2719 0.003921529056760286
2751 0.004350965645996321
2772 0.002008830296726512
2780 0.0017582950307952257
2789 0.004147555275381665
2824 0.0063243955930356085
2863 0.004153592910745697
2876 0.005425026244717721
2878 0.004964061360179581
2884 0.008493570711758908
2893 0.004766527085316338
2931 0.0037378699318130594
2939 0.0014357644969963466
2954 0.0025873568280228272
3030 0.0015775891978953168
3057 0.004766688624928957
3063 0.0029274014823791744
3085 0.0033431244613118115
3089 0.0046054233580295175
3114 0.0035858666358926845
3133 0.002230002947099732
3229 0.0017036164456256696
3280 0.003921529056760286
3382 0.0019630695677873853
3394 0.0013687539677191814
3398 0.003992327643846257
3420 0.0015585667411659005
3472 0.0026619559253628685
3511 0.004069290089649515
3582 0.004233866065890579
3585 0.0011305789813225078
3640 0.002230002947099732
3656 0.0008560504858439803
3690 0.004147555275381665
3733 0.0020488602111796077
3760 0.0019266648350588637
3857 0.003794954908595633
3884 0.004592336390504549
3901 0.005654607536879636
3914 0.0023481128187447155
3952 0.0032750516395461298
3958 0.0046054233580295175
4005 0.0016739922096990444
4108 0.003504835730684186
4144 0.0025116785034465373
4158 0.004181575944891913
4203 0.0021081318643452027
4251 0.001563284139795597
4268 0.010453939862229785
4333 0.0014734089077784508
4337 0.0022817434354380104
4346 0.0009314679353654347
4349 0.0014906681899448557
4383 0.0011161963856249784
4393 0.00302545388559921
4437 0.0020488602111796077
4482 0.0016847790524891634
4500 0.0050706666270886325
4511 0.004766688624928957
4534 0.0010318935645287968
4555 0.004069290089649515
4659 0.001512726942799605
4660 0.001199928739015837
4781 0.005218519072212779
4825 0.0031528562634253856
4909 0.0017012100540126523
4915 0.001187470643680436
4928 0.020438701688237523
4929 0.004469075517641303
4931 0.003921529056760286
4943 0.0012351218499016931
4998 0.002784758169532423
5013 0.00195566776604585
5167 0.0024451426241117753
5180 0.0024844606591329296
5193 0.0014522978783042477
5229 0.0008951752486811593
5334 0.004246785355879454
5379 0.0018780912902655249
5380 0.0009226100306854646
5441 0.007792833705829503
5472 0.003684246838692185
5489 0.0046054233580295175
5504 0.0037378699318130594
5507 0.0034973418013079793
5510 0.003243894380814023
5601 0.0033084333425770244
5619 0.01787900201457758
5623 0.0012221617624152228
5637 0.0018713649449496684
5643 0.0017882812972325095
5675 0.0037161275796795496
5703 0.005791722825655805
5863 0.010799358651142534
5865 0.007711959606916085
5904 0.004766688624928957
5933 0.0028430986612829933
5939 0.0032232021885779806
5957 0.004766688624928957
5985 0.0016816984935996318
6004 0.0038559798034580425
6006 0.0019780616240936363
6027 0.004153592910745697
6040 0.003633689641696193
6052 0.0030455113540241575
6058 0.0020010372053760987
6083 0.0031528562634253856
6088 0.014864510318718199
6134 0.004942319008046072
6163 0.004097720422359215
6194 0.0019410474307563926
6203 0.002395297879950471
6228 0.00573753711237418
6296 0.003633689641696193
6400 0.0014906681899448557
6430 0.0010555520070714885
6469 0.0008475862093243109
6478 0.005218519072212779
6496 0.0031247742176297986
6595 0.0058995906808539215
6616 0.003684246838692185
6618 0.007984655287692514
6619 0.0035404971965624357
6623 0.002645725926032369
6707 0.00430729349098904
6718 0.0031247742176297986
6761 0.002166387859834215
6797 0.0014994257876897112
6815 0.005218519072212779
6834 0.000491760642441835
6880 0.0038559798034580425
6930 0.0021433666766118046
6932 0.0021716624553491616
6944 0.0030975563733161905
6978 0.005569516339064846
6983 0.0020822419142105023
6984 0.0024074982133296713
7000 0.002290398633223929
7032 0.005218519072212779
7069 0.004350965645996321
7088 0.0024979648931431394
7092 0.0017179520708083572
7106 0.003684246838692185
7122 0.0030711511245089243
7140 0.0011247978486740337
7181 0.002314305768195913
7238 0.0019125123707913934
7239 0.003992327643846257
7253 0.0033431244613118115
7257 0.0033431244613118115
7265 0.003211845460849656
7291 0.0029963592568414297
7342 0.0025541431449396536
7347 0.0014649039369960958
7385 0.0025397605492421247
7407 0.001215752240553337
7423 0.0024324156398408967
7443 0.004964061360179581
7484 0.004151475788892248
7489 0.0033431244613118115
7492 0.0020822419142105023
7495 0.0019410474307563926
7548 0.0029963592568414297
7553 0.0023033179232128053
7555 0.0014994257876897112
7561 0.0026953376283937636
7577 0.003684246838692185
7579 0.0032237916611581687
7621 0.0018646893649878844
7652 0.0020994174081755998
7665 0.0021716624553491616
7680 0.0014994257876897112
7695 0.0024702436998033863
7705 0.002645725926032369
7714 0.0030711511245089243
7736 0.0037378699318130594
7749 0.0038559798034580425
7761 0.003211845460849656
7812 0.003921529056760286
7842 0.004719350415052325
7863 0.006590347843567114
7892 0.0025165384615328146
7903 0.001338894249697085
7959 0.005170811736181316
7988 0.004270692490851439
8011 0.0014442719247728091
8033 0.001099240400321249
8043 0.0012093888307587364
8059 0.0016069126616440796
8067 0.0033084333425770244
8076 0.003684246838692185
8091 0.0017350171045614543
8117 0.0028037806262618393
8145 0.0009900780446417295
8171 0.0020737776376908326
8205 0.0009268490729299517
8345 0.003379231929662996
8368 0.0032428840892747813
8427 0.0028430986612829933
8445 0.002111104014142977
8474 0.004350965645996321
8560 0.004130787184975017
8592 0.0021348025325532427
8677 0.007750888640737228
8679 0.0008004284988860845
8695 0.0016118958305790844
8719 0.0034135111806748906
8734 0.0034168763404450997
8739 0.0016069126616440796
8761 0.004069290089649515
8766 0.0056861973225659865
8782 0.0015680268329087998
8813 0.0033431244613118115
8867 0.0006986919153621284
8884 0.0020907879724459564
8888 0.003794954908595633
8892 0.007302642109344538
8893 0.0018848691789598786
