343
44 0.0017952459165106298
52 0.0016611367322437352
62 0.002474383675584559
134 0.004672383857269644
136 0.003805755112415071
139 0.0018499585855809059
145 0.0009822240997420433
163 0.0015009213326744582
172 0.0048805578370599515
246 0.0034029946038015204
248 0.0040691888232079875
339 0.0025869959653343805
352 0.0033112078543088685
375 0.004244279593797749
378 0.0013504768491941835
458 0.005702979622959498
479 0.0028969527224728567
515 0.0038845983222402613
521 0.001046582170954862
522 0.0018860878028684868
549 0.0011520861240798827
617 0.003805755112415071
665 0.003398364979186345
682 0.0020855837086208927
708 0.0016389279464437481
722 0.015838691339826853
772 0.001988150332530642
773 0.0018860878028684868
783 0.0073351267309306675
807 0.0022867905303597747
808 0.0048805578370599515
813 0.0035491864002294396
821 0.0019085478499724065
838 0.003943210458641884
914 0.003094172897533941
931 0.004307167369128559
941 0.0016499578109787868
962 0.0031603864332657734
975 0.0024594782707998797
979 0.0024024054643666543
983 0.0035129250419823725
984 0.0025368456058632396
1011 0.013079182542906737
1020 0.003126617353341142
1047 0.004642579291139381
1054 0.0033112078543088685
1125 0.000830989993439914
1129 0.0029418757743738034
1139 0.0006534432960815335
1164 0.0014316426461826878
1216 0.003333566717682667
1219 0.002124066348789058
1255 0.003398364979186345
1256 0.005604618648034827
1257 0.005394913633440902
1268 0.0014316426461826878
1326 0.0027173909761074315
1364 0.0011430122387540466
1373 0.003367916501756478
1380 0.0049791251784882615
1407 0.003232364644483678
1409 0.0040691888232079875
1411 0.0011551330062890123
1417 0.0010905647596610051
1496 0.001131066506481028
1499 0.001750171786610071
1504 0.004457988790171654
1518 0.002336191928634822
1539 0.005434781952214863
1551 0.0038845983222402613
1621 0.0019238673171255761
1648 0.001484462345125833
1659 0.00721251841332533
1706 0.002640384010287226
1712 0.002437887214036581
1721 0.0027559762808351215
1736 0.0048805578370599515
1799 0.009619336585627882
1921 0.00012450136453954247
1956 0.0015075063863130105
1959 0.001988150332530642
1980 0.001683958250878239
1987 0.004179649674594057
2019 0.0022178149633989277
2026 0.004457988790171654
2029 0.014599085960346248
2076 0.0030629530571755236
2162 0.0040691888232079875
2167 0.005215969759070773
2195 0.0038845983222402613
2255 0.002640384010287226
2297 0.0030038402310041544
2299 0.0018714462244565039
2326 0.0034456479958054538
2330 0.003232364644483678
2336 0.0048805578370599515
2373 0.0014576309903094422
2394 0.0030038402310041544
2398 0.0021541506672333095
2438 0.0037364636735264713
2439 0.0021644269184460828
2467 0.0033112078543088685
2468 0.0018860878028684868
2498 0.003398364979186345
2511 0.004179649674594057
2523 0.002872257527874061
2571 0.003398364979186345
2598 0.0020950378410619403
2612 0.002640384010287226
2676 0.0038845983222402613
2719 0.0036675633654653338
2751 0.0040691888232079875
2772 0.0018787346203670808
2780 0.001644424495467535
2789 0.0058184275434639944
2824 0.005914815687962826
2863 0.0038845983222402613
2876 0.005073691211726479
2878 0.004642579291139381
2884 0.011915266341353212
2893 0.004457837712172042
2931 0.003495798355276595
2938 0.0022178149633989277
2939 0.0013427816533813453
2954 0.002419794671541349
3030 0.0014754215165078107
3057 0.004457988790171654
3063 0.0027378173863774756
3085 0.003126617353341142
3089 0.004307167369128559
3114 0.003353639082330111
3133 0.0020855837086208927
3229 0.0015932869996232455
3243 0.005215969759070773
3280 0.0036675633654653338
3382 0.0018359374433973455
3398 0.0037337769011971662
3420 0.0014576309903094422
3472 0.0049791251784882615
3511 0.003805755112415071
3582 0.003959672834956713
3585 0.0010573605330082884
3656 0.0008006110258083702
3690 0.0038789516956426627
3733 0.001916172121312738
3760 0.0018018903505026707
3857 0.0035491864002294396
3884 0.0014316426461826878
3901 0.007051205842813718
3914 0.0021960445600069625
3952 0.0030629530571755236
3958 0.004307167369128559
4005 0.0015655812856423445
4108 0.0032778558928874962
4144 0.0023490174194138094
4158 0.003910769121794152
4203 0.001971605229320942
4221 0.0014897299359817357
4251 0.0014620428812183585
4268 0.00977692280448538
4333 0.0013779881404175607
4337 0.002133973384381073
4346 0.0008711442976465304
4349 0.0013941296785960461
4383 0.002087818763207103
4393 0.0028295197291984993
4403 0.0011799207060692938
4437 0.001916172121312738
4482 0.0015756695519470083
4500 0.00474228059790575
4511 0.004457988790171654
4534 0.0009650661717783606
4555 0.003805755112415071
4572 0.003971755447117737
4659 0.0014147598645992496
4660 0.0011222190682986211
4781 0.0048805578370599515
4825 0.002948671286365456
4909 0.00159103645051469
4915 0.001110567782946846
4928 0.02259051651532816
4929 0.004179649674594057
4931 0.0036675633654653338
4943 0.0011551330062890123
4998 0.002604411926172228
5013 0.0018290149964352617
5122 0.003606259206662665
5167 0.0022867905303597747
5180 0.002323562254541464
5193 0.0013582443014235918
5208 0.004179649674594057
5229 0.0008372019944808557
5255 0.0010150649271833622
5334 0.003971755447117737
5379 0.0017564625209911863
5380 0.00043143002387291727
5441 0.008745785941856654
5451 0.0038845983222402613
5472 0.0034456479958054538
5489 0.004307167369128559
5504 0.003495798355276595
5507 0.0032708472846518437
5510 0.0030338136018660676
5601 0.003094172897533941
5619 0.019109855758710402
5623 0.002286024477508093
5637 0.001750171786610071
5643 0.0016724687941736425
5675 0.0034754640792812553
5703 0.006093719801565001
5863 0.01009997161468759
5865 0.003606259206662665
5904 0.004457988790171654
5933 0.0026589741765522855
5939 0.0030144614754129303
5957 0.004457988790171654
5985 0.0015727884959188937
6004 0.003606259206662665
6006 0.0018499585855809059
6027 0.0038845983222402613
6040 0.003398364979186345
6052 0.002848278237763546
6058 0.0018714462244565039
6083 0.002948671286365456
6088 0.013901856317125021
6134 0.004622245015144041
6163 0.003832344242625476
6194 0.0018153415019074074
6203 0.0022401738267727265
6228 0.00536596328033471
6296 0.003398364979186345
6400 0.0013941296785960461
6409 0.0007467259982124139
6412 0.0037337769011971662
6430 0.0009871924485182874
6469 0.000792694911958546
6478 0.0048805578370599515
6496 0.0029224078873452022
6554 0.0028023093240174134
6595 0.00551752195104624
6616 0.0034456479958054538
6618 0.0074675538023943324
6619 0.0033112078543088685
6623 0.002474383675584559
6634 0.0020050331141140804
6707 0.004028344960144036
6713 0.0010228323794127703
6718 0.0029224078873452022
6761 0.0020260884555782853
6797 0.0014023201176298064
6815 0.0048805578370599515
6834 0.00045991328655036384
6880 0.003606259206662665
6927 0.003353639082330111
6930 0.002004558168031231
6932 0.002031021458240835
6944 0.0028969527224728567
6978 0.005208823852344456
6983 0.0019473919616711558
6984 0.0022515840433235596
7000 0.0021420680550722844
7032 0.0048805578370599515
7043 0.0028969527224728567
7069 0.0040691888232079875
7088 0.004672383857269644
7092 0.0016066942224131494
7106 0.0034456479958054538
7122 0.002872257527874061
7140 0.0010519537975218107
7181 0.0021644269184460828
7238 0.0017886544267782366
7239 0.0037337769011971662
7253 0.003126617353341142
7257 0.003126617353341142
7265 0.0030038402310041544
7291 0.0028023093240174134
7342 0.0023887319698388003
7347 0.0013700339677430154
7385 0.004750561636868127
7422 0.004307167369128559
7423 0.002274887769832153
7443 0.004642579291139381
7484 0.003882618309230655
7489 0.003126617353341142
7492 0.0019473919616711558
7495 0.0018153415019074074
7548 0.0028023093240174134
7553 0.0021541506672333095
7561 0.0025207824296025485
7577 0.0034456479958054538
7579 0.003015012772626021
7621 0.0017439285299220026
7652 0.0019634551379318467
7665 0.002031021458240835
7680 0.0014023201176298064
7695 0.0023102660125780246
7705 0.002474383675584559
7714 0.002872257527874061
7736 0.003495798355276595
7749 0.003606259206662665
7761 0.0030038402310041544
7812 0.0036675633654653338
7842 0.004413716292934651
7863 0.006163544364174196
7892 0.0023535626373573566
7903 0.0012521849078119406
7959 0.006447920158641337
7988 0.003994114310491536
8011 0.0013507381239303796
8033 0.0010280514982052064
8043 0.001131066506481028
8059 0.001502845936889987
8067 0.003094172897533941
8076 0.0034456479958054538
8091 0.00162265409207557
8117 0.0026222024523705964
8145 0.0006173058030718593
8171 0.0038789516956426627
8205 0.0008668245615402024
8345 0.0031603864332657734
8368 0.003032868738731272
8427 0.0026589741765522855
8445 0.001974384897036575
8474 0.0040691888232079875
8533 0.0017014973019007602
8560 0.003863269538709969
8592 0.0019965486542545567
8631 0.0021644269184460828
8677 0.0072489263287656746
8679 0.0007485912246725096
8695 0.0015075063863130105
8719 0.0031924456946883263
8734 0.003195592920301989
8739 0.001502845936889987
8754 0.0018018903505026707
8761 0.003805755112415071
8766 0.007976922529656856
8782 0.001466478428491849
8813 0.003126617353341142
8867 0.0006534432960815335
8884 0.001955384560897076
8892 0.008537136370686116
8893 0.0017628014607034294
