38
32 0.027037416607625975
209 0.046918083985933404
334 0.015857120598623833
1586 0.017060111053713092
1627 0.02806981774152552
1692 0.021957442843955687
2025 0.014628086888909772
2303 0.02899875388719004
2438 0.018861956044244208
2678 0.03702828397825578
2781 0.038423489115729084
3069 0.07194360171218558
4056 0.022967616906959237
4248 0.008306905691566705
4350 0.024255055169086416
4659 0.01428363324835781
4943 0.011662400544264066
5017 0.027824760527662286
5229 0.008452520136585564
5358 0.03640934775957498
5703 0.006835903623550482
5735 0.023847568648510682
5736 0.025777771439233044
5983 0.023586553125640033
5985 0.015879114622258064
6006 0.01867746648903799
6039 0.019988733061079563
6203 0.022617139597224643
6204 0.04219838613772847
6494 0.06433470191043782
6761 0.010227850376717305
6768 0.0918609281442645
6837 0.02333344839375598
7495 0.018327967086565172
7680 0.014158039649147084
8121 0.03702828397825578
8187 0.03171424119724767
8639 0.011125313008069024
