324
15 0.0010820675477150627
28 0.004568207815742411
32 0.002840294269892021
44 0.0019040486993294559
51 0.004120028523588156
53 0.0018365259609719818
68 0.0005836479279288705
93 0.0019772046036818695
158 0.00031007632196910313
209 0.004928768418724317
213 0.0038248203707028266
246 0.0018046183505008061
268 0.002762255073212969
276 0.00173233921651013
277 0.0009907290043441402
334 0.0033315970550644013
369 0.004923947733026616
375 0.0030010057733923477
376 0.004432961776084606
397 0.004902381076667923
458 0.002016204917207903
459 0.001584124472874406
478 0.003604326493076426
480 0.0012381875915385087
504 0.006371782308190631
523 0.002425383895836125
550 0.003248586575792222
639 0.0023178172050215286
682 0.002211982721264583
707 0.0017096757996397484
956 0.0027437835995970704
982 0.005176349221124191
994 0.003428265532028143
1074 0.0047281699289699365
1125 0.0008813530233453634
1179 0.004212467898458206
1220 0.009136415631484821
1253 0.0016138684260475504
1255 0.003604326493076426
1268 0.0015184088671634569
1309 0.002983370196008711
1390 0.0011687197503426046
1411 0.001225141067276225
1417 0.0023133191871597077
1445 0.004212467898458206
1446 0.004315806327644835
1478 0.0030209011612643668
1485 0.005176349221124191
1496 0.0011996159917223022
1497 0.0036544751470663902
1499 0.0018562428039803783
1503 0.002232152864510241
1572 0.002425383895836125
1586 0.014337386259282114
1588 0.005721878096073683
1609 0.003453425003468842
1621 0.002040465336345308
1632 0.003316109314149696
1648 0.0031488595199638883
1712 0.0008618793180937408
1721 0.004384507719510421
1784 0.0019325833310296708
1815 0.004120028523588156
1822 0.005532089138408396
1833 0.0026735571223057333
1935 0.001984867207756898
1940 0.0014447104320776656
1948 0.0022633051046465924
1955 0.002032303765028661
1980 0.005358048980067124
1986 0.0022633051046465924
1991 0.004036406937409923
2023 0.004568207815742411
2025 0.0015366879156026427
2114 0.005176349221124191
2123 0.0020998265033861357
2127 0.004923947733026616
2148 0.0015138979955830688
2185 0.004212467898458206
2309 0.002505199130752637
2328 0.002562751732391905
2332 0.0028609390480368417
2350 0.003960066410360631
2400 0.004036406937409923
2414 0.0022956043074428153
2438 0.0069351030304089815
2439 0.0022956043074428153
2468 0.004000792309114972
2489 0.004923947733026616
2492 0.0004602810369808967
2497 0.003960066410360631
2566 0.004120028523588156
2677 0.0029961850876946464
2713 0.003129682004713538
2731 0.004345964815477099
2781 0.004036406937409923
2813 0.004568207815742411
2832 0.005010398261505274
2872 0.003316109314149696
2899 0.003072525614743939
2962 0.0015320823271281001
3017 0.0029721462527457416
3030 0.001564841002356769
3046 0.003216678965321046
3069 0.05542321909679482
3096 0.002202068914204494
3229 0.0025347747721278903
3239 0.004212467898458206
3294 0.007208652986152852
3306 0.0030277959911661377
3307 0.0067899153139397775
3329 0.003604326493076426
3344 0.002000396154557486
3389 0.0047281699289699365
3394 0.0013576933295961983
3512 0.0010903576496115825
3541 0.002577749748713535
3573 0.0038898399330692937
3690 0.002057019838598382
3714 0.004432961776084606
3760 0.0038221916525814225
3762 0.0031858911540953157
3765 0.005532089138408396
3806 0.003281698527687513
3835 0.002126550272545237
3867 0.003556889935804663
3893 0.003156147200922171
3898 0.003156147200922171
3926 0.004000792309114972
3970 0.0011996159917223022
3972 0.005532089138408396
3974 0.0018236233374135965
4056 0.014476558535295518
4057 0.005992370175389293
4105 0.0017983737505469844
4144 0.00498276422299899
4248 0.0017452892766119943
4251 0.001550651540686138
4316 0.0013064993250837807
4320 0.0028609390480368417
4333 0.0014615025731701402
4346 0.00092394092174632
4350 0.0025480057955403913
4352 0.010812979479229278
4358 0.0033892652185021094
4383 0.002214353233704503
4384 0.00304633374168461
4386 0.0037076649222630553
4393 0.0015005028866961739
4399 0.0011388746077812273
4413 0.003556889935804663
4435 0.0023522279914837112
4468 0.0010057270206657702
4471 0.005721878096073683
4500 0.0016765638477444572
4508 0.005176349221124191
4547 0.0013728861350227255
4567 0.001744086586101931
4660 0.004760929380660817
4677 0.0003261962980746443
4684 0.0031858911540953157
4687 0.003248586575792222
4689 0.003248586575792222
4720 0.004212467898458206
4732 0.011292865818911854
4809 0.0044848290644923005
4819 0.0016291272904726936
4884 0.004923947733026616
4915 0.001177874921307261
4924 0.0014743110136368452
4943 0.001225141067276225
4951 0.002057019838598382
5017 0.0014615025731701402
5019 0.0019772046036818695
5030 0.023056650706366085
5032 0.0024895686676336534
5045 0.0018109077149940243
5163 0.0010082518068389161
5178 0.0011157085731291932
5181 0.0019772046036818695
5220 0.0025335036043744852
5223 0.0012423843363309366
5229 0.0008879415092978774
5355 0.0047281699289699365
5358 0.0038248203707028266
5379 0.001862914794990652
5380 0.0004575772980470335
5381 0.0013790447416272614
5431 0.0011596591267226644
5441 0.006183889049797634
5456 0.0016038413158828027
5463 0.0019182000156297762
5561 0.003281698527687513
5591 0.006703850009957701
5595 0.0060418023225287335
5623 0.0024245714155388867
5675 0.001843049132952181
5703 0.0014362302562611112
5705 0.004120028523588156
5734 0.003248586575792222
5735 0.007515597392257911
5736 0.008123903726303746
5811 0.001894429007249453
5869 0.0026129986501675613
5893 0.0021086442920779536
5939 0.006394312220572882
5983 0.0024777793182490537
5985 0.006116399706351254
6006 0.0019620772877373244
6015 0.0017678005321044446
6039 0.0020998265033861357
6046 0.00304633374168461
6051 0.002577749748713535
6058 0.001984867207756898
6080 0.0022527976426550615
6081 0.0050670072087489705
6203 0.002375941937486225
6243 0.0005590617281791938
6300 0.002577749748713535
6329 0.0017860163266890411
6363 0.006371782308190631
6381 0.0019925973246317525
6418 0.0017921732824102642
6430 0.0031410668816490963
6444 0.0022956043074428153
6463 0.003216678965321046
6466 0.0028201241266463633
6469 0.002522211083504465
6494 0.018022381141240492
6537 0.005400777833570917
6571 0.0036544751470663902
6590 0.0010684224423626767
6616 0.0036544751470663902
6683 0.0024118559600472267
6707 0.0014241623596468814
6708 0.002925958610403309
6713 0.0021696444411786037
6761 0.002507028644528686
6768 0.016083394826605233
6823 0.0015366879156026427
6827 0.0024511905383339614
6832 0.002016204917207903
6834 0.0014633604572057031
6837 0.0024511905383339614
6852 0.0045912086148856305
6909 0.00482652163933238
6913 0.005176349221124191
6920 0.0013317229847768304
6930 0.0010630232709256528
6932 0.0064623410034935665
6966 0.002400314687792044
6968 0.0018970577253708569
6990 0.002840294269892021
7092 0.0017040696298321282
7141 0.0030209011612643668
7145 0.004212467898458206
7172 0.0022220098314293304
7322 0.0006877658885658956
7328 0.0021175516029972572
7340 0.002707967908767916
7383 0.0028201241266463633
7433 0.0033519250049788506
7484 0.0010294821274475221
7498 0.004923947733026616
7555 0.0014873092156679763
7603 0.0017382569128948843
7626 0.0035118871182063757
7654 0.005532089138408396
7658 0.0036544751470663902
7676 0.003099523516881275
7679 0.0014873092156679763
7680 0.004461927647003929
7699 0.002707967908767916
7719 0.0017153180222340316
7726 0.003316109314149696
7757 0.0035118871182063757
7790 0.003281698527687513
7818 0.0035118871182063757
7862 0.002388043682312866
7863 0.0032685462537287405
7892 0.0037443041957957945
7904 0.004397253932163538
7959 0.0017096757996397484
7961 0.0017921732824102642
8011 0.0007163005202661105
8042 0.003316109314149696
8044 0.0037642886063039512
8062 0.0028321520225112417
8101 0.006856531064056286
8121 0.0038898399330692937
8137 0.00304633374168461
8145 0.00032735913799265267
8167 0.0024777793182490537
8185 0.004120028523588156
8187 0.0033315970550644013
8193 0.0047281699289699365
8235 0.000866169608255065
8256 0.0033519250049788506
8290 0.004212467898458206
8327 0.0037076649222630553
8350 0.0008857398454331089
8356 0.0029487485304228824
8393 0.004568207815742411
8445 0.0010470222938830322
8469 0.0029721462527457416
8483 0.005176349221124191
8487 0.003316109314149696
8527 0.00393921668666351
8533 0.0018046183505008061
8535 0.003156147200922171
8567 0.003316109314149696
8572 0.0017096757996397484
8584 0.0028609390480368417
8601 0.001509410197615477
8639 0.0011687197503426046
8640 0.0006652459678067088
8679 0.0007939603898041769
8697 0.002585637954281222
8719 0.0016929636259710823
8747 0.002126550272545237
8764 0.0035336247639217826
8812 0.002144829320984423
8844 0.004036406937409923
8867 0.0013860918401729498
