189
1 0.005305309568313692
15 0.0019619906084943446
70 0.007551750530507103
96 0.005265033435341299
145 0.0018888924995039292
163 0.001443193589110056
210 0.005008484473408131
281 0.004787620363931021
318 0.003172995790343821
377 0.0038889762413453826
378 0.0025970708638349683
515 0.00747038138892358
521 0.0040253160421340846
668 0.0028201508240227866
681 0.00747038138892358
682 0.008021475802388048
722 0.019036888629599583
726 0.0041836394781243945
872 0.002152482357699073
979 0.004620010508397413
1011 0.0027946971245527215
1021 0.006722689144762683
1048 0.004847658518466439
1092 0.005346631950766765
1108 0.005346631950766765
1129 0.002828726706128657
1139 0.0012566217232337182
1207 0.004103794969963602
1216 0.0032053526131564105
1253 0.0058524898966559515
1256 0.021556225569364717
1257 0.005187416955231636
1317 0.0056705217045489534
1500 0.00857305536571472
1577 0.003544073669853523
1581 0.006216085854776303
1640 0.0024754657116629777
1648 0.0028547352790881404
1653 0.006935113858966663
1678 0.005477458149545281
1712 0.004688244642378041
1721 0.0026499771931106936
1776 0.0015901431246704313
1799 0.0036997448406261083
1847 0.0021246213605014878
1856 0.010030711075136102
1921 0.0007182771031127451
2024 0.004103794969963602
2029 0.004010737901194024
2215 0.005477458149545281
2299 0.003598935047031738
2326 0.006626246145779719
2397 0.0033537087113884663
2414 0.00416235945855016
2438 0.0035927535322369916
2440 0.0046739418520630035
2467 0.0063677074121324395
2478 0.004420898192197439
2492 0.0008345755066137137
2558 0.0024823673375770853
2780 0.003162354798976029
2790 0.005113411877985164
2829 0.0027047037491287765
2838 0.004542394028287749
2893 0.008572764831100081
2939 0.0025822724103487407
2954 0.0031023008609504473
2986 0.004593715326613078
3066 0.003295000120054581
3184 0.003571267875271863
3213 0.002612008271968446
3229 0.0015320067304069667
3307 0.004103794969963602
3464 0.0037682733490058008
3472 0.004787620363931021
3541 0.0046739418520630035
3582 0.0038073777259199164
3690 0.011189283737430758
3819 0.00209723992242501
3872 0.0029915664762950695
3885 0.004542394028287749
3901 0.0067800056180901125
4094 0.010473124049465812
4108 0.0031517845123918233
4221 0.0014324326307516688
4268 0.0075207098496041375
4403 0.0022690782809024882
4414 0.005832439882175523
4510 0.004182370065515369
4589 0.005389056392341179
4622 0.014637519663134887
4630 0.005187416955231636
4677 0.0005914548261793
4756 0.008985353571672391
4928 0.030076131455318556
4929 0.008037787835757803
4951 0.0037297612458102526
5032 0.0022570265393382022
5163 0.0018281488805321005
5167 0.0043976740968457205
5177 0.0043976740968457205
5223 0.002252674895545105
5229 0.0016100038355401072
5255 0.0019520479368910811
5295 0.003162354798976029
5348 0.007637991244457187
5441 0.005606273039651701
5456 0.002908063924402884
5510 0.005834256926665515
5527 0.007053006472048719
5531 0.006012725679502196
5548 0.005776615828854143
5596 0.006290090932022777
5619 0.01837486130645231
5623 0.004396200918284795
5703 0.003906230642028847
5799 0.007637991244457187
5812 0.0033657149742501364
5863 0.021581135928819637
5939 0.0038646941992473466
5985 0.0010081977537941627
5988 0.005091735131802391
5990 0.004286382415550041
6040 0.006535317267666048
6088 0.023392546687469987
6107 0.0023560980662285743
6115 0.003439720051496609
6134 0.004444466360715424
6165 0.004243957973975626
6213 0.004542394028287749
6300 0.0046739418520630035
6469 0.0015244132922279732
6491 0.0008895230255154118
6532 0.006722689144762683
6554 0.005389056392341179
6595 0.010610619136627385
6695 0.005950332495257579
6707 0.0025822724103487407
6710 0.011341043409097907
6713 0.0019669853450245585
6728 0.0028116209254199203
6734 0.010030711075136102
6834 0.0017688972559629379
6899 0.0041230779003385365
6921 0.0030696593218156984
6930 0.0019274597769531065
6935 0.0033299646545096374
6981 0.022288093492557514
6983 0.0037449845416752995
7000 0.0020596808221848887
7122 0.005523572168988578
7238 0.003439720051496609
7266 0.007637991244457187
7347 0.002634680707198107
7375 0.0034271443158248364
7484 0.0009333217089496767
7521 0.003120488638606865
7548 0.005389056392341179
7555 0.005393538913960793
7579 0.011596202971638542
7621 0.0033537087113884663
7665 0.0039058104966169906
7705 0.004758430145354921
7714 0.005523572168988578
7716 0.004593715326613078
7764 0.0056705217045489534
7794 0.006825358461979692
7842 0.008487915947951253
7886 0.006012725679502196
7923 0.0035173365316062723
7959 0.006199923229462824
7995 0.008037787835757803
8011 0.001298786657625365
8048 0.009119770380587982
8061 0.018724922708376498
8117 0.005042697023789609
8140 0.007825363121553823
8177 0.006722689144762683
8249 0.009385688148192215
8350 0.0032120236153068784
8533 0.003272110195963
8561 0.005620015167971543
8592 0.0038395166427972246
8601 0.0027368426660060847
8664 0.002612008271968446
8677 0.004646747646644663
8686 0.004103794969963602
8892 0.003283513988725429
8893 0.0033900028090450562
