35
209 0.029044528181768295
281 0.031119532365551632
334 0.03926525100611616
1073 0.036530098591815025
1309 0.017580574369337045
1469 0.05224562093242572
1496 0.014138331331012848
1577 0.023036478854047897
1692 0.027185405425849896
1918 0.029859149622985002
2531 0.03300480012859032
2628 0.05224562093242572
2939 0.016784770667266816
3068 0.028002172834659077
3069 0.08907303069127738
3928 0.03171057007329049
3974 0.021492703619517387
4056 0.02843609712290191
5027 0.05572485987714568
5081 0.04488114791276574
5229 0.010465024931010697
5735 0.059051122367740724
5736 0.03191533606762186
5985 0.006553285399662057
6494 0.07965248807958968
6537 0.01591300611677145
6837 0.028889031344650255
7521 0.02028317615094462
7667 0.03171057007329049
7880 0.058032241139242255
8187 0.01963262550305808
8279 0.038286913214694046
8572 0.02014975049575418
8584 0.03371821020900563
8586 0.03038062203840952
