119
24 0.0077847692678902234
56 0.005385661636523831
238 0.006383362410216542
277 0.002884769747943232
458 0.005870714317752424
500 0.05765390803319154
549 0.003557913030246697
768 0.011996553642212571
841 0.007641478998128785
882 0.007688355055018639
990 0.005735036058524816
1058 0.007688355055018639
1095 0.0036438727687434077
1109 0.016308254181185807
1172 0.009517237621151331
1223 0.012265715351393012
1268 0.008842498697010719
1363 0.008586061897407805
1383 0.025559109037934787
1417 0.0033679205813060453
1478 0.008796153381328598
1503 0.006499503929015113
1507 0.005870714317752424
1520 0.005824682920623268
1558 0.005989557765330582
1564 0.008043036830825998
1578 0.008097978161732725
1721 0.01702220644045222
1956 0.004655534428319591
1984 0.004978173651892209
2019 0.006849134445790807
2031 0.005779466281409791
2122 0.005894044830797138
2200 0.018050166363014486
2406 0.009025083181507243
2531 0.008154127090592904
2556 0.00641190654430132
2580 0.01774041414275155
2619 0.0054243695501198395
2674 0.005606201697066993
2717 0.004655534428319591
2724 0.0055237857297563185
2772 0.005801974562898338
2780 0.005078369765414446
2962 0.004461063246637704
2990 0.011996553642212571
3229 0.0049204451458953165
3306 0.004408114751844818
3474 0.006652524119396985
3544 0.003182962149332568
3552 0.009555533948266583
3748 0.007989252245885587
3783 0.010795847861883602
3943 0.004031209882521978
3966 0.012907741642128708
3970 0.006985999010618113
4203 0.006088780855255851
4364 0.003683025618205208
4372 0.013906842620527868
4660 0.003465676534451624
4722 0.010640971751752135
4764 0.008330381345754333
5017 0.00851110322022611
5052 0.006716394281680562
5172 0.003942342716270555
5350 0.012265715351393012
5360 0.007376966377443353
5380 0.0026647148533327242
5400 0.01610814190301268
5557 0.010494950671016653
5667 0.011136976961752348
5811 0.008274197281663051
5838 0.06443256761205073
5885 0.008519703012644929
5890 0.07254318501130883
5983 0.007214710367842833
5990 0.006883425879089182
6081 0.029507865509773412
6323 0.012566612542259962
6328 0.005443945687466473
6381 0.005801974562898338
6409 0.0023060655827148078
6414 0.005027780519756108
6439 0.011326298628642944
6469 0.0024480284045778626
6481 0.007595447600999628
6529 0.0062452383169840555
6537 0.003931448570025888
6707 0.004146825694265919
6728 0.00451513242729199
6729 0.004994602476504974
6761 0.005214198231267645
6834 0.0014203204437584767
6920 0.003877663985085477
6930 0.00619054728362586
6996 0.004111588260800111
7302 0.005779466281409791
7322 0.00400522488047198
7340 0.00788496538141246
7375 0.005503590577765767
7484 0.00449641458605756
7492 0.006014004587513863
7521 0.0050111376372922005
7616 0.008391942720331775
7635 0.007294550410132678
7661 0.0062452383169840555
7695 0.007134645038843899
7793 0.0053286777106230565
7840 0.01112932275310473
7848 0.008270268609391474
8043 0.0034929995053090564
8073 0.007254318501130882
8145 0.0009531927841550769
8146 0.019863534119866244
8187 0.0048504133595790545
8235 0.007566246283875126
8438 0.008842498697010719
8697 0.002509589779155304
8895 0.015072310967391027
