327
15 0.00368759680632672
32 0.0024198720543830475
44 0.0016222101655216535
62 0.0022358888634800233
77 0.0013332122137118773
96 0.0024739313732326587
109 0.0018273502820779508
116 0.004675293913254905
129 0.002740544041022234
145 0.000887551897357268
152 0.004527154043288634
208 0.0020883637116614643
243 0.0009678018321109718
246 0.0030749951239170364
267 0.0033140632820469885
297 0.012561364221680953
334 0.001419225939980102
375 0.0012783974680113702
386 0.0018595055539673729
446 0.006171423882423698
502 0.0037767918746331847
522 0.0034085924148225663
549 0.0010410416783854363
559 0.002385889165922192
575 0.0013538056595460309
620 0.005650513289170739
626 0.0020345638945694815
671 0.0022358888634800233
672 0.0024198720543830475
708 0.0014809589877503749
722 0.0017890088109744186
726 0.003931613003538588
751 0.001781570990350249
757 0.0016589796175277218
822 0.0047132256859073254
952 0.0047132256859073254
998 0.0031588539354908992
1065 0.002385889165922192
1101 0.0012708848941689432
1102 0.002922831053376405
1110 0.0030328799555280122
1242 0.0018931064828872953
1253 0.00274996513216364
1268 0.0012936529935385734
1283 0.0034389353425437388
1348 0.002402687508932788
1370 0.0017669137598467553
1390 0.000995725088501875
1393 0.0022224201242167585
1496 0.0020440960960500503
1507 0.0017177649466745477
1516 0.0013967769613811767
1542 0.002552687811374957
1554 0.0023222341465535686
1575 0.002111016802983273
1580 0.004985712606367084
1632 0.0028252566445853694
1648 0.0013413816371618975
1702 0.004805375017865576
1712 0.0007343033777218618
1718 0.002307132727779894
1720 0.004292676177892886
1781 0.0044992094986339715
1791 0.004028303123649085
1799 0.001738434322703834
1833 0.002277815448436038
1894 0.0017669137598467553
1911 0.007553583749266369
1921 0.0003375036990529766
1941 0.002111016802983273
1955 0.0017314808325115101
1956 0.0013622045659454915
1980 0.0015216490218779267
1987 0.0037767918746331847
1993 0.002307132727779894
2005 0.002595413428801862
2025 0.0052369054610899015
2029 0.003769127184254625
2092 0.0018117769103440486
2122 0.0017245914306979577
2148 0.0012898098241198263
2150 0.0035484128998768314
2160 0.0047132256859073254
2209 0.0033140632820469885
2241 0.0020883637116614643
2247 0.003113537345607338
2387 0.0028252566445853694
2438 0.01097304843882021
2439 0.003911614912854367
2505 0.0022224201242167585
2517 0.002767728666122461
2578 0.0020140833036921876
2599 0.002277815448436038
2611 0.001227329188033366
2615 0.005984110580076269
2635 0.005064414440995326
2639 0.0024739313732326587
2649 0.0029920552900381345
2652 0.0035889356449859073
2666 0.007693093559530578
2688 0.0019941489275307157
2689 0.002492856303183542
2704 0.002512272844336191
2727 0.0016780656281397911
2731 0.0018513361305173527
2780 0.00594370299566579
2790 0.002402687508932788
2793 0.0018931064828872953
2939 0.001213356915706035
2954 0.001457707633458644
2962 0.0013053024990161955
2966 0.00419510176910185
3023 0.0020663769852648567
3076 0.0031588539354908992
3102 0.0018595055539673729
3149 0.0023328271365182247
3203 0.002617728363680292
3229 0.001439717168334258
3230 0.0033140632820469885
3268 0.0015814805300693412
3269 0.002688972227980163
3277 0.005377944455960326
3413 0.003022533965374053
3420 0.002634272874053209
3424 0.0038920187070438784
3512 0.0009289621971733793
3595 0.0025417697883378864
3627 0.0011861722906058077
3656 0.0007234436980196117
3675 0.001984377614464123
3725 0.00419510176910185
3786 0.0015428559706059245
3787 0.0047132256859073254
3789 0.002532207220497663
3834 0.0032586679578277093
3835 0.0018117769103440486
3854 0.0047132256859073254
3914 0.001984377614464123
3943 0.0035385835457593957
3953 0.0032586679578277093
4141 0.0083902035382037
4203 0.001781570990350249
4248 0.0029739008327811954
4251 0.0013211230854382758
4268 0.014135310078774043
4351 0.008820285247698708
4383 0.0056597496592963635
4405 0.0029920552900381345
4409 0.002099604446874817
4437 0.0034629616650230202
4564 0.0021757281710707973
4567 0.0014859257489164474
4578 0.0005995398055992577
4655 0.004675293913254905
4659 0.0025567949360227405
4660 0.0020281067499372672
4691 0.0032070961447856383
4711 0.00838781809572454
4756 0.002111016802983273
4770 0.001984377614464123
4780 0.002492856303183542
4798 0.0030643545835482176
4830 0.001285986312942618
4915 0.0010035251050724513
4924 0.002512165066265881
4928 0.02983455610226379
4943 0.0010437948852009148
4972 0.0047132256859073254
5029 0.0028875839641283032
5073 0.002532207220497663
5081 0.011355471158651575
5163 0.0017180194298976367
5167 0.0020663769852648567
5193 0.001227329188033366
5229 0.0007565078263381227
5336 0.0015112669826870264
5358 0.0032586679578277093
5367 0.002077289511996387
5372 0.005982446782592148
5374 0.002532207220497663
5380 0.0007796928142281639
5441 0.019757046555399067
5448 0.012464281515917709
5456 0.001366439675321837
5472 0.003113537345607338
5491 0.0023694600473228283
5502 0.004410142623849354
5505 0.004028303123649085
5619 0.002158492743830241
5623 0.0020656847688326147
5625 0.002170848311174688
5627 0.002455473773591053
5649 0.002512272844336191
5675 0.001570239794855989
5703 0.004894554057481929
5730 0.0013967769613811767
5750 0.00419510176910185
5807 0.001213356915706035
5823 0.0014012131453533122
5855 0.0055055111677719355
5863 0.005070266874843167
5869 0.0011131104404758544
5912 0.001147163711197987
5939 0.002723910971758672
5965 0.00441837956455644
5985 0.001421194424023097
5988 0.0023925020498830516
5990 0.0020140833036921876
5995 0.0024374609789642628
6006 0.0016716493243200956
6023 0.0003186025428142109
6031 0.004268755833812583
6040 0.0030708117281804323
6047 0.0026644620057519183
6088 0.001570239794855989
6133 0.005064414440995326
6174 0.0020242534579271625
6213 0.0021343779169062916
6228 0.0048487620003024486
6304 0.00419510176910185
6307 0.005257615250118067
6310 0.0017596915316305626
6335 0.0022923303667438913
6336 0.004028303123649085
6381 0.003395303530783881
6387 0.0021226061018799485
6388 0.0014662536976586475
6447 0.0034389353425437388
6450 0.003113537345607338
6466 0.002402687508932788
6469 0.0007162905830950718
6476 0.0013332122137118773
6496 0.002640730018685424
6498 0.005105375622749914
6499 0.002855770873432928
6503 0.002183411544808938
6517 0.0030122590822433738
6536 0.004028303123649085
6589 0.0020175414083617883
6602 0.0033140632820469885
6683 0.00924683158520688
6718 0.005281460037370848
6761 0.0006102676071018931
6834 0.00207792147537815
6909 0.009594892415540275
6930 0.0018113477421968953
6932 0.00367052070766416
6968 0.0016162540001008162
6976 0.00220918978227822
6981 0.003490906209677683
6983 0.005279074594891688
6984 0.0061036916837084445
6993 0.0007343033777218618
7000 0.0009678018321109718
7140 0.0009505606604112747
7144 0.0023376469566274527
7172 0.0018931064828872953
7238 0.0016162540001008162
7291 0.002532207220497663
7328 0.0036082204594961873
7370 0.001437683539621708
7385 0.002146338088946443
7407 0.0020548514633793066
7417 0.0032586679578277093
7452 0.003988297855061431
7484 0.00043854875480767944
7503 0.0014859257489164474
7508 0.007993386017255754
7521 0.0014662536976586475
7533 0.002795939365241513
7553 0.0019465216872590148
7573 0.019776796512097586
7579 0.002724409131890983
7582 0.0024198720543830475
7591 0.0019017481375775721
7615 0.0022496047493169857
7633 0.004985712606367084
7695 0.003131384655602744
7702 0.0017525384167060224
7711 0.0066672603726502765
7768 0.0036769778522963746
7864 0.001172941948667269
7892 0.001063356613263866
7943 0.0014012131453533122
7944 0.011729419486672688
7958 0.0017454531048388415
7961 0.004580683862959109
8011 0.0024410929950549032
8033 0.0018579243943467585
8048 0.0014283977704535392
8115 0.002767728666122461
8117 0.007108380141968485
8145 0.0005578064485589091
8155 0.0028875839641283032
8205 0.0015665504124220528
8228 0.005711541746865856
8302 0.004444840248433517
8350 0.0022638961625958123
8430 0.0024739313732326587
8445 0.0026761241074290927
8497 0.002714313461750742
8533 0.004612492685875555
8560 0.003490906209677683
8586 0.0021961895449452667
8592 0.0018041102297480936
8601 0.0038579589388278547
8604 0.002111016802983273
8622 0.0015591655951909115
8639 0.00199145017700375
8640 0.0005667758245513268
8664 0.002454658376066732
8679 0.0013528757072394752
8681 0.002402687508932788
8682 0.0036769778522963746
8688 0.0021226061018799485
8697 0.0014686067554437235
8699 0.00351017920684361
8719 0.0014423700427808705
8739 0.0013579933164668558
8764 0.0010035251050724513
8778 0.0037767918746331847
8814 0.0006798201888266757
8824 0.002263577021644317
8846 0.0021961895449452667
8892 0.004628567911817773
8893 0.006371571544711191
8912 0.0029920552900381345
