110
1 0.009404866962010636
93 0.006355300511834581
109 0.00689409424602136
312 0.024588130954518173
346 0.011917494392988393
347 0.017781715087741273
443 0.0033910274105594996
446 0.0058207747981950785
620 0.010658922795481167
726 0.0037082259010648047
1057 0.005780487055329592
1062 0.01582697485615698
1193 0.005945210897461373
1253 0.005187434226581412
1317 0.010052288476245874
1390 0.0037565991975298005
1411 0.007875906861061448
1609 0.005550147327003496
1648 0.005060667085656249
1712 0.005540652759174048
1777 0.007450126730426342
1788 0.011585335156317085
1921 0.0004244364700211676
1935 0.006379930310647173
1959 0.006777785224536281
2019 0.007560732829769073
2024 0.007274909264935477
2025 0.009878708028874132
2041 0.004851675635192605
2328 0.008237416282688266
2416 0.004999358278949486
2481 0.01424880570884338
2492 0.0014794747617243107
2497 0.012728784890444886
2599 0.008593576464554144
2717 0.005139226316976173
3268 0.005966494727079787
3739 0.010894066773756782
3760 0.006142808013077287
3917 0.01297416515596047
3926 0.006429844782506205
3982 0.010339325245674791
4005 0.01067441785665235
4267 0.008878677021041687
4268 0.00666608373033094
4364 0.004065677630486268
4372 0.007675854693148499
4383 0.00711756396547876
4438 0.026485897651638148
4461 0.006864564195692006
4504 0.004513128866824847
4567 0.016817977794554337
4677 0.001048488100954214
4853 0.009064684692791883
4915 0.0037860265327733385
4928 0.041468605491424074
4953 0.013242948825819074
4990 0.02849761141768676
5164 0.011585335156317085
5177 0.015591753616089376
5223 0.0013311260746402894
5229 0.005708195416914926
5362 0.008939326542172488
5381 0.008865287624746681
5440 0.004643712103106783
5441 0.004969196557873099
5675 0.005924086498774867
5703 0.004616454395125001
5893 0.006777785224536281
5912 0.0043279358195196784
5939 0.01027657321163499
5985 0.0017872596544532885
5989 0.008153174197570221
6014 0.009333468362650485
6058 0.006379930310647173
6115 0.0060976855458348975
6329 0.005740766764357632
6387 0.008008013929819806
6444 0.007378728131066192
6469 0.002702369018040498
6579 0.0034869285661798992
6728 0.009968474190125172
6761 0.0011511866224876621
6795 0.008593576464554144
6834 0.007839431020744837
6984 0.007675854693148499
7328 0.006806415866776899
7391 0.007560732829769073
7470 0.004564638865763686
7484 0.0016545248476835179
7521 0.005531775313893988
7603 0.0055872543628764145
7695 0.003937953430530724
7719 0.005513522214323673
7944 0.0044251900790628785
7983 0.013540075387901378
8011 0.004604789058853568
8033 0.003504721016608658
8061 0.013277672465939699
8145 0.004208903202762677
8146 0.01461818528301845
8167 0.00796429066580053
8235 0.01948881618573896
8427 0.009064684692791883
8478 0.01468352512202918
8622 0.005882306563674803
8640 0.0021382906108072786
8664 0.0092607566006154
8705 0.017522312196722383
8893 0.0060095504342162365
