186
52 0.0032419954811448363
110 0.007287111052522351
145 0.0019169801203143965
209 0.00906966679281984
213 0.007038238228616725
238 0.004034095203482573
276 0.0015938808776440785
277 0.0018230886882912615
334 0.00613063398608505
375 0.0027611484346267883
378 0.0026356890179440383
459 0.005830049175262684
491 0.0074275889740442825
552 0.005977882360658549
708 0.003198651196590958
719 0.009525252284224812
726 0.006368774595880816
897 0.009600193993828526
956 0.005048969820819887
1011 0.002836253959118561
1110 0.003275284859036756
1192 0.005117681366150792
1282 0.009060796014305482
1283 0.0074275889740442825
1417 0.004256851292357083
1438 0.00555890734136008
1470 0.005807780165265705
1495 0.006462394511197606
1581 0.0063085183581930515
1603 0.005977882360658549
1621 0.007509519267590539
1640 0.0025122756107211633
1712 0.0015859861057858798
1935 0.0036524508098128793
1955 0.0037397411289560867
1956 0.005884318608284985
1959 0.0038802190504780188
1983 0.003556240702080621
2006 0.007581465127048837
2025 0.0056554685369762684
2162 0.00794172539845425
2179 0.007581465127048837
2187 0.007287111052522351
2373 0.0028448188472582053
2397 0.003403577985907254
2403 0.004088828500213824
2438 0.007292354753165046
2533 0.00840618166837358
2769 0.006236751982002023
2860 0.006383623882684825
2872 0.006102134239792192
2954 0.0015742158643856359
3069 0.06026502448257429
3096 0.004052134247327972
3189 0.01161556033053141
3213 0.0026508485436705785
3229 0.004664362498897047
3259 0.008157308844467956
3268 0.006831525561117377
3270 0.006724777686980904
3306 0.0027857974268164277
3328 0.009060796014305482
3368 0.012336080873342238
3420 0.011379275389032821
3627 0.0025619557652118
3656 0.00156253081245128
3760 0.007033400996385889
3789 0.005469191059885286
3828 0.005807780165265705
3834 0.007038238228616725
3871 0.00794172539845425
3960 0.008700535742900068
3986 0.00498306362394096
4056 0.008879673451017697
4057 0.005513426090739219
4075 0.010378895484683641
4164 0.009060796014305482
4203 0.0038479284215371546
4248 0.0032115917915350825
4319 0.009525252284224812
4350 0.004688709549414474
4352 0.013264993413180898
4372 0.004394355474887987
4383 0.002037369610936299
4458 0.0033323394755466248
4471 0.005264553266833593
4531 0.005653904012261151
4534 0.0037669869158634896
4551 0.010179866630156712
4677 0.001200499386966163
4739 0.010179866630156712
4747 0.0074275889740442825
4773 0.00794172539845425
4819 0.0029978364638809786
5013 0.010708916800689729
5032 0.006871764816795493
5163 0.0018553332505028381
5193 0.005301697087341157
5223 0.0007620573066713923
5233 0.009060796014305482
5314 0.008157308844467956
5379 0.0034280402361352145
5381 0.0012688236935046364
5441 0.008534456541774616
5457 0.00840618166837358
5560 0.005919167612765493
5613 0.004688709549414474
5649 0.010852271543192021
5675 0.0033914844639826376
5703 0.0013214386186789033
5726 0.009525252284224812
5735 0.023049694604508463
5736 0.0249153181197048
5869 0.009616612132586935
5871 0.005264553266833593
5893 0.0038802190504780188
5910 0.0022074718063291436
5939 0.001961080885491683
5985 0.003069568625864012
5988 0.0025837243326803953
5996 0.006383623882684825
6019 0.004743442846145724
6022 0.007287111052522351
6174 0.008744172929782017
6307 0.0037852223795769475
6329 0.0032865356197437747
6350 0.005048969820819887
6385 0.005189447742341821
6430 0.003853353423584393
6469 0.0015470811478744857
6471 0.004184387608893756
6484 0.007112481404161242
6491 0.0009027501337015145
6494 0.012436447952947086
6529 0.0039468048843393656
6537 0.004969117151705583
6707 0.0026206705131048558
6713 0.0019962341977386782
6761 0.0006590436426137544
6834 0.00269280084132648
6837 0.004510555079833869
6935 0.0033794808575506726
6963 0.003465442935049326
6993 0.0015859861057858798
7072 0.007581465127048837
7182 0.008368775217787512
7234 0.005754841729895406
7317 0.0063085183581930515
7447 0.005153165819333804
7470 0.0026132133283554185
7521 0.0031668899566530636
7555 0.002736870118050737
7603 0.003198651196590958
7652 0.0038320221093465405
7661 0.0039468048843393656
7695 0.0022544417408986296
7711 0.009600193993828526
7790 0.006038813275856205
7800 0.0031153048135899096
7818 0.006462394511197606
7892 0.0045933843294149145
8011 0.0013180994703781586
8033 0.008025680841007188
8042 0.006102134239792192
8044 0.006926850781116936
8059 0.0029330636314767403
8117 0.005117681366150792
8204 0.00682265478260302
8279 0.005977882360658549
8403 0.010179866630156712
8445 0.0019266767117921966
8533 0.006641532219315235
8534 0.00453483339640992
8572 0.0031460576982218417
8619 0.007038238228616725
8640 0.001224151502097847
8664 0.0026508485436705785
8667 0.007479482257912173
8679 0.0014610051782641916
8705 0.0050156804429279675
8739 0.0029330636314767403
8764 0.0021674650038925433
8768 0.0041074931893404065
8820 0.007096211130115084
8845 0.005048969820819887
8867 0.006376537740572586
