60
375 0.009646089985903977
378 0.009207796699051252
515 0.026485897651638148
521 0.0071357875292376955
722 0.02699776932925032
954 0.03165394971231396
1253 0.010374868453162824
1255 0.02317067031263417
1516 0.010539317072239788
1706 0.01800261825195836
1921 0.0008488729400423352
2025 0.009878708028874132
2092 0.013670680323505095
2255 0.01800261825195836
2311 0.01975195038049675
2326 0.023493054516855367
2388 0.009341140689156924
2438 0.006368972170783758
3306 0.009732201400176872
3477 0.009103345786643277
3653 0.007711817089643372
3786 0.011641549596390157
3829 0.02257641718846956
4094 0.04950931368838384
4129 0.030395378114806734
4268 0.01333216746066188
4346 0.01781886063367903
4622 0.05189666062384188
4653 0.005180943924749549
4840 0.003574519308906577
4928 0.02369634599509947
5177 0.03118350723217875
5223 0.0026622521492805787
5619 0.01628680888526455
5703 0.004616454395125001
5811 0.006089236094730385
5893 0.013555570449072562
5939 0.01370209761551332
5985 0.003574519308906577
6163 0.013064809918041395
6553 0.024198998183382545
6554 0.01910665448193691
6707 0.009155329454872808
6849 0.014030814634481087
6981 0.013170237063783986
6983 0.013277672465939699
7238 0.012195371091669795
7579 0.030835357901857034
7621 0.011890421794922746
7863 0.01050604152984238
7923 0.012470556793876784
7959 0.010990772997684098
8033 0.007009442033217316
8048 0.03233373134935739
8061 0.039833017397819095
8115 0.02088377084437857
8167 0.01592858133160106
8422 0.02317067031263417
8592 0.013612831733553798
8893 0.024038201736864946
