290
44 0.008160208711411954
51 0.004414316275273025
56 0.0019817369658204575
68 0.0006253370656380755
92 0.0020784261323127974
93 0.00211843350394486
129 0.0034464417485582637
145 0.0022323274994137344
209 0.002640411652888027
243 0.003651252366600485
276 0.0009280388659875696
308 0.004894508374009726
320 0.003350762825415291
397 0.005252551153572774
413 0.001458714576374973
477 0.003972498130996131
496 0.002979775514057496
504 0.0034134548079592666
521 0.0011892979215396159
522 0.002143281594168735
550 0.00696125694812619
617 0.004324721718653489
636 0.003972498130996131
749 0.0052756582853856595
772 0.0022592617415120933
884 0.002495505181826094
956 0.0029397681424254327
979 0.008190018628522686
983 0.0019959801374899843
994 0.0036731416414587247
998 0.003972498130996131
1011 0.001651411937235699
1021 0.003972498130996131
1073 0.003320918053801366
1095 0.0013408189841696522
1102 0.001837840738107891
1146 0.0052756582853856595
1206 0.0059272383625804245
1207 0.002424969754978492
1220 0.009789016748019451
1243 0.003861778385439028
1309 0.0015982340335760953
1371 0.002864525488184714
1390 0.0012521997325099334
1438 0.003236679815640393
1475 0.00363135559125226
1496 0.0025706056965477905
1530 0.003210198308244264
1586 0.01344129961807698
1587 0.015674778270017727
1604 0.004513358462633793
1621 0.002186212860369973
1692 0.004942800986518163
1712 0.002770326379587024
1716 0.0048274235199751315
1721 0.0015658956141108645
1778 0.004372425720739946
1784 0.0020706249975317903
1809 0.003716871914377095
1896 0.0035161055653794783
1921 0.0007073941167019458
1935 0.0021266434368823906
1940 0.0015479040343689275
1941 0.00796429066580053
1948 0.002424969754978492
1959 0.0022592617415120933
1980 0.0019135889214525442
2025 0.0016464513381456887
2042 0.0037627361980782596
2104 0.004624078208190895
2154 0.0042429282968149615
2332 0.0030652918371823303
2373 0.0016563988526243662
2400 0.008649443437306979
2438 0.004245981447189172
2443 0.003972498130996131
2450 0.0028117996313460894
2468 0.00428656318833747
2478 0.002612348931753032
2492 0.0004931582539081036
2523 0.003263929008947796
2555 0.0037627361980782596
2570 0.0012719213931858158
2586 0.002882779097571863
2591 0.004749601902947793
2666 0.0048373239806139235
2673 0.004624078208190895
2677 0.003210198308244264
2743 0.0029012911764761656
2767 0.002730006209507562
2769 0.00363135559125226
2872 0.0035529742651603884
2893 0.0050657246729227745
2912 0.0031593734254530886
2955 0.0059272383625804245
2975 0.0010535625607444674
2976 0.006130583674364661
3007 0.0059272383625804245
3017 0.0031844424136561514
3023 0.0025986256026815624
3069 0.04318692397152843
3229 0.0027158301129941685
3248 0.002318032836844593
3267 0.01663826535361347
3306 0.0016220335666961452
3307 0.002424969754978492
3470 0.003480628474063095
3523 0.004624078208190895
3558 0.005546088451204491
3583 0.004749601902947793
3595 0.0015982340335760953
3653 0.0012853028482738952
3675 0.002495505181826094
3783 0.003972498130996131
3806 0.007032211130758957
3809 0.004033166363897091
3926 0.002143281594168735
3943 0.0014833456277678274
3970 0.0012853028482738952
3974 0.0019538821472288533
4056 0.0025850997384456284
4144 0.0026693379766066015
4205 0.0059272383625804245
4221 0.0008464374636259861
4333 0.0015658956141108645
4358 0.00363135559125226
4383 0.005931303304565633
4399 0.001220222794051315
4403 0.0026816379683393043
4408 0.0042429282968149615
4412 0.008704182563896873
4433 0.0012360753003549348
4435 0.002520244276589691
4468 0.0010775646649990396
4482 0.003581067163515928
4534 0.0010966661042935916
4677 0.0003494960336514046
4680 0.0023384691057468476
4687 0.003480628474063095
4689 0.003480628474063095
4696 0.009026716925267585
4724 0.0035131056907465956
4732 0.004033166363897091
4819 0.0017454935255064572
4830 0.004851675635192605
4915 0.0012620088442577796
5017 0.0015658956141108645
5019 0.00211843350394486
5030 0.018527665746187034
5032 0.0093358825036262
5039 0.006269911308007091
5045 0.0019402582660650262
5193 0.0015434594334358996
5198 0.002684141925806397
5223 0.002218543457733815
5234 0.002761874730764502
5255 0.0023069657435985506
5310 0.0037627361980782596
5356 0.002979775514057496
5369 0.005546088451204491
5380 0.0004902613907646787
5431 0.001242491921488569
5439 0.003381586286702326
5441 0.004969196557873099
5591 0.0035913482196201973
5595 0.025893438525123144
5623 0.009092142808270826
5665 0.004624078208190895
5675 0.0019746954995916222
5711 0.004098021825753028
5735 0.021473135406451176
5736 0.002901394187965624
5807 0.0015258882424788013
5869 0.008398924232681447
5871 0.0030652918371823303
5887 0.0052756582853856595
5895 0.000305709168135196
5912 0.0014426452731732262
5913 0.0020251307320783125
5939 0.0011418414679594433
5976 0.0020177578994118373
5985 0.006553285399662057
5988 0.004513128866824847
6038 0.0035913482196201973
6057 0.0037627361980782596
6060 0.002864525488184714
6080 0.0024137117599875657
6174 0.0025456520758780983
6293 0.0017077794737386217
6300 0.002761874730764502
6315 0.004894508374009726
6329 0.0038271778429050884
6335 0.002882779097571863
6349 0.0018500491090011654
6430 0.002243619201177926
6435 0.0028117996313460894
6444 0.0024595760436887304
6466 0.0030215615642639605
6469 0.000900789672680166
6477 0.0020784261323127974
6494 0.01689598231991296
6503 0.0027458054275627556
6537 0.0043399107591194875
6544 0.004167685642574243
6548 0.002846619587825429
6571 0.003915509086142561
6599 0.002495505181826094
6615 0.0016366079880359037
6707 0.0015258882424788013
6713 0.0023246190441199325
6761 0.0011511866224876621
6837 0.005252551153572774
6858 0.0028290483968683305
6909 0.001723757728332993
6932 0.002307978929819131
6935 0.001967706386755695
6990 0.0030431724320271656
6993 0.001846884253058016
7000 0.002434168244400323
7078 0.00363135559125226
7140 0.0011954020426384211
7141 0.003236679815640393
7148 0.003810953502647853
7252 0.0014833456277678274
7298 0.0059272383625804245
7321 0.005546088451204491
7347 0.001556856781526154
7370 0.0018079959664939662
7383 0.0030215615642639605
7385 0.002699182748220527
7417 0.004098021825753028
7433 0.0035913482196201973
7458 0.005546088451204491
7470 0.0015215462885878953
7484 0.0005515082825611726
7508 0.003350762825415291
7556 0.0052756582853856595
7638 0.0035529742651603884
7651 0.006641836107602732
7652 0.0022311990203770986
7657 0.0031844424136561514
7667 0.002882779097571863
7676 0.003320918053801366
7696 0.0035913482196201973
7719 0.001837840738107891
7757 0.0037627361980782596
7761 0.0034134548079592666
7790 0.0035161055653794783
7818 0.0037627361980782596
7863 0.0017510069216403966
7880 0.0052756582853856595
7892 0.002674502996996996
7904 0.0031408956658310985
7943 0.0017621316827928016
7971 0.0059272383625804245
7996 0.0017621316827928016
8011 0.003837324215711306
8033 0.0011682403388695527
8042 0.007105948530320777
8043 0.0025706056965477905
8075 0.004098021825753028
8117 0.002979775514057496
8129 0.0025717657369200473
8145 0.00035074193356355644
8151 0.002348856298131628
8185 0.00882863255054605
8187 0.012493488956491505
8199 0.0052756582853856595
8347 0.002699182748220527
8359 0.003350762825415291
8372 0.004624078208190895
8398 0.004033166363897091
8430 0.003111156120883495
8469 0.0031844424136561514
8482 0.005065896352467789
8487 0.0035529742651603884
8491 0.005546088451204491
8522 0.001275248941248433
8527 0.0063308839607092125
8535 0.003381586286702326
8549 0.003263929008947796
8584 0.0030652918371823303
8601 0.006468900846923473
8640 0.0007127635369357595
8679 0.003402687384875044
8695 0.0017130754389920574
8697 0.001846884253058016
8719 0.0018138895992547309
8780 0.002846619587825429
8814 0.0008549253889790012
