292
53 0.001955011506841142
56 0.0019689515660409706
68 0.0006213026329565395
69 0.002004740106512406
80 0.00527527209691734
93 0.002104766191016184
139 0.0020886629192042486
145 0.0011089626932571455
209 0.002623376738998427
213 0.004071582975264299
243 0.0012092319665730638
334 0.0017732694002762135
339 0.0029208018963452686
376 0.009437918620051097
381 0.004385836815432553
386 0.0023233822082904163
397 0.0052186637267755305
443 0.0011230499381207804
446 0.0019277404708000904
550 0.0034581728064884943
617 0.004296820288210564
625 0.005510307235390268
698 0.004862930900629018
707 0.0018199774641326355
780 0.0026093318633877653
829 0.003045515760813412
849 0.0027936589885632114
965 0.002666824881123775
1036 0.005241621780318655
1073 0.003299492776034906
1164 0.0016163707295610993
1176 0.0019831028462803718
1207 0.0024093247888173405
1220 0.004862930900629018
1222 0.0028460446785835225
1243 0.003836863686178131
1248 0.0021986683438222727
1256 0.006327795247781256
1257 0.003045515760813412
1268 0.0016163707295610993
1309 0.001587922846262701
1331 0.0035300518505464507
1332 0.004071582975264299
1388 0.0033291450007351922
1390 0.0012441210245582564
1411 0.0013041824264553364
1417 0.001231282793165651
1438 0.009647394031134592
1476 0.0031389903710953267
1496 0.002554021143666837
1562 0.0036079274906635358
1586 0.01144678419087846
1587 0.003114730133655135
1632 0.0035300518505464507
1640 0.0014533379339440708
1665 0.0034581728064884943
1692 0.007366367921843198
1712 0.002752453306170333
1765 0.005241621780318655
1799 0.0021721082612708117
1819 0.009725861801258036
1847 0.0012473583471331315
1921 0.00014056605673819312
1946 0.004071582975264299
1948 0.004818649577634681
1955 0.002163420136965994
1980 0.001901243186475431
1991 0.008593640576421127
2024 0.0024093247888173405
2115 0.004385836815432553
2122 0.0021548120886785236
2123 0.004470598362047902
2163 0.004862930900629018
2200 0.003299492776034906
2255 0.002981078721292029
2264 0.011840607332388467
2297 0.0033914325188756584
2373 0.0016457124084138864
2398 0.007296316776112822
2438 0.008437176036995259
2439 0.0024437078111488033
2467 0.003738460480671303
2492 0.0004899765877538578
2499 0.0029605511559022864
2529 0.004718959310025549
2558 0.001457389856254934
2588 0.0023546912839268143
2688 0.0024916140363340773
2704 0.0031389903710953267
2713 0.004997395459139359
2724 0.002019448546362525
2767 0.0027123932662204164
2769 0.0036079274906635358
2807 0.0045942454455574055
2819 0.003946869110796156
2838 0.008000474643371325
2876 0.0028641805227488186
2939 0.0015160438022047446
2954 0.0009106754140209379
2962 0.003261852696466278
2976 0.003045515760813412
2986 0.002696955449818
3007 0.005888998115079905
3017 0.003163897623890628
3023 0.002581860276212649
3030 0.0016657984863797863
3069 0.03218122399168731
3076 0.003946869110796156
3212 0.0024916140363340773
3229 0.007195489675717883
3237 0.004718959310025549
3300 0.01177799623015981
3400 0.005765351031570401
3506 0.0017507630912909123
3541 0.005488112368228817
3582 0.002235299181023951
3595 0.004763768538788103
3637 0.005510307235390268
3760 0.0020343923312126926
3806 0.013973684053379088
3819 0.001231282793165651
3869 0.0029208018963452686
3871 0.0045942454455574055
3898 0.0033597696009816658
3906 0.004071582975264299
3912 0.002542111016655632
3926 0.006388361912941649
3939 0.0035300518505464507
3943 0.0014737756559757768
3969 0.0011518783572450667
3970 0.002554021143666837
4056 0.002568421675616947
4058 0.004718959310025549
4139 0.003299492776034906
4158 0.004415384492348236
4232 0.004484240020939381
4364 0.0013464824840750222
4382 0.002485403724504365
4383 0.0023572147326531806
4403 0.0026643370782209862
4412 0.008648026547355601
4471 0.003045515760813412
4482 0.0017789817521982351
4500 0.0017847292572763574
4504 0.001494670635464573
4513 0.005888998115079905
4534 0.0021791816782092016
4567 0.0018566083013343137
4677 0.000347241220531073
4835 0.0003312965573002691
4854 0.0016358290714479746
4915 0.001253866851714181
4943 0.002608364852910673
5005 0.004718959310025549
5020 0.004862930900629018
5030 0.01840813241879228
5032 0.007950558003088118
5039 0.003114730133655135
5045 0.0038554809416001807
5193 0.0030670032612790782
5223 0.001763384219308426
5306 0.004385836815432553
5346 0.004140797348106022
5380 0.0019483936562002717
5381 0.002936030740238686
5431 0.0012344758445757395
5441 0.00493713722524166
5456 0.0034146298983311284
5463 0.0020419548553478263
5526 0.011020614470780536
5536 0.0028641805227488186
5562 0.003068022069798713
5578 0.010480263040034316
5595 0.05466856617642935
5605 0.005510307235390268
5614 0.0034581728064884943
5620 0.004718959310025549
5623 0.006452488444579296
5703 0.0015288902727940861
5706 0.006650412563962706
5711 0.008143165950528598
5723 0.003692892095574662
5735 0.018667774167866427
5736 0.011530702063140802
5811 0.0010083251167618055
5869 0.001390789604121444
5871 0.003045515760813412
5893 0.0022446858593087897
5910 0.0012770105718334186
5939 0.0034034242464339535
5960 0.0037863667058565765
5985 0.0035514578940104053
5988 0.005978682541858292
5990 0.0025165212891293783
6006 0.0020886629192042486
6019 0.005488112368228817
6036 0.0018818521793369895
6043 0.007572733411713153
6058 0.0021129231566444397
6107 0.0013832575743664532
6134 0.0026093318633877653
6258 0.004140797348106022
6266 0.0024437078111488033
6315 0.009725861801258036
6329 0.001901243186475431
6341 0.0037863667058565765
6357 0.001290497688915859
6363 0.0033914325188756584
6406 0.002696955449818
6430 0.003343716357884522
6459 0.002981078721292029
6471 0.0024206457350374635
6494 0.004796278852104325
6537 0.0014373037782890344
6539 0.005241621780318655
6551 0.003836863686178131
6595 0.003114730133655135
6599 0.004958810296789916
6640 0.0045942454455574055
6707 0.0015160438022047446
6713 0.0023096215018998043
6761 0.0015250128160266662
6834 0.0015577708092834905
6837 0.0026093318633877653
6852 0.0024437078111488033
6869 0.003163897623890628
6923 0.0038902477371997057
6930 0.001131605417436985
6968 0.002019448546362525
6973 0.0011755994196759132
6996 0.0015031612996473523
7022 0.0032157980103781967
7068 0.0006724449680635805
7244 0.002623376738998427
7252 0.005895102623903107
7371 0.0037863667058565765
7372 0.005241621780318655
7390 0.004983228072668155
7465 0.005241621780318655
7481 0.0017732694002762135
7503 0.0018566083013343137
7553 0.0024321055920376077
7555 0.001583264648936878
7561 0.0028460446785835225
7579 0.001702023339385657
7591 0.0023761627267367084
7603 0.0018504025201784252
7607 0.004007145935742916
7611 0.002542111016655632
7638 0.0035300518505464507
7651 0.003299492776034906
7652 0.004433608375975138
7653 0.003114730133655135
7702 0.0021897307959273097
7711 0.0027768303057417996
7761 0.0033914325188756584
7790 0.003493421013344772
7828 0.009070617184493875
7904 0.0015603159114128682
7958 0.0021808779654007887
7988 0.0015031612996473523
8011 0.0015250269141149448
8033 0.001160703304425233
8042 0.0035300518505464507
8043 0.0012770105718334186
8044 0.004007145935742916
8056 0.003163897623890628
8062 0.0015074357539172738
8075 0.004071582975264299
8080 0.003023539061497958
8115 0.0034581728064884943
8117 0.0029605511559022864
8204 0.003946869110796156
8234 0.003299492776034906
8271 0.004215554565867768
8334 0.004007145935742916
8345 0.0035681782311065184
8406 0.005888998115079905
8469 0.003163897623890628
8487 0.0035300518505464507
8489 0.005241621780318655
8524 0.003068022069798713
8527 0.0020966798493531583
8534 0.002623376738998427
8540 0.003049463853019124
8584 0.003045515760813412
8601 0.0032135830013748866
8616 0.005241621780318655
8679 0.00169036728151857
8695 0.006808093357542628
8697 0.002752453306170333
8867 0.0007377585600920539
