129
82 0.003929888512775694
153 0.015096616533930175
163 0.0020846129620478585
217 0.01979400682028386
277 0.010379065759795754
405 0.022469640505551097
423 0.008147102380510272
459 0.0041488974289567776
521 0.005814345394193677
726 0.0030215174008676182
821 0.005301521805478907
829 0.007492935602001252
872 0.00621828236668621
885 0.01355710510294431
962 0.008778851203516036
975 0.027327536342220883
1057 0.004710026489527816
1129 0.004085938575519171
1139 0.005445360800679445
1164 0.003976785128285244
1193 0.004844245916450007
1339 0.009571244432792926
1366 0.012024593991367126
1468 0.0029981887294123002
1520 0.005239132785745796
1539 0.007548308266965087
1568 0.004677661807995108
1577 0.005119217523121755
1672 0.010790550895111837
1871 0.008344000641678206
2041 0.003953217184231011
2053 0.0072838957010294345
2058 0.006635366582885556
2099 0.010371602503325462
2117 0.003166693318047193
2150 0.005454042049810685
2372 0.002137197737360979
2465 0.005158498042059358
2684 0.021939976385015124
2954 0.004481101243595091
2962 0.004012596571049786
3050 0.0037299490371704032
3342 0.005476681192558172
3413 0.00464574665048234
3472 0.006915451636789252
3478 0.00587299044159706
3557 0.007548308266965087
3585 0.0029371125916896894
3640 0.011586576159004958
3656 0.002223919516134362
3840 0.005080597212320171
3872 0.004321151576870656
3884 0.02386071076971146
3940 0.008978790679121327
4005 0.004348836904562068
4050 0.008424635385364644
4211 0.011303302286688854
4221 0.006207208066590564
4346 0.002419845271240362
4407 0.0030688975207243713
4437 0.005322700336979827
4770 0.006100123777797118
4802 0.006352195917666041
4835 0.0008150947044689161
4915 0.003084910508185683
4943 0.003208702795247256
4993 0.008344000641678206
5045 0.0047428535392700635
5178 0.0029220938820050295
5200 0.006915451636789252
5234 0.006751249341868782
5255 0.0028196247977315615
5367 0.012771483666348156
5371 0.00525974148354222
5380 0.0011984167329803258
5510 0.0042136300025917605
5601 0.008594924715372059
5730 0.004293795844245839
5732 0.006673348512129596
5863 0.006234550379436783
5869 0.003421783946647997
5897 0.0007647855155073257
5955 0.011964353803134885
5999 0.006831884085555221
6007 0.007847151420152645
6167 0.008424635385364644
6178 0.014567791402058869
6388 0.004507372477987694
6410 0.004986794212529527
6437 0.008508202936598677
6469 0.002201930310995961
6491 0.0012848665924111503
6492 0.0035856417098335674
6589 0.0031010358684079335
6611 0.046440551939933974
6646 0.04067131530883293
6761 0.0018760078292391527
6764 0.0034311058839828464
6824 0.05167483855889582
6832 0.00528053668792546
6834 0.002555073814168688
6909 0.0042136300025917605
7232 0.017016405873197353
7252 0.007251911957976045
7377 0.00625440012034322
7383 0.0073860393793119036
7409 0.004098393101410585
7448 0.005741648728766202
7481 0.004362805667346239
7579 0.004187517739758362
7716 0.006635366582885556
7793 0.004792990533364654
7988 0.0036982539911958666
8043 0.003141851406891744
8069 0.0053656521370971785
8090 0.009085686901810676
8171 0.005387432910614809
8235 0.009074157800767348
8342 0.009858851111748444
8448 0.0019337149235029065
8695 0.01675007095903345
8697 0.002257302975959797
8698 0.006489422023985616
8754 0.00500525097361853
8800 0.00569114440122001
8814 0.00417963523500845
8815 0.009420052979055632
8867 0.0018151202668931484
8872 0.003312774365581404
