106
82 0.009401885176134253
124 0.008713014477813691
130 0.01338155552071606
141 0.0070907343468358435
246 0.011307418778454419
250 0.009166769064238214
318 0.00548245475167002
338 0.007848566896978198
378 0.00897468792186008
405 0.006719560214476515
406 0.008835199004366771
521 0.006955134680396234
523 0.0075985128382207705
549 0.0038281342730502434
692 0.008653900387597594
708 0.0054458048853352386
726 0.0036143467643289864
785 0.005152562262343508
858 0.006100425049263331
872 0.018595812773792627
878 0.02437099867411986
990 0.006170608417400118
1144 0.0055954308969055405
1164 0.00475704043826526
1172 0.005120032897454831
1417 0.003623712017860935
1468 0.01434576379389683
1503 0.00699313713881373
1545 0.01542629194840617
1568 0.0055954308969055405
1593 0.014315558231613765
1717 0.009097178024355536
1900 0.00634169380528806
1921 0.00041369124293202405
1960 0.008596030897471834
2086 0.009887929521876422
2373 0.004843394113369983
2375 0.013521038811292364
2388 0.009104656114747887
2465 0.012341216834800236
2502 0.008653900387597594
2578 0.007406217718007348
2659 0.008898390275927535
2684 0.008748218431999702
2705 0.011449146821505463
2708 0.01264570527859438
2929 0.008596030897471834
2939 0.0044617744811721914
3269 0.009887929521876422
3884 0.00475704043826526
3946 0.01161578567417856
3970 0.022549743641868594
4195 0.018333538128476427
4221 0.0049500520024709565
4296 0.013736349490339396
4364 0.003962749082879021
4485 0.013736349490339396
4653 0.0025248903937070584
4677 0.0010219440983984108
4761 0.0075985128382207705
4915 0.003690177759791735
4926 0.011292035532106524
5032 0.0077995980410041675
5124 0.00802887409831641
5147 0.014311790308813249
5336 0.0055572539046909
5371 0.006291716078414428
5381 0.0043204249816803444
5456 0.00502469273013916
5474 0.007057815399457313
5643 0.0055572539046909
5695 0.008898390275927535
5703 0.0022497910659786393
5811 0.0029675391094572128
5897 0.0009148383698157251
5982 0.00938678239499272
5989 0.003973382362107007
6161 0.00897468792186008
6378 0.006031989167730309
6469 0.0026339546125204853
6487 0.014311790308813249
6654 0.00802887409831641
6761 0.004488170629445568
6764 0.004104297544764292
6769 0.01542629194840617
6824 0.013736349490339396
6834 0.0030563857650498863
6968 0.005943313759864393
7074 0.003111641859419712
7196 0.010389076648760123
7252 0.004337377721700862
7346 0.019333382660244286
7407 0.0037780655070360036
7484 0.0032252762853577435
7666 0.017635906497662435
7725 0.011190861793811081
7816 0.018622941710242303
7960 0.014812937435696952
7988 0.004423860786936828
8235 0.018995428434201267
8350 0.005549888904928973
8448 0.0023131146869749958
8524 0.009029305458584819
8639 0.003661495420377147
8640 0.00208415667129317
8873 0.023514541996883246
