138
17 0.01015100635660855
46 0.007146612332388066
91 0.013231862016018482
370 0.005689881651369109
423 0.0036488207343991505
458 0.004729959402928494
536 0.007208057721792653
652 0.014057930032311376
668 0.0036488207343991505
687 0.009125453871418486
726 0.0027064776718672035
858 0.004568090795182968
974 0.006972570592934323
1183 0.009290203190182523
1193 0.026034951986987243
1309 0.003499450822332493
1383 0.0068642156973916495
1467 0.006569675854980065
1480 0.010399602270909386
1482 0.04119393657611744
1495 0.008238787315223489
1507 0.004729959402928494
1525 0.006917680201702972
1572 0.005689881651369109
1606 0.008344362645608096
1609 0.004050818428239519
1712 0.002021944371831288
1749 0.01052128145461464
1779 0.006812104871318364
1881 0.008021701619162802
1945 0.006480171854219999
2031 0.009312884055352272
2039 0.002001961033437148
2053 0.006524437381490821
2084 0.004845406539703113
2161 0.016003795262451475
2200 0.007271394032493987
2409 0.012978123808114484
2655 0.008042613451914364
2674 0.004516844969200896
2678 0.009125453871418486
2681 0.012960343708439999
2684 0.009826197954426205
2693 0.008972919827004261
2721 0.006312056602266355
2772 0.004674576662050794
2780 0.004091577536115905
2896 0.00563107000216617
2962 0.0035942215731204247
3066 0.004263199207463985
3229 0.003964339691005706
3268 0.004354692833982404
3680 0.005437533253486525
3741 0.011092152203033738
3755 0.009882329903965934
3819 0.002713490515744207
3872 0.0038706049669599714
3902 0.005120249890308264
3943 0.00649578843629134
3974 0.0042781684929845045
4221 0.0018533370056644815
4237 0.019764659807931868
4282 0.024626567387334472
4399 0.0026717674447948223
4403 0.0029358216620207554
4462 0.00388296697220892
4468 0.007078220974827814
4490 0.012978123808114484
4603 0.01155144136420936
4668 0.009125453871418486
4756 0.005812799822432615
4809 0.00526064072730732
4835 0.000730108526751778
4943 0.0028741461056954096
4948 0.0068642156973916495
5023 0.0088309140290069
5171 0.00476772684212885
5172 0.009528885238379066
5223 0.0009715327748559458
5234 0.0060473276095412325
5298 0.005977549141196653
5330 0.006272088983608238
5337 0.007951119825395944
5349 0.007028965016155688
5380 0.004293853318166476
5381 0.0032351997493151397
5435 0.003023761035045465
5460 0.010399602270909386
5463 0.004500042690695447
5493 0.009469295895819489
5575 0.00566026577801839
5891 0.01155144136420936
5912 0.0031587778019243153
6006 0.004602977523364814
6031 0.005877125922855713
6078 0.010399602270909386
6322 0.008573294776293192
6459 0.006569675854980065
6463 0.007546237383099137
6469 0.00394469032017286
6529 0.015095125789866673
6596 0.003238806928829453
6729 0.0201204365167262
6761 0.007561823027336018
6764 0.003073360246790323
6806 0.02108689504846706
6834 0.003433002020458877
6886 0.004335078258430602
6887 0.010124758920304235
6895 0.003907915976912034
6930 0.0024938223654416974
6996 0.0066253080979717435
7074 0.002330044615110496
7101 0.006480171854219999
7141 0.007086948221923515
7174 0.014542788064987974
7414 0.01155144136420936
7464 0.012978123808114484
7484 0.0012075678983092975
7487 0.012978123808114484
7635 0.035262755537134274
7665 0.015160468230944623
7905 0.002557948040557978
7934 0.007336741352331111
7988 0.0033126540489858717
8073 0.017534134765766585
8103 0.0088309140290069
8155 0.007951119825395944
8350 0.0020779204904710375
8395 0.009882329903965934
8445 0.0024562845283037957
8520 0.030597774695970064
8611 0.01155144136420936
8640 0.004681944370582761
8686 0.01061929883222809
8697 0.002021944371831288
8724 0.004434172503413178
8820 0.006031218938391652
