123
60 0.00918721042428881
93 0.017581729559686086
116 0.016265543494617365
145 0.0061756605073601525
209 0.007304611878049512
243 0.003367023140457932
277 0.005873183917968257
281 0.007826469217683645
397 0.007265504889073718
423 0.004610186676396531
480 0.003670076992883604
488 0.010409485769533868
493 0.006937727705960155
1035 0.01671810111005928
1073 0.01837442084857762
1370 0.006147167032760269
1411 0.003631406157495398
1445 0.012486057543334204
1494 0.010161625379364856
1558 0.006097154611414366
1613 0.011529765071073655
1692 0.006837048071171831
1784 0.0057283158614352524
1819 0.013540496220314332
1822 0.016397509721629677
1921 0.00039139650528898087
1960 0.008132771747308682
2024 0.006708598962874631
2025 0.013664560207604337
2041 0.013422000859035828
2042 0.010409485769533868
2332 0.008480028914839741
2416 0.004610186676396531
2438 0.008809775876952385
2439 0.006804336120863434
2491 0.00910718670238473
2502 0.008187522522397723
2584 0.010542877354630588
2588 0.006556475730694423
2727 0.005838060658378555
2743 0.004013163244107751
2776 0.010542877354630588
2919 0.007467200177711877
2986 0.007509486731529163
3030 0.004638301174650304
3069 0.04480320106627125
3149 0.004058001695560145
3229 0.010017672752122203
3464 0.003080055761313125
3517 0.01459493489729446
3544 0.0032401411100990217
3559 0.008243450823320737
3618 0.010282603739174959
3733 0.006023894393348428
3835 0.006303247813831691
3882 0.012825523001463498
3907 0.009727190246738439
3939 0.009829186290443711
4056 0.0071515932883944935
4058 0.013139617240490302
4140 0.011737921395979116
4148 0.008542696182373662
4352 0.010683482718998988
4384 0.009029552108586119
4399 0.0033757061727647153
4471 0.008480028914839741
4547 0.0040693331547080784
4627 0.01459493489729446
5017 0.004331998645025266
5218 0.00382044058918918
5223 0.00122750548200362
5308 0.0070783330703285555
5381 0.008175175414437059
5463 0.005685682681058319
5526 0.01534307104464955
5595 0.04477084056364855
5643 0.005257761179288397
5706 0.006172538607270776
5711 0.011337042416155085
5735 0.007425590237859613
5741 0.008243450823320737
5976 0.011164121551236753
5985 0.004944394972200115
5988 0.004161807458030098
6014 0.00860691094519865
6039 0.006224036641773277
6059 0.01888642061409798
6100 0.010989785248624028
6131 0.010409485769533868
6373 0.016265543494617365
6381 0.005906201650854596
6466 0.00835905055502964
6469 0.0024920049627439322
6494 0.006677454090504524
6496 0.00918721042428881
6503 0.007596180284634689
6661 0.014014635418204304
6761 0.0053078664629670645
6834 0.001445835182269108
6837 0.007265504889073718
6921 0.005018065837459196
6968 0.0056230154135243965
7000 0.003367023140457932
7292 0.009029552108586119
7342 0.007509486731529163
7407 0.003574457186297537
7484 0.007628647501295262
7521 0.005101158073890264
7611 0.0070783330703285555
7665 0.006384947698062506
7695 0.003631406157495398
7797 0.012792360072959244
8117 0.008243450823320737
8122 0.01534307104464955
8234 0.00918721042428881
8235 0.005134777917200685
8350 0.0026253965478406525
8379 0.010683482718998988
8469 0.008809655060533786
8572 0.0050676019210878775
8697 0.005109344460555709
8724 0.005602457474372337
8867 0.0020542379068431444
