240
22 0.014953092808884507
53 0.008365770098292617
68 0.0008862138782969046
109 0.0065134387355048435
141 0.0034366135791412985
209 0.0037419330786327256
238 0.003328747269131326
375 0.002278370947590816
443 0.003203792768258668
447 0.005332466636540356
504 0.00483747276465393
527 0.003914067869979141
533 0.0071792764258899345
549 0.0018553534206807928
550 0.004932669800666104
559 0.004252152163806115
639 0.010558155059683957
689 0.005472827037033224
700 0.0037021632100303708
703 0.006936389168075133
723 0.001698443842621341
726 0.003503477231680858
751 0.0031751311208389407
772 0.003201775842265605
811 0.0071792764258899345
886 0.004586951149772581
956 0.004166174484050766
979 0.01160671351649534
1059 0.0071792764258899345
1095 0.0019001790511852126
1097 0.00483747276465393
1199 0.007859794062749923
1227 0.005629736615092676
1309 0.004529963947927338
1368 0.006255871531215145
1420 0.004706331720417887
1439 0.0029566477232625963
1476 0.004477394240979531
1507 0.0030614154417727365
1536 0.005267468786632571
1538 0.0030614154417727365
1586 0.0027212447079542354
1588 0.0043440638919577815
1668 0.00540079913565432
1692 0.003502414195968392
1778 0.003098252581260514
1903 0.004706331720417887
1935 0.009041496329812864
1940 0.0021936554106700753
1948 0.0034366135791412985
1959 0.003201775842265605
2084 0.003136137361586984
2148 0.0022987101466675434
2233 0.004442789914569442
2255 0.004252152163806115
2277 0.003782926825743098
2294 0.00540079913565432
2355 0.006128900104349424
2373 0.002347411870897108
2376 0.003358685420325057
2438 0.0015043277826697833
2460 0.00673103091767448
2470 0.00673103091767448
2523 0.0046255681047051595
2574 0.006570129881117804
2632 0.01202596854680069
2650 0.005146276942204124
2659 0.004312716759498621
2680 0.006936389168075133
2713 0.004752124516359513
2724 0.005761003521831743
2939 0.002162455116641737
2954 0.001298969532269129
2984 0.004665337973307515
3017 0.0045129214573900065
3061 0.014953092808884507
3068 0.003607641898943808
3069 0.019126110884630114
3078 0.003242769589375978
3118 0.006936389168075133
3136 0.0031107615150655424
3193 0.006936389168075133
3229 0.0012829381515371224
3331 0.0058076260229996905
3374 0.0027984948491145078
3450 0.01007039331597607
3540 0.014358552851779869
3541 0.011742203609937423
3544 0.0033196537753775253
3573 0.005906352045611351
3595 0.002264981973963669
3604 0.0014708818838651062
3656 0.007735965433424437
3739 0.005146276942204124
3756 0.003984820336447526
3830 0.007859794062749923
3850 0.006936389168075133
3872 0.0025052075092900426
3901 0.002838867383034664
3907 0.004982947150936562
3917 0.006128900104349424
3926 0.0060748226779506476
3974 0.0027689986258273938
3999 0.005146276942204124
4056 0.010990638765293378
4057 0.004549422142358436
4358 0.010292553884408247
4382 0.002363420719620715
4383 0.0016811424090241243
4399 0.0034585455880472853
4403 0.0019001790511852126
4461 0.003242769589375978
4468 0.0015271008442624425
4471 0.0043440638919577815
4485 0.006657494538262652
4504 0.0021319688511994674
4513 0.016799902598234086
4568 0.0017337357518401287
4612 0.007859794062749923
4614 0.0071792764258899345
4677 0.0004952980599599661
4758 0.004282090314999846
4909 0.002562251952515989
4915 0.0017884910614941539
4924 0.008954404315953846
4942 0.005906352045611351
5017 0.002219152680120305
5019 0.0030021971743022253
5030 0.05251399739103319
5032 0.0056702599255153
5039 0.004442789914569442
5154 0.0058076260229996905
5180 0.0037419330786327256
5199 0.0029126043182108566
5223 0.0012576283159178192
5255 0.0016346904502186049
5379 0.002828658967853904
5380 0.0013895752302655311
5381 0.0031409224560068763
5449 0.0027212447079542354
5485 0.0035365748282320717
5510 0.002442871381870683
5561 0.004982947150936562
5591 0.005089579378725556
5594 0.011259473230185352
5605 0.007859794062749923
5613 0.0038689045054984468
5672 0.0058076260229996905
5703 0.0010903895350448621
5707 0.006012984273400345
5723 0.005267468786632571
5735 0.022823439933543965
5736 0.008223583526626492
5763 0.0038039066555906604
5791 0.0071792764258899345
5807 0.002162455116641737
5815 0.005089579378725556
5819 0.0058076260229996905
5863 0.0018072546345299881
5871 0.0043440638919577815
5884 0.012792463863416025
5892 0.0028185281839579364
5900 0.008399951299117043
5934 0.00540079913565432
5939 0.0032363850196151095
5985 0.0025328649090718383
5992 0.004549422142358436
6031 0.0038039066555906604
6039 0.0031883868686384577
6086 0.003242769589375978
6215 0.004549422142358436
6250 0.0029792277835275324
6346 0.0034206589972829923
6402 0.00540079913565432
6430 0.0015898037897917206
6470 0.004884221128324901
6479 0.0046255681047051595
6494 0.0034206589972829923
6499 0.005089579378725556
6537 0.0020501418923447885
6542 0.0046255681047051595
6589 0.0017978398132794463
6685 0.0034206589972829923
6707 0.002162455116641737
6710 0.004748627071600811
6728 0.0023545169099375408
6761 0.003262872512817791
6773 0.006936389168075133
6817 0.0058076260229996905
6834 0.000740657900119451
6837 0.003721899743789297
6895 0.002529356659903188
6920 0.006066284148446606
6952 0.0065531415097674645
6979 0.007483866157265451
6993 0.0013086817866760788
7000 0.001724824737596548
7023 0.0065531415097674645
7272 0.0065531415097674645
7347 0.0022063430462119114
7371 0.00540079913565432
7391 0.0035716345269461262
7423 0.0036635462550977924
7432 0.01080159827130864
7433 0.005089579378725556
7492 0.003136137361586984
7503 0.002648229632271337
7521 0.0026131699335572825
7579 0.004855465354689144
7667 0.004085410868338039
7680 0.0022583376127473876
7756 0.016646918998139845
7758 0.005035196657988035
7793 0.0027787583153555816
7863 0.0024814883368032615
8011 0.0021752684511148752
8075 0.0058076260229996905
8085 0.003098252581260514
8091 0.0026131699335572825
8101 0.0052054952096746345
8187 0.005058713319806376
8196 0.014358552851779869
8293 0.006936389168075133
8334 0.005715714294848025
8441 0.008399951299117043
8534 0.0037419330786327256
8535 0.0047923094001732355
8540 0.002174847686585725
8584 0.0043440638919577815
8619 0.0058076260229996905
8631 0.0034856568471907778
8639 0.0017745898049680653
8691 0.004586951149772581
8697 0.0013086817866760788
8773 0.00540079913565432
8805 0.0037021632100303708
8820 0.0019518208527617156
8845 0.004166174484050766
8867 0.001052324326511672
8880 0.0032708167655718973
