190
15 0.0018095386355370137
53 0.003071217400949767
145 0.0017421204471776105
209 0.004121183052818475
232 0.0037499837616954204
243 0.0018996380555961982
246 0.003017858390195605
277 0.001656793436318748
334 0.0027857103754339164
375 0.0025092869220088047
378 0.004790542877209097
397 0.004099119312416591
443 0.0017642507473856857
446 0.0030283760774393316
456 0.004931184197835564
459 0.0026491270745703753
479 0.005138176281413006
480 0.0020706177628768982
504 0.010655514332953928
550 0.005432602550733615
651 0.0037849190094596734
726 0.0019292796917702024
772 0.00705256030120667
956 0.00458842189797483
979 0.004261023205380046
984 0.0044994727806695976
1010 0.007639401583758424
1073 0.01036664960037994
1095 0.002092764765832363
1110 0.0029765257671651607
1164 0.0050784620894994
1309 0.01247270478905669
1315 0.005948177426430095
1499 0.0031041898242239433
1511 0.0038389328790006537
1586 0.005994093072926221
1587 0.004893072676181209
1588 0.004784340637764313
1640 0.002283115335418895
1692 0.003857388607721945
1712 0.0028826369084892006
1716 0.011302042227509346
1854 0.007413229997168515
1921 0.000662465030911417
1948 0.0037849190094596734
1959 0.003526280150603335
1972 0.0038389328790006537
2019 0.003933624512785261
2051 0.01731278962470591
2183 0.003953318917044463
2432 0.0056054151265693625
2438 0.001656793436318748
2492 0.0007697267341403509
2571 0.006027505452948754
2632 0.006622408355163894
2659 0.004749816431069428
2661 0.005545520643594931
2724 0.0063448890139092854
2731 0.0072677452150715
2769 0.005667859064724811
2781 0.006750072412222676
2789 0.003439948716574997
2939 0.0023816228649500212
2954 0.0028612436994576765
3068 0.003973281280593518
3069 0.04212913613776633
3092 0.008656394812352955
3130 0.005801333866358845
3136 0.0034260413983492125
3149 0.0022894806863464337
3203 0.005138176281413006
3229 0.007064828334478073
3472 0.004415609322139084
3541 0.004310763937882433
3557 0.004819696832622978
3739 0.005667859064724811
3814 0.004388687262438829
3840 0.0032440299767855147
3869 0.00458842189797483
3901 0.0031265904286125017
3902 0.003649907860996769
3916 0.006295009662569108
3926 0.0033452570827903903
3939 0.005545520643594931
3952 0.005432602550733615
3970 0.002006114580751823
4056 0.004034851618790136
4228 0.005278016433974577
4349 0.007418088661448557
4358 0.005667859064724811
4386 0.0062003180287845015
4403 0.002092764765832363
4437 0.003398616093544552
4494 0.005327757166476964
4504 0.0023480467753075216
4677 0.0005454971876586112
4800 0.0050105122243542235
4819 0.0027243851648107546
4835 0.0005204489835967065
4884 0.008234304485973563
4915 0.003939514094912798
4943 0.004097600191227915
4951 0.003439948716574997
5013 0.0032440299767855147
5019 0.0033064739149409644
5030 0.07229545248934467
5032 0.0020816494771598963
5039 0.004893072676181209
5154 0.0063962367685739836
5163 0.0016860967715718361
5223 0.0013850906452338146
5367 0.004077382454290206
5371 0.0033584160148293235
5379 0.0031153473767580164
5380 0.001530410557657308
5381 0.0011530863971376596
5441 0.002585325236190734
5448 0.009786145352362418
5463 0.0064156014036266164
5485 0.0038950114662285656
5578 0.016463926735189045
5591 0.016816245379708085
5595 0.015155534542154004
5682 0.006504968806990879
5734 0.005432602550733615
5735 0.008378875471098347
5763 0.012568313206647521
5863 0.001990422333975595
5910 0.002006114580751823
5939 0.0035643970148463706
5985 0.004649290317327811
6006 0.006562353090743078
6060 0.004470982349801818
6086 0.0035714286693803
6121 0.0045285274150004
6262 0.004388687262438829
6322 0.012222737822958536
6367 0.003767347409169782
6381 0.003332215120583505
6462 0.004470982349801818
6466 0.004716085955033615
6467 0.01160266773271769
6479 0.0050943756828847366
6494 0.015069389636679129
6537 0.004515853087191899
6707 0.0023816228649500212
6761 0.007187138102558106
6768 0.08068865309969178
6834 0.0008157245791856116
6837 0.004099119312416591
6952 0.007217311257379033
6978 0.004619311693379796
6994 0.007639401583758424
7000 0.0018996380555961982
7023 0.007217311257379033
7141 0.005051844847384667
7393 0.0031759473618992655
7432 0.005948177426430095
7484 0.0008608000896731816
7503 0.0029166312841907294
7521 0.005756036475268069
7760 0.008656394812352955
7761 0.005327757166476964
7817 0.004236771230288413
7862 0.0039935189957596914
7907 0.005545520643594931
7908 0.01189635485286019
7961 0.0029970465364631107
7962 0.00458842189797483
8011 0.0011978674240936645
8078 0.0039141909692410335
8101 0.005733079183628145
8145 0.0010948836034213722
8159 0.003293770709287901
8302 0.004362250311384922
8334 0.006295009662569108
8469 0.004970312145638993
8487 0.005545520643594931
8534 0.004121183052818475
8535 0.005278016433974577
8584 0.004784340637764313
8622 0.0030603892256956746
8639 0.0019544468797959096
8653 0.0033064739149409644
8691 0.005051844847384667
8695 0.002673786664913279
8697 0.004323955362733801
8698 0.004143583657207033
8719 0.0028311384961340735
8751 0.006027505452948754
