29
459 0.02306298864920091
872 0.01728316716623079
1468 0.03333280410934852
1586 0.02609193455273767
1694 0.03820739499064392
1881 0.024890868259461043
2075 0.020099654764206307
2373 0.02250753735036639
2588 0.03220386608899908
2826 0.03136136075224819
2873 0.05397923930941801
3884 0.022106246742526797
4221 0.011501591417506046
4468 0.014642202212634008
4500 0.024408797195103124
4924 0.06439270162502103
4977 0.056631493143214716
5019 0.028785772906544865
5172 0.03942342716270555
5372 0.03407648608515723
6459 0.08154127090592903
6550 0.05397923930941801
6764 0.019072912119787
6973 0.016078050886744105
7666 0.0273183649669673
7958 0.02982671335033432
8448 0.010749180015942628
8697 0.01254794889577652
8872 0.01841512809102604
