78
221 0.021695894884852525
334 0.017544048321881688
378 0.007542556870499429
459 0.008341932064604585
688 0.016776767247629585
722 0.011057597012512098
753 0.009246302167884891
934 0.02218267669932779
979 0.013417690093537165
984 0.014168552585938306
1011 0.008116513989392478
1198 0.027258434728260367
1216 0.009309162376507448
1255 0.01898022993694501
1364 0.0063838449504880265
1390 0.006154428472548821
1423 0.017847726416580258
1648 0.008290880119053854
1799 0.010745003632882208
1921 0.0006953533657793596
1959 0.011104031112538161
2019 0.012386732508345075
2029 0.02329641376650997
2209 0.020483731562439364
2373 0.008141024148004864
2492 0.004847640708628593
2780 0.01836857149192459
3021 0.02272685247004461
3030 0.016480772258863845
3192 0.02913174599481017
3508 0.017847726416580258
3653 0.006317126764920634
3690 0.010832178937299989
3954 0.010215243331154386
4044 0.013736447789041881
4125 0.015651195692650447
4268 0.021842061584488613
4383 0.011660689900890734
4531 0.01617978914147074
4564 0.004482617260255791
4653 0.0042439647043161196
4659 0.007901584350155384
4780 0.015407973533506786
4928 0.03882167322601402
4966 0.02218267669932779
5229 0.0046758622032175455
5441 0.016282048296009728
5619 0.026682644343944045
5703 0.007563127413289895
5807 0.007499578383246875
5863 0.006267712881455064
5891 0.02592929923242739
5939 0.005612029342524073
5985 0.0029280636892107066
6089 0.02218267669932779
6430 0.005513574845447881
6466 0.014850653645637764
6600 0.02272685247004461
6834 0.00256866463232916
6983 0.010876391275291029
7000 0.005981838983579517
7238 0.019979650511884557
7495 0.010138875409589243
7521 0.00906269572701781
7579 0.008419583540577985
7842 0.024651075040326507
7863 0.01721202548506092
7944 0.007249779491230673
7959 0.009003080008741228
8011 0.0037720080588481346
8033 0.005741776984656738
8054 0.0151769176857064
8279 0.01710691867039521
8445 0.005513574845447881
8592 0.011150936632804706
8734 0.017847726416580258
8812 0.011294579934971164
8820 0.0067690808297906305
