226
44 0.002821868581341559
68 0.0008649871985772183
80 0.003672157971656532
141 0.0033542994814373156
148 0.00283231267668833
378 0.0021227555264279833
386 0.006469297765599064
394 0.004863595123369219
474 0.003865946383742326
492 0.00496767328582195
523 0.003594506073170305
524 0.0036923177999767963
573 0.003889375537969741
575 0.002354973317952826
610 0.006770248110157166
695 0.0030735835163801344
707 0.0025338009605439388
818 0.004303455472599325
861 0.0019521685414293645
881 0.005416063466460668
1011 0.0022842883682721348
1069 0.006770248110157166
1125 0.0013061968459759127
1131 0.019068935183639734
1145 0.004013305733054247
1156 0.014531009778147436
1216 0.00261994390237036
1226 0.003865946383742326
1243 0.005341741359499494
1280 0.006569808620245151
1381 0.009495295384460199
1411 0.01634132770872929
1457 0.009534467591819867
1496 0.0035557479994164053
1511 0.006804336120863434
1513 0.004150304207786807
1563 0.007671535522324775
1689 0.008198754860814839
1693 0.005764882535536827
1721 0.002165999322512633
1747 0.005341741359499494
1749 0.0033233389025803728
1862 0.008198754860814839
1863 0.007671535522324775
1907 0.011964200203700074
1910 0.0045147760542930595
1921 0.0011741895158669424
1942 0.007007317709102152
1955 0.003011947196674214
2025 0.006832280103802169
2122 0.0029999629378308786
2142 0.012212060593869086
2338 0.006106030296934543
2341 0.00729746744864723
2372 0.0012093723723389973
2410 0.0036923177999767963
2414 0.003402168060431717
2438 0.0029365919589841283
2523 0.0045147760542930595
2525 0.0021534965061828838
2647 0.006243028771667102
2688 0.0034688638529800776
2713 0.004638301174650304
2717 0.0023695833916596723
2740 0.00729746744864723
2831 0.003192473849031253
2885 0.006770248110157166
2928 0.003338727045252262
2976 0.0042400144574198705
2977 0.006243028771667102
2986 0.0037547433657645814
3048 0.021021953127306453
3063 0.004303455472599325
3213 0.002134964845052053
3217 0.005080812689682428
3227 0.0024368672274934903
3234 0.003435088372711547
3268 0.0027510185268571474
3394 0.0020121502938626294
3420 0.004582372873727289
3506 0.0024374396330846537
3563 0.002874948721941654
3564 0.0037980901423173446
3582 0.0031120183208866387
3583 0.006569808620245151
3656 0.0037753364240963564
3661 0.005668521208077542
3675 0.003451866449112741
3703 0.0035035401180992846
3708 0.014014635418204304
3761 0.007671535522324775
3786 0.002683830296173779
3819 0.0017142110743174482
3821 0.019658372580887422
3831 0.00467752354627687
3931 0.004440453947331886
4005 0.004921737574624137
4047 0.004404827530266893
4061 0.0035035401180992846
4080 0.005271438677315294
4099 0.006122040598068005
4105 0.0026652545105411893
4108 0.0025761591972543944
4112 0.004271348091186831
4136 0.0035212313145379683
4182 0.005668521208077542
4198 0.007114705212317735
4221 0.0011708206832191784
4233 0.005023012823827977
4297 0.0076264888114297505
4333 0.002165999322512633
4383 0.0032817510499512847
4393 0.0022237991883670843
4458 0.002683830296173779
4468 0.005962094314126423
4482 0.0024767260921322734
4547 0.0020346665773540392
4568 0.0016922091470056347
4569 0.017946300305550108
4578 0.0010429120570454153
4604 0.005494892624312014
4605 0.007671535522324775
4638 0.005668521208077542
4659 0.0022237991883670843
4660 0.0017639670983735812
4819 0.0024144251759999503
4822 0.002319150587325152
4830 0.006711000429517914
4924 0.0021849818914677797
4926 0.005341741359499494
4948 0.0043363757848791555
4978 0.0071515932883944935
4982 0.004404827530266893
5017 0.002165999322512633
5082 0.004863595123369219
5193 0.002134964845052053
5223 0.0018412582230054298
5367 0.003613488642125452
5371 0.0029763207796092207
5380 0.0027125839824345102
5396 0.0008580769101433106
5466 0.014014635418204304
5538 0.006106030296934543
5643 0.005257761179288397
5688 0.0007270652274422378
5766 0.008300608415573615
5767 0.0049145931452218555
5812 0.0027510185268571474
5855 0.0019153904122607753
5863 0.0017639670983735812
5985 0.0016481316574000384
6047 0.004634887501023546
6107 0.0019257927307796431
6133 0.004404827530266893
6183 0.00729746744864723
6189 0.007671535522324775
6223 0.0027609066572466252
6303 0.002270601053677873
6307 0.006097154611414366
6328 0.0027708705594889234
6346 0.006677454090504524
6466 0.00417952527751482
6469 0.0037380074441158984
6477 0.008624846165824962
6626 0.0031516239069158455
6643 0.004093761261198862
6648 0.004066385873654341
6668 0.0032204379994927603
6725 0.003451866449112741
6761 0.004777079816670358
6834 0.001445835182269108
6852 0.003402168060431717
6858 0.007826469217683645
6899 0.0033700606790192235
6920 0.00394732261954809
6930 0.001575438679964665
6934 0.007671535522324775
6962 0.007596180284634689
6963 0.05023854698056539
6968 0.0028115077067621982
6972 0.005982100101850037
6993 0.0012773361151389273
6996 0.004185449127760592
6999 0.0043363757848791555
7092 0.002525492415469771
7101 0.004093761261198862
7172 0.0032930984028668223
7203 0.005764882535536827
7217 0.006396180036479622
7261 0.004440453947331886
7342 0.0037547433657645814
7391 0.006972172789128366
7409 0.002319150587325152
7419 0.006396180036479622
7446 0.014014635418204304
7451 0.003451866449112741
7609 0.004150304207786807
7699 0.004013305733054247
7702 0.003048577305707183
7800 0.002509032918729598
7840 0.00283231267668833
7944 0.010201785511612025
7977 0.006770248110157166
8043 0.0017778739997082026
8048 0.0024847278581841504
8056 0.004404827530266893
8085 0.0030240429385955917
8104 0.003889375537969741
8135 0.0032490167956191985
8144 0.006569808620245151
8145 0.00048515800391126673
8159 0.0029190303291892774
8187 0.004937546533703229
8279 0.004814522021009431
8366 0.007007317709102152
8445 0.0015517246571020986
8540 0.0021227555264279833
8679 0.0011766778232127771
8739 0.002362257834931866
8752 0.004150304207786807
8762 0.004634887501023546
8764 0.0017456529522368088
8799 0.00729746744864723
8801 0.0030362522572196615
8814 0.0023651229323850215
8867 0.0010271189534215722
