89
17 0.015520741603220319
74 0.008792313887502252
118 0.01638596281733691
276 0.003106912725262733
318 0.025108053645329365
521 0.0039815626068934965
554 0.012758409552342812
773 0.007175334032651852
1011 0.005528639963789079
1095 0.00897765754617941
1311 0.00726077986402546
1313 0.025963393025258266
1468 0.00821242999795543
1516 0.005880633438858432
1528 0.014778363182435778
1712 0.006183047281976836
1912 0.009413416157115169
1921 0.0014209394865926043
1935 0.007119632375649743
1983 0.006932092383041211
2058 0.009087567276560652
2117 0.004336993022542895
2118 0.03277192563467382
2123 0.0075319863708415745
2738 0.009794233902666564
2763 0.011117856093161096
2776 0.012758409552342812
2784 0.014022204519855244
2793 0.007970252656213903
2829 0.005350609590667797
2833 0.009589933156096653
3063 0.010415609622088222
3078 0.007660455696641803
3225 0.005272900421162194
3306 0.010860572577008972
3413 0.00636265302131277
3481 0.009471162024298324
3512 0.003911065482302416
3527 0.03391947992521911
3627 0.004993957252478074
3653 0.008605940810181734
3814 0.009413416157115169
3819 0.008297775345246778
4105 0.006450688453048965
4221 0.011334901686817554
4248 0.015650691882661907
4306 0.019843363213856203
4403 0.004488828773089705
4534 0.0036714473926350677
4567 0.018767888263488172
4619 0.03713467919502137
4835 0.003348976068361416
5057 0.03516925555000901
5172 0.009713018286463685
5229 0.003185007587698908
5571 0.008699746582890447
5587 0.03180168230669392
5670 0.00839565599199526
5717 0.010188012055047468
5855 0.0046357999832978185
6042 0.009529987315763391
6131 0.012596986402262
6223 0.006682194373336035
6303 0.005495512695133403
6328 0.006706309904850003
6469 0.009047061495179058
6749 0.015520741603220319
6764 0.023495616379447755
6790 0.006137160398836755
6993 0.006183047281976836
7168 0.00726077986402546
7179 0.002398501587256699
7292 0.01092706668212958
7325 0.01638596281733691
7342 0.009087567276560652
7589 0.01590084115334696
7695 0.004394527741316895
7904 0.005257586223239013
7958 0.0073486105355896145
8025 0.009356710812825629
8150 0.007627843368912263
8180 0.011217771198129452
8194 0.015109939200991391
8448 0.007945046098740203
8518 0.012928562420817616
8801 0.022045831606768842
8830 0.0075319863708415745
8843 0.02115406554433807
8848 0.01033790045258262
