33
210 0.035059391313856915
277 0.012574637362829471
377 0.027222833689417678
559 0.035543630907712655
882 0.033513342547517144
1058 0.033513342547517144
1065 0.035543630907712655
1109 0.035543630907712655
1657 0.048692769627525084
1712 0.010939237498882095
2406 0.0393401061758008
2962 0.019445660305856656
2975 0.012480664181126767
3302 0.022984597921078
3682 0.039693651931842676
4630 0.03631191868662145
4943 0.015549867392352087
5434 0.04705882401333878
5811 0.024044675861243058
5890 0.09486416501478846
6015 0.022437468292094875
6262 0.033309011017484444
6414 0.02191596636816765
6729 0.06531403238506506
6834 0.006191140395870282
6921 0.02148761525270989
6974 0.027222833689417678
7393 0.012052313065669007
7484 0.006533251962647737
7661 0.027222833689417678
8061 0.026214891791727094
8073 0.03162138833826282
8867 0.008796352062636027
