371
52 0.0051603360025323135
53 0.0013447934181673536
56 0.001354382364214573
93 0.0014478051461871678
129 0.004710816827910999
148 0.0013993970917365415
238 0.0032105668927124623
246 0.003964287352801328
277 0.002176379543566639
300 0.0031602427990890434
320 0.0022900183806832315
377 0.003141096194932809
378 0.0010488170796256603
384 0.002230673375937695
397 0.003589761291347073
429 0.007917788228133866
458 0.004429089204221503
489 0.007813582181464385
500 0.01449876385450083
503 0.004050864088035734
521 0.0008128042008155363
527 0.001887553440256213
549 0.0008947414425176604
559 0.0020505940908295763
573 0.0019216737125471795
585 0.02341544390761458
645 0.0016721830032540887
657 0.011371122179540569
668 0.0011389070635476639
686 0.006690126830747022
708 0.0025456721061626266
713 0.002955653008902237
751 0.0015312022860850512
768 0.0030168847916806764
882 0.0019334620700490659
1057 0.0026337130370436604
1058 0.0038669241400981318
1064 0.0034621954361540213
1078 0.0034621954361540213
1095 0.0009163585365183126
1109 0.0020505940908295763
1129 0.0011423704005519577
1144 0.0013078078131820642
1164 0.001111852646813478
1172 0.003590082238747914
1176 0.0013641166028407882
1242 0.001627063412067335
1266 0.002800719058428845
1268 0.002223705293626956
1298 0.005278525485422577
1363 0.002159216749348117
1373 0.0013078078131820642
1378 0.0037903740598468558
1383 0.004285057728253367
1390 0.0017115866166260037
1405 0.0036055534435623887
1411 0.0017942154683483176
1417 0.002540886829091839
1467 0.0020505940908295763
1475 0.002481784442542225
1496 0.0035136681414351455
1503 0.001634490633036345
1510 0.0012276613973868436
1520 0.0014647871250088099
1523 0.001713906104874772
1558 0.0015062497338849097
1564 0.0020226571911840527
1565 0.002230673375937695
1567 0.004908884252853642
1577 0.0014312605205177688
1588 0.006284755157299867
1640 0.0009997073066331256
1641 0.0023554084139554995
1657 0.001404599123870916
1658 0.0023554084139554995
1664 0.0017486414537645986
1712 0.0006311098557047362
1721 0.003210549291653341
1724 0.0032460297029021897
1758 0.0018344283575777445
1764 0.00446134675187539
1801 0.006033769583361353
1896 0.0024030188923155607
1921 0.00019338229699189288
1948 0.001657301814792993
1955 0.001488151425575721
1956 0.003512311476986674
1959 0.0015440516635777915
1964 0.004050864088035734
1972 0.0016809528582606413
1983 0.001415131285295395
1984 0.0025038151503599866
2031 0.0029068321533717886
2064 0.004252527005467972
2083 0.002955653008902237
2092 0.0015571632912868229
2117 0.0008853624809333129
2145 0.0017759837698800027
2165 0.0034621954361540213
2183 0.00173103905243367
2200 0.0022696215101423536
2230 0.0028483295367889056
2244 0.0036055534435623887
2277 0.0018243108656690087
2302 0.002714932154615699
2406 0.0022696215101423536
2492 0.0010111203253204608
2508 0.0026392627427112886
2525 0.00106400567021462
2558 0.0010024945017138229
2580 0.00446134675187539
2619 0.004092349808522365
2669 0.0034621954361540213
2672 0.0019577082478422158
2688 0.003427812209749544
2717 0.0011707704923288912
2724 0.0013891177131043996
2738 0.0019994146132662513
2763 0.0022696215101423536
2772 0.0014590764433324221
2828 0.0031602427990890434
2829 0.001092284206378929
2954 0.00125285227076845
2962 0.003365595052936729
2975 0.0014400766362838578
2982 0.0031602427990890434
3030 0.0022917050182443806
3066 0.0026613462508133156
3096 0.0016124617049278467
3102 0.0015981845071820172
3125 0.0034621954361540213
3136 0.0015001601389221402
3146 0.0017055079792953481
3184 0.0028844855915657356
3213 0.0010548494944487953
3215 0.0034621954361540213
3229 0.0018560850772238251
3302 0.0013260344954468077
3337 0.0021103997965331383
3394 0.001988337864349462
3400 0.0019829054953256187
3413 0.0012988847883745004
3420 0.0033961077067120884
3464 0.000760901349318479
3474 0.0016729720418601885
3481 0.0038669241400981318
3552 0.0024030188923155607
3556 0.00207980127750969
3582 0.001537594850852274
3595 0.001092284206378929
3604 0.0007093306126331725
3653 0.0008784170353587864
3656 0.000621776314422181
3674 0.0015186048734777584
3675 0.0017055079792953481
3682 0.0022900183806832315
3703 0.00346207810486734
3760 0.0013993970917365415
3789 0.002176349696907015
3819 0.0008469622763639463
3872 0.00724879569256113
3926 0.0014647871250088099
3943 0.0010137657988590772
3946 0.002714932154615699
3954 0.0014204628300717639
3970 0.0008784170353587864
3973 0.0024030188923155607
4005 0.0024317460797699136
4028 0.003345063415373511
4105 0.0013168565185218302
4136 0.0086988998450864
4137 0.006169146774369266
4139 0.0022696215101423536
4203 0.0015312022860850512
4226 0.0014367281914644608
4289 0.001876571164991114
4290 0.002899752770900166
4346 0.0006765543731722314
4349 0.002165438110245338
4364 0.0009262046673001262
4372 0.012240490176352191
4389 0.0018657734745451088
4402 0.002800719058428845
4403 0.0009163585365183126
4409 0.0018045416917666693
4433 0.001689546712319467
4451 0.0026045273938214617
4468 0.0014728842462412906
4482 0.0012237078620890227
4547 0.0010052938414737411
4638 0.002800719058428845
4660 0.005229275244290912
4697 0.002899752770900166
4724 0.001200484341068733
4778 0.002230673375937695
4819 0.0011929260484970167
4830 0.001105263384348611
4915 0.0017249943374174383
4982 0.002176349696907015
5000 0.0031602427990890434
5032 0.0009114914870404278
5052 0.006756136259678672
5080 0.0018657734745451088
5081 0.0027884736868878128
5171 0.002976302851151442
5172 0.0009914175469911157
5223 0.0006064893949544513
5255 0.0007883270514367827
5266 0.0034621954361540213
5282 0.003084573387184633
5316 0.004050864088035734
5336 0.0012988847883745004
5360 0.0018551542665168196
5379 0.0013641166028407882
5380 0.0006701205992108922
5381 0.001009803472049548
5396 0.0004239610769051268
5431 0.0016983173601411799
5437 0.002481784442542225
5448 0.008570115456506733
5455 0.0034621954361540213
5554 0.002955653008902237
5603 0.002481784442542225
5612 0.0015981845071820172
5667 0.002800719058428845
5697 0.002332864084729558
5703 0.0010516774805462278
5744 0.009050654375042029
5811 0.000693596419074319
5829 0.0024030188923155607
5855 0.0009463615350519214
5869 0.0009566821981012891
5890 0.04378346077605621
5912 0.0009859498760444237
5976 0.0013790002211956638
5982 0.0021939520982379437
5983 0.0036287004808676967
5985 0.002035783925930521
5990 0.00346207810486734
6013 0.0019334620700490659
6015 0.003883407973631805
6019 0.001887553440256213
6034 0.006074419493911034
6037 0.0022900183806832315
6038 0.004908884252853642
6046 0.00446134675187539
6047 0.0022900183806832315
6054 0.0024030188923155607
6080 0.0016496077412932772
6086 0.0031276416749602626
6093 0.0019216737125471795
6095 0.0031011480576439124
6107 0.004757505710653852
6109 0.002378772714522411
6110 0.002230673375937695
6125 0.0025103423644288916
6135 0.01054576127624611
6161 0.0020976341592513206
6188 0.0037903740598468558
6246 0.0037903740598468558
6262 0.0019216737125471795
6296 0.0026392627427112886
6298 0.003624397846280565
6310 0.0015123976033688709
6323 0.0031602427990890434
6328 0.0013690395959605034
6329 0.0039234234395461925
6346 0.0016496077412932772
6357 0.0008876944161921221
6367 0.0016496077412932772
6392 0.008544988610366717
6394 0.0019701833477488175
6410 0.0027884736868878128
6411 0.0021103997965331383
6414 0.0025287653501731905
6430 0.0007666805258463031
6432 0.0021425288641266833
6463 0.0023554084139554995
6467 0.0025402290302399674
6469 0.0018468853348146599
6486 0.005080458060479935
6498 0.0021939520982379437
6503 0.001876571164991114
6537 0.001977355789657991
6635 0.008144796463847097
6636 0.0036055534435623887
6728 0.01589647215525878
6729 0.008792273590297219
6761 0.004458293753953697
6774 0.0017853627314643502
6834 0.0017859058834241198
6835 0.0025715741472073315
6920 0.00780121748478735
6930 0.0015567944352313553
6935 0.002689586836334707
6956 0.002714932154615699
6968 0.0013891177131043996
6974 0.0015705480974664045
6996 0.0010339792963550574
7000 0.0016635883563801024
7004 0.001156413527081291
7007 0.0036055534435623887
7022 0.0022120504065471325
7080 0.006492059405804379
7085 0.0020364737980688805
7163 0.0020364737980688805
7261 0.0021939520982379437
7315 0.0031602427990890434
7346 0.0015062497338849097
7370 0.0024712844275745927
7391 0.0017224154671367413
7393 0.00208597726136579
7408 0.0023554084139554995
7409 0.0011458525091221903
7434 0.01895187029923428
7463 0.0037903740598468558
7484 0.0033922654421440174
7492 0.007561988016844354
7512 0.0023554084139554995
7553 0.0016729720418601885
7661 0.0015705480974664045
7665 0.0015773465467107078
7699 0.0019829054953256187
7742 0.0037903740598468558
7793 0.0026801041739820106
7800 0.0012396701107332628
7845 0.00647765024804435
7848 0.00415960255501938
7863 0.003590082238747914
7907 0.004856432279597927
7908 0.005209054787642923
7914 0.002481784442542225
7943 0.0012042970968199323
8011 0.0005245099963487051
8043 0.0008784170353587864
8073 0.0036486217313380174
8082 0.0021939520982379437
8113 0.006690126830747022
8129 0.0017576268793743517
8146 0.011655624064418557
8157 0.011599011083600664
8187 0.0012197785075864487
8235 0.0019027542429863485
8278 0.0075807481196937115
8307 0.005080458060479935
8347 0.0018447077362098866
8350 0.0012971633831047008
8352 0.005443050721301546
8354 0.0030168847916806764
8355 0.0032460297029021897
8487 0.0024282161397989636
8510 0.03190774764354868
8512 0.0032460297029021897
8518 0.0026392627427112886
8535 0.0023110841190184537
8583 0.0014204628300717639
8640 0.00048712537583479415
8664 0.0021096989888975907
8686 0.001657301814792993
8695 0.007024622953973348
8697 0.0006311098557047362
8702 0.0025402290302399674
8724 0.0013840390506215685
8739 0.0011671510604545018
8754 0.005597588366946166
8782 0.0034167211906429916
8814 0.0017528499839125676
8843 0.002159216749348117
8845 0.002009131481953476
8846 0.001887553440256213
8867 0.0015224455493023895
