53
56 0.015518008105238158
69 0.015800070330987608
277 0.008312048426277108
427 0.021754902771248235
559 0.02349494246442023
850 0.03386477006810021
882 0.022152887446663876
1058 0.022152887446663876
1109 0.02349494246442023
1172 0.013711274538946834
1657 0.016093373012487106
1674 0.04641329022901959
1721 0.024523517753193877
2037 0.03263509774354746
2407 0.0275328944272088
2905 0.04641329022901959
2975 0.00824993056040583
3302 0.015193208795288848
3474 0.019168289835550637
3544 0.009171246870958247
3656 0.007124081161854142
3748 0.023019879352551693
3872 0.013842333017433118
4372 0.020035281741438454
5032 0.010443529580327614
5052 0.019352322506537213
5171 0.01705068413032521
5229 0.007449678764448293
5328 0.02257362615386781
5360 0.042511331666622715
5380 0.0038389959751403656
5698 0.02725509076300254
5890 0.06270682094197881
6015 0.02966309367429492
6107 0.010901945289498319
6262 0.02201782084206599
6414 0.014486825226415905
6529 0.017994754472665922
6537 0.011327902659396627
6729 0.028782454949350698
6834 0.0040924487362532375
6920 0.011172930126517476
6974 0.017994754472665922
7386 0.0257779691406483
7393 0.007966783212899852
7661 0.017994754472665922
8073 0.02090227364732627
8355 0.037191797951896276
8664 0.012086072173684502
8739 0.01337278164181768
8754 0.01603377006803224
8846 0.02162688348496949
8867 0.00581453780411534
