78
44 0.009150525302602724
148 0.009184392563241767
443 0.005070079817729736
620 0.031873283699108725
639 0.011139024431899578
645 0.0054873578165037075
722 0.010091399215302303
859 0.029532042316470865
998 0.017818389674953517
1062 0.023663632309205578
1407 0.016475645032562432
1427 0.02658625362633161
1510 0.008057272860519478
1518 0.011907774393527004
1520 0.009613554335009275
1578 0.013365595024219058
1621 0.009806119820300266
1758 0.012039549220607333
1952 0.01108531095034656
1980 0.00858328234670947
2029 0.010630402398310373
2376 0.010630402398310373
2403 0.010678590937451635
2416 0.0074747686889147635
2438 0.01904508183108153
2713 0.0075203523899669954
2780 0.0083817753409753
3030 0.0075203523899669954
3464 0.004993876816886328
3470 0.03122427873819708
3943 0.006653453204162487
4016 0.015029635197493828
4268 0.019933531931475044
4295 0.022722758396506004
4383 0.01064179466683232
4547 0.006597850843070379
4659 0.0072111546496563695
4756 0.011907774393527004
4837 0.016108765800626514
4928 0.04428686023355968
5249 0.022722758396506004
5372 0.011248548804809182
5441 0.007429672523421914
5485 0.011193431009744226
5613 0.012245270570800907
5619 0.012175575574421067
5703 0.0034511358099478156
5869 0.012557614872164493
5893 0.010133775966782398
5939 0.010243315693150732
5985 0.01336106731969934
5988 0.006747784907679868
6329 0.00858328234670947
6381 0.009576074521288518
6476 0.0075203523899669954
6517 0.00849574042127864
6599 0.022386862019488453
6728 0.007452160316889691
6981 0.019691422406045957
6982 0.024876629752004605
6983 0.00992602698910055
6984 0.022953041218346962
6993 0.004142041383071861
7001 0.022722758396506004
7238 0.018233855806962605
7383 0.013553023715436405
7417 0.01838141828638737
7466 0.02658625362633161
7489 0.015936641849554362
7521 0.008270809692618194
7666 0.009017712707542603
7892 0.00599815720685734
8033 0.005240068316094498
8276 0.013850779247149529
8445 0.005031806169632047
8592 0.010176582946443129
8867 0.006661315154229224
8893 0.026955459229202925
