116
52 0.004818214278607519
68 0.0015961642227889
93 0.005407272258687985
109 0.005865693446891101
139 0.005365901974751246
277 0.002709452249449444
300 0.011802895757923721
397 0.006703532135222711
549 0.006683372543004844
726 0.003155065131292706
744 0.027206753212775128
882 0.007221106957752313
1058 0.007221106957752313
1109 0.007658572405529245
1226 0.007133845813093573
1266 0.0104601441077232
1363 0.008064257030714513
1383 0.00800193100635159
1411 0.006701047826538469
1478 0.008261580523899787
1507 0.022055722298738388
1611 0.01029460143712959
1657 0.015737718360277445
1721 0.003996926926625522
1801 0.011267481321415123
1921 0.0003611227424489492
1956 0.004372601396764257
2083 0.011038792453137635
2373 0.008455870385773008
2406 0.01695319492658819
2491 0.008402763421537292
2580 0.016662267426893723
2655 0.009375643305822821
2724 0.0051880860445225096
2962 0.004189948905681821
3030 0.004279537547881771
3032 0.006968303142499964
3050 0.007789617326245372
3212 0.006401107883399701
3302 0.009904964849967316
3464 0.0028418194040844853
3474 0.012496454146933563
3552 0.008974810890637121
3627 0.011422642555391839
3656 0.006966642904133608
3682 0.01710555166123607
3748 0.0075037175790085625
3937 0.011802895757923721
4038 0.007133845813093573
4040 0.00906891773759171
4433 0.003155065131292706
4437 0.005557957810437499
4568 0.003122640083424762
4677 0.0008920837986019278
4779 0.009994282860761674
4951 0.005625551492299442
5052 0.0063082156236778765
5163 0.005514747451770867
5172 0.0037027528274364324
5183 0.009727406178029327
5185 0.026932089810477067
5229 0.0024283483265328688
5360 0.006928642453952321
5380 0.0012513854283606716
5547 0.010139746610608909
5554 0.011038792453137635
5557 0.009857135989352657
5612 0.011937820186243574
5763 0.006851235191837322
5811 0.002590448504388064
5866 0.005891084340201317
5890 0.06813448315979281
5910 0.0032807177674173457
5985 0.009123911164170377
5988 0.0038398996988454497
5989 0.003468477421065785
6015 0.0048345926154237575
6016 0.013466044905238533
6135 0.045950775653035535
6338 0.023645805455078477
6356 0.012930630468729935
6414 0.014166674392682956
6430 0.002863403510895585
6469 0.0022992531976698156
6507 0.004372601396764257
6728 0.0042407321140311505
6729 0.01876425239791924
6761 0.009794626511773477
6799 0.01813783547518342
6921 0.004629928148373954
6930 0.005814326177991139
6974 0.005865693446891101
7127 0.023605791515847442
7134 0.01833373345264675
7385 0.006889626683303222
7407 0.0032979798348712077
7409 0.004279537547881771
7484 0.0014077172737196782
7661 0.005865693446891101
7988 0.0038617127311382257
8043 0.0032807177674173457
8073 0.0068134483159792815
8248 0.008064257030714513
8307 0.009487264223437668
8352 0.00677624730681371
8355 0.012123293255038012
8438 0.004152554636717741
8583 0.005305153995185151
8695 0.004372601396764257
8697 0.0023570732732397883
8705 0.007454243310207864
8739 0.01307725055581066
8754 0.005226477535988409
8814 0.0021821852470071744
8846 0.007049647102835358
8867 0.001895346577032072
