178
9 0.007483226344636375
17 0.004010978167124352
53 0.006809590641806225
70 0.003860726394809811
82 0.005563662388873454
91 0.015684960030224154
158 0.0005748605969090114
183 0.007483226344636375
338 0.00464447029858635
395 0.006147843110502245
459 0.002936859977800865
513 0.01286288258009152
521 0.00617365887361014
565 0.0084691493213202
569 0.004723830969260275
605 0.005600547096726073
728 0.005797949158583762
821 0.0037527626263502375
849 0.004865361159857279
858 0.00360998935499478
872 0.002200852747759726
1135 0.005963505946943512
1145 0.005020389943221417
1253 0.0029920032617735486
1309 0.00829645082597928
1379 0.010607976245529864
1430 0.005600547096726073
1431 0.0050532510829499
1468 0.021223133702581453
1499 0.010324047055845923
1503 0.004138260928586402
1538 0.00373790799257645
1565 0.011295394772538441
1568 0.0033111538640864246
1593 0.0042356895142228
1640 0.0025310941546216963
1764 0.005647697386269221
1772 0.013382563048657665
1779 0.005383348793438857
1792 0.004895207338401381
1881 0.0031696236734894217
1899 0.009128667145498781
1921 0.0002448060538698869
1984 0.006339247346978843
2075 0.0025595065991873204
2084 0.007658282995336006
2086 0.005851284136541104
2183 0.00438270561589948
2316 0.006355773177355546
2372 0.0015128478365588954
2517 0.00602266050568221
2588 0.00410086684279389
2684 0.005176848360509187
2725 0.006873760810937125
2771 0.0036941411074633613
2829 0.00276548360865976
2896 0.004450021612198733
2929 0.005086789819477715
2939 0.0026403010038397235
3050 0.007920903011519171
3074 0.005383348793438857
3374 0.0034168888419899984
3418 0.00781856872343511
3472 0.009790414676802762
3492 0.007809631497141618
3506 0.0030490817882032747
3559 0.005156016058032072
3585 0.0020790796997353983
3595 0.00276548360865976
3599 0.003345640762164416
3663 0.004778974253232958
3680 0.00429707684077025
3781 0.030553020512002056
3786 0.0033573008199327416
3872 0.0030587926892455203
3876 0.009596602488601029
3943 0.0025666879401825327
3970 0.01779205740531954
4137 0.015619262994283236
4221 0.001464622128071931
4231 0.006775150553550049
4247 0.0059064274205137875
4248 0.0016178243294437025
4350 0.004723830969260275
4389 0.004723830969260275
4489 0.01336435665972158
4502 0.0084691493213202
4510 0.004276355909684253
4684 0.0059064274205137875
4731 0.0069787373038219325
4770 0.004318065146081107
4802 0.00899299646770698
4835 0.0005769771503544012
4924 0.0027332732275289827
4943 0.002271328944950305
4973 0.0015625471768158873
5032 0.0023077462368514203
5168 0.007483226344636375
5171 0.003767754171120552
5172 0.0251010584931084
5181 0.003665604040533803
5193 0.00267070508706886
5218 0.002389563964024693
5220 0.004696944884514494
5223 0.0007677656011033878
5291 0.004544342009270827
5368 0.007211500999510488
5371 0.003723187791720898
5381 0.006391639954171297
5435 0.004779127928049386
5491 0.005156016058032072
5634 0.0084691493213202
5702 0.007059955851446297
5811 0.008780359162813476
5913 0.003504158794832136
5939 0.001975770629952295
5954 0.0055547251625799625
5970 0.006214242986758544
5989 0.0023512899371269927
6000 0.00602266050568221
6006 0.003637559016591669
6033 0.005746307643656297
6104 0.0084691493213202
6107 0.002409044090188767
6178 0.005156016058032072
6309 0.005086789819477715
6378 0.0035694917172336663
6385 0.010456640020149437
6459 0.005191766312362523
6469 0.006234679082820025
6503 0.00475116894207488
6542 0.005647697386269221
6574 0.005020389943221417
6596 0.0025595065991873204
6626 0.003942480842359147
6725 0.004318065146081107
6761 0.004647862093789137
6764 0.0024287603448417904
6827 0.004544342009270827
6834 0.0009043238780484683
6921 0.0031386404301711073
6930 0.011824640878835911
6955 0.018257334290997563
6968 0.0035170171313055215
6976 0.004807263159189685
6993 0.0015978661515221038
7074 0.007365384476229432
7075 0.0084691493213202
7158 0.004956594664948831
7174 0.005746307643656297
7181 0.004255895626158028
7204 0.008765708295281343
7252 0.0025666879401825327
7387 0.007809631497141618
7522 0.00821841228150517
7582 0.005265714095867231
7633 0.005424530008051078
7725 0.0033111538640864246
7793 0.006785582103415128
7842 0.004339327816087438
7904 0.005434808230763923
7962 0.005086789819477715
8011 0.0013279728746506542
8120 0.01025612031277961
8146 0.004215731336301201
8235 0.0016058200602481541
8292 0.008001213978217953
8364 0.009128667145498781
8448 0.0013688094402323947
8458 0.005466780983368265
8514 0.001446447960302597
8691 0.005600547096726073
8695 0.00592839590123094
8697 0.00479359845456631
8845 0.005086789819477715
8872 0.004689995169250077
8873 0.0034787431044078212
8880 0.003993581519012878
