46
143 0.030167325044809654
438 0.028950110687889413
494 0.017524857414247388
1102 0.015437862200106284
1268 0.013665679804471111
1411 0.033078808816458076
1520 0.018003565391017374
1593 0.020562347278136134
1609 0.015540412515609787
1657 0.017263800140667983
2092 0.019138952452907133
2288 0.031221724080767597
2792 0.03500855939762364
2826 0.0193870230104807
2831 0.0193870230104807
2832 0.02254679217677373
3023 0.04365691012505025
3337 0.025938732044661846
3641 0.02194373102672547
3656 0.0076421961554435335
3819 0.010409936342218684
3970 0.01079654392550072
4357 0.02421534441960365
4493 0.011292960506479847
4872 0.025562648429028192
4919 0.06578055264719503
5032 0.01120305900435144
5223 0.0037271530089928095
5381 0.006205701337322676
5601 0.02953528674918762
5612 0.05892942146482056
5703 0.006463036153175001
5828 0.028146407733488442
5985 0.005004327032469207
6328 0.03365348243161092
6469 0.007566633250513394
6834 0.004390081371617109
6930 0.009567209438330873
6993 0.007756913862843666
7722 0.027417003675161488
7864 0.012390532221376059
8011 0.012893409364789988
8710 0.04978880224567556
8739 0.014345347579404422
8741 0.06402401884448393
8880 0.0193870230104807
