305
15 0.0011469452593553663
32 0.0030105902860739844
39 0.004278418488261054
44 0.0020182100774477105
68 0.0012372836159519954
107 0.004197500798990391
140 0.00405414578907473
238 0.004647415887523821
246 0.0019128181659483921
277 0.002100260630194216
300 0.009149139752394833
377 0.0022734272245980504
389 0.003929966031092532
397 0.0025981569945938135
427 0.002748478080307593
429 0.0038204317217833644
443 0.0011182403024114838
454 0.005011657633490618
458 0.004274181730269431
463 0.00040159425791514103
480 0.0013124258197249718
489 0.003770151002619504
494 0.004127910739972618
498 0.0030548827889858706
500 0.008395001597980782
521 0.0011765645390820183
559 0.005936623577733591
585 0.0193684185763811
686 0.004842104644095275
692 0.0029278720797439395
855 0.001806240828194654
882 0.002798758799471453
946 0.004197500798990391
962 0.0035528969538855056
1109 0.0029683117888667956
1144 0.0018931008173684698
1172 0.013858076193539414
1216 0.00187379285522848
1239 0.0027816947102396006
1253 0.0017106314151895878
1268 0.0016094483709762552
1298 0.0038204317217833644
1338 0.0026702835753273733
1346 0.00548670848920016
1357 0.004574569876197416
1364 0.0012849709322181467
1383 0.003101390818307576
1394 0.006629774840864516
1411 0.0038957911882338205
1417 0.0012260096334518794
1467 0.0029683117888667956
1496 0.001271541575808436
1503 0.004731972881938199
1507 0.012822545190808292
1550 0.003929966031092532
1557 0.004698749634179615
1568 0.0018931008173684698
1586 0.001899626926751779
1610 0.0034095419439698457
1630 0.0058637775664071865
1636 0.0043670537883857335
1648 0.0016688281181821464
1657 0.00406641973334792
1708 0.00548670848920016
1712 0.0009135551658595325
1723 0.0052191737213023014
1778 0.0021628058704302516
1784 0.002048455565010037
1806 0.00548670848920016
1815 0.0043670537883857335
1935 0.008415496940810832
1956 0.003389468320403985
2000 0.0052191737213023014
2005 0.00322898330221388
2037 0.004123063740619487
2041 0.00159991016663739
2078 0.003285362185987647
2081 0.008734107576771467
2122 0.0021455837713822558
2150 0.002207310379901969
2183 0.002505743896028182
2254 0.0028338560504097177
2264 0.003929966031092532
2326 0.0038735871473187648
2372 0.000864947264156799
2406 0.003285362185987647
2505 0.002764938098864961
2578 0.002505743896028182
2580 0.009686949906641639
2619 0.0019746099004718906
2666 0.0015951775011018078
2677 0.00317582787667848
2688 0.002480943312409734
2713 0.0016586644457528923
2740 0.0052191737213023014
2743 0.0014351140508907802
2764 0.0024687867109285983
2829 0.0031622446403090196
2939 0.0015095511092616837
2954 0.0009067753051814478
2975 0.0010422824476743983
3030 0.0033173288915057846
3050 0.006038204437046735
3149 0.0014511483579412083
3212 0.002480943312409734
3256 0.0028703300103642792
3268 0.001967537875739373
3302 0.00383896924591881
3394 0.0014390967840473624
3417 0.005011657633490618
3418 0.0022350726436372315
3464 0.0011014332165723594
3481 0.002798758799471453
3496 0.004465035566888249
3552 0.003478459895514602
3581 0.002063955369986309
3627 0.0029514608173103825
3675 0.0024687867109285983
3682 0.006629774840864516
3703 0.002505743896028182
3718 0.004574569876197416
3746 0.00036316040941500853
3760 0.0020256797302224887
3786 0.00383896924591881
3788 0.002480943312409734
3819 0.0012260096334518794
3872 0.00874408616732927
3882 0.004586428996240694
3912 0.0025312240315735948
3925 0.005011657633490618
3926 0.002120334253760076
3943 0.001467463982930913
3970 0.001271541575808436
3974 0.003865925276315762
4136 0.002518396700333365
4198 0.0025442307718566634
4226 0.0020797178959956653
4340 0.0058637775664071865
4346 0.000979337807846742
4364 0.001340715963800611
4372 0.012656120157867972
4382 0.001649839731469707
4383 0.0011735597973059197
4399 0.0012071583101749626
4409 0.005224283441688516
4410 0.004698749634179615
4423 0.0058637775664071865
4540 0.004465035566888249
4641 0.00548670848920016
4644 0.0058637775664071865
4688 0.008395001597980782
4716 0.00548670848920016
4724 0.003475492139453806
4725 0.003077846098175963
4764 0.006064945733525639
4770 0.0024687867109285983
4778 0.00322898330221388
4798 0.0019061991574320285
4811 0.0020718032374090188
4830 0.00639964066654956
4856 0.0058637775664071865
5052 0.014669640615233777
5067 0.0030324728667628195
5171 0.0021541549543665686
5178 0.0023652066111304096
5193 0.0015269341718359437
5255 0.0011411329481183408
5336 0.00188018440458493
5349 0.00317582787667848
5367 0.0025843794571089956
5379 0.003949219800943781
5380 0.00048501233947169506
5381 0.0007308641831964609
5431 0.001229189010123595
5437 0.0035924759810675466
5444 0.0022350726436372315
5445 0.0058637775664071865
5463 0.00203320986667396
5612 0.01850745570629625
5667 0.00405414578907473
5692 0.00159991016663739
5698 0.003443362644576338
5703 0.0015223425628463601
5769 0.003202025856158162
5825 0.0058637775664071865
5855 0.0013698937852143448
5858 0.004698749634179615
5890 0.060737441840303524
5910 0.001271541575808436
5939 0.0011296161845765799
5976 0.0019961544957778775
5985 0.0017681241121143881
5988 0.0029765389528523616
5989 0.0013443135186571886
6016 0.0052191737213023014
6031 0.0026554037895557933
6038 0.0035528969538855056
6078 0.004698749634179615
6081 0.0026854053194119275
6088 0.0019535531494889284
6093 0.0027816947102396006
6095 0.002244514011742275
6107 0.001377333559058674
6109 0.003443362644576338
6135 0.02289807694670997
6161 0.003036404050650734
6218 0.004842104644095275
6223 0.0019746099004718906
6262 0.0027816947102396006
6310 0.0021892522053048326
6323 0.004574569876197416
6327 0.004698749634179615
6328 0.001981736117493149
6338 0.009164648366957611
6410 0.006054630232343131
6414 0.005490723908084829
6430 0.0011097987911608156
6432 0.003101390818307576
6469 0.0008911452436364812
6471 0.0024102789438809865
6481 0.002764938098864961
6482 0.0024687867109285983
6503 0.002716407082513904
6537 0.0014311483017224861
6635 0.003929966031092532
6673 0.0058637775664071865
6728 0.004930872672203243
6729 0.012727145496875631
6730 0.0058637775664071865
6761 0.004935065563640898
6774 0.0025843794571089956
6823 0.0032576467589863307
6834 0.0005170331379848844
6852 0.0024332422530710784
6864 0.0038204317217833644
6865 0.005011657633490618
6866 0.004197500798990391
6920 0.004234707992277501
6930 0.0011267591415593107
6932 0.0022832682346390545
6974 0.004546854449196101
6996 0.0014967237780214538
7000 0.0012040532429474832
7007 0.0052191737213023014
7080 0.00939749926835923
7292 0.00322898330221388
7346 0.0021803529338462507
7356 0.003285362185987647
7357 0.005011657633490618
7358 0.003770151002619504
7393 0.0030195302541397725
7408 0.0034095419439698457
7434 0.00548670848920016
7484 0.0016368104488860497
7495 0.0020408014743070425
7521 0.0018241828658237134
7643 0.004842104644095275
7661 0.004546854449196101
7665 0.0022832682346390545
7717 0.0038735871473187648
7840 0.004051359460444977
7845 0.0031255471575146188
7848 0.006021180572147969
7863 0.0017322595241924268
7893 0.0019128181659483921
7907 0.003514933855469164
7908 0.003770151002619504
7925 0.004698749634179615
7988 0.0029934475560429077
8011 0.002277743624400801
8033 0.0011557324123291936
8062 0.0015009799262773712
8073 0.0026407583408827625
8115 0.003443362644576338
8146 0.01205139471940493
8235 0.0009181026896921996
8260 0.004842104644095275
8296 0.00405414578907473
8302 0.002764938098864961
8307 0.0036770767118677046
8325 0.0052191737213023014
8350 0.0009388463029751369
8352 0.005252679925196067
8435 0.003929966031092532
8438 0.0016094483709762552
8473 0.0031255471575146188
8510 0.0035528969538855056
8542 0.0035924759810675466
8572 0.003624366256195613
8583 0.002056173175864052
8601 0.00159991016663739
8640 0.0007051322356837706
8653 0.002095752203046093
8664 0.0030538683436718873
8695 0.0016947341602019926
8697 0.001827110331719065
8712 0.004197500798990391
8754 0.0020256797302224887
8780 0.0028161418620457133
8782 0.001648610653015462
8820 0.002725026115633059
8826 0.004842104644095275
8844 0.008556836976522108
8848 0.0030548827889858706
8867 0.0007345989945242079
