38
17 0.02433934478686823
82 0.016880657475331958
521 0.012487628176165966
821 0.02277244593717076
872 0.013355174628451066
878 0.029171346897810133
1164 0.01708209975558889
1165 0.03950873007982173
1468 0.012878583405884653
1694 0.02952389612913394
1728 0.020660917060934796
1881 0.01923385274594717
2666 0.016930633932148734
2715 0.030867565495467042
3599 0.02030195644313407
3680 0.05215088711298439
4221 0.008887593368072854
4924 0.016585998903414507
4977 0.08752139849405911
5032 0.014003823755439302
5304 0.03172639642477159
5634 0.05139233792710212
5646 0.033985138064224124
5897 0.00328510141888374
6459 0.031504581940927125
6764 0.014738159365289955
7074 0.055868115203217564
7075 0.05139233792710212
7484 0.0057908369668923125
7666 0.021109645656292916
7873 0.03770915630601207
8123 0.02952389612913394
8350 0.009964573261122475
8361 0.04540957804586164
8448 0.008306184557773849
8706 0.04635032089036676
8867 0.007796766600972843
8872 0.01422987170670194
