68
71 0.02071365315556833
141 0.052721695378826504
277 0.005769539495886464
377 0.012490476633968111
855 0.009923699609022393
1356 0.025133225084519924
1394 0.01821238147461017
1411 0.014269290077687798
1657 0.03351208262600256
1721 0.01702220644045222
1873 0.020451577923672422
1948 0.013180423844706626
2062 0.02071365315556833
2150 0.012127222910755523
2218 0.03221628380602536
2502 0.016086073661651996
2619 0.010848739100239679
2727 0.022940144234099263
2771 0.02320789825159335
2780 0.010156739530828893
2833 0.015569538535780447
3034 0.01931146012357764
3225 0.008560708919063327
3306 0.008816229503689635
3477 0.008246560300841557
3656 0.004944950453522287
3681 0.012999007858030227
4221 0.009201273134004838
4222 0.020202292052261386
4364 0.007366051236410416
4426 0.023993107284425143
4435 0.013698268891581614
4547 0.007995042786308812
4573 0.014050777401904474
4706 0.014753932754886706
4770 0.013563804635337122
5066 0.013497876664537138
5081 0.01108828360197742
5166 0.020989901342033306
5612 0.025420534749530436
5621 0.021591695723767203
5643 0.01032995431695485
5687 0.06918468963982985
5745 0.016660762691508665
5983 0.02885884147137133
5985 0.0032380939621859577
6088 0.010733050833074465
6107 0.007567232612710598
6134 0.014274580193827185
6262 0.01528295799625757
6328 0.010887891374932946
6533 0.03221628380602536
6563 0.028674754445272642
6589 0.006895244460342347
6834 0.00852192266255086
6973 0.006431220354697642
7141 0.017592306762657196
7347 0.008461974506648037
7407 0.007022757060137513
7484 0.0029976097240383736
7699 0.01576993076282492
7944 0.008017403202066863
7958 0.011930685340133727
8033 0.006349729841855686
8146 0.02648471215982166
8350 0.0051581320410516345
8438 0.008842498697010719
8739 0.00928228372784992
