123
17 0.006735416167435233
24 0.008323338210951811
49 0.009565409932693395
69 0.005862919179423075
80 0.007713841273794224
93 0.006155448294481293
133 0.011907459644640876
164 0.01011352424539088
277 0.00308434501352421
360 0.011377139608791593
521 0.003455695847492469
549 0.0038040579568675375
575 0.004946925082995245
620 0.010323736544050941
708 0.005411554540144452
757 0.0060620575961233105
792 0.015329271244328143
872 0.003695771595294635
1055 0.006510017266625753
1164 0.0047271219449428374
1165 0.021866466962417057
1207 0.007046138533333732
1221 0.020028378463319722
1242 0.006917577777091312
1290 0.01722254165730916
1295 0.013800730057621889
1338 0.007842908362753984
1417 0.003600921376239168
1439 0.012124115192246621
1460 0.06496735054943079
1464 0.013800730057621889
1468 0.0035638847160938663
1580 0.009109116428614075
1735 0.016115049461990407
1772 0.005618151468540246
1876 0.009109116428614075
1984 0.01596772680795614
2046 0.03201870638403643
2373 0.004812932515172687
2492 0.0014329503981480745
2556 0.0068554975630894625
2584 0.011073336592599422
2598 0.006917577777091312
2656 0.010216608623932824
2698 0.007322973935751177
2723 0.010435238223047366
2939 0.0044337130064478385
2946 0.012826503894189543
2954 0.007989888066410114
2991 0.015329271244328143
3001 0.008072573984299659
3160 0.005905934428041348
3320 0.013184755263945188
3342 0.006510017266625753
3409 0.015329271244328143
3601 0.020433217247865648
3690 0.00640392968620251
3819 0.003600921376239168
3882 0.006735416167435233
3906 0.011907459644640876
3991 0.015329271244328143
4007 0.011377139608791593
4008 0.014719774307170558
4051 0.011221016440709629
4099 0.006430067797970797
4221 0.0024594597999698467
4399 0.0035455530242245754
4464 0.01722254165730916
4483 0.015329271244328143
4915 0.003666969094635812
5032 0.003875271982637291
5172 0.004215083407333298
5223 0.0025785335282340195
5331 0.015329271244328143
5371 0.006252145537040753
5381 0.0021466262487594167
5495 0.013114286853690642
5649 0.00918006617961841
5717 0.008842425557211011
5727 0.007631064883492521
5732 0.007932470872908765
5869 0.004067403559223091
5912 0.00838367441768592
5987 0.010933233481208528
6082 0.010672902128012144
6232 0.016115049461990407
6258 0.012109879036913839
6557 0.00918006617961841
6761 0.006689914711815092
6764 0.0040784843526588555
6823 0.004784028416498794
6897 0.010799967449322125
6921 0.015811641412371426
6930 0.0033094120698628814
7074 0.003092071784832167
7303 0.006620392357923851
7484 0.0016024957644230299
7521 0.005357820115343863
7555 0.004630302275192757
7730 0.012109879036913839
7890 0.013114286853690642
7898 0.0075905987828295655
7903 0.004134572808813012
7904 0.009126376085622438
8085 0.006352392084848601
8116 0.028443558098018785
8145 0.00101913693903373
8159 0.0061317995594290485
8163 0.014945355603233483
8178 0.029439548614341116
8235 0.01078626304619515
8350 0.002757491971631377
8421 0.012826503894189543
8445 0.0032595977073717037
8448 0.004597133591723892
8520 0.008120918818678848
8572 0.010645151205304095
8667 0.0063269834194288515
8686 0.007046138533333732
8754 0.005949637949772969
8758 0.005503529958438366
8867 0.0021575957889484595
8872 0.003937826132672235
