278
33 0.004709963323732419
93 0.0022603147316917448
109 0.0024519411406172965
117 0.0035751788114130817
145 0.0011909183657380432
158 0.000708950482100259
253 0.005917535483733197
465 0.010810365426513249
474 0.005964092804480077
480 0.0014154800411352467
575 0.0018165383099220413
644 0.005222316094208992
700 0.0027873099456579694
802 0.003608066661562297
854 0.005917535483733197
886 0.003453455138165962
897 0.0029820464022400385
927 0.0054051827132566245
988 0.002729980652990459
1011 0.001762014584302293
1041 0.0022093042698838037
1042 0.004446814704086144
1057 0.0020558776132119103
1095 0.0028612395874659555
1113 0.0049337739773307005
1131 0.0036772657917642443
1156 0.061647725086505394
1159 0.005067704570812657
1169 0.004709963323732419
1207 0.0025873811242495687
1220 0.005222316094208992
1242 0.0025401729019804125
1253 0.0018449535124562065
1311 0.0023140591714446036
1313 0.008274707245925269
1333 0.0020347612634662527
1348 0.0032239294288451494
1364 0.001385869342600172
1417 0.0013222782882725812
1465 0.006324212756379113
1475 0.003874564164338439
1478 0.003453455138165962
1481 0.006324212756379113
1496 0.0013713854870728397
1538 0.002304899385722661
1568 0.0020417507660763865
1575 0.0028325652714394495
1587 0.003344918041916023
1625 0.004014743934208212
1667 0.009228736415787123
1668 0.004066190573263991
1717 0.003319524544684006
1718 0.006191427782171447
1749 0.007690497876179061
1776 0.0010025613695959072
1784 0.0022093042698838037
1827 0.003319524544684006
1859 0.005917535483733197
1901 0.003919148818369355
1912 0.0030001187752468667
1921 0.0004528629310618462
1930 0.001596095279741285
1940 0.0049547228444234035
1947 0.0031366579256363737
1955 0.004646606760689087
1959 0.002410574883553319
1972 0.0026243051551598003
2025 0.005270165253279272
2117 0.005528914892479626
2241 0.0028021693221138818
2311 0.0035124715457234405
2353 0.006324212756379113
2372 0.0009328646012961319
2410 0.002848115808758083
2411 0.005067704570812657
2438 0.004530354338571357
2492 0.0005261873286502168
2610 0.0054051827132566245
2672 0.0030563759250377322
2717 0.001827807974167045
2738 0.001560743970632778
2750 0.004120419432038871
2764 0.0026626406328028995
2784 0.004468970493625921
2793 0.0025401729019804125
2897 0.006324212756379113
2902 0.0017943718924843133
2906 0.005067704570812657
2929 0.0031366579256363737
2939 0.0016280839908203377
3051 0.002342051394714473
3096 0.0025173767033053684
3160 0.002168691856948208
3203 0.0035124715457234405
3213 0.0016468320051902673
3225 0.001680508679261854
3227 0.0009398541039062653
3234 0.005299397304783633
3240 0.010810365426513249
3253 0.0054051827132566245
3286 0.004709963323732419
3306 0.001730668609269328
3330 0.008029487868416424
3332 0.0032947581119085485
3352 0.0054051827132566245
3372 0.004709963323732419
3394 0.0031041949106241024
3413 0.006083460394511518
3420 0.0017673354963336195
3481 0.0030185227698687495
3488 0.006324212756379113
3506 0.0018801497400699175
3544 0.002499323627651439
3674 0.00474169466268344
3687 0.006324212756379113
3699 0.004709963323732419
3703 0.032429997213260814
3716 0.005222316094208992
3831 0.003608066661562297
3954 0.002217627882513885
4061 0.013512498838858673
4069 0.004303286051086503
4096 0.004709963323732419
4099 0.002361156535513526
4105 0.006167632839635732
4147 0.004066190573263991
4191 0.00783829763673871
4226 0.002243021379745902
4244 0.006037045539737499
4248 0.00199519212915228
4313 0.005917535483733197
4349 0.0016903419890598713
4372 0.002729980652990459
4407 0.0013395418739420466
4433 0.003956582832083002
4458 0.004140412558531372
4468 0.0022994682458640013
4494 0.003642069564150534
4500 0.0019166261076986287
4534 0.0023402297468066483
4566 0.00854434742627425
4568 0.0013053068247110438
4573 0.0027582357486417557
4574 0.005222316094208992
4638 0.00437248518128845
4653 0.0009213225916991114
4734 0.009054193409369572
4822 0.008944529978829108
4854 0.003513443502186181
4886 0.002114462998173329
4978 0.011032942994567023
5004 0.0037515953145619376
5013 0.002217627882513885
5057 0.0056043386442277635
5223 0.0009468518036702287
5255 0.001230736920949804
5310 0.004014743934208212
5381 0.0007882530567038042
5399 0.004815638821563076
5407 0.005628993366854907
5456 0.0018334906497967374
5482 0.0013535699287046178
5623 0.001385869342600172
5703 0.0073884593436989035
5775 0.003453455138165962
5802 0.005222316094208992
5811 0.0010828433701945486
5812 0.008488131066700112
5819 0.00437248518128845
5869 0.0014935731314468163
5873 0.0027024997677717343
5904 0.0054051827132566245
5908 0.0036772657917642443
5912 0.001539265857288754
5921 0.004709963323732419
5922 0.005067704570812657
5948 0.0031577742753820318
5982 0.003425200042514665
6047 0.0035751788114130817
6058 0.002269074521569664
6131 0.004014743934208212
6161 0.0016374141935957191
6174 0.002716146094816816
6194 0.004402098330260456
6248 0.0037515953145619376
6285 0.0034825293351821753
6298 0.0037722755105244984
6322 0.004177748724706381
6328 0.0021373458819152432
6329 0.004083501532152773
6348 0.004238554587806496
6366 0.004177748724706381
6420 0.005917535483733197
6477 0.006652883647541657
6537 0.0015435248427353371
6626 0.0072931343065350505
6648 0.0031366579256363737
6656 0.004709963323732419
6761 0.004913147525074364
6816 0.0014774605027600438
6834 0.0016728947489995914
6858 0.00905556830960625
6899 0.010398154889537372
6962 0.002929704636337166
6963 0.006458689257701632
6964 0.005222316094208992
6969 0.0026496986523918166
6990 0.003246987675742611
6993 0.0009852892897376482
7000 0.0025971956787827926
7011 0.0030957138910857234
7037 0.003344918041916023
7040 0.003608066661562297
7081 0.002599538722384343
7092 0.0019480703620482758
7135 0.004238554587806496
7168 0.0023140591714446036
7179 0.0007644185197261534
7281 0.004238554587806496
7305 0.0054051827132566245
7322 0.002358735206744469
7341 0.005628993366854907
7385 0.002879959421888876
7419 0.0049337739773307005
7444 0.0030001187752468667
7470 0.0016234512363224192
7481 0.0019043193328601368
7484 0.00058844532688975
7503 0.003987634457831205
7521 0.001967421243278693
7553 0.0026118454972228347
7570 0.005222316094208992
7582 0.003246987675742611
7591 0.0025517682862184047
7616 0.0032947581119085485
7702 0.0023515584759958405
7706 0.004815638821563076
7716 0.0028962685546544344
7719 0.0019609293787663873
7722 0.0034825293351821753
7747 0.005067704570812657
7748 0.006324212756379113
7773 0.005917535483733197
7793 0.0020920905561337636
7800 0.001935374122068558
7803 0.004303286051086503
7837 0.0013222782882725812
7863 0.0018682799025354808
7864 0.0015738551320454578
7923 0.002217627882513885
7943 0.005640449220209753
7944 0.0031477102640909155
8011 0.002456596472506176
8091 0.00590226372983608
8104 0.0030001187752468667
8180 0.0035751788114130817
8205 0.0010509997570637558
8352 0.005665130542878899
8438 0.001735825379320811
8601 0.0034510764333471645
8622 0.0020920905561337636
8639 0.009352457124566109
8664 0.0032936640103805345
8667 0.0023233033803445437
8679 0.0027229357479427313
8697 0.0009852892897376482
8719 0.001935374122068558
8737 0.005917535483733197
8752 0.0032013893889163824
8754 0.00218474003236467
8762 0.0035751788114130817
8814 0.0018243673427635037
8820 0.0014695002263286818
8830 0.002400494501561518
8848 0.006589516223817097
8867 0.002376843397987102
8884 0.00237084733134172
8888 0.004303286051086503
