223
37 0.004584349189759247
44 0.002739837517930467
52 0.005070330142023029
56 0.002661518832003056
69 0.0027098957835124094
102 0.00354613425475078
158 0.00044618540515902925
218 0.007085331767000508
320 0.004500152399249606
370 0.003490014617554889
375 0.002159153863123855
522 0.002878477024726615
707 0.0024601439558769637
712 0.005053442219512081
722 0.015107763360118273
757 0.002801939412161646
895 0.014897051537537643
988 0.006872567574098074
1011 0.004435769273272634
1129 0.002244890670852103
1144 0.0025699944235787076
1207 0.0032567907755815793
1364 0.0017444227480984723
1400 0.007960418963698129
1431 0.00784429092527688
1507 0.0029012250988892795
1518 0.0035654091934107022
1585 0.004584349189759247
1609 0.002484658977786449
1611 0.005416636221280395
1621 0.005872269427272835
1640 0.0019645411025697467
1650 0.004541549024582775
1712 0.001240204251326749
1721 0.0021030342259279636
1777 0.0033352311525745833
1781 0.0037994777888173507
1799 0.0029361347136364173
1881 0.004920287911753927
1890 0.005416636221280395
1921 0.00019000934995133662
1925 0.005928529416209701
1983 0.002780897525754904
2024 0.013027163102326317
2025 0.0022112224366956632
2029 0.006365880505964933
2058 0.003645593849317936
2122 0.0029127547128939345
2227 0.006378825811517094
2416 0.00223808481092506
2438 0.004276838870497233
2501 0.004584349189759247
2523 0.00438353256434268
2599 0.011541373042511668
2611 0.0041458038270196845
2674 0.0027705066526203166
2826 0.006199338753351386
2829 0.002146465475326035
2939 0.002049303395422111
2962 0.004409190418188428
3133 0.0031829402529824666
3136 0.0029479891102074615
3229 0.003647423000591005
3374 0.002652061979102702
3413 0.005104919284541641
3420 0.0022245821799780734
3471 0.007960418963698129
3627 0.002003389828028995
3653 0.0017261916159957546
3675 0.003351521494196673
3740 0.00848622396836818
3868 0.005258619761040299
3914 0.003351521494196673
3929 0.004058027449680086
3943 0.0019921676745021403
3954 0.002791374631187536
4017 0.015160326658536245
4099 0.0029720371508062697
4108 0.005002541696993998
4113 0.011396702750747164
4203 0.006017981077869154
4248 0.0037670851391988537
4268 0.020889646108420798
4337 0.0032567907755815793
4364 0.003640199738923752
4367 0.004147180995512795
4383 0.003186351310127119
4389 0.0036664618278851556
4393 0.002159153863123855
4435 0.0033847466737919685
4468 0.0014471944047370821
4504 0.0020204123415436814
4534 0.001472848081929184
4547 0.001975519293128631
4567 0.0025096594770943484
4659 0.002159153863123855
4677 0.0009387626020171449
4689 0.004674564985514971
4690 0.009866229292755413
4764 0.0041167582231925485
4798 0.0025877761817463874
4830 0.004343942138486402
4831 0.007085331767000508
4854 0.0022112224366956632
4928 0.02386855781192432
4943 0.0035258420250100665
5005 0.006378825811517094
5029 0.0048769950091818145
5032 0.0017911867594166547
5081 0.002739837517930467
5163 0.0014508274546083239
5164 0.005186458180444276
5167 0.003490014617554889
5193 0.0020729019135098422
5198 0.003604865028263242
5199 0.0027602006038858697
5223 0.000595911091554083
5255 0.0015491543220094916
5379 0.002680647742791781
5441 0.02002123961980266
5456 0.002307853056284847
5472 0.005258619761040299
5522 0.005597298740899129
5543 0.005698351375373582
5619 0.014582375397271745
5623 0.008722113740492362
5643 0.0025524596422708207
5675 0.002652061979102702
5703 0.0020666685373524714
5739 0.002381703578883959
5807 0.002049303395422111
5811 0.0027259952284548815
5866 0.00929900813002708
5869 0.0075199670455403655
5912 0.0019375061517617166
5939 0.0061340785836891025
5985 0.004000552133514628
6051 0.0037092619930616274
6054 0.009444423088403018
6057 0.005053442219512081
6058 0.0028561315925571644
6088 0.002652061979102702
6135 0.006907882386378266
6328 0.0026903219967130826
6373 0.003948176981978343
6381 0.00286725487119976
6386 0.006378825811517094
6387 0.014339931920840116
6406 0.003645593849317936
6410 0.002739837517930467
6430 0.0015066163821863398
6469 0.001209781479006502
6537 0.0019428670258848865
6589 0.0017037667997938939
6707 0.002049303395422111
6713 0.0015610087185805362
6728 0.004462630887439757
6729 0.007404788555283538
6761 0.0010307136038552323
6795 0.0038471243475038893
6834 0.0035095127244032126
6858 0.0037994777888173507
6944 0.004421221451448401
6979 0.00354613425475078
6981 0.005895978220414923
6983 0.005944074301612539
6999 0.004210318349272203
7000 0.0016345722803967286
7182 0.003272093798815176
7238 0.005459555663131245
7252 0.0019921676745021403
7298 0.007960418963698129
7375 0.0027197976692447104
7391 0.0033847466737919685
7484 0.0007406884492536679
7521 0.0024764342974990528
7560 0.002204595209094214
7561 0.007694248695007779
7579 0.004601400307060061
7611 0.003436283787049037
7695 0.014103368100040266
7704 0.004421221451448401
7739 0.0058082018430753255
7838 0.004823264178675963
7863 0.0023516430168542537
7923 0.002791374631187536
7959 0.0024601439558769637
7996 0.002366583829797309
8027 0.0062102445703028876
8033 0.003137947886963566
8043 0.0017261916159957546
8054 0.004147180995512795
8062 0.002037667516196315
8115 0.004674564985514971
8117 0.004001907812484195
8129 0.003453941193189133
8145 0.00047105457356500896
8149 0.004541549024582775
8205 0.0013229153918854835
8235 0.001246377779320515
8347 0.0036250652025519863
8359 0.004500152399249606
8445 0.0015066163821863398
8476 0.007448525768768821
8533 0.0025967618706334273
8553 0.006378825811517094
8560 0.0029479891102074615
8583 0.002791374631187536
8592 0.009141174797822463
8601 0.002171971069243201
8640 0.0009572580060009327
8692 0.006378825811517094
8697 0.001240204251326749
8723 0.0056094311518639604
8724 0.005439595338489421
8754 0.0027499780058543666
8788 0.006803616612907321
8820 0.0018496906918613932
8867 0.003989043377241919
8874 0.003527149175800322
8892 0.0026058119736105875
8893 0.016141931980278496
8894 0.005416636221280395
