69
314 0.0354918640022944
459 0.007468015372122201
531 0.022289943950858274
549 0.0057604306203994145
1011 0.007266212523837076
1139 0.0032672164804076675
1338 0.011876404092170318
1417 0.010905647596610052
1580 0.0137938048776156
1678 0.014241391188817731
1777 0.010926852537958637
1845 0.018337816827326672
1876 0.0137938048776156
1918 0.011943659849194002
1921 0.0006225068226977125
2041 0.00711579093161582
2373 0.007288154951547212
2485 0.05106453770819499
2606 0.0028256094082994183
2683 0.018337816827326672
2893 0.011144594280430105
2956 0.012934979826671904
3213 0.00679122150711796
3225 0.013860195392769198
3461 0.01563308676670571
3472 0.012447812946220655
3525 0.01985877723558869
3604 0.004566738039428806
3733 0.00958086060656369
3884 0.0071582132309134395
4221 0.0037243248399543394
4346 0.004355721488232652
4393 0.007073799322996249
4547 0.006472177493678563
4570 0.00884594675120846
4592 0.012525126186431888
4835 0.0029343409360880982
4951 0.009697379239106657
5045 0.008537136370686116
5047 0.023212896455696904
5229 0.00418600997240428
5255 0.005075324635916811
5372 0.011034290732336628
5380 0.008628600477458347
5477 0.021535836845642795
5556 0.012224183461939485
5863 0.05611095341493105
6052 0.014241391188817731
6161 0.006752384245970918
6506 0.022401738267727265
6622 0.011876404092170318
6623 0.02474383675584559
6761 0.010130442277891425
6935 0.008657908101725058
7102 0.020136054974029885
7322 0.0032423249032392226
7409 0.007377107582539054
7415 0.008878134757412084
7481 0.007853050201223231
7549 0.018337816827326672
7559 0.10400051284074092
7680 0.014023201176298064
7800 0.007981114236720818
7818 0.016556039271544344
8011 0.0033768453098259495
8043 0.00565533253240514
8189 0.02089824837297029
8739 0.007514229684449936
8824 0.012525126186431888
