127
56 0.010463571179532016
109 0.0060668029364987965
138 0.002816408318274321
209 0.006970686763624391
281 0.007468687767732392
316 0.012207566469623963
334 0.004711830120733939
424 0.009697093933451034
465 0.026747932741029927
522 0.00565826340860546
549 0.003456258372239648
550 0.009188859171526571
569 0.007207216393099964
984 0.007610536817589718
1102 0.004851899548604832
1268 0.008589855877096127
1309 0.004219337848640891
1331 0.009379852060023426
1368 0.011653794966720784
1497 0.01033694398741636
1586 0.005069290141674747
1593 0.006462452001699929
1692 0.01304899460440795
1712 0.004875774428073162
1956 0.004522519158939031
1959 0.005964450997591926
2031 0.005614338673369511
2084 0.005842175885013467
2373 0.004372892970928327
2463 0.01392773787341814
2499 0.00786660735711179
2659 0.016067950441103436
2713 0.004426264549523432
2772 0.005636203861101243
2824 0.005914815687962826
3068 0.0067205214803181795
3069 0.0712584245530219
3092 0.014641673511179855
3096 0.00622870921446414
3229 0.004779860998869736
3268 0.005250515359830212
3303 0.014641673511179855
3339 0.008846013859096368
3394 0.0038403325608578178
3506 0.004652027642572996
3541 0.0072913492892182855
3609 0.009379852060023426
3762 0.009011520693012464
3819 0.0032716942789830154
3834 0.010818777619987995
3870 0.01564790927721232
3896 0.01564790927721232
3899 0.01392773787341814
3907 0.009282518692601823
3939 0.009379852060023426
3970 0.0033931995194430836
3974 0.005158248868684173
4056 0.013649326618992918
4057 0.016949847067529715
4437 0.005748516363938213
4458 0.0051222818224116685
4471 0.008092370450161352
4660 0.003366657204895863
4886 0.005231785589766008
5020 0.012921502107385676
5030 0.01630434585664459
5032 0.0035209614013675954
5066 0.013112223045550361
5196 0.01564790927721232
5223 0.002342781891366909
5234 0.0072913492892182855
5320 0.008474923533764857
5367 0.0068966011798280045
5380 0.001294290071618752
5426 0.010195094937559034
5485 0.006588133680020888
5507 0.00981254185395553
5567 0.009282518692601823
5595 0.008544834713290638
5725 0.03496138490016235
5735 0.03543067342064444
5736 0.0076596806562292475
5833 0.0068966011798280045
5869 0.022173159974279023
5929 0.0076596806562292475
5985 0.004718365487756682
6051 0.014582698578436571
6093 0.007423151026753676
6110 0.008616772583622182
6430 0.002961577345554862
6494 0.006372199046367174
6537 0.01909560734012574
6551 0.010195094937559034
6707 0.004028344960144036
6710 0.008846013859096368
6756 0.008092370450161352
6761 0.0050652211389457125
6834 0.0013797398596510915
6837 0.006933367522716062
6952 0.012207566469623963
7000 0.0032131020826084264
7163 0.00786660735711179
7322 0.0019453949419435334
7328 0.005989645962763671
7393 0.002685944054634807
7432 0.010060917246990332
7481 0.004711830120733939
7503 0.004933273486402605
7653 0.008276282926569359
7695 0.0034653990188670365
8042 0.018759704120046853
8177 0.010487395065829786
8304 0.011417265337245212
8334 0.01064755920068832
8380 0.014641673511179855
8469 0.00840692797205224
8500 0.01392773787341814
8531 0.005842175885013467
8560 0.011589808616129906
8584 0.008092370450161352
8605 0.00786660735711179
8639 0.0033058072938262242
8695 0.009045038317878062
8847 0.012207566469623963
8848 0.024456518784966887
8867 0.0019603298882446005
8878 0.01564790927721232
