173
37 0.006516595542467691
40 0.009671256672893052
50 0.009671256672893052
56 0.007566632051314474
109 0.0043871508838317745
209 0.005040785882786234
217 0.005152985246602824
246 0.003691264807842558
265 0.010071711272099895
281 0.00540091057583954
348 0.011315636874017173
375 0.003069210450060356
378 0.0029297534951526713
386 0.0044643501109712545
395 0.006782950869851651
443 0.0064737796019772266
458 0.016496222049882846
494 0.003982922139601679
527 0.005272669940550413
549 0.002499360393148506
654 0.008616411610482695
864 0.008427331070975774
892 0.005434455576757637
956 0.005612284635539463
979 0.005211830036332618
990 0.004028744338633135
1057 0.003678491762482468
1129 0.003191084259393072
1268 0.00931750895759394
1309 0.009153522192299455
1364 0.002479675311346589
1384 0.011315636874017173
1390 0.002390563125700782
1417 0.0023658946232315192
1440 0.008427331070975774
1499 0.007593720561737911
1517 0.009671256672893052
1586 0.0073316179734965355
1588 0.0058519207800753585
1609 0.003531911935365861
1611 0.007699681240167173
1648 0.003220424509053977
1692 0.004718128214403701
1712 0.008814674844140532
1716 0.0046079951781580804
1778 0.008347358194139898
1921 0.0002700959354680157
1935 0.012179866956690056
1940 0.002955089520158862
1948 0.004629487714049849
1971 0.008427331070975774
2031 0.004059955652230019
2064 0.005939479867141218
2078 0.012679868932696126
2148 0.0030966095364199134
2332 0.0058519207800753585
2373 0.0031622159913737903
2400 0.00825628691742939
2574 0.0044253354157942236
2619 0.007621015070416304
2632 0.008100135839374018
2646 0.006932587946936133
2738 0.002792570823487574
2826 0.004406141593291068
2827 0.005939479867141218
2893 0.009670928921034388
2895 0.004190529974840359
2954 0.0017498515186765953
3050 0.0029130593720049845
3068 0.004859881235767278
3069 0.020611940986411295
3136 0.004190529974840359
3146 0.004764146256213452
3149 0.002800356541977456
3229 0.0017282555264508345
3320 0.004331355551585299
3512 0.002230277010569146
3541 0.005272669940550413
3648 0.004961012514210256
3653 0.0024537599830683457
3656 0.0017368627626008033
3681 0.004565767222861857
3748 0.005612284635539463
3750 0.016854662141951547
3869 0.011224569271078925
3954 0.00793580886883068
3970 0.007361279949205037
3974 0.0037301386447096295
4056 0.004935190409759836
4120 0.010545339881100827
4139 0.006339934466348063
4358 0.006932587946936133
4393 0.006138420900120712
4412 0.011078050535868746
4471 0.0058519207800753585
4517 0.004295099666017096
4660 0.0024345661605651905
4677 0.000667219700607227
4798 0.003678491762482468
4830 0.0030874299496680213
4844 0.007475062800817616
4909 0.0034516286633066626
4915 0.009637158447059407
5030 0.06484683011165462
5178 0.002282131172309713
5229 0.0018162439962911127
5301 0.007183405469058496
5327 0.010587987043208574
5371 0.004107814629708594
5372 0.00957521096607724
5456 0.0032805845097602783
5485 0.004764146256213452
5682 0.015912981544374382
5735 0.015372812847800274
5827 0.005124270949266757
5837 0.006579570610883958
5863 0.004869132321130381
5939 0.004359758332208784
5985 0.0011373470528339108
5997 0.010545339881100827
6048 0.007583860068265341
6072 0.008100135839374018
6081 0.01036433292698653
6203 0.004859881235767278
6329 0.0036532152136821297
6414 0.003531911935365861
6469 0.0017196893751166805
6470 0.006579570610883958
6479 0.006231137198900338
6494 0.009215990356316161
6496 0.006339934466348063
6513 0.005272669940550413
6589 0.0024218833848309897
6704 0.010587987043208574
6707 0.0029130593720049845
6710 0.006396910848520101
6761 0.002930293220877685
6773 0.009344061441291296
6837 0.005013798828410375
6928 0.010071711272099895
6930 0.0021743657814388352
6979 0.005040785882786234
7393 0.003884629831083399
7433 0.006856210237456741
7481 0.0034073151699522287
7484 0.001052879448525875
7495 0.003938240861575987
7662 0.007583860068265341
7695 0.0025059703648831876
7716 0.005182166463493265
7725 0.0073064304273642595
7863 0.006685662791717878
7908 0.007275456686873174
7980 0.006579570610883958
8043 0.0024537599830683457
8145 0.0006695982368031532
8190 0.007475062800817616
8204 0.007583860068265341
8245 0.008827785670182617
8279 0.006644836177756818
8334 0.007699681240167173
8366 0.009671256672893052
8428 0.009671256672893052
8461 0.007699681240167173
8534 0.005040785882786234
8550 0.09529188338887716
8584 0.0058519207800753585
8639 0.002390563125700782
8684 0.006856210237456741
8691 0.006179116011677114
8697 0.0017629349688281061
8734 0.006932587946936133
8754 0.003909059644685546
