140
117 0.008104986520114474
325 0.010460845204282263
651 0.005865633648167871
773 0.005184272756575683
804 0.014337089651896106
955 0.019511234137386972
984 0.006973004937582203
1055 0.005419333745515679
1129 0.004043153878393316
1131 0.008336419308030984
1156 0.012705123732725768
1243 0.009341055571061943
1248 0.01070555790447494
1268 0.007870286798386505
1297 0.008104986520114474
1417 0.0029976256482828678
1550 0.009608869824713154
1585 0.008256628907210373
1586 0.00928927512872336
1648 0.0040803284355553
1705 0.003156301495735146
1717 0.007525414281927617
1749 0.005811493159486096
1847 0.012147049872605366
1907 0.010460845204282263
1921 0.001026647377747536
1930 0.0036183730687328612
1934 0.013415145887206674
1935 0.00514402758031238
2025 0.019912579011081365
2112 0.007702682696906504
2124 0.008990548819069204
2241 0.012705123732725768
2242 0.00850492550369277
2363 0.010262999335751375
2398 0.005921094765955432
2410 0.006456723273257853
2438 0.002567596110734814
2514 0.012761016376168454
2587 0.009218117896457111
2610 0.024507268218221138
2738 0.003538231095727712
2829 0.0038658854634144296
2901 0.014337089651896106
2954 0.002217089358742074
2958 0.011184943100440804
3051 0.005309467297965271
3212 0.006065971345001811
3213 0.0037333940222376216
3222 0.006386754888137532
3225 0.003809739571310905
3234 0.0060069084632756896
3285 0.02867417930379221
3306 0.003923452920490152
3413 0.004597100088697185
3559 0.007207624541856352
3563 0.005027397241510536
3581 0.005046424909861813
3582 0.00544195873914208
3589 0.010677560833382917
3656 0.006601897202346508
3703 0.006126609421178854
3767 0.007962828163865182
3806 0.00850492550369277
3901 0.004845396685179583
3914 0.006036248136144793
4005 0.008606598690703989
4055 0.008884771928554613
4061 0.006126609421178854
4108 0.00450490665907313
4149 0.010917128846789593
4203 0.005419333745515679
4221 0.0020474037078283018
4226 0.00508496469858626
4297 0.0044454577016012865
4367 0.0074692683898240925
4383 0.0028693844258736363
4468 0.002606465315337991
4484 0.009608869824713154
4491 0.02765435368937133
4534 0.002652668796772981
4547 0.007116006668442399
4659 0.003888737847720451
4677 0.0008453778405599421
4711 0.00850492550369277
4734 0.010262999335751375
4780 0.00758298173900334
4798 0.004660706840422813
4822 0.004055477990401051
4978 0.006252963765245447
5005 0.011488565859486285
5013 0.005027397241510536
5130 0.025522032752336908
5163 0.0026130086093469292
5177 0.006285680777166921
5193 0.0037333940222376216
5223 0.0064395837328148015
5623 0.006283575134511775
5651 0.009218117896457111
5812 0.004810681612409881
5824 0.006885540573692922
5869 0.0033859537482537772
5942 0.00758298173900334
5965 0.006720100856040031
5985 0.0028820731600608003
5995 0.007414475543341553
6019 0.013361111262965445
6034 0.005374748138591439
6091 0.009471021977999284
6266 0.005949341006199966
6293 0.004130859250613839
6306 0.008032796548985505
6335 0.006973004937582203
6364 0.014337089651896106
6373 0.0071108527842960725
6477 0.020109588966042143
6550 0.009608869824713154
6589 0.0030685642886340288
6834 0.0012641595572719425
6899 0.005893195114096443
6930 0.002754955597425121
6963 0.03416454998271142
7141 0.007829037040973097
7245 0.014337089651896106
7290 0.006318875426543984
7311 0.006285680777166921
7417 0.009912492583758634
7477 0.00378766373674984
7710 0.013415145887206674
7832 0.03531984395674407
7923 0.005027397241510536
7996 0.004262328991886253
8033 0.008477388008760208
8061 0.01070555790447494
8527 0.010208964711510143
8639 0.003028881028374813
8664 0.007466788044475243
8801 0.005309467297965271
8814 0.0020679347105146523
8880 0.005582650605112244
