140
15 0.002819070716415558
44 0.004960547927200424
46 0.007936501063862535
51 0.010733758521979669
386 0.005686172246605493
474 0.013591853601788807
527 0.006715716450595789
726 0.003005614677705157
751 0.010895713109405207
773 0.005211558402662924
886 0.007870242499083482
1131 0.008380295199125884
1145 0.014109938050948612
1156 0.03831597841500982
1216 0.004605585596798421
1313 0.0062858741008520016
1340 0.01282817962025355
1649 0.007936501063862535
1749 0.005842079965588654
1921 0.001032050784998839
1930 0.0036374171375156655
1980 0.004653042535321449
2138 0.01124381122202207
2148 0.003944102672703258
2317 0.009149390123748189
2438 0.002581109774475523
2478 0.012704265331262114
2688 0.012195795019951008
2689 0.00762289216920862
2743 0.0035273592724526016
2768 0.009964663597357364
2793 0.01736676105090819
2885 0.011901383519960491
2954 0.002228758250103874
3063 0.007565021725516709
3142 0.021467517043959338
3149 0.0035667699113607594
3234 0.00603852377097714
3286 0.010733758521979669
3477 0.0036892506609028015
3481 0.006879054522911414
3627 0.0036271900044314432
3656 0.00221221467657576
3703 0.030794273669609497
3901 0.004870898772996318
3947 0.01013405666773316
3954 0.00505385722699217
4005 0.004325948289274899
4061 0.018476564201765702
4099 0.0053809514730387194
4105 0.004685236876425038
4126 0.009149390123748189
4128 0.007565021725516709
4216 0.007054969025474306
4221 0.0020581795168168712
4248 0.0022734689261129926
4250 0.006352132665631057
4293 0.005211558402662924
4433 0.006011229355410314
4468 0.00524036710767954
4491 0.01853326861287693
4504 0.0036580097131106654
4567 0.004543804526949768
4568 0.0029747255531572736
4677 0.0008498271976155207
4822 0.012230467834209485
4830 0.003932410777998216
4834 0.013431432901191578
4948 0.00762289216920862
4978 0.018857622302556006
5032 0.003242990764417522
5130 0.0256563592405071
5177 0.012637526615146125
5221 0.01282817962025355
5223 0.0010789127131294975
5225 0.011901383519960491
5229 0.0023133213005392065
5276 0.016009475571560523
5372 0.006097897509975504
5380 0.0011921092764909556
5381 0.0017963872292249853
5771 0.006221482224972993
5807 0.0037103177264484538
5812 0.004836000989317301
5855 0.0033670547247110468
5857 0.01013405666773316
5869 0.006807549114910226
5999 0.006795926800894404
6058 0.005171101409682445
6161 0.007463161535020488
6248 0.00854968826950168
6385 0.007347165487841841
6666 0.006068017863177133
6761 0.0009330670519110524
6816 0.0033670547247110468
6831 0.01282817962025355
6834 0.008895691200382036
6899 0.0059242119304864236
6932 0.005612032976718097
6963 0.034344363403673056
6969 0.00603852377097714
6971 0.014412548018485032
7000 0.0029594361287182875
7070 0.015611701246408947
7140 0.0029067144405207925
7252 0.0036068720001512433
7322 0.0035836222614749297
7336 0.0059522584226183554
7658 0.009520869462094017
7711 0.006795926800894404
7740 0.024636253840422298
7764 0.00814764434390455
7776 0.004942334600308285
7842 0.006097897509975504
7899 0.00830008484882727
7905 0.0028406686134617542
7944 0.0035867330114509647
7958 0.005337411862691405
7959 0.00445415537274566
8011 0.00186615135543013
8033 0.0028406686134617542
8061 0.0053809514730387194
8068 0.0210318045686096
8078 0.006097897509975504
8103 0.00980696242168661
8205 0.002395173130571612
8235 0.0022565997688750376
8370 0.014412548018485032
8445 0.0027277686077478995
8604 0.006455267171227797
8627 0.0059242119304864236
8639 0.0030448225074715222
8679 0.002068475752384566
8752 0.007295797923162071
8754 0.00497890754744159
8800 0.0056611910096346415
8801 0.005337411862691405
8813 0.008639337423705786
8867 0.001805567002330553
8874 0.006385996402501636
