63
53 0.011363504383514139
287 0.021212392979424136
423 0.01924752937395552
448 0.03202866080570593
524 0.015415426814903125
528 0.0232915357515057
575 0.00983201360245305
969 0.011738044675732178
1371 0.03308526938853345
1422 0.01720820359368204
1503 0.013811445849157118
1508 0.03422980154390195
1640 0.008447526741049911
1772 0.011166076043723739
1778 0.012625379268636595
1952 0.014272337848571195
1960 0.016977161022506872
2041 0.009339475597745764
2330 0.021212392979424136
2485 0.01675555143550148
2556 0.013625301406640306
2574 0.02677327926555505
2575 0.019903201097923973
2942 0.015587780370973543
3225 0.01819150645300957
3320 0.02620470108709106
3344 0.012377451206324445
3595 0.00922980154390195
3659 0.024502910914106404
3890 0.0891643914035251
3907 0.02030550964006649
3943 0.008566321000359204
4108 0.010755464648537098
4158 0.01283221118088706
4203 0.012938659317418683
4212 0.03202866080570593
4510 0.014272337848571195
4520 0.01128366940024663
4604 0.04588235341300531
4656 0.022008256477791352
4832 0.02910882139461093
4835 0.0019256612393078144
5360 0.015676053552067127
5381 0.00426641966940934
5532 0.02261206497247329
5912 0.008331276452575382
6015 0.021876531584792504
6537 0.008354328211305013
6834 0.009054542828960288
6895 0.010307128389105491
6966 0.014851947130713273
7004 0.00977169430383691
7010 0.019350655316773307
7423 0.014928950989523505
7495 0.011913178606267361
7598 0.019903201097923973
7693 0.05653157171981234
7717 0.02261206497247329
7913 0.02620470108709106
8043 0.014845247897563491
8171 0.012727810251327487
8719 0.010475212435696072
8814 0.004937194121353732
