43
17 0.022785769587706426
82 0.015803168700310767
94 0.06116400544034786
513 0.03653606009451527
872 0.025005433346887103
1468 0.012056546167211165
1499 0.019549791233410364
1565 0.03208372770497621
2072 0.020743747445728055
2084 0.021752782550582057
2619 0.01962006007490155
2896 0.025279910009724717
3970 0.012634253529841268
4221 0.008320300174366076
4329 0.021932211647111052
4587 0.03208372770497621
5143 0.04028268262761487
5172 0.014259537484382856
5234 0.027148640970493614
5372 0.024651075040326507
5380 0.004819165160282587
5536 0.02833710517187661
5897 0.0030754140942741395
5913 0.019906604217450646
5954 0.031555566349124466
6033 0.03264391789055811
6122 0.028897295357458507
6252 0.02329641376650997
6338 0.0303538353714128
6406 0.026682644343944045
6626 0.022396646487444515
6764 0.013797425788782085
6834 0.01027465852931664
6930 0.022391341238646726
7009 0.03904881141532367
7074 0.010460413059325841
7793 0.019273940655445097
7904 0.015437168059723057
7950 0.048111975931755174
8448 0.0077760025647244544
8664 0.01517187783505076
8830 0.022115194025024196
8872 0.013321582023295432
