228
17 0.00493516668489494
53 0.006283965557703671
69 0.004295871656812299
82 0.0034228061240304426
85 0.005616023336055702
91 0.012866004080091703
94 0.0033118758706179143
217 0.002873323570686367
277 0.0022599578670523014
401 0.002246442695735527
427 0.0029574637407918107
446 0.0020654362187143825
459 0.0018067779126102097
492 0.011469144314270954
513 0.007913340204802848
521 0.010128214557627696
524 0.00284155332993606
605 0.003445497868262354
628 0.005903900609346716
672 0.006479012274638482
726 0.0013158220939262209
814 0.0029751753275804997
855 0.001943581720661068
858 0.006662676205877464
872 0.0013539808379074813
878 0.0029574637407918107
886 0.003445497868262354
959 0.008010986744295649
981 0.004804542879577908
1135 0.02201275697466246
1164 0.0034636515633452124
1219 0.0025694350993416023
1225 0.0022815578260505886
1253 0.00184070246749663
1272 0.0036336776987953485
1309 0.0051040377201301106
1379 0.006526105201743026
1390 0.0013329868120267032
1417 0.0013192315641060545
1430 0.003445497868262354
1460 0.005950350655160999
1468 0.01827927967286854
1499 0.029640006063557652
1538 0.002299588557644959
1564 0.015752491488944927
1565 0.010423515222123609
1609 0.0019694071160334986
1621 0.002327258851361584
1712 0.0009830190379179762
1772 0.012349577191215195
1784 0.0022042137070499702
1796 0.004516665606286894
1921 0.00015060648936234978
1935 0.0022638462392618997
1955 0.00463590029349856
1956 0.003647192870112122
1971 0.0046991108736777355
1984 0.0058499275632834715
2009 0.004293370645438838
2075 0.0015746273317580979
2086 0.0035997531439089276
2122 0.0023087272378698467
2181 0.0053927283752076465
2414 0.0026182583690880033
2465 0.002246442695735527
2497 0.004516665606286894
2531 0.003194012915670031
2586 0.003068764845802306
2666 0.003432939599145365
2684 0.001592417640847872
2724 0.004327389742205411
2725 0.0042287883329958816
2789 0.002346140138493546
2896 0.008213058321131764
2916 0.004516665606286894
2928 0.0025694350993416023
2929 0.003129430603227073
2939 0.0032486652904387386
2986 0.002889595124805
3050 0.0016243326452193693
3144 0.0046991108736777355
3146 0.002656505516137455
3149 0.00312297826340343
3225 0.0016766365394478868
3269 0.0035997531439089276
3334 0.018414944092330986
3342 0.007155018977374387
3374 0.002102095209242695
3413 0.0020231477348874706
3418 0.0024050205635451315
3434 0.00436241033064032
3506 0.001875817597811692
3569 0.005903900609346716
3595 0.0017013459067100369
3638 0.0034745050740412026
3645 0.004293370645438838
3819 0.0013192315641060545
3840 0.002212518140849107
3872 0.0018817918157339952
3882 0.00493516668489494
3898 0.0035997531439089276
3908 0.0042287883329958816
3912 0.00817107112496453
3970 0.012314030514107965
3989 0.006309640837585613
4005 0.001893848329406062
4109 0.007070341662931941
4137 0.004804542879577908
4221 0.0009010463322470175
4226 0.002237853127718838
4231 0.004168122575571113
4251 0.001768600259538337
4329 0.00475029468854479
4374 0.006309640837585613
4399 0.0025978936905608637
4403 0.0014273234347612427
4437 0.00231795014674928
4489 0.016443701512191992
4497 0.0042287883329958816
4568 0.0013022992052992672
4802 0.008298836602112086
4805 0.004436568587256452
4830 0.0017215623221651178
4992 0.0053927283752076465
5003 0.0030115676482791905
5032 0.0014197425005514498
5037 0.003445497868262354
5045 0.0020654362187143825
5157 0.004804542879577908
5168 0.009207472046165493
5171 0.006953850440247839
5172 0.010809649383322488
5181 0.004510213266463251
5223 0.0009446701174866569
5371 0.00229053258154258
5372 0.002669586467500797
5380 0.003653238105375509
5381 0.011010115275895072
5435 0.001470077369572795
5456 0.005487798050889314
5491 0.006344038191219185
5501 0.004922405834525792
5536 0.003068764845802306
5547 0.0042287883329958816
5562 0.003287166503355764
5714 0.01100637848733123
5727 0.0027957127107726054
5807 0.0016243326452193693
5811 0.001080348339387649
5897 0.00033305175675319023
5910 0.0027364512253573252
5939 0.0012155086594406977
5954 0.006834615753036175
5976 0.0021479358284061494
6086 0.004871626203394326
6095 0.0024151798236950284
6115 0.0021636948711027055
6122 0.006258861206454146
6155 0.012619281675171226
6161 0.0032672826996633475
6223 0.0021247530495861126
6250 0.002237853127718838
6310 0.0023557160826667206
6338 0.013148666013423056
6367 0.0025694350993416023
6372 0.0034173078765180873
6378 0.006587932869825269
6388 0.005888664043822633
6464 0.004804542879577908
6469 0.0009589051354337251
6482 0.00531301103227491
6507 0.0054707893051681835
6517 0.0020162701921467743
6529 0.0024462915066527408
6547 0.00366879282911041
6548 0.015151362322296637
6550 0.008457576665991763
6626 0.0024254432832025168
6682 0.004168122575571113
6761 0.0057187980600999985
6764 0.0029883825441140923
6806 0.0034173078765180873
6823 0.0017526740051228297
6921 0.00193091473469052
6930 0.00969947500660273
6968 0.012982169226616234
6996 0.0032210599278157553
7000 0.0012956056784711398
7074 0.00453123883675866
7097 0.005616023336055702
7144 0.003129430603227073
7199 0.009398221747355471
7203 0.004436568587256452
7252 0.0015790453456883324
7371 0.004056821470560618
7377 0.0027236903749881768
7452 0.005339172935001594
7470 0.00323942113054197
7514 0.004922405834525792
7521 0.001962888014607544
7555 0.006785419924015192
7666 0.006420445222651301
7678 0.0014349622392577331
7680 0.001696354981003798
7904 0.005015301143827077
7961 0.002044068605514011
8033 0.0012436106833127497
8062 0.001615109736339936
8099 0.002669586467500797
8235 0.0009879123412125741
8248 0.003363203969030707
8445 0.0011941844135301863
8514 0.0008898654502322429
8527 0.002246442695735527
8540 0.0032672826996633475
8543 0.004603736023082746
8609 0.003445497868262354
8653 0.004510213266463251
8657 0.0042287883329958816
8660 0.002656505516137455
8667 0.006953850440247839
8697 0.0009830190379179762
8701 0.0033898903113113873
8758 0.004032540384293549
8820 0.0014661142811067264
8830 0.0023949634082399474
8872 0.0028853196087321904
8873 0.0021401484075504336
