43
15 0.010712468722379121
37 0.031540322425543624
246 0.017865721669957983
855 0.01687028933533807
1239 0.025981028593637868
1268 0.015032247784918223
1286 0.02698436078295247
1311 0.020039752424710268
1335 0.030418003585964994
1657 0.018990180154734783
1778 0.02020060682981855
2189 0.04170343219473624
2574 0.042837246824888084
2725 0.03670588273040425
3320 0.02096376086967285
3732 0.018990180154734783
3804 0.04272648264368387
3890 0.08559781574738409
4158 0.020531537889419298
4218 0.04522525737584987
4222 0.03434389648884436
4329 0.02061627894828439
5032 0.012323364904786584
5380 0.0045300152506656316
5510 0.015927521409796856
5670 0.023172010537906917
5885 0.02896699024299276
5908 0.031845121756678356
5912 0.01333004232412061
6015 0.052503675803502
6259 0.03786572166995798
6414 0.017094453767170767
6469 0.008323296575564734
6622 0.02494044859355767
6713 0.010739739983834089
6834 0.00965817901755764
7004 0.015634710886139054
7095 0.03670588273040425
7452 0.023172010537906917
7913 0.0419275217393457
7988 0.013979400086720377
8106 0.022835740557713913
8815 0.017803900130415145
