30
355 0.06473709491467253
521 0.01665017090155462
1460 0.039128063399088996
1468 0.01717144454117954
1507 0.03024307375811855
1984 0.025645136994596227
2416 0.0233303386350976
2468 0.03000594231836229
3133 0.033179740818968746
3796 0.03778855847508737
3926 0.03000594231836229
5223 0.006211921681654683
5372 0.035109106875616546
5702 0.02856073048994184
5997 0.03866624623070303
6076 0.04569500612526915
6165 0.035109106875616546
6295 0.04608788422115909
6338 0.04323122007443641
6414 0.025900687526016316
6469 0.037833166252566976
6921 0.025394454389566234
7904 0.04397253932163538
7961 0.02688259923615396
8033 0.016355364744173737
8106 0.03459960690562714
8163 0.03600472031688066
8448 0.011074912743698467
8758 0.02651700798156667
8872 0.018973162275602588
