162
139 0.004669366622259498
423 0.0037014479565299074
487 0.007655077345355374
494 0.004633976720113492
549 0.0029079096881823967
575 0.003781543693251173
693 0.008357615978423827
726 0.002745513407519134
751 0.004976407429776416
773 0.004760558156278632
830 0.009257070994563944
886 0.007189163821278181
909 0.0098048755729622
941 0.0041645569748262655
1138 0.012127527584543208
1143 0.006529677316348798
1144 0.008500750785683417
1173 0.007891702454346632
1311 0.004817248179016892
1338 0.005995300142682132
1364 0.0028850068526243967
1575 0.005896638281410008
1592 0.00797693691088717
1593 0.005437159136045614
1657 0.009129894305160955
1712 0.002051107031040393
1778 0.0048559151033217675
1833 0.006362551805487202
1876 0.006963218808411721
1921 0.000628492465223652
1947 0.006529677316348798
1948 0.005386230898077228
2041 0.007184211998265973
2117 0.002877428063033267
2169 0.008577603913811687
2227 0.010549596534432118
2388 0.0034580184281975154
2502 0.006573635871348172
2531 0.006664430795196123
2574 0.005148707551068279
2575 0.007655077345355374
2586 0.006403095880183658
2597 0.010871456099963912
2606 0.001426389364766533
2612 0.006664430795196123
2615 0.008357615978423827
2639 0.006910356383885456
2672 0.006362551805487202
2771 0.004741998440830372
2777 0.013165308286116135
2780 0.004150590673656038
2826 0.005126376276809801
2829 0.0035499236707315193
2837 0.01125213516750057
2895 0.0048755204514969565
2954 0.002035884939998731
3068 0.016962854697918483
3102 0.005194099648341556
3172 0.011718048691577764
3283 0.00846471402991975
3307 0.005386230898077228
3353 0.007073136514947799
3369 0.005060780696682175
3464 0.002472929385285057
3604 0.002305324491057811
3627 0.003313298561740261
3656 0.0020207730218720884
3663 0.012269097361665385
3695 0.011923784324255341
3786 0.004309612110202125
3890 0.0137175986774654
3926 0.004760558156278632
3954 0.004616504197733233
3970 0.005709710729832112
3993 0.00797693691088717
4082 0.011718048691577764
4108 0.004136717172514268
4158 0.004935465838802716
4221 0.0018800678278615653
4244 0.012567503455318929
4248 0.006230179268675028
4364 0.0030101651687254104
4389 0.012127527584543208
4433 0.002745513407519134
4468 0.007180310700426293
4482 0.003977050551789324
4500 0.003989899541507242
4504 0.0033414511802453196
4517 0.004997183265269891
4520 0.008679745692497408
4552 0.007312020092780047
4655 0.006529677316348798
4677 0.0007762844593603314
4680 0.005194099648341556
4761 0.005771947252110009
4865 0.00724968847179751
4945 0.012318715694502283
4947 0.009257070994563944
4973 0.0020057696933165475
5023 0.008958282981348346
5045 0.004309612110202125
5057 0.005833362098438995
5165 0.008357615978423827
5178 0.0026551718447064936
5218 0.003067372973050928
5220 0.006029251366179664
5379 0.004433378959232561
5510 0.003828731108124244
5582 0.006207817750817004
5596 0.008255744348279895
5765 0.012318715694502283
5863 0.0028325240906575777
5864 0.009102336939893745
5989 0.0030182423712158996
6015 0.021035126523838946
6259 0.009102336939893745
6307 0.0048953116351259564
6322 0.00869694806633588
6329 0.004250375392841709
6402 0.00846471402991975
6409 0.0018847651397188333
6430 0.0024917117090004852
6435 0.006245439565778334
6479 0.00724968847179751
6507 0.003805004100068897
6690 0.003160562868275331
6713 0.007745004796034199
6761 0.004261604323632211
6895 0.003964280149655958
6978 0.006573635871348172
6996 0.003360432713153937
7004 0.011275031889042587
7016 0.008958282981348346
7035 0.007655077345355374
7104 0.008823529502501022
7234 0.007442559737220502
7340 0.006444442859808261
7347 0.0034580184281975154
7481 0.003964280149655958
7484 0.0036749542289893525
7495 0.004581991771641293
7561 0.006362551805487202
7579 0.003805004100068897
7633 0.006963218808411721
7711 0.006207817750817004
7716 0.006029251366179664
7717 0.00869694806633588
7828 0.006759354151906494
7862 0.005683084724734946
7913 0.0352755591556995
7943 0.00391396556466478
8011 0.0034093149762665837
8145 0.0015581035894842604
8159 0.0046872890862943205
8350 0.004215780995090278
8560 0.0048755204514969565
8680 0.010549596534432118
8697 0.002051107031040393
8719 0.00805785571976621
8814 0.0037978416318105637
8815 0.004279783685195948
8867 0.006597264046977021
