52
137 0.01899050362833916
277 0.006811261904865963
311 0.014874044036419471
334 0.011452364876783878
425 0.027750297694693223
546 0.04925340094770286
708 0.01195051627615233
772 0.014496929508035931
1246 0.07088811808962221
1603 0.022334032708571525
1916 0.019388353370693747
1983 0.026573020801657972
2376 0.015207381208694007
2838 0.01722324402392438
2939 0.009791116222572309
3001 0.03565386843065683
3248 0.029748088072838942
3351 0.02512451663608143
3534 0.03047661221058167
3572 0.019963251775669093
4163 0.02190300168440529
4278 0.05098039268111701
4480 0.019814309200783354
4507 0.03047661221058167
4647 0.02477974463990043
4659 0.010315957346036195
4701 0.02112361360136458
4742 0.019963251775669093
5017 0.010047830190544714
5022 0.021309224178558767
5294 0.024453618308657055
5431 0.015945312992436633
5740 0.015858153165079106
6252 0.015207381208694007
6757 0.02190300168440529
6788 0.021698512006339925
6909 0.02212155751360674
6931 0.12056270816747065
6945 0.018153060546571786
7212 0.02598917772833834
7347 0.00998983101479282
7970 0.03803311282655772
7988 0.00970791672688915
8011 0.004924566076829509
8025 0.017933695724582453
8087 0.055493497628258365
8224 0.029671168502558243
8506 0.019668955955253285
8545 0.03385214066455798
8758 0.012153628658218056
8801 0.014084836859880094
8876 0.022334032708571525
