156
79 0.005224028568951611
277 0.0021893341837069167
334 0.0036811172818233895
362 0.0072519677285951736
564 0.00845217001561562
814 0.005764402197187217
888 0.00831840562553775
945 0.027926405487546588
955 0.00831840562553775
983 0.004116709033573093
1006 0.009308801829182195
1110 0.00393326619232539
1164 0.0033554124519906744
1226 0.005764402197187217
1268 0.0033554124519906744
1338 0.005567064418204836
1371 0.0059080838193809725
1422 0.006145786997743585
1496 0.002650937124564909
1516 0.0036228902435824265
1523 0.005172323780782794
1535 0.0058711528998899466
1536 0.0076660483234027585
1592 0.014814311405933313
1657 0.008477758997649456
1685 0.006849393485965317
1702 0.006231970726294419
1711 0.00667565211975831
1712 0.0019045993859660789
1778 0.009018128049026138
1876 0.006465846036382312
1921 0.0002918000731395527
1940 0.003192552070885913
1947 0.006063271793752455
2041 0.010006580997584747
2150 0.004601847979527765
2233 0.006465846036382312
2485 0.011968251025358197
2570 0.002623337873445745
2574 0.019123770903967892
2606 0.001324504410140352
2611 0.003183385081461543
2653 0.005304266832397597
2666 0.0033256602366720724
2690 0.00673185358095483
2766 0.006849393485965317
2780 0.0038541199112520352
2843 0.008751039612180858
2891 0.007964917919967994
3078 0.004719387884538254
3114 0.007860091599211196
3171 0.009537161304393721
3213 0.003183385081461543
3306 0.003345444231310799
3320 0.032755876358863824
3344 0.004420518287973015
3413 0.003919848736344474
3478 0.0049553356850975195
3541 0.005696366632201785
3598 0.009308801829182195
3663 0.005696366632201785
3681 0.004932659231841827
3733 0.004491028409326729
3819 0.005112022310910961
3827 0.005416693377121923
3993 0.007407155702966657
4138 0.006465846036382312
4158 0.009165865129205043
4190 0.007860091599211196
4337 0.005001500119643139
4338 0.00673185358095483
4367 0.0063688851002517925
4382 0.0017198106129382882
4403 0.005530878309699815
4412 0.005984125512679099
4435 0.005198003820466237
4468 0.002222477121560519
4519 0.006023294817623318
4656 0.007860091599211196
4687 0.007178796227755133
4779 0.008075737490169032
4924 0.003257964070313564
5019 0.004369269101886274
5045 0.004001782673759116
5110 0.008075737490169032
5163 0.004456112896296995
5178 0.0024655167129417435
5193 0.003183385081461543
5218 0.0028482749035472904
5223 0.0009151491763151987
5229 0.0019621921745645054
5308 0.005277150101539592
5367 0.005387969671740629
5380 0.0030334923553564496
5405 0.03431642229182778
5431 0.002562639588070173
5532 0.008075737490169032
5670 0.02586161890391397
5773 0.009104527317750612
5855 0.0028559839182816914
5863 0.005260401882649786
5910 0.002650937124564909
5912 0.0029754558759197787
6015 0.05078480546469688
6058 0.0043862020885699305
6076 0.00673185358095483
6223 0.008233418067146185
6414 0.0038157262873149034
6456 0.006416759499322208
6462 0.0059080838193809725
6469 0.005573636099708527
6471 0.005025001191037591
6554 0.006567912478165812
6623 0.005799336739651309
6761 0.00633152642368214
6790 0.001890464587141679
6834 0.0010779217653524153
6884 0.009796053924829823
6920 0.002942869988680942
6930 0.004698183206323197
7004 0.0034898908227988957
7086 0.0073280094218933015
7088 0.005475449832737864
7092 0.003765689583780819
7095 0.00819327739517952
7232 0.007178796227755133
7348 0.006231970726294419
7409 0.0034580191793151813
7415 0.004161625667536914
7452 0.010344647561565588
7481 0.0036811172818233895
7484 0.005687429163912093
7521 0.0038030955283021167
7548 0.006567912478165812
7559 0.010833386754243847
7662 0.00819327739517952
7675 0.007489670906957786
7693 0.01009492352139506
7793 0.004044085762526427
7913 0.02339705454204559
7988 0.006240803610143025
8034 0.014814311405933313
8078 0.005172323780782794
8080 0.006276543141056029
8106 0.005097263517346855
8155 0.007489670906957786
8171 0.0045456465183312455
8231 0.01143880743060926
8350 0.003914653781155258
8414 0.007040250541415987
8524 0.0063688851002517925
8639 0.005165323896603475
8695 0.003533218092921118
8814 0.00352656722953838
8815 0.003974084850539094
8867 0.001531507725191094
