181
15 0.0019692038092608676
84 0.006850451691619323
145 0.0018958369572226936
201 0.006473016611115104
219 0.006167964276318177
232 0.004080864681845016
239 0.006167964276318177
334 0.003031508349736909
367 0.006960610601095217
423 0.002830519025581694
492 0.006100010578913717
526 0.0074978460263828576
530 0.006473016611115104
544 0.013118688338770817
564 0.006960610601095217
707 0.0031113585324326304
814 0.004747154750624767
911 0.005591544776831801
941 0.0031846612160436145
983 0.0033902309688249
1021 0.006747404913677251
1088 0.005640676988442026
1172 0.0029741367566097914
1268 0.0027632808428158496
1309 0.002714647512912338
1311 0.003683778019248211
1330 0.006559344169385408
1338 0.004584641285580454
1371 0.00486548079243139
1443 0.009420194354619393
1572 0.004413842016319418
1592 0.006100010578913717
1628 0.005061236351082953
1657 0.0034908419402086
1712 0.001568493611972065
1748 0.006559344169385408
1778 0.011140040531149937
1843 0.006100010578913717
1894 0.0037741797590844293
1901 0.006238939111595334
1921 0.00024030594258551397
1952 0.004197746426050352
1959 0.007674845033666082
2041 0.0027469045875722835
2052 0.014157873285803679
2117 0.0022003861658489686
2150 0.003789757159611101
2234 0.0074978460263828576
2342 0.0041382362749721345
2370 0.00029023287368322854
2390 0.0007915010487484858
2478 0.004437151494374635
2485 0.009856206726765576
2574 0.019686234754084597
2606 0.001090768337762643
2611 0.00524322248711313
2616 0.0074978460263828576
2653 0.004368219744327433
2681 0.005026898019266249
2707 0.004259560760644654
2717 0.0029097090176997444
2724 0.006904732162195398
2738 0.0024845666885440917
2758 0.005096329431620564
2766 0.011281353976884052
2784 0.0035571033524632784
2824 0.0038054880345349067
2861 0.004007441590188325
2895 0.00372833916879179
2912 0.005366288685879878
2939 0.0025917660589161993
3030 0.0028477805006125022
3055 0.006313216266331683
3211 0.004820579067615485
3213 0.002621611243556565
3225 0.0026752215372072897
3320 0.03853632512807509
3413 0.006456221448096782
3461 0.012069662577236026
3464 0.0037821272951418516
3585 0.002040861322902027
3643 0.017231171299152293
3653 0.0021831246908181603
3810 0.008960860764147701
3838 0.0048052219093866495
3890 0.026224821001036795
3902 0.003971958554614131
4060 0.008604573951618082
4099 0.0037587528671961645
4158 0.007548359518168859
4203 0.0038054880345349067
4221 0.0014376989271882557
4244 0.0048052219093866495
4245 0.008313466429384167
4333 0.00265971975632066
4337 0.004118882451470821
4373 0.006167964276318177
4384 0.00554387941960986
4393 0.0027306945915978164
4468 0.001830275276579251
4482 0.0030412739513683063
4504 0.0025552273731287737
4547 0.004996901741443008
4548 0.009420194354619393
4552 0.005591544776831801
4578 0.0012806346582837085
4604 0.013494809827354503
4656 0.006473016611115104
4680 0.003971958554614131
4778 0.00554387941960986
4819 0.0029647720911175858
4835 0.0005663709527375924
4872 0.005168917880869671
5032 0.0022653244310269455
5039 0.0053248143829030805
5112 0.00973096158486278
5177 0.013241526048958256
5193 0.002621611243556565
5229 0.00484776890186525
5305 0.009420194354619393
5310 0.006391118101147632
5377 0.014157873285803679
5379 0.0033902309688249
5380 0.0033308935666659057
5381 0.0025096586290643177
5426 0.006559344169385408
5431 0.002110409072528378
5439 0.005743723766384098
5670 0.004259560760644654
5771 0.004345888318914959
5776 0.00477592437383049
5786 0.010067588689382926
5795 0.0070789366429018395
5807 0.0025917660589161993
5863 0.006498143502096795
6015 0.04182278097092684
6034 0.0037741797590844293
6115 0.003452366081097699
6137 0.007854132838912476
6372 0.005452616244150184
6469 0.0030600355057223286
6537 0.00245715535626618
6542 0.00554387941960986
6623 0.00955184874766098
6645 0.010067588689382926
6707 0.0025917660589161993
6761 0.0013035495578169114
6834 0.005326201664094287
6841 0.010067588689382926
6846 0.007854132838912476
6930 0.005803638078399244
6976 0.004718894351116345
7004 0.011496110945690481
7060 0.017921721528295402
7088 0.009018387959803541
7092 0.003101156127819498
7104 0.006747404913677251
7263 0.012069662577236026
7322 0.0012516327751474939
7451 0.004238688948542851
7452 0.008519121521289308
7484 0.0009367530387619917
7555 0.0027066840505722365
7709 0.008604573951618082
7793 0.006660847138278821
7818 0.006391118101147632
7864 0.0025054385006458946
7913 0.03082906010246007
7975 0.008604573951618082
7978 0.00486548079243139
8033 0.003968581151159804
8061 0.011276258601588495
8103 0.013700903383238646
8126 0.0070789366429018395
8347 0.004584641285580454
8531 0.0037587528671961645
8605 0.005061236351082953
8646 0.009420194354619393
8679 0.005779564602250993
8801 0.00372833916879179
8815 0.00327277575926749
