36
52 0.02076420915304669
143 0.039504830415822166
334 0.01963262550305808
881 0.04307059994756817
1172 0.019261076138044363
1363 0.03475310767998397
1411 0.028878325157225302
1417 0.013632059495762563
1647 0.05572485987714568
1921 0.0015562670567442808
2832 0.029525561183870362
3023 0.028584881629497183
3051 0.024145434616937304
3512 0.01285064372756508
4150 0.04855747902800327
4228 0.03719744915372558
4515 0.05224562093242572
4872 0.033474896752298824
4919 0.08614119989513634
5081 0.02244057395638287
5181 0.02330276854339346
5223 0.004880795607014393
5612 0.07716948048964596
5758 0.05572485987714568
5985 0.006553285399662057
5989 0.014947486028878739
6015 0.020834791985516667
6328 0.022035018258792866
6346 0.026550829359863224
6450 0.04307059994756817
6469 0.019817372798963652
6930 0.012528488550195192
6993 0.010157863391819087
8011 0.016884226549129744
8867 0.008168041201019167
8880 0.02538776822801044
