279
14 0.0026863454661564855
15 0.001266249257964435
77 0.001831196917651538
94 0.0033980003022415477
137 0.012929704598018153
163 0.0009314228128298942
229 0.0055329648104967336
277 0.0011593637284878235
311 0.002531752176411825
424 0.004011800090671231
459 0.0018537626810232412
523 0.00283821519725504
524 0.002915447151754728
545 0.0027390083378140565
546 0.016767115216239272
575 0.0037189649560106096
707 0.0020006844463869395
708 0.002034130429983375
709 0.003659698405063509
726 0.0013500396897493613
757 0.0022786457630818114
861 0.0015414285882681034
906 0.004929483710961731
937 0.006057429939613415
948 0.0055329648104967336
1090 0.0055329648104967336
1095 0.0014644405926391947
1109 0.0032770723531933654
1138 0.005963417819349851
1208 0.003372648374601422
1225 0.002340889117035356
1242 0.002600224270821557
1246 0.0030165156633881795
1247 0.005187508461375603
1248 0.002416975838953562
1347 0.005762066496094976
1380 0.003089882646224985
1390 0.001367650771677516
1399 0.0055329648104967336
1403 0.004723454926756293
1435 0.003966161425906724
1510 0.0019619364175733007
1531 0.003966161425906724
1532 0.006473721332180038
1538 0.0023593887329028656
1575 0.002899528989440382
1611 0.00440501858184505
1667 0.004723454926756293
1721 0.003420537937206711
1771 0.006057429939613415
1790 0.0055329648104967336
1827 0.0033980003022415477
1916 0.023101016782103186
1935 0.002322716945247434
1961 0.006473721332180038
1980 0.0020900191056999417
1998 0.006057429939613415
2001 0.0039224654313582295
2022 0.0055329648104967336
2064 0.0033980003022415477
2092 0.002488516276382724
2265 0.00283821519725504
2283 0.0032545065898216623
2311 0.003595508698104609
2372 0.0009549181379697992
2446 0.00440501858184505
2467 0.00410965513832661
2468 0.002340889117035356
2492 0.001077253490806354
2527 0.0055329648104967336
2556 0.0025768891549201524
2611 0.0033715284077890577
2661 0.0038805534527283675
2666 0.0035222122601160483
2723 0.0039224654313582295
2724 0.002219961167987173
2726 0.005187508461375603
2754 0.0055329648104967336
2756 0.005050411660009913
2758 0.0032770723531933654
2818 0.0029989647932245696
2829 0.00872794472236591
2857 0.004217828874876669
2861 0.0025768891549201524
2887 0.005050411660009913
2929 0.0032108105952731673
2986 0.002964738260438227
3102 0.0025540726403192517
3111 0.0060687435626649916
3184 0.0046097216546062345
3187 0.0055329648104967336
3248 0.00506350435282365
3268 0.002172199025934485
3332 0.003372648374601422
3351 0.0042765134699713075
3414 0.00330014525458617
3415 0.005762066496094976
3534 0.005187508461375603
3572 0.04757200423138167
3595 0.001745588944473182
3627 0.0016292342809502936
3694 0.004723454926756293
3757 0.003659698405063509
3793 0.006057429939613415
3819 0.0013535378222742972
3827 0.002868414459752508
3885 0.002931616004072235
3901 0.00218787415335532
3909 0.00410965513832661
3912 0.002794519202706545
3954 0.0022700540735898635
3960 0.0055329648104967336
3972 0.006473721332180038
3974 0.002134027309739315
4005 0.001943097340336243
4224 0.0037641987892054795
4226 0.0022960478899053793
4278 0.02169378411962426
4362 0.004723454926756293
4387 0.003372648374601422
4403 0.0014644405926391947
4408 0.004634120267443292
4410 0.005187508461375603
4458 0.004238294652113674
4468 0.0011769145986514332
4480 0.003372648374601422
4504 0.001643077648914956
4507 0.005187508461375603
4520 0.002134027309739315
4547 0.0016065688814095723
4582 0.006057429939613415
4647 0.004217828874876669
4659 0.007023630533471452
4701 0.003595508698104609
4742 0.0033980003022415477
4758 0.00330014525458617
4761 0.00283821519725504
4824 0.0037641987892054795
4835 0.0007283825018658399
4924 0.0017252575691494997
5013 0.0022700540735898635
5017 0.0017102689686033555
5022 0.0036271019878397898
5057 0.005736828919505016
5059 0.00416231800998418
5073 0.0034780434872556548
5218 0.001508306331902111
5223 0.00048461800353334406
5227 0.006473721332180038
5294 0.00416231800998418
5320 0.0035061740387916074
5336 0.002075759141704875
5372 0.0027390083378140565
5376 0.006473721332180038
5398 0.008951707250581083
5431 0.01085638331399941
5632 0.00330014525458617
5637 0.002172199025934485
5643 0.0062272774251146265
5662 0.0036271019878397898
5684 0.006057429939613415
5715 0.0055329648104967336
5730 0.001918504526152396
5740 0.0026992601132049543
5763 0.00586323200814447
5769 0.003535097103607238
5771 0.00558903840541309
5782 0.0039224654313582295
5823 0.003849195448937467
5824 0.015545369380323262
5855 0.0015123886470333307
5908 0.0037641987892054795
5910 0.001403805947760141
5911 0.00416231800998418
5939 0.002494235263344032
5942 0.0034239941185570636
6043 0.00416231800998418
6095 0.0024779859184010456
6107 0.001520602298062413
6132 0.003450663173899118
6161 0.0016761237489998733
6163 0.0023782278101399227
6173 0.0025768891549201524
6194 0.002253083424353165
6252 0.007765471255503323
6293 0.0037304686376701804
6300 0.0030165156633881795
6304 0.005762066496094976
6329 0.0020900191056999417
6367 0.002636252560553795
6369 0.0055329648104967336
6537 0.0015800147917361725
6542 0.0035648586338862453
6591 0.001831196917651538
6639 0.0019556182382321026
6683 0.0014111923170489092
6705 0.002253083424353165
6713 0.0012694728113279066
6728 0.0018145922284625016
6732 0.006473721332180038
6757 0.014912681997892965
6761 0.0012573243961921982
6788 0.02585354622031991
6816 0.0015123886470333307
6823 0.003596503632261504
6831 0.005762066496094976
6834 0.0005708143627398132
6849 0.0025540726403192517
6852 0.0026863454661564855
6858 0.003089882646224985
6897 0.012178686698171758
6898 0.006473721332180038
6909 0.0037653714916777432
6916 0.005345775103528353
6945 0.003089882646224985
6986 0.010979095215190528
7035 0.0037641987892054795
7102 0.002499155759188106
7140 0.0013056164153639493
7172 0.002600224270821557
7178 0.0260360527185733
7182 0.0026609935385163604
7191 0.006057429939613415
7212 0.004423689826100143
7234 0.003659698405063509
7261 0.0035061740387916074
7342 0.002964738260438227
7347 0.0017003967684753737
7398 0.004059562232723919
7416 0.006218147752129305
7440 0.005187508461375603
7477 0.0017102689686033555
7481 0.0019493387024312986
7519 0.00416231800998418
7521 0.0020139323837817355
7573 0.0038805534527283675
7576 0.004338756823924852
7580 0.0033237486137034293
7652 0.004873824810469123
7699 0.0031688986166433057
7704 0.007191017396209218
7762 0.009642619948823344
7794 0.00440501858184505
7884 0.006847988237114127
7885 0.002313750068138358
7947 0.004929483710961731
7961 0.002097224053884352
8011 0.0025146720392320897
8025 0.01221017581248167
8062 0.003314220451874857
8065 0.0042765134699713075
8080 0.0033237486137034293
8087 0.0062971344826392465
8108 0.004821309974411672
8145 0.0003830798423318276
8195 0.006473721332180038
8335 0.004634120267443292
8445 0.0012252388545439736
8506 0.016739536983194286
8533 0.0021117874314371134
8543 0.004723454926756293
8570 0.0069560869745113095
8639 0.002735301543355032
8667 0.0023782278101399227
8677 0.0029989647932245696
8679 0.0009291025838133985
8686 0.0026485485267140974
8697 0.002017164361495989
8755 0.0037281704994732412
8758 0.02482443300401986
8763 0.003966161425906724
8764 0.004135092808844639
8768 0.002612093777618367
8801 0.009589676159918362
8814 0.0009337482971827389
8823 0.003450663173899118
8867 0.010543145380038926
8884 0.004853791463219691
8888 0.00440501858184505
