112
243 0.003449649475193096
334 0.005058713319806376
378 0.0086993907463429
443 0.003203792768258668
446 0.005499382324675105
498 0.008752332898505532
502 0.01346206183534896
722 0.01275354747455383
726 0.003503477231680858
745 0.013106283019534929
773 0.0060748226779506476
847 0.009025842914780013
969 0.005761003521831743
1207 0.006873227158282597
1309 0.004529963947927338
1364 0.0036814811370912545
1411 0.007441040838058055
1516 0.00497869579486174
1518 0.0075245445554189055
1558 0.006246778037461344
1585 0.01934989105861572
1679 0.03359980519646817
1688 0.009965894301873123
1712 0.0026173635733521576
1915 0.007693768614511473
1921 0.00040100132750466136
1956 0.004855465354689144
1995 0.01251174306243029
2058 0.015387537229022946
2372 0.002478100443933896
2416 0.004723320091768225
2438 0.006017311130679133
2439 0.0069713136943815555
2599 0.008119084512523547
2606 0.003640355679404158
2701 0.023230504091998762
2954 0.005195878129076516
3033 0.008818123483731134
3050 0.008649820466566947
3739 0.010292553884408247
3872 0.005010415018580085
4001 0.009173902299545162
4268 0.03149008878745291
4350 0.0077378090109968935
4382 0.002363420719620715
4383 0.006724569636096497
4399 0.0034585455880472853
4461 0.012971078357503912
4568 0.0034674715036802574
4854 0.004666628946155265
4928 0.02798494849114508
5017 0.00443830536024061
5081 0.034693402681033644
5223 0.0012576283159178192
5229 0.0053930189828521385
5367 0.0074043264200607415
5380 0.0013895752302655311
5381 0.002093948304004584
5441 0.009389647483588432
5495 0.012792463863416025
5623 0.0036814811370912545
5675 0.0055969896982290155
5703 0.0043615581401794485
5833 0.0074043264200607415
5860 0.014953092808884507
5893 0.00640355168453121
5910 0.0036430056190339855
5939 0.0032363850196151095
5976 0.005719043862136618
5985 0.0033771532120957844
5987 0.021329866546161425
6328 0.005677734766069328
6335 0.008170821736676078
6503 0.007782589616772964
6547 0.009768442256649803
6683 0.0036621739270655744
6761 0.0054381208546963175
6795 0.016238169025047093
6832 0.006122830883545473
6979 0.007483866157265451
6981 0.006221523030131085
6984 0.014504068990734587
7077 0.013106283019534929
7238 0.017283010565495232
7484 0.001563170714989336
7579 0.004855465354689144
7603 0.005278755655723728
7695 0.007441040838058055
7793 0.005557516630711163
7800 0.005141208557396845
7863 0.01488893002081957
7875 0.016799902598234086
7943 0.004994508205216407
7959 0.005191960250439727
8011 0.0021752684511148752
8072 0.007483866157265451
8091 0.005226339867114565
8115 0.009865339601332209
8116 0.013872778336150266
8350 0.002689823456990116
8427 0.008564180629999692
8533 0.016440848162538022
8541 0.013872778336150266
8586 0.023484407219874846
8592 0.012861202987529354
8601 0.0045837917044150986
8631 0.0069713136943815555
8639 0.0035491796099361306
8764 0.0035769821229883077
8814 0.002423162758946617
8815 0.005461319058409553
8893 0.02838867383034664
