97
44 0.005746976257122443
52 0.005317663319682689
99 0.011030275596328434
145 0.0031443149534425164
238 0.006616900059370807
275 0.01669746416775705
367 0.011544427338401823
480 0.0037372125476314746
521 0.003350339266776235
545 0.04238782415470777
546 0.03603907386417283
597 0.012170993097779416
632 0.0034821145656340237
756 0.014861915413708383
1095 0.007554370374224138
1246 0.007780403204958536
1535 0.008019135668142366
1577 0.005899586047987877
1712 0.005202808078736606
1884 0.04458574624112514
1912 0.015842090605876748
1916 0.008511960016402134
1983 0.005833102127193214
2200 0.009355269151562385
2260 0.1017156882798445
2315 0.06706676015594626
2669 0.014271000700244625
2713 0.004723148147357321
2738 0.012362234255194992
2764 0.0070300206951442405
2784 0.017698758143963628
2873 0.011190817905611052
2876 0.008120999652915859
2915 0.008635151394989249
2929 0.008281541962198475
3136 0.0061835869140937005
3156 0.014271000700244625
3213 0.00869607632009007
3912 0.007207814772834565
4071 0.013026366659659717
4248 0.002633896926594321
4403 0.003777185187112069
4468 0.0030355785074972943
4480 0.008698965014978058
4597 0.009439344056962588
4706 0.007646855391252257
4761 0.007320518466090743
4809 0.02030479012430203
5017 0.004411242522678167
5166 0.010878912280931897
5320 0.009043363526883232
5381 0.0020811803265411415
5431 0.021001143941258005
5490 0.015623736978393138
5514 0.014861915413708383
5642 0.025428922069961123
5811 0.002858970605452681
5823 0.014892161660675748
5824 0.024057407004427097
5874 0.04136456467303341
5905 0.012183057524499465
5985 0.001678280407230527
6086 0.0064459932081498104
6109 0.009805185091567987
6161 0.00432317284040821
6328 0.005643114432129881
6385 0.008511960016402134
6587 0.002851861508338107
6683 0.003639843598242004
6688 0.003367535022554577
6713 0.0032743109706811248
6749 0.006530068113550012
6761 0.003242976948715243
6909 0.00485595164932831
6990 0.008572839412174089
7182 0.006863416260929393
7680 0.004489134522900295
7757 0.010599903192147294
7762 0.024870903892391917
7884 0.008831399464327061
8043 0.007241584340274874
8082 0.009043363526883232
8085 0.01231744318891375
8087 0.008120999652915859
8129 0.007244852258884524
8135 0.006616900059370807
8235 0.0026143533907698607
8340 0.014861915413708383
8430 0.008764354438098627
8679 0.01437842901047808
8697 0.002601404039368303
8763 0.010229794409503319
8850 0.0333949283355141
8867 0.010459077147646496
8892 0.005465849505622208
8893 0.01692934329638964
8894 0.011361724756832049
