73
13 0.014260688638546635
131 0.012973250376419457
203 0.015462022644395673
246 0.008589289264402876
334 0.015857120598623833
377 0.010208562633531629
395 0.015783404908693264
668 0.007402895913059815
1092 0.01403490887076276
1095 0.005956330487369032
1110 0.008471650260393149
1111 0.05374969788809008
1371 0.012725103610974405
1439 0.027803860320680954
1621 0.009711830206643535
1712 0.008204428124161571
1716 0.021444900636812605
1721 0.020868570395746716
1829 0.05882925343777319
1952 0.010978721421977844
1956 0.007610008200137794
2012 0.01403490887076276
2438 0.009430978022122104
2468 0.009521116312557264
2502 0.013147271742696344
2939 0.006778465077165445
2954 0.004071769879997462
3137 0.01851414198912789
3149 0.0065162142611398495
3229 0.004021517667318288
3327 0.01403490887076276
3464 0.004945858770570114
3801 0.020049727016700117
4022 0.038418575281101944
4023 0.030924045288791346
4383 0.005269734859056389
4602 0.0392195022918488
4682 0.017647059005002044
4915 0.005606231596606674
5032 0.005924694665762781
5081 0.03625015792954157
5163 0.004798890811396764
5226 0.01449937694359502
5229 0.004226260068292782
5372 0.011140389681686019
5441 0.007358233364542858
5481 0.0600881870944798
5828 0.014885119474441004
5939 0.0050724111365121425
5988 0.006682902360490639
6093 0.012490879131556668
6237 0.04500854067000228
6406 0.03617550819707799
6437 0.015462022644395673
6469 0.00400158489209843
6496 0.014752539815925302
6526 0.015163616550742127
6537 0.006426406316388471
6626 0.01012156139336435
6707 0.006778465077165445
6713 0.0051633365306894665
6761 0.0051139251883586525
7081 0.01082307948838866
7484 0.004899938971985803
7589 0.021099193068864236
7695 0.011662400544264066
7699 0.025777771439233044
7863 0.007778511517287147
8541 0.021742912199927824
8560 0.009751040902993913
8586 0.02453819472333077
8605 0.013237079687447723
8723 0.006184757423850008
