111
298 0.012719804971957165
424 0.018445559112542725
479 0.008265761844012226
518 0.013925504698133013
528 0.010126754674567695
542 0.011332454400743543
546 0.032121783226762735
564 0.010289598279879885
621 0.005381500524488889
751 0.011251008102103202
990 0.005298674619289232
1145 0.007285022363261512
1216 0.004755767735824457
1226 0.007017533109619221
1246 0.006934707204419565
1334 0.027851009396266026
1496 0.00322722780381815
1721 0.011795278919335099
1921 0.00035523487164815107
2265 0.006524809937167836
2328 0.006894359280076048
2358 0.014882522410392151
2666 0.004048629853339914
2707 0.01259348398799289
2784 0.005258326694945716
2984 0.008265761844012226
3111 0.00697575686686764
3248 0.017460834303622857
3414 0.007586746971141031
3512 0.0029332991117268117
3534 0.02385126173002044
3585 0.0060338508677103405
3597 0.013246489825261819
3624 0.006934707204419565
3786 0.004871735428924141
4144 0.006702359484740489
4362 0.09772930927261526
4468 0.0054112486437995246
4507 0.01192563086501022
4659 0.004036678961492424
4701 0.008265761844012226
4761 0.006524809937167836
4780 0.01574292947988737
4824 0.008653565694749553
4838 0.00799571953863664
4973 0.0022673918272274017
5225 0.012289472113002681
5249 0.012719804971957165
5431 0.018718410904164744
5617 0.006629729258881893
5677 0.004510321220834273
5740 0.012410728563974953
5823 0.022122414061148756
5824 0.028589961947290174
5912 0.003622294109815383
6023 0.0010060221596470463
6045 0.010126754674567695
6164 0.027851009396266026
6197 0.033962888357749445
6228 0.005103497685100947
6252 0.005950714386010698
6346 0.012121030794720168
6350 0.007381374357611684
6351 0.011332454400743543
6589 0.003185303147440758
6599 0.012531776021778863
6635 0.009974424655001155
6639 0.008991592551871515
6729 0.00461457837503177
6757 0.008570739789549897
6761 0.007707945211439128
6788 0.016981444178874722
6834 0.001312252583907288
6931 0.006739530270231279
7010 0.008413328398597089
7102 0.0057453417724813525
7172 0.005977689492160427
7212 0.01525451736228555
7329 0.012719804971957165
7477 0.0039317596397783665
7481 0.013444080507528901
7601 0.022167544773653666
7661 0.00577005714069179
7680 0.004001185118237219
7709 0.012719804971957165
7762 0.011083772386826833
7848 0.007641009041285601
7884 0.0551002531796058
7943 0.004424482812229752
7944 0.003703691696606974
8011 0.0019270041170202428
8018 0.005871590906820889
8025 0.014035066219238442
8033 0.0029332991117268117
8078 0.006296741993996445
8087 0.02895312919735219
8145 0.000880667246230234
8210 0.007696547982490417
8235 0.004660369087894099
8445 0.0028167175840875048
8486 0.011332454400743543
8588 0.01192563086501022
8679 0.002135926048657976
8697 0.0023186427307413135
8763 0.009117860234557304
8764 0.006337479196164067
8805 0.006559267426466852
8807 0.022167544773653666
8867 0.005593332561567474
8884 0.011158444505119183
8885 0.0094477398016965
