315
53 0.0016589057494181222
70 0.001881047349296021
74 0.002214122840283414
246 0.0016300840939742682
251 0.004997051320277657
256 0.0031722338020294815
276 0.0007823977300844109
277 0.0008949103232670609
312 0.010364704836667332
378 0.0025875925030180522
502 0.004004226421828249
519 0.003721558611635287
549 0.0011037321444195957
617 0.0036460245146312264
708 0.0015701408246039557
714 0.004997051320277657
722 0.003793482186774223
757 0.0017588816747876026
773 0.0018069271834050282
780 0.002214122840283414
828 0.0036460245146312264
872 0.001072313291335487
915 0.004997051320277657
955 0.003400224197300102
969 0.0017135831643404638
988 0.0043141665063681335
1055 0.003777710749611294
1095 0.0011303984866539768
1207 0.0020444088080293125
1222 0.002414983167046237
1225 0.0018069271834050282
1286 0.002462076713773035
1348 0.0025473748954196163
1366 0.0020735841828178714
1390 0.0010556866358021702
1393 0.0023562519930108335
1411 0.0022133022930720123
1467 0.0025295649733591123
1494 0.0030966997050254214
1513 0.0025295649733591123
1518 0.0022381400776154774
1554 0.00492415342754607
1559 0.0038984017010660465
1560 0.0033490768914602414
1568 0.003226562342011224
1585 0.008633299933999167
1621 0.0036862421222296623
1694 0.0023705318059888563
1702 0.0025473748954196163
1712 0.002335567130235776
1721 0.003960458615251202
1762 0.0033490768914602414
1777 0.0020936487527110524
1815 0.003721558611635287
1921 0.00047710376922087443
1941 0.0022381400776154774
1948 0.0020444088080293125
1955 0.001835748838848882
1980 0.003226562342011224
2041 0.0027268541891228505
2043 0.0017135831643404638
2072 0.0017791170254547785
2113 0.0026429735623168574
2145 0.00219081209569139
2372 0.0014741984392745442
2384 0.0019047060667492465
2492 0.001247294415906262
2517 0.0029343984580604923
2548 0.004004226421828249
2598 0.0020071074207253987
2599 0.004829966334092474
2656 0.002964307976652042
2707 0.002114234538130193
2733 0.0027287337131858785
2738 0.0012332155826350235
2761 0.0016589057494181222
2829 0.002694832567562613
2939 0.002572848058486154
2954 0.0007727446487586424
2962 0.0027678129632423706
3030 0.002826993781629929
3096 0.0019890950958598988
3111 0.007026674800202441
3149 0.001236653801384205
3184 0.0017791170254547785
3202 0.0026429735623168574
3203 0.0027753652906902368
3213 0.0013012376975317257
3222 0.0022260404810844313
3225 0.0013278471863510635
3229 0.0015264154649675251
3302 0.0016357651805146752
3353 0.008054082454977055
3359 0.004447726510671852
3366 0.0027753652906902368
3394 0.001226383573266639
3413 0.0016022739360240187
3420 0.0013964530472855058
3430 0.0041263920963366665
3444 0.004447726510671852
3486 0.002414983167046237
3506 0.0014855927690698436
3512 0.000984903351382725
3595 0.0013474162837813065
3627 0.0037728071213976697
3656 0.0030680349529152873
3701 0.0026033398949934336
3729 0.0021038748065760134
3757 0.002824913184930409
3786 0.0016357651805146752
3841 0.00492415342754607
3912 0.0021570832531840668
3922 0.004675716905942472
3943 0.0012505578102714166
3953 0.0034549016122224436
3974 0.0032945020146705486
4017 0.006344467604058963
4155 0.004997051320277657
4158 0.0037466310017188493
4203 0.005666566124416942
4248 0.0007882465254771324
4267 0.002495102666497116
4268 0.014986524006875397
4297 0.0015494204762880395
4316 0.0011801408137161887
4327 0.0035858002475900163
4383 0.0030002870000467034
4384 0.002751706573237011
4393 0.0013553812571434416
4403 0.0022607969733079536
4414 0.002905576802616638
4433 0.0031262780406787222
4458 0.009814591083088051
4461 0.009645464289567232
4468 0.0018169156030275776
4500 0.0015144144245136976
4504 0.0012682880392172015
4534 0.000924561569678174
4547 0.001240107001526002
4568 0.0010313829472625583
4659 0.0013553812571434416
4660 0.0021502372659006424
4677 0.0005892962319231712
4756 0.0022381400776154774
4798 0.0016244434425561262
4819 0.002943131418919647
4838 0.0026846941516590183
4853 0.007642124686258849
4857 0.004675716905942472
4915 0.0021279127227996136
4924 0.001331722539690216
4928 0.03662555667490739
4943 0.0022133022930720123
4982 0.0026846941516590183
4990 0.012012679265484747
5017 0.0013201528717504004
5052 0.002083552970594335
5162 0.0008949103232670609
5163 0.003642953608651558
5164 0.006511465744791354
5177 0.00438162419138278
5223 0.001122226727160244
5229 0.00240619186369954
5255 0.0009724618371738414
5293 0.00219081209569139
5348 0.003805057682001482
5362 0.002512146510026575
5379 0.0016827423786868116
5380 0.00041332255936730214
5381 0.0012456699764698802
5417 0.002168167464337704
5431 0.0010475023133717496
5441 0.005585812189142023
5459 0.0028777666446663888
5472 0.003301031382842816
5482 0.001069517845126094
5484 0.003255732872395677
5491 0.002512146510026575
5569 0.002850899387694297
5623 0.0010950390973464862
5637 0.0016767156714786262
5703 0.00454063671345324
5771 0.0021570832531840668
5776 0.0023705318059888563
5807 0.001286424029243077
5833 0.002202381763631206
5855 0.002334818969690142
5869 0.00944112650972951
5910 0.0010835947370484299
5924 0.003513632786257847
5939 0.002887942106919322
5948 0.002495102666497116
5976 0.0017011024626428263
5985 0.0015067772999222979
5988 0.0012682880392172015
5989 0.0011456102430892465
6002 0.0027997520818544364
6014 0.0026229089924236764
6034 0.0018733155008594246
6081 0.0022884749711046897
6088 0.0016647980306776086
6115 0.0017135831643404638
6134 0.002214122840283414
6135 0.002168167464337704
6161 0.0012937962515090261
6167 0.002905576802616638
6174 0.00214615193258336
6198 0.002698201399806603
6300 0.0023284418350605837
6303 0.0013839064816211853
6305 0.003255732872395677
6307 0.0018580744892448887
6328 0.0016888152680096722
6381 0.0017998826198772214
6406 0.0022884749711046897
6411 0.0026033398949934336
6422 0.003805057682001482
6430 0.0018915183776354045
6432 0.0026429735623168574
6469 0.0007594248700332786
6488 0.0021038748065760134
6554 0.005369388303318037
6574 0.004892131805985833
6589 0.006417107070756564
6634 0.0019208802644341098
6654 0.006944683070441568
6666 0.0021038748065760134
6707 0.001286424029243077
6713 0.000979903283196541
6728 0.0014006797675905807
6729 0.007747102381440197
6761 0.0006470172987704377
6795 0.014489899002277424
6834 0.004846713923044437
6930 0.001920425252219701
6981 0.009252812535687653
6984 0.0021570832531840668
7026 0.0026033398949934336
7083 0.003255732872395677
7168 0.0018284445642983821
7182 0.004108030170775257
7238 0.005140749493021392
7317 0.0030966997050254214
7328 0.0019127519041672305
7336 0.0020637392341195026
7346 0.0018580744892448887
7358 0.0032128841573418033
7390 0.002114234538130193
7391 0.004249462977315464
7470 0.0012827634768751961
7481 0.0015046902757818235
7484 0.001394873138010557
7503 0.006301626716207707
7548 0.0026846941516590183
7579 0.005776940531491463
7595 0.003133567197887259
7603 0.0015701408246039557
7626 0.0031722338020294815
7665 0.001945777856891311
7695 0.003319953439608019
7728 0.002495102666497116
7800 0.004587684278407039
7899 0.0028777666446663888
7905 0.000984903351382725
7923 0.005256749305448061
7943 0.005942371076279374
7944 0.007461451885135219
8011 0.0045291629611716655
8033 0.0039396134055309
8061 0.007462633429761728
8067 0.002964307976652042
8096 0.002495102666497116
8126 0.003513632786257847
8145 0.0005913969828699382
8146 0.0020540150853876286
8149 0.002850899387694297
8155 0.006122942639264759
8167 0.0022381400776154774
8175 0.0026846941516590183
8199 0.004447726510671852
8205 0.0016608864774036727
8228 0.003027742477125057
8235 0.002347193190253233
8248 0.002663559347735998
8319 0.007796803402132093
8350 0.0008000752253456002
8359 0.002824913184930409
8407 0.004675716905942472
8445 0.0018915183776354045
8524 0.005206679789986867
8533 0.006520336375897073
8541 0.008252784192673333
8591 0.002214122840283414
8592 0.0019127519041672305
8601 0.0013634270945614253
8627 0.0020540150853876286
8639 0.0010556866358021702
8640 0.0012018129710376674
8649 0.0026229089924236764
8664 0.0013012376975317257
8679 0.0021515167497430706
8697 0.0007785223767452585
8705 0.002462076713773035
8739 0.004319310858762281
8812 0.0019373914486994332
8814 0.0021622747976731676
8820 0.0011611197043801447
8824 0.002399887316743336
8825 0.0019047060667492465
8846 0.0023284418350605837
8866 0.003513632786257847
8867 0.001252035512564982
8874 0.0066423685208502415
8892 0.006543060722058701
8893 0.008444076340048361
