46
243 0.010040944008151332
969 0.016768635251045966
1207 0.020006000478572556
1364 0.010715739738319187
1411 0.010829371933959489
1516 0.014491560974329706
1915 0.02239436221723875
2372 0.01442608472718661
2599 0.02363233527752389
2701 0.03380868006246248
3050 0.01258857800045011
4001 0.02670260847903324
4268 0.03666346051682017
4383 0.009786650452533295
4461 0.03775510307630603
4928 0.032582475743261764
5017 0.012918638816414632
5081 0.016830430467287154
5380 0.0040446564738086
5486 0.03723520731672878
5703 0.006347624793296876
5833 0.021551878686962515
5893 0.018638909367474768
5976 0.016646502670147657
5985 0.009829928099493086
5987 0.031042573634145643
6795 0.04726467055504778
6981 0.01810907596270298
6984 0.02110860040615837
7238 0.03353727050209193
7484 0.004549943331129674
7579 0.014132872371684473
7761 0.0563220043313279
7793 0.016176343050105707
7959 0.015112312871815633
8033 0.00963798279567381
8091 0.015212382113208467
8350 0.007829307562310516
8427 0.024927882905177674
8533 0.015951537205319624
8592 0.01871764363363647
8639 0.01033064779320695
8705 0.024093179270493273
8814 0.00705313445907676
8820 0.01136238567857713
8893 0.04957879108228395
