56
24 0.020051678417293002
51 0.030900213926911172
232 0.016818108991846128
819 0.022656758709482753
969 0.014227932940281428
1057 0.013487803129102383
1164 0.011388066503725926
1516 0.012295869917613085
1711 0.022656758709482753
1712 0.006464094885703056
1720 0.018894279237543686
1792 0.019803338778078314
2272 0.026676674518534973
2299 0.014886504058176736
2414 0.017217032305821115
2416 0.0116651693175488
2468 0.015002971159181144
2672 0.040103356834586004
3102 0.032738567480455866
3268 0.013921821029852836
3512 0.024533047116260608
3513 0.04149066853806297
3847 0.022656758709482753
4142 0.027408563602997926
4233 0.02541948913876582
4248 0.013089669574589957
4403 0.009385732889187566
4468 0.007542952654993277
4660 0.008926742588739031
4811 0.014659577452575937
4830 0.022641152964232157
4869 0.08298133707612594
5336 0.013303729044563065
5463 0.014386500117223321
5812 0.013921821029852836
5932 0.019803338778078314
5976 0.014124305295882862
6115 0.014227932940281428
6142 0.014829034527614022
6300 0.019333123115351514
6357 0.009092142808270826
6484 0.014494374982722533
6507 0.023983056145888804
6781 0.020578376996978027
6834 0.003658401143014258
6844 0.029700498077704734
6969 0.017383629037661465
7000 0.008519588855401132
7317 0.025711991490211073
7364 0.03426155861806808
7579 0.011991528072944402
7840 0.04299965609154101
8235 0.006496272061912988
8531 0.015490617876929649
8671 0.014386500117223321
8679 0.005954702923531327
