151
109 0.005308452569436447
139 0.004856141287149878
209 0.006099350918171343
281 0.013070203593531686
303 0.008122203856026595
334 0.0041228513556421965
375 0.0037137446445730305
393 0.006746090195738117
397 0.006066696582376554
443 0.005222182212261629
458 0.00998021434017912
504 0.007885080606385906
772 0.005218894622892936
870 0.01369192061756078
892 0.006575691247876741
956 0.006790864409002749
1059 0.011702220574200593
1095 0.0030972918534318966
1110 0.004405258135404437
1152 0.007885080606385906
1268 0.007516123892459111
1309 0.00738384123512156
1390 0.002892581382097946
1496 0.0029690495795126983
1499 0.013782602819554308
1577 0.009675321118700118
1586 0.004435628873965404
1588 0.007080824143891183
1692 0.011417870278856957
1712 0.0021331513122820086
1716 0.011151348331142555
1921 0.000326816081916299
1935 0.0049125463391983225
1959 0.005218894622892936
2031 0.0049125463391983225
2223 0.009801164365642562
2299 0.0049125463391983225
2400 0.00999010717008956
2438 0.004904108571503494
2632 0.009801164365642562
2831 0.010662862655764384
2893 0.005850911997225805
2954 0.0021173203375986806
3068 0.005880456295278407
3069 0.02494044859355767
3146 0.005764616970018277
3229 0.00836475674802204
3464 0.0025718465606964593
3512 0.002698635182788667
3541 0.012759861256132
3595 0.00369192061756078
3609 0.008207370552520498
3656 0.0021016039427469717
3748 0.006790864409002749
3750 0.010197070595880686
3760 0.0047299621700695104
3869 0.006790864409002749
3907 0.008122203856026595
3926 0.009901960965059556
3939 0.008207370552520498
3954 0.0048011643656425615
3970 0.0029690495795126983
3974 0.004513467760098652
4038 0.006456130460849684
4056 0.0059715803958094015
4120 0.006379930628066
4144 0.00616617072596125
4346 0.0022867537813221423
4349 0.007319180812629242
4358 0.008388431415792721
4393 0.0037137446445730305
4519 0.006746090195738117
4682 0.009176470682601063
4915 0.008745721290706412
4943 0.0060644482830173145
5019 0.004893581394112627
5030 0.057065210498256067
5032 0.006161682452393292
5039 0.00724174756074819
5066 0.011473195164856566
5132 0.009044825988989315
5163 0.0024954232219263173
5178 0.002761378718494753
5223 0.0010249670774730227
5255 0.005329090867712652
5320 0.00741555809204425
5371 0.004970455701947398
5379 0.009221428235203728
5380 0.0022650076253328158
5381 0.001706567867763736
5441 0.003826281349562286
5543 0.009801164365642562
5591 0.008296014387322656
5595 0.007476730374129308
5682 0.009627353834346502
5734 0.008040251775085749
5735 0.024801471394451106
5807 0.007049603680252063
5837 0.007961280439169589
5869 0.0032335858295823574
5939 0.002637653790986314
5985 0.001376189933929032
5988 0.003475109227455132
5990 0.005850911997225805
5997 0.006379930628066
6015 0.004375306316958501
6076 0.015079352021338819
6098 0.012186770639240873
6228 0.004695217870292871
6250 0.004856141287149878
6341 0.008803302591116542
6379 0.009466430417489496
6381 0.004931678378463587
6388 0.004259466991698371
6414 0.004273613441792692
6430 0.0025913801773605047
6466 0.006979807213449749
6470 0.007961280439169589
6479 0.007539676010669409
6529 0.005308452569436447
6537 0.003341731284522005
6704 0.012811464322282374
6761 0.002659241097946499
6837 0.006066696582376554
6978 0.006836581306202099
6979 0.012198701836342685
7234 0.007740262126709322
7375 0.004678051991100902
7393 0.0023502010478054563
7432 0.008803302591116542
7484 0.0012739841327163088
7521 0.004259466991698371
7680 0.007362180617556483
7695 0.0030322241415086573
7716 0.006270421420826851
7863 0.004044825988989316
7961 0.004435628873965404
8115 0.008040251775085749
8145 0.0008102138665318154
8205 0.006826243422129095
8334 0.00931661430060228
8350 0.0021922061174469445
8445 0.0025913801773605047
8469 0.007356061975545711
8534 0.006099350918171343
8550 0.03843439296684712
8584 0.007080824143891183
8691 0.007476730374129308
8698 0.006132503812666408
8719 0.004190084974278429
8860 0.012811464322282374
