68
232 0.012906920854207493
549 0.007033083896999285
672 0.016348205390657566
691 0.027214466451629286
726 0.00664031149725558
861 0.015163355647381574
984 0.015486557477653496
1041 0.03337077030905885
1129 0.008979562683408411
1209 0.031841675854792514
1469 0.025515303246068377
1496 0.006904766463983018
1660 0.020213768878048325
1738 0.016348205390657566
1918 0.014582375397271745
1940 0.008315484463702843
2772 0.01146901948479904
2942 0.014500260810207945
3047 0.03777769235361207
3263 0.01929305671470385
3420 0.008898328719912293
3512 0.006275895773927132
3681 0.012847856603867086
3690 0.011839823489606965
3760 0.010999912023417466
4320 0.016467032892770194
4493 0.007222242184376647
4547 0.007902077172514524
4659 0.00863661545249542
4677 0.0018775252040342898
4752 0.011250373393837346
4756 0.014261636773642809
4771 0.02484097828121155
4885 0.023232807372301302
4973 0.009702327818833532
5017 0.01682427380742371
5087 0.018000609596998424
5178 0.006421810973243612
5193 0.024874822962118105
5200 0.015197911155269403
5229 0.0051108261290982475
5336 0.010209838569083283
5381 0.007937524966342958
5703 0.008266674149409885
5795 0.022389194963596516
5818 0.01833739675903699
6014 0.016713420091257845
6421 0.014339931920840116
6535 0.019086908261675577
6572 0.015388497390015557
6634 0.012240027731510375
6781 0.04737812378374011
6790 0.00984800157022642
6807 0.019732458585510825
6834 0.00280761017952257
7055 0.019507980036727258
7252 0.007968670698008561
7470 0.00817388820148381
7484 0.0029627537970146715
7527 0.021034479044161197
7959 0.029521727470523566
8046 0.013088375195260704
8055 0.0030886938859877163
8091 0.019811474379992422
8350 0.005098153761504522
8586 0.01483704797224651
8671 0.03312240724663044
8815 0.01035110472698555
