21
203 0.073093197955325
377 0.04825865972214952
645 0.02569081159544918
1092 0.06634684193451486
1439 0.04381214353561847
1530 0.06741416447312955
1956 0.035974584218833205
2438 0.022291402597743155
2826 0.04846755752620175
4022 0.06053836104900913
5032 0.028007647510878603
5081 0.04284109573491276
5441 0.03478437590511169
5481 0.1420266240414977
5828 0.07036601933372111
5988 0.03159190206777393
6496 0.06973927912982869
6761 0.008058306357413635
7081 0.051163648490564574
7695 0.027565674013715066
8560 0.04609582972324395
