73
58 0.0036646081280889177
102 0.012575981274580088
137 0.014096043930313605
277 0.005055782032477829
311 0.01104052753218765
546 0.012186408481905863
695 0.02116653390661783
773 0.010208207180473768
1095 0.006386168769962674
1151 0.015415938915730532
1216 0.009021250138058764
1246 0.0394634884210268
1721 0.0074581832342187565
1853 0.019209514021860368
1916 0.028782710158555665
1921 0.000673847591579998
1980 0.027342621083847694
1983 0.019724304100199732
2260 0.021496614533369197
2490 0.019209514021860368
2492 0.002348856838201483
2611 0.007351322249973048
3108 0.02059815911358672
3248 0.0220810550643753
3313 0.024128289843712562
3653 0.00612175171033546
4094 0.009825301943313287
4108 0.008870486308071832
4480 0.014707528478931975
4566 0.012713754074146906
4701 0.015679383291734534
4761 0.049507836224283785
4824 0.016415011214782657
4835 0.0015881742179858261
4951 0.01049716309387834
5193 0.007351322249973048
5255 0.0054939081110439705
5336 0.009052021824135694
5431 0.017753544362712953
5740 0.011771000287481398
5824 0.013558126284281938
5932 0.013474436694362563
6034 0.010583266953308915
6683 0.0123079247445709
6728 0.007913118687006579
6757 0.03251579631499343
6788 0.016106112004705925
6869 0.015167138093908681
6897 0.01770303942723936
6909 0.02463018774710854
6931 0.05113705442154867
7000 0.01159366730838092
7190 0.015545723733338988
7212 0.019290936045776915
7242 0.021024887826558116
7359 0.01792148580940367
7415 0.009610352056992462
7484 0.0052535428153249845
7529 0.025127362142764686
7560 0.007818358267303191
7611 0.012186408481905863
7719 0.008753427020678821
7884 0.014931438269583895
7923 0.009899307970397035
7949 0.026415390355221387
8025 0.013311609197628214
8059 0.008133959967703538
8350 0.009040025226585337
8422 0.01839321251621475
8768 0.01139088317456257
8801 0.010454724267127492
8820 0.006559727814436281
8895 0.026415390355221387
