98
158 0.002516193104503378
171 0.011059164255308389
232 0.00909832125788397
268 0.011207510338036228
359 0.019183968154427203
377 0.01740476252274245
378 0.005811478244483167
423 0.006310665368510006
549 0.004957747665097856
726 0.00468087531773754
861 0.005344461416700063
1011 0.006253707500023713
1041 0.01568243850589651
1129 0.006329855662074783
1210 0.016716509173574895
1364 0.01475610062325921
1496 0.004867294392643768
1881 0.013873598701994682
1921 0.0005357640687152443
1940 0.005861734949823316
2185 0.017091570571613215
2381 0.016296576071958682
2599 0.010847629307715887
2743 0.010986856750262203
2793 0.009015531693094415
2883 0.04200480105666352
2903 0.011059164255308389
2914 0.022445771504198003
3017 0.012059117992697887
3122 0.015782547269420494
3213 0.0058449037561261125
3263 0.013600023585774846
3277 0.025611358433712702
3324 0.013600023585774846
3491 0.012688954306080856
3512 0.004423992102932241
3556 0.011524144783578284
3616 0.016716509173574895
3627 0.0056489024659178225
3640 0.01794969585288473
3943 0.005617259672366691
4003 0.00949672563028972
4221 0.0032053615425836524
4468 0.004080613731389806
4677 0.001323501373335647
4752 0.007930591080901736
4802 0.009840696954417064
4813 0.014624111590760911
4865 0.06180062303827384
4915 0.004779082672517165
5017 0.00592986699769852
5087 0.012688954306080856
5163 0.00818171548172563
5178 0.00905370071637624
5193 0.0058449037561261125
5220 0.010279379378404674
5229 0.0036027135008397486
5295 0.007076416886233245
5381 0.005595304484471266
5493 0.01637722486899928
5591 0.013600023585774846
5703 0.002913663839546107
5771 0.009689193629056302
5912 0.00546313210004943
5985 0.002256049072014807
5997 0.010458902668960655
6258 0.015782547269420494
6293 0.0064671648923544526
6421 0.010108476599936475
6485 0.011059164255308389
6507 0.006487220105035496
6577 0.017986197370179348
6634 0.008628216269753216
6781 0.04453025841969016
6782 0.013600023585774846
6790 0.0034710169468830827
6823 0.012469844561037838
6834 0.003958270089162968
6835 0.01424905019272259
7144 0.01113256460492254
7347 0.005895637975943305
7423 0.009789476058703938
7484 0.0020884985782234572
7560 0.0062162356715443415
7720 0.008778124349362312
7862 0.009689193629056302
7863 0.006630862277031666
7923 0.00787076125515174
7959 0.006936799350997341
8046 0.009226231695019842
8055 0.002177276017991341
8059 0.0064671648923544526
8102 0.01113256460492254
8135 0.008894849260137805
8350 0.0035937805204048273
8445 0.004248164225181155
8531 0.00838017032686358
8586 0.02091780533792131
