212
80 0.0038690875789693423
135 0.004435159822071137
232 0.0035015621244853133
320 0.004883446136725124
378 0.002236594150873648
423 0.002428710331098488
427 0.00404901975868658
446 0.0028277581038550223
459 0.004947265703929533
480 0.0019334475009828449
524 0.003890328533729495
549 0.0038160581396967726
663 0.017276871441717072
669 0.007383104463218039
672 0.004435159822071137
707 0.0026696830309832034
726 0.0018014725197601888
838 0.006530553598697126
841 0.004097954036851399
861 0.008227435871765396
969 0.0029622825680081202
1020 0.005178151768151733
1041 0.012071025222204252
1127 0.004928368657591402
1153 0.008638435720858536
1193 0.005776419420877295
1212 0.00673919284600692
1248 0.0032251759617582232
1313 0.003767558609343471
1407 0.0053532852944918954
1457 0.005022889866983968
1459 0.01791753391322933
1471 0.010584771502577566
1484 0.012605813463835408
1513 0.004372875726816383
1516 0.0051200467795739025
1538 0.00314833259942559
1586 0.0027985040214292766
1622 0.004678585547031072
1640 0.01065933973634058
1667 0.006302906731917704
1684 0.006074040274035648
1712 0.002691673580166572
1714 0.00673919284600692
1715 0.005877990095017211
1721 0.0022821570148871275
1728 0.002867761358615555
1847 0.0036594424695072948
1881 0.005339366061966407
1894 0.0032384129163121915
1940 0.011279679240984929
1945 0.004313300508644857
2075 0.002155798933700361
2091 0.004001773209886413
2092 0.0033206384382015526
2123 0.0032789088933001176
2125 0.007309782504071583
2152 0.00868552862772595
2258 0.004604512689461599
2360 0.006302906731917704
2381 0.0031359341968122388
2600 0.005234078477806091
2666 0.0046999867067163675
2686 0.0053532852944918954
2713 0.0048870428780227165
2738 0.0021318679472681163
2758 0.004372875726816383
2785 0.003933824699299316
2913 0.005706514819551619
3017 0.004641048565013066
3212 0.0036548912520357915
3213 0.002249458227909734
3263 0.005234078477806091
3302 0.008483274311565066
3307 0.0035341830498424706
3324 0.005234078477806091
3374 0.002877947384262869
3413 0.005539723135275472
3474 0.003567599685481033
3507 0.005124418836609839
3512 0.0017026089481316509
3561 0.005554134126887407
3566 0.01125641396891376
3604 0.0030252838747004706
3627 0.004348051109413087
3656 0.0026518661738132135
3690 0.012848262714273804
3703 0.007382854255174517
3786 0.0028277581038550223
3872 0.002576333274538025
3884 0.002371017000775745
3911 0.005877990095017211
4001 0.004717180046769279
4120 0.004025192825278233
4221 0.0024672183482347355
4247 0.004974814262704041
4251 0.0024213643931849786
4293 0.006247293984264704
4320 0.013402190808626846
4337 0.0035341830498424706
4403 0.003908254704645927
4468 0.0031409140393031942
4500 0.0052359564961104495
4504 0.004384995870605844
4517 0.0032789088933001176
4547 0.0021437811887578834
4553 0.006922132741835584
4556 0.0071333213526577075
4646 0.005972511304409776
4657 0.007383104463218039
4659 0.00468611311618048
4693 0.010834036747269514
4782 0.004928368657591402
4830 0.0023569654505352085
4924 0.0023021575764991748
4955 0.008082942790083515
5017 0.006846471044661383
5019 0.0030874330562224777
5067 0.004467396936208948
5110 0.005706514819551619
5163 0.003148799018203555
5181 0.0030874330562224777
5193 0.004498916455819468
5199 0.0029952965543745716
5200 0.004123092616256052
5226 0.00475689338212581
5255 0.001681101220098628
5260 0.006922132741835584
5336 0.008309584702913209
5463 0.0029952965543745716
5473 0.01616588558016703
5475 0.007383104463218039
5510 0.0050244547034059475
5573 0.008082942790083515
5590 0.007688814283432727
5703 0.006728081799835174
5753 0.008082942790083515
5816 0.007688814283432727
5824 0.00414870110276135
5828 0.004883446136725124
5863 0.001858564703018221
5912 0.0021025303350347964
5985 0.0026047759001811333
6045 0.005877990095017211
6115 0.0059245651360162405
6142 0.009262299168667434
6219 0.002660928917245752
6261 0.008638435720858536
6294 0.007688814283432727
6349 0.002696286083149963
6388 0.002687360878043136
6409 0.0012366913219606225
6430 0.0016349401749908544
6484 0.006035512611102126
6491 0.002298168321442026
6517 0.002760445625841325
6589 0.0018488825840034685
6599 0.0036369823154689443
6615 0.0023852141655286672
6634 0.0033206384382015526
6697 0.003933824699299316
6761 0.006711018543713563
6781 0.021422285201901415
6790 0.0013358487934376532
6807 0.021413141177967582
6823 0.004799119988790588
6834 0.0007616860423941358
6895 0.00780350414317135
6966 0.0037481254588550843
6985 0.004641048565013066
6996 0.004409905390132611
7002 0.004435159822071137
7061 0.0053532852944918954
7070 0.004678585547031072
7145 0.006577828421882688
7244 0.0038481709262910674
7277 0.006074040274035648
7307 0.0071333213526577075
7322 0.0010739561982338118
7579 0.002496658841685585
7580 0.004435159822071137
7581 0.005072714053681861
7603 0.0027143128450566804
7633 0.00456892590583482
7652 0.0032517790139249825
7663 0.007688814283432727
7699 0.004228530330725925
7720 0.006756663537048593
7850 0.025211626927670816
7863 0.0025519406870595056
7901 0.006577828421882688
7943 0.002568154061357332
8046 0.007101578970299183
8078 0.0036548912520357915
8091 0.002687360878043136
8125 0.0036548912520357915
8153 0.0071333213526577075
8187 0.005202336095447567
8286 0.005972511304409776
8297 0.006922132741835584
8342 0.005877990095017211
8445 0.0016349401749908544
8531 0.0032251759617582232
8609 0.004717180046769279
8622 0.002857650507274194
8649 0.004534240150940614
8671 0.0029952965543745716
8679 0.0012397804194103077
8712 0.0061836999152319
8772 0.005706514819551619
8815 0.011232744561776116
8820 0.004014470649844285
