324
1 0.0027327349285842227
24 0.0024970014632855436
48 0.0037698517622979473
68 0.001090210280470909
77 0.0014615024455973597
80 0.004628304764276534
93 0.0018466344883443877
109 0.0020031896488439424
116 0.0025625903430199055
149 0.002545694413486082
158 0.000579199167451721
206 0.006732609864425777
210 0.0025798420023404145
243 0.002121859865873489
320 0.002920853632720499
352 0.0032799700443625584
378 0.0013377365015602761
446 0.0016913194696642304
504 0.002975502115617323
549 0.0011412173870602612
569 0.0023797412618726294
620 0.009291362889645846
707 0.001596772680795614
708 0.0016234663620433355
722 0.007844634861706697
726 0.0010774845071018489
728 0.002920853632720499
744 0.0030971209632152824
767 0.004834514838597122
800 0.0018756436611122257
813 0.0035157035096612375
814 0.002436275645603654
838 0.0019530051799877257
876 0.005166762497192747
888 0.0035157035096612375
901 0.004834514838597122
975 0.002436275645603654
979 0.0023797412618726294
983 0.00173989211984976
998 0.003462819125509835
1011 0.0014395326698167792
1095 0.001168789378653546
1129 0.002914122229332541
1164 0.0014181365834828512
1171 0.0037698517622979473
1207 0.004227683120000239
1216 0.0016510589875315096
1248 0.0019290203393912391
1264 0.0011058410926964141
1322 0.004266533714702818
1326 0.0026917552121818898
1364 0.0022644582088523564
1366 0.00214400779657395
1371 0.0024970014632855436
1373 0.0016680718522850478
1390 0.0010915401441879042
1409 0.004030800249404139
1417 0.0010802764128717503
1438 0.002821407688350682
1440 0.003847951168256863
1496 0.0022407921354812817
1511 0.00214400779657395
1542 0.002798323808318585
1554 0.002545694413486082
1560 0.003462819125509835
1577 0.001825532286547192
1578 0.0025974646933859683
1585 0.005951004231234646
1609 0.0016126843176576197
1613 0.0036329637110741517
1621 0.0019057176254545802
1646 0.0025129131001475485
1648 0.0029409159667587257
1653 0.0035722378933922623
1705 0.0005687297978164272
1712 0.0016099255187034026
1721 0.004094964756901242
1739 0.003847951168256863
1755 0.005166762497192747
1777 0.002164753804689918
1778 0.0038114352509091604
1781 0.007398228449168879
1788 0.0033663049322128886
1921 0.0007399609401878467
1948 0.0021138415600001196
1959 0.001969394197318089
1980 0.0016680718522850478
2025 0.0028704170498992762
2072 0.0018395398678287146
2130 0.004598781373298443
2211 0.002975502115617323
2304 0.004140219017286567
2372 0.0007621327780400473
2373 0.0028877595091036123
2383 0.0005657391975963117
2398 0.002133828491127335
2438 0.002775910512171789
2439 0.00214400779657395
2492 0.00042988511944442237
2558 0.0012786533644500836
2578 0.002207891319707851
2592 0.005690321517486347
2598 0.004150546666254787
2599 0.004994002926571087
2611 0.0013454306759384635
2681 0.0025798420023404145
2723 0.0031305714669142095
2738 0.0012750983760075338
2802 0.005166762497192747
2844 0.005166762497192747
2944 0.0020118608784461104
2954 0.001597977613282023
2962 0.0028618141582204136
2976 0.0026720091109023333
3041 0.004329507609379836
3050 0.0066505695096717565
3096 0.0020566492689268385
3102 0.0020384391072736673
3133 0.002065908390615035
3229 0.0023673839852892562
3239 0.003934286056107192
3254 0.0036329637110741517
3268 0.0017336607320194099
3294 0.0033663049322128886
3366 0.002869622979808018
3390 0.0036329637110741517
3512 0.0020367057983310694
3544 0.0020419002467416477
3582 0.0019611587154266742
3623 0.004598781373298443
3627 0.0013003133978150459
3630 0.0033663049322128886
3633 0.0037698517622979473
3675 0.002175327158497463
3690 0.001921178905860753
3729 0.002175327158497463
3740 0.0027540198538855225
3786 0.00507395840899269
3788 0.006558116189973656
3790 0.0034131418826374776
3806 0.0030649825871798472
3835 0.001986117707377155
3840 0.0018117601379783253
3841 0.007637083240458245
3912 0.0022303426844242804
3914 0.002175327158497463
3928 0.005025826200295097
3943 0.0025860591699197596
3969 0.001010610256828219
3973 0.0030649825871798472
4001 0.005642815376701364
4017 0.013119880177450234
4034 0.004140219017286567
4108 0.0016234663620433355
4221 0.000737837939990954
4267 0.005159684004680829
4268 0.03292793812454038
4349 0.0013809775118168383
4357 0.0025129131001475485
4364 0.0011813478398016704
4383 0.003102183539670931
4399 0.0010636659072673727
4403 0.004675157514614184
4409 0.002301641855913714
4435 0.0021968921807253533
4458 0.003382638939328461
4461 0.0019946092191256014
4468 0.0009393110853387854
4500 0.0015658473672330306
4564 0.0007950302310642348
4567 0.0016289110568310488
4630 0.0026720091109023333
4659 0.001401413073423785
4724 0.001531183801061252
4727 0.003462819125509835
4809 0.0020943305537015934
4819 0.0015215434127999685
4853 0.002633889514509339
4854 0.0014352085249496381
4906 0.0036329637110741517
4928 0.043033458528836305
4932 0.007868572112214384
4943 0.002288471050195213
4951 0.001921178905860753
4998 0.0025798420023404145
5081 0.003556619268558795
5163 0.0047083457017477685
5167 0.002265217034790343
5220 0.00236619676257617
5223 0.0015471201169404117
5229 0.0008293038624574515
5293 0.004530434069580686
5312 0.0032799700443625584
5346 0.0036329637110741517
5348 0.003934286056107192
5371 0.0018756436611122257
5378 0.003462819125509835
5379 0.00521967635954928
5381 0.00128797574925565
5439 0.0029477223857669334
5485 0.002175327158497463
5619 0.00946478705030468
5623 0.0022644582088523564
5675 0.001721338341153452
5703 0.0013413848619797171
5823 0.004608140589341175
5829 0.0030649825871798472
5833 0.0022771796348488695
5869 0.006101105338834636
5908 0.0030042567694979583
5912 0.0025151023253057753
5921 0.003847951168256863
5939 0.005972046319214296
5985 0.0025965847809981736
5987 0.009839910133087675
5988 0.0026227239452491563
5990 0.002207891319707851
6006 0.003665012292188587
6039 0.0019611587154266742
6046 0.0028451607587431735
6057 0.0032799700443625584
6060 0.0024970014632855436
6083 0.002920853632720499
6088 0.005164015023460355
6124 0.004266533714702818
6135 0.0022418033404850222
6213 0.0023397614523067082
6240 0.004266533714702818
6293 0.0014886681450325342
6298 0.0015409389585444415
6303 0.0014309070791102068
6336 0.004415932292151167
6387 0.0023268568777212264
6401 0.0028451607587431735
6407 0.009669029677194244
6430 0.001955758624423022
6444 0.0042880155931479
6469 0.0007852166580721447
6508 0.0010447031937633154
6537 0.00126103067340453
6607 0.0025129131001475485
6619 0.0032799700443625584
6654 0.007180540231324488
6706 0.002775872443602155
6728 0.002896500047696748
6729 0.0032040846075692287
6761 0.003344957355907546
6795 0.012485007316427717
6799 0.0030971209632152824
6823 0.0028704170498992762
6834 0.00045557448196026606
6849 0.0020384391072736673
6921 0.0015811641412371428
6930 0.0009928236209588643
6932 0.006035582635338331
6935 0.0017152459446813794
6981 0.0019134117998327676
6983 0.0038580406787824782
6984 0.004460685368848561
7140 0.0010420297050923596
7141 0.002821407688350682
7144 0.0025625903430199055
7238 0.0035435606568248084
7291 0.002775872443602155
7312 0.002481392923727072
7371 0.0033220009777798266
7385 0.00470574501765239
7390 0.0021860387299912185
7408 0.0030042567694979583
7447 0.0026154747271713084
7481 0.0031115859287865633
7484 0.0028844923759614536
7492 0.0019290203393912391
7521 0.0016073460346031588
7561 0.0024970014632855436
7579 0.001493284627951567
7582 0.002652727667163303
7583 0.002652727667163303
7603 0.0016234663620433355
7608 0.004030800249404139
7640 0.004030800249404139
7652 0.0019449319762532443
7676 0.0028948380016155305
7695 0.004576942100390426
7863 0.0015263494298072891
7959 0.001596772680795614
7988 0.0013188113289358846
8011 0.0006689976557202352
8043 0.0011203960677406409
8052 0.005166762497192747
8059 0.0014886681450325342
8123 0.002451040433362063
8145 0.000917223245130357
8146 0.0021237740882875857
8149 0.0029477223857669334
8155 0.003165445817280272
8205 0.0008586469713369931
8235 0.0016179394569292723
8347 0.002352872508826195
8350 0.002481742774468239
8368 0.0030042567694979583
8445 0.000977879312211511
8452 0.0037698517622979473
8533 0.0033708908811241473
8548 0.002652727667163303
8560 0.003826823599665535
8583 0.0018117601379783253
8592 0.001977713289591778
8639 0.0021830802883758085
8640 0.003727887781860236
8647 0.003934286056107192
8664 0.0013454306759384635
8679 0.0007415290433076746
8723 0.0012136127775101901
8724 0.00529590791445385
8755 0.002975502115617323
8768 0.002084746543268999
8780 0.002481392923727072
8788 0.004415932292151167
8814 0.0007452368485062238
8820 0.0012005539584911684
8867 0.0019418362100536136
8892 0.006765277878656922
8893 0.010477027549463778
