56
117 0.02418831914596663
147 0.03808365824762773
520 0.029114419689382123
584 0.029582595054654673
688 0.04928175378991191
1193 0.014305663722016427
1313 0.03732237747380876
1364 0.009376272271029289
1542 0.02317361903763828
1558 0.01590976281415936
1640 0.01055940842631239
1712 0.006666097850881276
1746 0.03338006456537802
1812 0.02651549122428017
1921 0.0010213002559884344
1940 0.011173932248100696
2117 0.009351641204858117
2381 0.03106534813717124
2468 0.015471814007905555
2690 0.023561487533341904
2713 0.012103067127603135
2762 0.03258080640213769
3474 0.017670767192148242
3640 0.01710830385978076
3885 0.019376149526914927
4133 0.07066446464976542
4251 0.011993320509994347
4665 0.08557450385975487
4677 0.002522924492921077
4953 0.031865845612127144
5087 0.02418831914596663
5229 0.00686767261097577
5626 0.037517657138715056
5643 0.013719470577205661
5703 0.005554171694134766
5948 0.021364316581881558
6034 0.016040263976108825
6115 0.014672555844665222
6142 0.01529244185660196
6469 0.013005150899319896
6599 0.018014428031307116
6678 0.04278725192987744
6752 0.03258080640213769
6781 0.04244290255626718
6790 0.006616626054995876
6823 0.01188532059723919
7252 0.010707901250449004
7423 0.01866118873690438
7507 0.03656943929437685
7550 0.03428618873690438
7586 0.029114419689382123
7720 0.016733299540971906
8046 0.01758750416863157
8568 0.03258080640213769
8643 0.012760900750446155
8820 0.009942087468754988
