45
102 0.02489530987008711
145 0.010523829640093319
342 0.03281735418402346
720 0.04776416560898201
773 0.020208083602162356
1431 0.027535062023420882
1496 0.012118569712296726
3181 0.031311513078698595
3248 0.021855738175963306
3268 0.018751840570822187
3351 0.03691765709791557
3374 0.018618557567578152
3470 0.03281735418402346
3572 0.029333757711187236
3653 0.012118569712296726
3819 0.01168462242493934
4044 0.02635155290142728
4163 0.032184002475044514
4186 0.04077594763301861
4248 0.01763098350863137
4713 0.015430875315767091
4742 0.029333757711187236
4761 0.024501327110997586
4819 0.016457510383346596
4951 0.020780098369514263
5193 0.014552617515252768
5294 0.035931847310679756
5431 0.011714923831177934
5562 0.029114903315436765
5778 0.04077594763301861
5823 0.0166143844377607
6496 0.031311513078698595
6589 0.011961138349573458
6683 0.012182333675748747
6909 0.016252572867139645
6973 0.011156198574475501
7178 0.028095026275399247
7236 0.055885390275758284
7415 0.01902457448016875
7944 0.027815480496966662
8087 0.027180488634248993
8506 0.028901323036290543
8758 0.017858393130442858
8764 0.023797881063146696
8867 0.014002356344604288
