191
105 0.008960860764147701
145 0.0018958369572226936
149 0.004960360438042733
152 0.004835067094027015
212 0.008604573951618082
277 0.0018029810924645197
423 0.002830519025581694
486 0.006313216266331683
517 0.0070789366429018395
751 0.0038054880345349067
799 0.016626932858768335
838 0.0038054880345349067
872 0.002160395895778849
990 0.00716879507315602
1021 0.006747404913677251
1041 0.003517017459042967
1057 0.00327277575926749
1101 0.002714647512912338
1123 0.008313466429384167
1129 0.00567825287333179
1172 0.005948273513219583
1189 0.008067338526330443
1193 0.0033660385228273947
1207 0.004118882451470821
1216 0.0032171369977636033
1219 0.0040997604158612335
1221 0.005853882675859992
1225 0.0036404268253895423
1282 0.0627260253490339
1312 0.008960860764147701
1370 0.0037741797590844293
1390 0.0021268980750720192
1473 0.008124379911268893
1496 0.0021831246908181603
1513 0.005096329431620564
1580 0.0053248143829030805
1586 0.0032614918190922086
1648 0.005730461258757811
1712 0.00627397444788826
1745 0.006034831288618013
1894 0.0037741797590844293
1921 0.00048061188517102793
1940 0.0026291605289648695
1955 0.003698493984151424
1984 0.0031113585324326304
1986 0.004118882451470821
2110 0.009420194354619393
2117 0.004400772331697937
2161 0.0041382362749721345
2183 0.004302141174430739
2185 0.007666072094620632
2317 0.006391118101147632
2323 0.0070789366429018395
2381 0.010964240519001614
2394 0.00579785338704846
2398 0.004157827574623116
2401 0.002891768706603838
2525 0.0026443670333275117
2591 0.008067338526330443
2616 0.0074978460263828576
2713 0.0028477805006125022
2729 0.02999138410553143
2738 0.004969133377088183
2766 0.005640676988442026
2784 0.0035571033524632784
2808 0.008067338526330443
2970 0.007206738504148942
3136 0.00372833916879179
3202 0.010649628765806161
3306 0.005510143439806023
3307 0.004118882451470821
3329 0.026237376677541634
3344 0.0036404268253895423
3394 0.0024708021990813168
3420 0.0028134421687957987
3430 0.008313466429384167
3481 0.0048052219093866495
3512 0.001984290575579902
3585 0.002040861322902027
3604 0.001762895199044208
3610 0.006167964276318177
3681 0.0040621899556344465
3697 0.008960860764147701
3819 0.002104950363316278
3974 0.003318726294190185
4132 0.006167964276318177
4221 0.005750795708753023
4222 0.006313216266331683
4251 0.0028219577670574934
4292 0.002569742663000069
4333 0.00531943951264132
4337 0.004118882451470821
4346 0.0016814366039133398
4383 0.002014898622580384
4403 0.00455484096092926
4405 0.006391118101147632
4458 0.009886757193993111
4482 0.006082547902736613
4567 0.003173981103384029
4659 0.005461389183195633
4697 0.007206738504148942
4752 0.0035571033524632784
4909 0.0030709343254419572
4915 0.0021435591398790226
4924 0.0026830292343758763
4948 0.0053248143829030805
4994 0.009420194354619393
5067 0.005206488341096458
5110 0.006650607344845085
5163 0.001834870016122292
5169 0.004747154750624767
5181 0.003598221613318108
5223 0.0007536522628478107
5293 0.004413842016319418
5336 0.003228110724048391
5379 0.0033902309688249
5396 0.0010536679705436239
5463 0.0069816838804172
5475 0.008604573951618082
5522 0.0070789366429018395
5623 0.0022061817108304208
5627 0.005244964200207359
5643 0.006456221448096782
5675 0.00335407838533577
5703 0.007841183568190259
5709 0.008313466429384167
5717 0.005168917880869671
5808 0.0074978460263828576
5869 0.009510546557595168
5871 0.005206488341096458
5893 0.003837422516833041
5939 0.0019394513169017015
5944 0.017921721528295402
5952 0.009420194354619393
6049 0.009420194354619393
6081 0.004610603985902096
6142 0.003598221613318108
6223 0.0033902309688249
6380 0.008067338526330443
6388 0.0031319610233076253
6423 0.011382738421631355
6491 0.0008927933307562772
6492 0.002491493688082883
6495 0.017209147903236164
6544 0.0070789366429018395
6589 0.0021547638938569833
6634 0.0038700087680510744
6657 0.006747404913677251
6661 0.008604573951618082
6670 0.06594136048233575
6678 0.010067588689382926
6713 0.001974216908793031
6761 0.0032588738945422786
6781 0.01997313061471397
6782 0.03050005289456859
6816 0.0023519867562319815
6823 0.005593092045759618
6832 0.003669196448595265
6834 0.0008877002773490479
7011 0.004928103363382788
7138 0.00554387941960986
7140 0.0020304255283049655
7172 0.004043731127049701
7179 0.0012168868347111192
7252 0.005039012353152472
7404 0.006167964276318177
7425 0.005691369210815677
7436 0.006238939111595334
7481 0.003031508349736909
7666 0.0034147956208709124
7680 0.0027066840505722365
7876 0.010067588689382926
7887 0.005183532117832399
7944 0.0025054385006458946
7959 0.0031113585324326304
7961 0.0032614918190922086
8033 0.003968581151159804
8056 0.005408869099665963
8205 0.0016730988779728173
8302 0.004747154750624767
8438 0.0027632808428158496
8472 0.008960860764147701
8560 0.00745667833758358
8601 0.0027469045875722835
8640 0.008474548817831787
8645 0.008960860764147701
8666 0.008313466429384167
8803 0.005244964200207359
8814 0.0029042318360904306
8834 0.010067588689382926
8867 0.003783724968119174
