140
449 0.0028956264670149862
546 0.005794517758553278
591 0.009280814134793623
621 0.004853902433852723
695 0.025161198393896196
757 0.004724839008743168
800 0.00487299578622294
855 0.004134874837092664
1089 0.012560259139492522
1205 0.011084621905845556
1216 0.004289515997018138
1246 0.006254833949084313
1248 0.005011670489594886
1278 0.008318585482127112
1403 0.029382668147322235
1417 0.008419801453265112
1717 0.0070458535678832096
1721 0.0035462930084275463
1795 0.01147276526882411
1916 0.06158653423632132
1921 0.00032040792344735194
1980 0.004333716086818997
1983 0.00468935661205729
2001 0.008133347438551623
2052 0.009438582190535786
2122 0.004911704025664282
2260 0.010221429459494176
2265 0.005885122688425891
2385 0.00960898467219859
2386 0.013423451585843902
2448 0.01921796934439718
2450 0.00636789916510732
2513 0.008630688814820138
2568 0.010472177118549968
2666 0.007303410715828865
2743 0.006570571193784258
2749 0.025120518278985045
2820 0.012560259139492522
2829 0.010858590051649353
2860 0.008417621688442244
2986 0.006147471981202794
3001 0.012583718269643586
3050 0.0034556880785549323
3084 0.013423451585843902
3111 0.03145929567410896
3181 0.0075209026512560355
3213 0.00349548165807542
3225 0.0035669620496097195
3277 0.007658298355178797
3282 0.012560259139492522
3292 0.008867476459793447
3304 0.00960898467219859
3351 0.008867476459793447
3415 0.011947814352196934
3421 0.010756451368440589
3572 0.0070458535678832096
3585 0.005442296861072072
3595 0.003619530017216451
4008 0.01147276526882411
4071 0.010472177118549968
4224 0.015610353802293312
4278 0.008996539884903003
4293 0.004853902433852723
4382 0.001888419496559689
4468 0.0024403670354390013
4480 0.006993285600276478
4506 0.025120518278985045
4534 0.002483626177370781
4547 0.003331267827628672
4567 0.008463949609024078
4568 0.0027705777210778526
4677 0.0007915057232693575
4680 0.005295944739485508
4701 0.007455393035775734
4741 0.006045265417609068
4742 0.0070458535678832096
4761 0.05885122688425891
4820 0.012560259139492522
4835 0.0007551612703167899
4873 0.012560259139492522
4951 0.004991298137775485
5193 0.00349548165807542
5339 0.012560259139492522
5399 0.010221429459494176
5431 0.0028138787633711707
5438 0.005707612038159005
5793 0.022169243811691112
5823 0.011972129962504033
5824 0.0064467561253693535
5855 0.006271964683285284
5939 0.0025859350892022685
5999 0.00632953966749969
6117 0.009794222715774079
6134 0.005947741747427994
6147 0.008223952368424235
6194 0.004671834747555828
6228 0.004603154774796932
6293 0.0038676182199374664
6683 0.008778446325171892
6724 0.011947814352196934
6757 0.00773047118273128
6761 0.0026070991156338227
6874 0.008867476459793447
6909 0.003903804267107072
6916 0.011084621905845556
6931 0.012157584016887798
6986 0.00758849228108757
6993 0.00627397444788826
7000 0.005512675141730143
7044 0.012560259139492522
7102 0.00518207297125769
7128 0.029382668147322235
7155 0.012560259139492522
7361 0.013423451585843902
7611 0.011589035517106556
7619 0.011084621905845556
7775 0.012560259139492522
7864 0.003340584667527859
7870 0.009997128035177143
7949 0.012560259139492522
7967 0.010221429459494176
7968 0.013423451585843902
7988 0.006852647101333518
8011 0.005214246434290069
8034 0.008133347438551623
8065 0.017734952919586894
8082 0.01454030998440049
8087 0.006528646779795102
8167 0.006012258639869027
8506 0.006941984454795278
8533 0.008757706700959794
8679 0.0019265215340836645
8758 0.008579031994036276
8764 0.00571615770634406
8768 0.005416253274179261
8801 0.004971118891722386
8863 0.011084621905845556
8867 0.0033633110827725986
8884 0.005032239678779239
8886 0.011084621905845556
