66
80 0.013937508665150927
148 0.010749914022885252
378 0.008056822111669845
523 0.013642784414078202
1554 0.015332023172132085
1585 0.0358412754835723
1712 0.004848071164277292
1784 0.0108707812370419
1980 0.010046341837625856
2024 0.012731091213637084
2183 0.013297527266422285
2373 0.008696093976277923
2438 0.011145701298871578
2688 0.013165915078356204
2962 0.008617963090095564
3050 0.016021826546027414
3262 0.027697205998274712
3740 0.016586710483628715
3806 0.018459554218242264
4017 0.03950873007982173
4108 0.009777695135033725
4268 0.046662586112316586
4383 0.006227868469793915
4384 0.01713562729697593
4830 0.008490432361587058
4854 0.017287739050529733
4915 0.006625546432353343
4928 0.05183575686428009
4943 0.006891418503428766
5032 0.007001911877719651
5193 0.008103162025538475
5223 0.006988411891861518
5348 0.02369513192882741
5381 0.003878563335826673
5619 0.01425095777460648
5675 0.010367151372856018
5807 0.008010913273013707
5811 0.005328081582889087
5869 0.007349058703596267
5939 0.005994667706787077
5988 0.007897975516943483
6177 0.03111800140354723
6430 0.005889500403092056
6729 0.009648663875066427
6761 0.0020145765893534087
6823 0.017287739050529733
6834 0.00823140257178208
6984 0.026865491426019746
7238 0.01067094970521107
7375 0.01063193634341114
7484 0.0028954184834461562
7560 0.008617963090095564
7652 0.011713794856979768
7653 0.016458517183518612
7739 0.02270478902293082
7818 0.019754365039910866
7863 0.018385572677224165
7923 0.010911737194642186
8043 0.00674783995343795
8117 0.015643821448801856
8350 0.004982286630561238
8592 0.011911227766859572
8601 0.008490432361587058
8764 0.006625546432353343
8780 0.014944752836083501
8893 0.04206685303951366
