24
549 0.02419380860567754
1172 0.03235860791191453
2091 0.05074248430135972
2110 0.102491714578259
2381 0.039763645615579185
2552 0.10953536494048624
3474 0.0452371640118995
3610 0.06710745132634177
3827 0.04853357265901243
3861 0.07992085736071648
4221 0.015642164327808225
4403 0.024778334827455173
5381 0.013652542942109889
5703 0.014218679536985001
5912 0.02666008464824122
6107 0.02572859088321603
6142 0.03914865115290102
6469 0.033293186302258936
6505 0.10953536494048624
6782 0.06636811509858125
6823 0.030426420728932327
7720 0.042837246824888084
8625 0.059813842993034466
8653 0.03914865115290102
