205
17 0.0032750188704042875
56 0.002799885254461931
69 0.002850777215682779
82 0.006814210357014735
91 0.004268995237583944
139 0.002970116995198702
148 0.002892943223284104
164 0.004917585183538685
169 0.005789865698770333
338 0.003792273913524634
375 0.002271403452338245
389 0.005612520295168845
393 0.012378147148143335
396 0.005994595942289029
423 0.002354437843908932
490 0.004153433889298318
496 0.004209958065732609
521 0.005040877428911033
524 0.011314074726534404
726 0.006985526468060916
757 0.011790423948423319
780 0.0037105177873862716
856 0.0071573214521104545
858 0.00884281796131749
872 0.007188106222040941
961 0.0034101982664044507
1135 0.004869284672274978
1145 0.004099217476575285
1164 0.002298508835614407
1172 0.004947799374910479
1237 0.018710221276845296
1242 0.003363592864090271
1309 0.002258055423584575
1358 0.0046114226364950515
1363 0.004463701903851152
1379 0.01299233787869942
1417 0.0035018134484527687
1430 0.0045729237762258765
1439 0.0029476059871058296
1460 0.03553833281201661
1468 0.015596082656667655
1476 0.004463701903851152
1496 0.0018159324645337603
1499 0.00842972649514025
1534 0.0074536823481595555
1558 0.0031138373703553488
1564 0.00836279058862642
1572 0.0036714526863574366
1665 0.004917585183538685
1741 0.012898584069693126
1772 0.0027317617232351654
1921 0.00019988751187541225
1956 0.002420308418392448
1959 0.0031919844788335996
1984 0.015528248088471112
2041 0.002284886996390401
2075 0.0020898723608043256
2084 0.0031265467274536906
2094 0.005698235046239926
2169 0.005456090562913856
2213 0.005888289806939756
2270 0.004330779292899807
2468 0.003028122619284268
2523 0.0046114226364950515
2531 0.004239148640369399
2586 0.00407291725711988
2666 0.002278128113194325
2672 0.004047127753949046
2680 0.006915176968784384
2687 0.0065331013216642
2731 0.0032893770392372536
2738 0.0020666732088195504
2759 0.006110157290574655
2766 0.00938387853734698
2829 0.00451611084716915
2954 0.0012949971483783979
3050 0.008623368416210473
3184 0.0029815172169700877
3229 0.0012790147932755412
3323 0.008374263374654911
3334 0.01222031458114931
3418 0.009575953436500799
3544 0.0016547509644848214
3638 0.013834267909485156
3730 0.005994595942289029
3781 0.006236740425615099
3796 0.0038135242497794597
3804 0.0065331013216642
3835 0.003219089862109762
3847 0.0045729237762258765
3872 0.0024975463242463422
3912 0.003614928509923146
3926 0.003028122619284268
3954 0.0029364919667538604
3970 0.0036318649290675207
4099 0.012506186909814762
4221 0.001195884122921118
4231 0.005532003662990407
4389 0.003857072993249216
4403 0.0018943681060745545
4489 0.021824362251655426
4547 0.002078222130997704
4659 0.002271403452338245
4660 0.0018017278619473275
4719 0.0031265467274536906
4802 0.0036714526863574366
4830 0.002284886996390401
4915 0.005349065009606369
5169 0.003948703645779623
5171 0.0030764231305479735
5172 0.0020495359687033466
5177 0.007342905372714873
5181 0.0029930161431881513
5187 0.004362783677236702
5193 0.006542002369242071
5197 0.0074536823481595555
5223 0.0012537823577651653
5229 0.0013441316425151354
5336 0.0026851563209209857
5350 0.006376671589409211
5371 0.003040034068469357
5380 0.0006926628823647755
5381 0.0020875447923715427
5435 0.0019511118605339238
5439 0.004777654019744571
5594 0.01122504059033769
5670 0.0035431208773557977
5695 0.004299528023231042
5702 0.002882275554030828
5732 0.003857072993249216
5807 0.0021558421040526183
5811 0.0014338568174135768
5821 0.005384282930346508
5897 0.0013260959856044455
5954 0.004535509536418502
5976 0.002850777215682779
5980 0.00783575799527974
5997 0.0039020982434654432
6000 0.004917585183538685
6086 0.009698558588408889
6095 0.006410936045771513
6122 0.008306867778596636
6300 0.0039020982434654432
6310 0.0031265467274536906
6338 0.004362783677236702
6378 0.0058290782171338765
6414 0.002613830851249353
6464 0.006376671589409211
6469 0.0025453506347292766
6482 0.0035257596146900778
6706 0.004499120474339884
6712 0.006710446725265689
6761 0.004337192412552904
6764 0.00396623248974164
6824 0.0033185676138740437
6832 0.0030520533150394866
6834 0.0007383928912505842
6889 0.01594847819735923
6921 0.005125486207068414
6922 0.0074536823481595555
6930 0.006436654667990191
6968 0.002871692887029279
6993 0.0013046797017015341
6996 0.002137522949039813
7074 0.007517422229179121
7252 0.0062872080736581315
7303 0.003219089862109762
7336 0.0034584987776681577
7350 0.0037105177873862716
7370 0.002554416319633677
7375 0.0028611938783491752
7484 0.0007791951882056934
7581 0.004917585183538685
7653 0.0044292034010692295
7662 0.005612520295168845
7666 0.0028404416173605142
7682 0.00469193926867349
7695 0.0018545713403722672
7702 0.0031138373703553488
7903 0.0020103886134595376
7904 0.019969180701109646
7943 0.0024896172399090956
7961 0.01627753715216662
8011 0.0010843081270083324
8019 0.00349170344919173
8033 0.0016505413962010194
8043 0.0018159324645337603
8117 0.008419916131465218
8126 0.005888289806939756
8235 0.003933522532901442
8251 0.00783575799527974
8346 0.00783575799527974
8368 0.004869284672274978
8445 0.004754826013505513
8448 0.0011176517447769093
8514 0.0011810446648342307
8543 0.006110157290574655
8609 0.0045729237762258765
8639 0.0017691629248305482
8679 0.0012018666451164145
8681 0.004268995237583944
8758 0.002676028328414985
8820 0.0019458519816523525
8845 0.004153433889298318
8872 0.0019147227984553069
