115
86 0.015233463299051092
102 0.015248377295428356
143 0.01037001798415332
145 0.0032229228272785794
246 0.005583038021861869
274 0.014132892929953084
334 0.005153564194552746
450 0.011306032486236645
546 0.01477602028431086
575 0.004916006801226525
591 0.01183303802186187
695 0.038496633542661175
730 0.01335202582615121
941 0.005413924067274145
961 0.006969592706964097
983 0.00576339264700233
1143 0.008488580511253436
1238 0.007350570369098009
1246 0.0079749132850825
1253 0.009985810886169219
1395 0.01037001798415332
1417 0.0035784156176376734
1496 0.003711311974390873
1721 0.009043047171490242
1921 0.00040852010239537375
1955 0.006287439773057422
2267 0.015233463299051092
2328 0.007928513172087457
2350 0.012251455457053202
2367 0.010864900771950976
2570 0.0036726730228240434
2617 0.0026997443497591787
2780 0.00539576787575285
2789 0.006363905125663744
2829 0.004614900771950975
3001 0.008022120396897786
3041 0.0071707469780353545
3044 0.017114900771950974
3111 0.008022120396897786
3248 0.006693319816388763
3299 0.011306032486236645
3374 0.00570193325507081
3423 0.016014330402852966
3486 0.016542634694266724
3572 0.04491731649525546
3653 0.003711311974390873
3885 0.007750459810765971
3947 0.012034192292933128
4015 0.004900885087955194
4050 0.009951600548961987
4104 0.016014330402852966
4108 0.005377732324268549
4297 0.005306765131286535
4349 0.004574488007893277
4382 0.002407734858113604
4420 0.011470588353251328
4564 0.002633537640400278
4567 0.016187303627258547
4587 0.009424595013336763
4658 0.02826578585990617
4742 0.017966926598102183
4761 0.015007062855486024
4762 0.014132892929953084
4774 0.05653157171981234
4886 0.005722265488806571
4951 0.025455620502654975
4973 0.002607500601311512
5218 0.003987584864966207
5431 0.010763086269894728
5439 0.009764330402852968
5824 0.008219614059845925
5855 0.0039983774855943685
5912 0.004165638226287691
6060 0.008271317347133362
6115 0.005869022337866089
6156 0.009764330402852968
6228 0.005869022337866089
6252 0.0068433215439123035
6282 0.045700389897153276
6603 0.007241253293095912
6648 0.008488580511253436
6683 0.011192519064594161
6717 0.012034192292933128
6823 0.0047541282388956765
6904 0.011470588353251328
6909 0.009954700881123034
6931 0.007750459810765971
6986 0.019350655316773307
6993 0.005332878280705021
7000 0.014057321611411867
7083 0.02230177017591039
7092 0.005271965417293147
7190 0.018849190026673526
7194 0.017114900771950974
7234 0.009675327658386653
7286 0.013714475494761753
7425 0.009675327658386653
7611 0.00738801014215543
7675 0.010485539269740902
7804 0.015233463299051092
7810 0.03202866080570593
7870 0.012746338244850858
7918 0.01183303802186187
7952 0.011150885087955194
8011 0.0022160547345732792
8065 0.02261206497247329
8255 0.014132892929953084
8388 0.024502910914106404
8564 0.00766562976583301
8677 0.007928513172087457
8755 0.009856350757982383
8758 0.021876531584792504
8764 0.0036440505377943384
8768 0.006905722924578559
8867 0.0021441108152675317
