64
69 0.012265844072740378
426 0.026834396304949173
545 0.01524474377493876
546 0.015553705562432482
834 0.036031370046212575
951 0.02975345879990123
1152 0.020750212122068172
1323 0.03371437979547993
1431 0.017752868936152938
1853 0.024517406054216522
2034 0.03371437979547993
2384 0.013733933218139304
2822 0.019358057830383447
2867 0.02975345879990123
3001 0.016888674519784812
3013 0.014810529826216058
3313 0.030795317300527873
3470 0.021158557302857234
3534 0.028872579988972108
3572 0.018912554313791772
3819 0.007533506563447733
4161 0.028872579988972108
4163 0.020750212122068172
4247 0.020750212122068172
4507 0.028872579988972108
4647 0.02347554755358988
4713 0.00994885382200773
4742 0.018912554313791772
4761 0.03159381653786531
4824 0.020950737997814706
4835 0.004054023661700662
5077 0.026834396304949173
5294 0.02316658576609616
5336 0.011553238380804767
5431 0.0075530429964173525
5485 0.015170044657942833
5562 0.018771450821794756
5599 0.03371437979547993
5778 0.026289755710762
6282 0.03207044905063387
6476 0.010192056528507902
6683 0.015708798687149698
6931 0.13053405997079529
6973 0.007192812238806573
6986 0.020369110859761373
7010 0.040738221719522745
7125 0.008043149015096687
7190 0.01984125265965634
7415 0.012265844072740378
7555 0.00968707975994274
7627 0.03371437979547993
7804 0.03207044905063387
7889 0.03207044905063387
8430 0.018912554313791772
8506 0.018633747747082062
8533 0.011753764256551303
8564 0.016138167928069495
8632 0.03371437979547993
8680 0.028872579988972108
8758 0.011513963991996053
8768 0.014538364051744333
8801 0.02668705931345702
8820 0.008372284184214727
8876 0.021158557302857234
