216
53 0.0023369674824707735
68 0.001485376474677588
69 0.002396411695445421
79 0.003008180975437432
96 0.003694997757964459
158 0.00039457012692726493
277 0.0012606962908749341
373 0.004526119584121614
423 0.003958360796700364
443 0.0013424632936405215
446 0.0023043684291055066
447 0.0044688537879489865
458 0.0025656077995319074
480 0.0015755857527289506
521 0.0014124823643992352
527 0.006560339977445757
559 0.0035635002709531963
633 0.0023043684291055066
639 0.0029494074973924335
642 0.006265691845368058
807 0.003086285420151367
855 0.0021684176523570783
872 0.0015106110119584753
970 0.06394316595557178
990 0.005012627917476703
1002 0.004265303026901108
1139 0.00264568943786225
1143 0.00349144699691658
1172 0.008318408203577
1192 0.003538962178649262
1225 0.002545491250657983
1253 0.002053637200240456
1260 0.006265691845368058
1268 0.015457324200430047
1272 0.004054026018707406
1303 0.006265691845368058
1363 0.003752263554137087
1411 0.004676952403355255
1417 0.001471841899285418
1503 0.002840400174633854
1507 0.01026243119812763
1510 0.002133416721422895
1519 0.017875415151795946
1521 0.00549183581538353
1557 0.005640915370596093
1571 0.003402084255890329
1591 0.006265691845368058
1609 0.004394461122666006
1617 0.00458648229838774
1632 0.0042197277904989705
1657 0.004881794384250587
1685 0.003944123755414476
1703 0.004175940285874856
1705 0.0007748760741457748
1721 0.003719505263337889
1763 0.003640526552129143
1777 0.0176964449843546
1843 0.004265303026901108
1930 0.0017766304784780885
2011 0.006016565847918042
2031 0.007577192296963993
2032 0.006016565847918042
2092 0.0027060215550382834
2181 0.006016565847918042
2200 0.003944123755414476
2233 0.0037232635273769608
2327 0.004265303026901108
2328 0.006522170218683768
2364 0.00549183581538353
2449 0.0034458717605144427
2619 0.0023705471041654824
2639 0.003694997757964459
2653 0.003054385014028436
2684 0.007106521913912354
2687 0.00549183581538353
2715 0.00349144699691658
2730 0.005242709817933514
2738 0.001737280563712064
2780 0.00443867794406404
2827 0.003694997757964459
2891 0.00458648229838774
2893 0.003008180975437432
2895 0.0026069620923171383
3030 0.001991250118680207
3051 0.0026069620923171383
3067 0.006016565847918042
3102 0.0027773077811183637
3136 0.005213924184634277
3171 0.00549183581538353
3183 0.005039159056885636
3229 0.002150323071470961
3256 0.0034458717605144427
3302 0.0023043684291055066
3320 0.005389141611741091
3337 0.003667429980607716
3344 0.002545491250657983
3374 0.0023452681768928777
3563 0.002468464969482037
3653 0.0015265036398522868
3661 0.004867059340611565
3732 0.0024408971921252936
3792 0.005039159056885636
3810 0.006265691845368058
3819 0.005887367597141672
3841 0.006936853671710146
3890 0.003667429980607716
3949 0.007039547875352586
3970 0.0015265036398522868
3974 0.009282195907657895
4005 0.0021129310410340123
4061 0.003008180975437432
4080 0.004526119584121614
4136 0.0030233708459014943
4160 0.00458648229838774
4221 0.0020105609675846042
4346 0.0011757088849985305
4349 0.001881537483966386
4372 0.0030387702384186855
4403 0.0031848759418322842
4420 0.004717979785399003
4421 0.005360338328372267
4445 0.0033599495099053177
4448 0.00658687111685469
4504 0.0017866885488201192
4671 0.0017276560363756249
4686 0.010485419635867028
4713 0.0019437349369475258
4718 0.006265691845368058
4830 0.0038414295517720364
4924 0.001876051289846371
5002 0.005039159056885636
5045 0.004608736858211013
5137 0.007039547875352586
5139 0.005360338328372267
5223 0.0021079014446745968
5314 0.005640915370596093
5320 0.0038126262684032132
5349 0.0038126262684032132
5371 0.0025555042169395363
5380 0.004658113368293708
5381 0.0017548255709652811
5440 0.001838384740047415
5456 0.0020408777669973966
5508 0.00441438258211367
5612 0.0027773077811183637
5621 0.03302585849779303
5703 0.0027413906562310415
5712 0.00458648229838774
5720 0.0058130150868701625
5811 0.0012053243683656544
5827 0.0031878497936312475
5828 0.003979569216817132
5863 0.0030291260198291826
5911 0.004526119584121614
5932 0.0033599495099053177
5985 0.002122657995777427
6015 0.0269941777910036
6038 0.004265303026901108
6039 0.0026720157305299154
6043 0.004526119584121614
6051 0.0032801699887228786
6057 0.0044688537879489865
6081 0.009671601163229075
6197 0.004016177029451091
6202 0.003944123755414476
6310 0.0026282282259058013
6329 0.002272694297457777
6403 0.007039547875352586
6414 0.008788922245332013
6430 0.0013323291400311075
6589 0.0015066729540593815
6616 0.004650296138297848
6620 0.0013222861494583337
6623 0.02337624680661505
6672 0.10184642823907307
6702 0.005242709817933514
6707 0.0018122374499362627
6761 0.004557396911647814
6823 0.00977712748359008
6834 0.0006207055923880231
6930 0.002705380560967599
6974 0.021834252213620346
6993 0.0054836794660205876
7087 0.00658687111685469
7292 0.0038764401083133206
7634 0.007039547875352586
7694 0.003339463829516435
7722 0.007752880216626641
7793 0.002328728048344266
7904 0.0018651591228971303
8011 0.0036459512342593794
8016 0.006265691845368058
8043 0.0015265036398522868
8123 0.003339463829516435
8145 0.0012496871977354478
8146 0.005787147901246377
8167 0.003152958258440312
8171 0.002617544524694599
8177 0.004717979785399003
8235 0.0033065857795855306
8293 0.0058130150868701625
8332 0.005360338328372267
8361 0.005136301886935506
8375 0.005640915370596093
8555 0.006016565847918042
8561 0.003944123755414476
8627 0.0028935739506231887
8639 0.0014871883712585842
8644 0.006265691845368058
8686 0.005760082400000325
8690 0.00349144699691658
8739 0.004056525022453693
8758 0.0022495148159169666
8814 0.0010153612588902276
8867 0.009700861272161583
8880 0.005482191596794027
