215
17 0.003325873200690068
27 0.007569422757292468
74 0.0037681345232152504
93 0.0030394915491382775
104 0.008504298520224086
134 0.011427025737887717
145 0.00320290467307188
158 0.0014300103668450875
163 0.004894308693503668
171 0.00419011813399883
250 0.004497979851396391
314 0.017360150870687478
379 0.008504298520224086
382 0.006634546994360849
447 0.005398708458112285
459 0.007305667211858674
488 0.005398708458112285
498 0.008861057530785102
527 0.003962689831096894
554 0.005467889808146919
571 0.004993945201916614
575 0.002442736298746099
668 0.004781994875516899
687 0.005979722878476088
800 0.003087239566426955
804 0.008504298520224086
807 0.0037284628212387633
865 0.008504298520224086
903 0.006333584221043904
983 0.002863797588572586
1054 0.005398708458112285
1055 0.009643721230374174
1095 0.005771351279686764
1141 0.007957431256076007
1208 0.004430528765392551
1222 0.004109971352612851
1238 0.00365245732625988
1294 0.0056179043409871525
1309 0.0022931183960004844
1326 0.004430528765392551
1391 0.007268459983975523
1411 0.03578401160786614
1423 0.00521020584831846
1511 0.0035289569322490477
1519 0.005398708458112285
1621 0.0031367401909656134
1782 0.007957431256076007
1799 0.006273480381931227
1847 0.0018013094143382179
1865 0.007022555493144389
1920 0.00509774568479534
1980 0.0027455841046927806
1985 0.008504298520224086
2025 0.0023622997460351182
2042 0.005398708458112285
2277 0.0038299197055659934
2387 0.00509774568479534
2432 0.005152803967281152
2457 0.004723292482292701
2478 0.0037481528151239152
2576 0.006333584221043904
2611 0.0022145287523210734
2631 0.006814646208577268
2664 0.007268459983975523
2703 0.008504298520224086
2743 0.0020813610613850753
2748 0.005699671231429231
2764 0.0035805074347939605
2776 0.005467889808146919
2784 0.003004758111397552
2829 0.0022931183960004844
2848 0.007268459983975523
2899 0.009446584964585402
2936 0.005699671231429231
2954 0.003945317399252199
3051 0.01574702257626346
3079 0.005467889808146919
3136 0.006298809030505384
3140 0.007268459983975523
3149 0.002104615786206659
3169 0.005332903181497571
3213 0.008858115009284294
3215 0.014536919967951046
3225 0.002259814466212369
3268 0.0028535409564294633
3320 0.003255242371067212
3374 0.002833258760283632
3409 0.007569422757292468
3420 0.002376572266808873
3426 0.005270159746440779
3564 0.00393963387432917
3604 0.00446746112552818
3624 0.003962689831096894
3656 0.0039160321914539845
3675 0.0035805074347939605
3806 0.005044847115544469
3857 0.0057867169568958255
3943 0.002128278509406013
4005 0.002552578183112518
4051 0.005540812466064692
4069 0.011573433913791651
4099 0.003175095589681232
4105 0.0027645807655924137
4126 0.005398708458112285
4191 0.005270159746440779
4248 0.002682975751313469
4251 0.002383765567203845
4316 0.0020084384034673025
4368 0.007268459983975523
4389 0.003916965431032589
4393 0.0023066736922813854
4403 0.005771351279686764
4458 0.005567697633056161
4462 0.002544428668124478
4468 0.0015460710410855783
4475 0.006333584221043904
4477 0.006814646208577268
4541 0.007569422757292468
4542 0.003809008579295905
4568 0.005265818525775298
4677 0.0005014508308911457
4786 0.007569422757292468
4834 0.003962689831096894
4951 0.003162188882317388
4975 0.0036710609402014556
5013 0.0059641793362019396
5045 0.008351546449584243
5061 0.006205035509372398
5163 0.0015499523117554765
5223 0.0025465020558335964
5290 0.0035981382822836824
5336 0.00272685129484833
5380 0.002110255551552313
5396 0.0008900549316393345
5510 0.002473217610216903
5518 0.015138845514584935
5556 0.0039861467810672225
5612 0.003355194803897651
5723 0.005332903181497571
5763 0.007702320308835747
5809 0.003297175508966737
5812 0.00856062286928839
5816 0.007569422757292468
5896 0.008504298520224086
5985 0.005128658138865958
5987 0.005398708458112285
5988 0.0021584529363075354
6031 0.0038511601544178736
6228 0.00583256878297251
6293 0.0024502922884075875
6348 0.005699671231429231
6367 0.0034631516556343335
6437 0.004993945201916614
6451 0.004897565594028513
6469 0.0012924373564541511
6548 0.004084280278184311
6580 0.004683028578055534
6643 0.004246323792672111
6671 0.0029708967355890903
6713 0.001667661488172995
6761 0.005505675151027949
6780 0.006634546994360849
6823 0.009449198984140473
6834 0.0014997172387511864
6888 0.005540812466064692
6920 0.002047213905169351
6962 0.00393963387432917
6974 0.003297175508966737
6975 0.005270159746440779
6976 0.0039861467810672225
6996 0.0021707142991801826
6999 0.004497979851396391
7073 0.008504298520224086
7140 0.00343028412235373
7148 0.005467889808146919
7179 0.0020558585033628846
7232 0.004993945201916614
7234 0.00961523245553953
7347 0.002233751034363612
7370 0.0025940811693174293
7371 0.005467889808146919
7375 0.002905622354721057
7391 0.003616002657715643
7416 0.004084280278184311
7452 0.0035981382822836824
7484 0.0015825889847407562
7553 0.0035122021748369174
7555 0.0022863914961355537
7598 0.00494489468271403
7842 0.007196276564567365
7863 0.0025123142788753515
7898 0.0037481528151239152
7913 0.003255242371067212
8011 0.004404580838903412
8033 0.0016761709209867494
8043 0.0018441301736103713
8062 0.0021768870359364354
8100 0.004275330085386842
8116 0.007022555493144389
8205 0.0028266018311093556
8350 0.002723237412977571
8578 0.007022555493144389
8622 0.002813277052192297
8627 0.003495653002460933
8639 0.0017966343988186
8649 0.0044638326951806665
8664 0.006643586256963221
8697 0.0013249387032807504
8739 0.0073508768652227625
8758 0.002717581563328261
8766 0.004335283983509161
8780 0.004084280278184311
8812 0.003297175508966737
8867 0.002130793356787609
8880 0.006622896059480984
