124
198 0.012064144921856281
377 0.01094526302976587
495 0.013207695177610694
527 0.013154496140342267
828 0.02059815911358672
847 0.007583569046954341
1011 0.0039327438917674895
1172 0.008339847399977972
1252 0.1165599416903347
1253 0.004117860159245038
1313 0.006156268449288043
1356 0.011011980062805122
1364 0.0030932032234323426
1373 0.004557103513974615
1390 0.0029820426619566456
1411 0.01563002134798277
1519 0.03584297161880734
1567 0.008552592151879026
1632 0.00846120675517577
1657 0.004894376328539893
1711 0.007707969457865266
1717 0.007409041896124612
1721 0.014916366468437513
1910 0.007772861866669494
1918 0.006464351980233866
1921 0.000336923795789999
1940 0.018431228450475373
1943 0.026415390355221387
1956 0.008159184049632274
2117 0.006170155021762057
2233 0.007465719134791948
2332 0.014599637410084914
2373 0.003944619948002357
2414 0.011714681775094778
2619 0.004753313523300891
2653 0.012249028561413008
2666 0.0038399375928584753
2780 0.017800471342689812
2947 0.01165599416903347
3149 0.0034932282637038367
3202 0.022397157404375846
3229 0.006467595423728381
3336 0.007247142595858508
3506 0.004196416687888012
3512 0.0027820981265862543
3832 0.001529324679749685
3883 0.011011980062805122
3890 0.0073537642394659875
3893 0.016106112004705925
3953 0.009759206615968552
4051 0.009196606258107375
4121 0.007299818705042457
4136 0.006062326077606605
4139 0.007908578045650675
4144 0.012713754074146906
4198 0.006124514280706504
4221 0.0040314856514969645
4364 0.0032273935829633263
4372 0.006093204240952932
4389 0.0065013549937757405
4408 0.01010429316045625
4435 0.006001818844249676
4458 0.004620615045989907
4482 0.00852810839971319
4485 0.005593668091426867
4653 0.002056354031988223
4655 0.007000891143301803
4717 0.012064144921856281
4741 0.006356877037073453
4801 0.009759206615968552
5112 0.006821705028563598
5181 0.005044929272281059
5296 0.009460279054227898
5308 0.006093204240952932
5372 0.005972167664409
5395 0.009925107045718043
5456 0.004092275522484471
5547 0.009460279054227898
5548 0.008128949078748357
5594 0.018920558108455797
5612 0.005568931581727029
5621 0.009460279054227898
5703 0.0036646081280889177
5730 0.01254939300869789
5745 0.007299818705042457
5855 0.0032976309159541183
5948 0.014096043930313605
5985 0.0042562575276155635
6015 0.009021250138058764
6039 0.005357804738021326
6076 0.007772861866669494
6080 0.005748117696465234
6088 0.004702625365006853
6323 0.011011980062805122
6328 0.004770467870460311
6406 0.012928703960467733
6451 0.008128949078748357
6472 0.012563681071382343
6547 0.008207505607391329
6591 0.0039927644132299
6663 0.009925107045718043
6713 0.0027679742226376517
6761 0.007310628447962884
6823 0.007841861012611424
6852 0.005857340887547389
6973 0.0028178027327283484
6974 0.032835789089297615
7000 0.00289841682709523
7222 0.009925107045718043
7457 0.008747378548216138
7699 0.0069095057465985476
7895 0.0058569320424453454
7908 0.009075569681563443
7958 0.005227362133563746
8011 0.001827674007895488
8016 0.012563681071382343
8101 0.008747378548216138
8146 0.005802063230888765
8235 0.004420143877177909
8601 0.00770266028680063
8754 0.00975249931973095
8782 0.003968562757516602
8848 0.0073537642394659875
8867 0.00176833881671549
