403
68 0.0009598196821421624
80 0.0020373766819489726
103 0.0028524830970800964
143 0.002756150959243407
206 0.0029636903888253007
227 0.004048761009714576
250 0.0024058961995841164
297 0.002424635419533766
377 0.0017636055047961618
427 0.0021321250224313054
446 0.007445177067458821
480 0.0020362221189752887
517 0.003198456423370931
522 0.0016448440141294944
532 0.003048661356345868
549 0.0010047262709998977
550 0.0053423599834456804
620 0.002726701180239368
668 0.0012789056062428917
671 0.002157892740335371
675 0.003756250612612115
690 0.003144993494182557
707 0.001405796546215408
722 0.0034532030537413197
726 0.0009486159281793685
745 0.007097422366060444
751 0.0017194231651054728
757 0.0016011082355209408
807 0.001994294067174222
813 0.0030952206978745113
844 0.0034637402155096547
845 0.0045488108363989305
872 0.0009761257203519052
886 0.002483963579444953
892 0.0021846150325171895
914 0.0026984065966865764
941 0.00287783339124207
975 0.004289787681627697
977 0.004611980565793855
980 0.0045488108363989305
998 0.006097322712691736
1011 0.0038020879485193997
1085 0.0032562007859277616
1138 0.0020951210445058033
1219 0.0037047668874227754
1221 0.0026449436674982024
1226 0.0021448938408138484
1249 0.0038877809216613267
1266 0.003144993494182557
1268 0.001248525563531414
1309 0.0012265517001863056
1314 0.007097422366060444
1317 0.0025715156567140606
1319 0.0066379449635146585
1390 0.003843961969565377
1393 0.0021448938408138484
1437 0.002083196485324535
1495 0.005775362536585236
1496 0.0019727904182808625
1499 0.001526312604601806
1510 0.0013785699412516715
1516 0.0013480521836585775
1518 0.0020373766819489726
1528 0.003387731094976972
1578 0.002286804464276683
1580 0.004811792399168233
1604 0.0034637402155096547
1621 0.0016777912649350957
1640 0.0011225949157541411
1648 0.0025891785089404065
1712 0.0007086881436152852
1720 0.004142931660059413
1721 0.0012017338433874076
1728 0.0015101002503008821
1739 0.003387731094976972
1777 0.003811692745799524
1779 0.0023876314416082637
1784 0.003178168600862748
1849 0.003144993494182557
1921 0.00032573031420229134
1956 0.0013146858020171603
1992 0.002157892740335371
2010 0.003548711183030222
2012 0.002424635419533766
2019 0.0019341409564525534
2024 0.0018610233003323311
2025 0.0012635556781118076
2072 0.0016195284550651473
2077 0.008512600878592938
2092 0.001748575390215768
2113 0.0024058961995841164
2115 0.006775462189953944
2129 0.003548711183030222
2148 0.0012448164581621579
2179 0.003387731094976972
2213 0.003198456423370931
2372 0.0006709806849854238
2398 0.0018786197679360257
2414 0.003775163229847819
2438 0.0016292719506656125
2444 0.002786854290961037
2446 0.0030952206978745113
2492 0.0011354108636488895
2499 0.004573608928553366
2525 0.0011947970648921646
2570 0.0009761257203519052
2578 0.003887649167591897
2584 0.00292468524621812
2591 0.003645043320866911
2598 0.005481203653941122
2611 0.0011845153791484812
2653 0.003947361363644724
2658 0.0045488108363989305
2660 0.005396813193373153
2672 0.002198356770002223
2682 0.003645043320866911
2713 0.0012867048109079745
2717 0.0013146858020171603
2721 0.0022123653539504995
2724 0.0046796191398267815
2731 0.010720527825553971
2763 0.0025486115296615135
2780 0.005736364519072797
2790 0.002318872828388621
2829 0.0024531034003726112
2876 0.0022123653539504995
2878 0.004048761009714576
2954 0.004220572101525609
2968 0.0034637402155096547
2987 0.004048761009714576
3050 0.0011710305116697777
3096 0.0018106712832744593
3113 0.003548711183030222
3149 0.0011257247228547247
3166 0.0038877809216613267
3167 0.0018875816149239095
3168 0.0020599228732932815
3184 0.0016195284550651473
3194 0.00292468524621812
3197 0.0045488108363989305
3203 0.0025264122579705148
3229 0.0006947472382078106
3254 0.003198456423370931
3366 0.0050528245159410295
3394 0.0011163757444354121
3420 0.0012711898171303276
3532 0.00751250122522423
3571 0.0007749875697270049
3582 0.0017266015268706599
3595 0.0024531034003726112
3604 0.0007965240766445591
3681 0.003670816172533453
3726 0.0038877809216613267
3729 0.0019151551395409558
3756 0.008631570961341484
3757 0.0025715156567140606
3818 0.004048761009714576
3819 0.0009510739183090162
3822 0.0045488108363989305
3828 0.007785512613570471
3835 0.001748575390215768
3840 0.0015950712178214492
3841 0.0022412259786505372
3853 0.003756250612612115
3854 0.0045488108363989305
3871 0.003548711183030222
3881 0.0030049255777373145
3883 0.003548711183030222
3910 0.0045488108363989305
3917 0.0033189724817573292
3943 0.0022767630565738747
3991 0.004048761009714576
4001 0.002483963579444953
4027 0.002424635419533766
4108 0.001429297627712571
4113 0.0032562007859277616
4198 0.001973680681822362
4226 0.0016133359757973015
4257 0.0030049255777373145
4267 0.006813868411497108
4268 0.006821108933361892
4346 0.0007597188642266253
4364 0.001040057068263929
4372 0.0019635907354565926
4383 0.0009103860886077483
4393 0.0012338022074993456
4399 0.00280935015374605
4462 0.0013609734736479769
4468 0.0016539364625566654
4474 0.0023876314416082637
4500 0.0013785699412516715
4534 0.0016832549507762105
4542 0.0020373766819489726
4567 0.0028681822595363984
4639 0.0045488108363989305
4677 0.00026821788629061285
4684 0.002619628108433856
4689 0.0026711799917228402
4708 0.003645043320866911
4711 0.0026984065966865764
4728 0.003387731094976972
4741 0.0020485617029771595
4756 0.0020373766819489726
4777 0.0024636405621409467
4798 0.002957458493424443
4809 0.0018438458363153561
4835 0.00025590182582163644
4844 0.0030049255777373145
4853 0.002318872828388621
4861 0.0029636903888253007
4928 0.021216495832821616
4943 0.001007383435717162
4952 0.002786854290961037
4982 0.0024438744104803025
5004 0.0026984065966865764
5013 0.0015950712178214492
5029 0.002786854290961037
5052 0.0037933123850023114
5073 0.007331623231440907
5090 0.004256300439296469
5163 0.0008290442597761852
5164 0.0029636903888253007
5167 0.001994294067174222
5184 0.0030952206978745113
5188 0.003548711183030222
5223 0.0003405206237451903
5252 0.003548711183030222
5276 0.0025264122579705148
5289 0.018225216604334557
5334 0.0034637402155096547
5367 0.002004825924368606
5379 0.0015317987101667323
5431 0.0009535403118400645
5441 0.0025423796342606553
5456 0.002637546350039825
5501 0.003548711183030222
5548 0.002619628108433856
5619 0.00833278594129814
5624 0.0033189724817573292
5641 0.0045488108363989305
5643 0.002917096734023795
5660 0.006512401571855523
5669 0.0034637402155096547
5675 0.001515463988058687
5703 0.0023619068998313956
5712 0.0029636903888253007
5729 0.0033189724817573292
5760 0.008512600878592938
5767 0.005453402360478736
5798 0.0008207757520104868
5802 0.003756250612612115
5807 0.0011710305116697777
5815 0.002756150959243407
5823 0.0027046672340540674
5831 0.0045488108363989305
5846 0.004256300439296469
5855 0.0010626916905234203
5863 0.004893397100139337
5869 0.003222843019517299
5893 0.0017338520341836996
5939 0.0035051877621080584
5942 0.0024058961995841164
5945 0.0045488108363989305
5965 0.0021321250224313054
5987 0.002887681268292618
5988 0.0011545213380249608
5989 0.001042847862479912
5990 0.0019438245837959485
6006 0.0016133359757973015
6052 0.002483963579444953
6063 0.0032562007859277616
6067 0.00292468524621812
6088 0.010608247916410808
6093 0.006473678221006113
6096 0.0025951708711901573
6134 0.0020155138147430413
6136 0.004256300439296469
6161 0.004710965753002966
6174 0.0019536399652087732
6300 0.0021195782817495018
6329 0.0029371364840899516
6387 0.008194246811908638
6406 0.002083196485324535
6430 0.0008609236469636227
6444 0.0018875816149239095
6472 0.004048761009714576
6473 0.0034637402155096547
6476 0.0012867048109079745
6496 0.007645834588984541
6515 0.004256300439296469
6553 0.009285662093623534
6554 0.00977549764192121
6555 0.0033189724817573292
6589 0.0009735810284536537
6599 0.0038303102790819116
6607 0.0022123653539504995
6658 0.003548711183030222
6659 0.004256300439296469
6688 0.0009174015676062302
6706 0.0024438744104803025
6707 0.0023420610233395554
6708 0.0024058961995841164
6761 0.0011779584044059798
6832 0.001657842913651017
6834 0.0008021743370064486
6835 0.002887681268292618
6847 0.003198456423370931
6860 0.003756250612612115
6888 0.0029636903888253007
6920 0.0021900427822741896
6969 0.001905846372899762
6973 0.0009080626746666107
6981 0.005053695617498506
6983 0.015284762489860815
6984 0.011781544412739554
7000 0.000934041303083845
7100 0.0045488108363989305
7111 0.002887681268292618
7200 0.003198456423370931
7238 0.0015598730466089273
7265 0.002619628108433856
7297 0.005573708581922074
7303 0.001748575390215768
7309 0.0045488108363989305
7336 0.0018786197679360257
7356 0.007645834588984541
7366 0.0029636903888253007
7390 0.0019245855928494118
7394 0.004048761009714576
7423 0.0019839137527605986
7436 0.0028189226550729748
7444 0.002157892740335371
7447 0.002302660474087697
7474 0.003548711183030222
7484 0.001269751627292002
7495 0.001583146658640181
7545 0.004048761009714576
7553 0.0018786197679360257
7561 0.006595070310006668
7566 0.0033189724817573292
7572 0.002352433270395742
7573 0.002726701180239368
7591 0.0018354080862667266
7594 0.0032562007859277616
7598 0.0026449436674982024
7604 0.0030049255777373145
7608 0.003548711183030222
7615 0.008684520660153945
7626 0.005775362536585236
7652 0.0017123155272661453
7695 0.001007383435717162
7698 0.006396912846741862
7714 0.00250487575105296
7813 0.0026449436674982024
7842 0.0019245855928494118
7848 0.0023354579129510806
7863 0.0013437960096310021
7885 0.001625774549539079
7892 0.001026262777917452
7943 0.0027046672340540674
7977 0.003756250612612115
7995 0.003645043320866911
8011 0.0017669539411879966
8033 0.0017931130782648948
8059 0.001310621456590105
8067 0.0026984065966865764
8102 0.002256101132559053
8143 0.0030049255777373145
8145 0.00026917404203714797
8149 0.0051903417423803146
8182 0.0028189226550729748
8235 0.0007122158738974371
8248 0.004849270839067532
8279 0.0026711799917228402
8302 0.0021448938408138484
8303 0.0030952206978745113
8347 0.0020714658300297066
8417 0.003198456423370931
8423 0.0038877809216613267
8438 0.001248525563531414
8445 0.002582770940890868
8531 0.0016983069433178684
8533 0.0014838639260762443
8560 0.0016845652058328352
8561 0.005097223059323027
8592 0.0017411761519661834
8601 0.0012411263252818292
8631 0.003775163229847819
8635 0.0028524830970800964
8640 0.003282027449146055
8679 0.0013056823686148425
8695 0.0013146858020171603
8697 0.0021260644308458555
8719 0.001392054808730375
8754 0.0031428320066907048
8761 0.0033189724817573292
8768 0.0018354080862667266
8815 0.0014787292467122214
8822 0.0028189226550729748
8867 0.001139726679211977
8876 0.0026711799917228402
8892 0.0029780708269835283
8893 0.0015373268552646186
