256
90 0.005583501473694352
102 0.0062079907564084914
129 0.008103084416457598
137 0.006958352474505953
145 0.0013121314309531113
151 0.0026559260167394075
246 0.0022729925788750613
311 0.005450031402657517
378 0.0018040721267861231
384 0.003836985247160005
393 0.0034331247815461157
424 0.00431804437240186
542 0.005305780177447359
545 0.002948092943754061
546 0.00300784127924903
591 0.0048175218409615755
621 0.0025195829427632458
666 0.004987869906179421
670 0.009339919269822965
696 0.0039039800021787056
726 0.001453096154615725
735 0.0039390646955263725
751 0.002633823779627213
757 0.009810352750978182
773 0.0050391658855264915
833 0.0069678985331098125
861 0.0033181897854321005
930 0.004899416709591095
1041 0.0024341698444266847
1052 0.004899416709591095
1060 0.004741279542291236
1145 0.0068215985488046735
1207 0.002850727803562502
1216 0.0022266189908185753
1248 0.005202955622785531
1308 0.0069678985331098125
1435 0.004268921840098077
1496 0.003021933414262288
1497 0.004602964879892782
1498 0.0039390646955263725
1510 0.004223405112638709
1520 0.0025195829427632458
1535 0.0033464077597337104
1546 0.005955328536488852
1575 0.006241734160474716
1648 0.0019830603847100824
1717 0.003657389638290521
1721 0.005522471555108545
1758 0.003155403485299123
1782 0.006519829171644974
1799 0.0025700517595189
1894 0.0026121549477632696
1980 0.004499125097766287
1991 0.005084024005134637
2012 0.003714072576486837
2028 0.002749040017442859
2041 0.0019011655160805628
2113 0.003685367715393481
2266 0.004423369271023298
2315 0.0027987146731743478
2354 0.0034107992744023367
2383 0.0007629561697863747
2401 0.002001427705333954
2426 0.005753849538912197
2501 0.004012763667371962
2531 0.0035272305480936223
2570 0.004485707508792724
2574 0.0027250157013287584
2647 0.005305780177447359
2653 0.003023297125844941
2661 0.0041767789071351135
2672 0.0033674574441255422
2681 0.0034791762372529764
2689 0.003685367715393481
2713 0.0019709829418997475
2724 0.002389423852566347
2743 0.0017053390884630899
2784 0.009847655082646432
2785 0.0031730850627935967
2793 0.011194858692697391
2822 0.0037435429900995985
2829 0.005636520026810351
2833 0.010102372332376626
2892 0.006519829171644974
2926 0.0069678985331098125
2938 0.0029627299129374994
2954 0.0010775167112461478
2984 0.0038699750109370224
3051 0.0025804281270009337
3111 0.016330016075109997
3133 0.002786085106936307
3212 0.002948092943754061
3213 0.0036288969885363144
3225 0.0037031056392894802
3268 0.002338015745471469
3270 0.004602964879892782
3344 0.0050391658855264915
3353 0.0037435429900995985
3394 0.0017100717510181124
3408 0.001918210712896599
3413 0.00446842807603645
3429 0.004669959634911482
3506 0.004143027162596816
3515 0.005955328536488852
3520 0.014963609718538261
3529 0.004051542208228799
3530 0.005435939267644258
3585 0.0014125045288278662
3605 0.0069678985331098125
3662 0.004669959634911482
3675 0.002933647312986401
3819 0.0029137226403156626
3901 0.0023548874475045815
3912 0.00300784127924903
4042 0.002850727803562502
4198 0.006046594251689882
4244 0.003325751550516969
4248 0.0021982651193967868
4362 0.005084024005134637
4382 0.0009802482882905258
4410 0.005583501473694352
4461 0.0026899310079810915
4468 0.006333777038543972
4496 0.0007273054969038945
4500 0.0021117025563193543
4534 0.002578421069636842
4547 0.0069168309092748
4564 0.0010721781742087644
4566 0.003138000369445929
4567 0.004393500560409445
4659 0.0037798927680132628
4660 0.004497442830967756
4701 0.0038699750109370224
4741 0.043932005172243
4761 0.030548728459004623
4824 0.004051542208228799
4833 0.0030548728459004627
4834 0.0032467840346391856
4953 0.005189348903756075
4967 0.005753849538912197
4999 0.004268921840098077
5013 0.004886681288185814
5178 0.0014052817905825716
5182 0.0036301024489984774
5204 0.006201918900377036
5212 0.004423369271023298
5218 0.0016234442198335703
5363 0.0039390646955263725
5431 0.0014606393580857988
5439 0.00397529990955846
5562 0.0036301024489984774
5637 0.002338015745471469
5653 0.0033054743757808995
5675 0.0023213977628787014
5712 0.004539800544714583
5740 0.005810621007051887
5769 0.0038049518443406148
5811 0.0011930564358632052
5823 0.012429081487790447
5824 0.0033464077597337104
5855 0.0032556763241480863
5888 0.005753849538912197
5912 0.001695934137928831
5976 0.002372020736713152
5983 0.003120867080237358
5990 0.0029775633573668222
5995 0.0036034728467639614
6093 0.0033054743757808995
6156 0.00795059981911692
6169 0.004899416709591095
6174 0.0029925986235513524
6197 0.00397529990955846
6210 0.012275193549749236
6228 0.002389423852566347
6306 0.0039039800021787056
6346 0.0028374932140311847
6421 0.003138000369445929
6433 0.005955328536488852
6463 0.004051542208228799
6489 0.0038699750109370224
6491 0.0006179129413885685
6516 0.004741279542291236
6589 0.002982675720758776
6639 0.0021049020732116525
6683 0.0015189169214037878
6685 0.0028374932140311847
6757 0.01605105466948785
6760 0.0069678985331098125
6761 0.0027066067154671745
6788 0.051678898824259974
6821 0.004669959634911482
6849 0.002749040017442859
6897 0.004369452479496738
6909 0.0020264022149868773
6916 0.005753849538912197
6917 0.0069678985331098125
6993 0.006513439121471781
6996 0.0035570992587074753
7000 0.0014307706474719457
7104 0.004669959634911482
7212 0.002380688036183665
7250 0.005753849538912197
7302 0.002500023582289223
7401 0.006519829171644974
7417 0.0048175218409615755
7478 0.005583501473694352
7533 0.0041334370768583185
7553 0.002877682189052131
7555 0.0018733284014138636
7564 0.004012763667371962
7576 0.004669959634911482
7611 0.00300784127924903
7613 0.0069678985331098125
7614 0.005305780177447359
7632 0.005583501473694352
7680 0.003746656802827727
7713 0.006201918900377036
7741 0.0048175218409615755
7821 0.003087377395611478
7882 0.005435939267644258
7918 0.0048175218409615755
7943 0.002071513581298408
7944 0.001734043949556446
7947 0.005305780177447359
7961 0.002257317493112165
7996 0.002071513581298408
8010 0.0006143879782161349
8011 0.004511052894805657
8014 0.005305780177447359
8033 0.00824010742836234
8034 0.0042218902734466445
8043 0.001510966707131144
8058 0.005305780177447359
8062 0.0017836071897494462
8082 0.0037738209119818067
8085 0.0025700517595189
8091 0.002167667680253624
8145 0.00041232257838769236
8205 0.0011579717425155378
8336 0.014963609718538261
8372 0.005435939267644258
8396 0.0069678985331098125
8414 0.004012763667371962
8450 0.007370735430786962
8533 0.004545985157750123
8570 0.0037435429900995985
8597 0.004669959634911482
8664 0.0018144484942681572
8679 0.0050001322258659995
8697 0.002171146373823927
8719 0.002132358765536096
8746 0.006201918900377036
8763 0.008537843680196154
8764 0.001483582916150367
8814 0.001005026793150887
8867 0.0017458408673934102
