184
238 0.004272329172192174
276 0.0016880077011269966
423 0.006062213976048982
443 0.004111954497843803
446 0.0035291311768584333
458 0.007858436488330017
459 0.0030871717089481533
530 0.006931734323713811
549 0.007143841123723682
697 0.010087767182899506
707 0.003331848507171951
726 0.0044965888879053536
775 0.005702163433659992
941 0.006820691738298135
979 0.004965601845639739
998 0.007225567466615009
1038 0.007335916772127779
1138 0.009931203691279478
1278 0.006681068654936735
1311 0.003944833154470525
1338 0.004909537124716076
1364 0.002362525296637301
1489 0.006532294793167445
1510 0.0032673193095807333
1516 0.0031949898211120612
1627 0.005746576860469791
1664 0.009307729312951723
1711 0.011774378541935918
1778 0.003976497407444596
1824 0.01078103985634707
1843 0.006532294793167445
1893 0.010087767182899506
1894 0.008083282633629644
1921 0.000257335497571889
1952 0.008990449038470044
2040 0.013521219090096204
2058 0.004937339701438465
2072 0.0038384099604299947
2149 0.0054959111916927155
2270 0.005575452081804082
2299 0.003868146723778207
2492 0.0008970043830926923
2575 0.006268724755251645
2606 0.0011680668813836177
2765 0.008639039681739687
2771 0.007766422643249744
2947 0.008902609719655485
2956 0.005347137329923425
3068 0.004630280547463312
3121 0.006605064106923402
3160 0.003697021945112497
3171 0.00841072492985903
3213 0.0028073947175093926
3225 0.002864804165828279
3344 0.007796819657527209
3346 0.008209337046207922
3349 0.00841072492985903
3353 0.00579217478389426
3385 0.014671833544255558
3436 0.02053209594699397
3461 0.006462496498047636
3478 0.004370059816778915
3582 0.004092181571559595
3585 0.0021854892906667377
3599 0.0035168743444799174
3604 0.005663474340236511
3659 0.0077174522564114655
3732 0.003738224439908422
3872 0.0032153450709785586
3890 0.011233309153200012
3901 0.0036435856963358284
3993 0.006532294793167445
4068 0.006931734323713811
4094 0.007504364476388889
4108 0.0033875479207990857
4121 0.005575452081804082
4221 0.0030791662062614614
4222 0.006760609545048102
4333 0.008544611500620702
4338 0.0059367527643066215
4349 0.002881567249066631
4383 0.0021576867139443483
4393 0.002924208381553567
4399 0.0022194603576838876
4504 0.0027363064783111277
4534 0.0019947233865497613
4548 0.010087767182899506
4626 0.006208724886918036
4687 0.025323627638065352
4737 0.007580593570351576
4872 0.005535219148017916
4882 0.01078103985634707
4909 0.0032885595925992613
4951 0.004008759134276374
4977 0.007580593570351576
4999 0.013210128213846805
5013 0.003780444382395718
5060 0.00579217478389426
5067 0.005575452081804082
5073 0.00579217478389426
5116 0.006760609545048102
5177 0.004726633970231818
5178 0.002174313951570672
5193 0.0028073947175093926
5223 0.0008070606909236399
5224 0.013521219090096204
5255 0.0020980672707530124
5356 0.005419906643679383
5379 0.003630483557166822
5380 0.0008917352855641007
5617 0.014407915554735454
5653 0.005114375707409029
5717 0.005535219148017916
5863 0.02087592558153931
5912 0.0026240240795513013
6015 0.0068902461684385834
6107 0.0025323416223637825
6203 0.009260561094926624
6248 0.0063954361071075555
6259 0.007453882218495665
6329 0.0034806223689412418
6430 0.0020404568325673262
6469 0.0016384442077883334
6557 0.005746576860469791
6591 0.003049591717191341
6606 0.007158112997489221
6620 0.002025076032044456
6622 0.004909537124716076
6637 0.008639039681739687
6645 0.01078103985634707
6741 0.009214346908819364
6761 0.00069796354276811
6823 0.0029947264496980636
6832 0.007858436488330017
6834 0.004753040855097264
6838 0.01078103985634707
6991 0.009214346908819364
6996 0.002751850410771728
7004 0.006155397986668918
7020 0.00841072492985903
7065 0.007335916772127779
7092 0.0033209230975074938
7138 0.0059367527643066215
7328 0.004126724580644261
7347 0.00849528936691043
7415 0.003670095076882948
7474 0.00841072492985903
7508 0.006094694587960096
7559 0.004776926442816184
7560 0.002985750991844132
7666 0.0036567890113263315
7714 0.0059367527643066215
7716 0.004937339701438465
7725 0.010441867106823724
7729 0.005839022119719882
7736 0.007225567466615009
7751 0.007335916772127779
7840 0.0037243796614720554
7842 0.009122838794451542
7862 0.004653864656475861
7865 0.008639039681739687
7913 0.03714052122579835
7944 0.005365978521068372
7959 0.003331848507171951
8011 0.002791879980564761
8019 0.008990449038470044
8033 0.006374728778240945
8043 0.0023378343145769274
8048 0.0032673193095807333
8056 0.00579217478389426
8061 0.008050242361239029
8105 0.015161187140703152
8235 0.003376015402253993
8350 0.0017261465491708225
8451 0.008902609719655485
8475 0.002950313022888264
8639 0.0022776231355101937
8653 0.003853213696151675
8734 0.006605064106923402
8766 0.0054959111916927155
8800 0.004234749180435361
8809 0.007453882218495665
8812 0.0041798839129420845
8880 0.004197977423529285
