44
141 0.03863227678620908
443 0.009003762434933843
458 0.03441453220751421
492 0.02860694616318157
1194 0.02892562557169904
1304 0.029972140060554413
1489 0.02860694616318157
1894 0.017699601628809736
1930 0.011915676829792698
1952 0.019685983239408546
2574 0.036928661055938
2771 0.017005787511943402
3001 0.022129987301786995
3068 0.04055487100192005
3349 0.03683317469283092
3436 0.029972140060554413
3491 0.02669055905761835
3695 0.02138057878831992
3890 0.024597073490627612
4044 0.02226251883051615
4338 0.025998882795411755
4517 0.017920933089243744
4671 0.01158721031293307
4724 0.01399185197521489
4838 0.025365730950157622
4850 0.07366634938566184
4879 0.01070884185959296
5617 0.04206448909083684
5863 0.010158017428565105
6015 0.030174526323851727
6351 0.03595123465063469
6430 0.008935793715036222
6615 0.013036429146079095
6953 0.044177463180284045
7004 0.013478199039775046
7088 0.021146564871263474
7375 0.032262427524833805
7484 0.008786097467009025
7555 0.012693414857856005
7633 0.09988617325169917
7714 0.025998882795411755
7913 0.036144415292539395
8496 0.04714883659449723
8830 0.017920933089243744
