72
68 0.0034807918593348303
141 0.013498024419277872
443 0.012583571595811156
665 0.021495682097263026
668 0.009275917770580974
1216 0.01054290678785181
1304 0.02094438703026694
1338 0.015024366622625102
1489 0.019990396114030497
1510 0.009998784393174774
1843 0.039980792228060995
1876 0.017449994122284797
1894 0.012368396318927288
1952 0.01375647021549031
2177 0.01636352869639217
2325 0.012791451974545657
2574 0.025805570376438602
2575 0.019183808287155636
2606 0.003574566118932999
2704 0.017585909910353338
2717 0.00953543196161844
2762 0.02512254951490135
2771 0.011883562357743583
2822 0.03545090108696728
3001 0.01546432847594754
3068 0.014169774205490137
3136 0.01221817173387189
3213 0.008591304316233563
3491 0.018651234040263427
3604 0.00577719872457861
3653 0.007154336336175176
3786 0.010799991794241471
3884 0.009055570954770014
3890 0.017188316415137368
3901 0.011150250203244583
3954 0.011569070760584487
4221 0.004711495279460309
4248 0.005204326457367092
4333 0.008716190044809873
4349 0.008818290135697883
4494 0.019000194232255196
4504 0.00837375717459068
4517 0.012523061676820931
4552 0.018324098545762047
4677 0.0019453875608066136
4724 0.009777438729668237
4850 0.02573884496607462
4999 0.020213087748898125
5017 0.008716190044809873
5178 0.006653924622878923
5380 0.0027289248497985733
5617 0.014697231128123718
5863 0.02839349449912174
6015 0.02108581357570362
6107 0.007749575567233745
6430 0.0062442895840012155
6491 0.0029257805538037036
6620 0.006197220628184239
6834 0.00290909006552941
7004 0.018837001067637416
7088 0.01477711762088291
7102 0.012736661278753841
7415 0.01123137529552131
7484 0.003069841283653756
7559 0.014618545981630251
7633 0.034899988244569594
7666 0.011190655528637208
7716 0.015109449206811688
7725 0.010651543153145487
7913 0.025257543216473312
8019 0.01375647021549031
8105 0.02319844297432892
