120
142 0.037696786021702164
238 0.006956228267543668
423 0.004935263942039876
443 0.010042658100503133
487 0.02041353958761433
544 0.011436805218415584
584 0.024272898506383322
597 0.006397573294986616
695 0.00658062111840362
984 0.00853746117357821
1039 0.01369438546271919
1095 0.003970886991579354
1129 0.00495027173572515
1192 0.008824719791631814
1311 0.006422997572022522
1373 0.005667167190455611
1381 0.0067765569624139025
1476 0.00935660591384184
1657 0.012173192406881271
1728 0.005827438145391865
1776 0.002782750468173255
1847 0.003718087380877604
1931 0.007284129052462778
2058 0.008039001821572885
2117 0.0038365707507110225
2148 0.004803714793677045
2270 0.009077979671655363
2299 0.006298136332305542
2325 0.006805708422354419
2525 0.004610691237596686
2738 0.004332064995410211
2773 0.015624064922103683
2912 0.00935660591384184
3008 0.013366484677800076
3118 0.01449527479995188
3121 0.021508798502032616
3136 0.006500693935329274
3160 0.0060195100901190655
3213 0.00457101447594478
3225 0.004664488834105018
3385 0.01194437730846446
3436 0.01114348797123177
3464 0.006594478360760152
3544 0.0034686125986316445
3598 0.013366484677800076
3604 0.009221297964231243
3610 0.010754399251016308
3648 0.007695929669480011
3703 0.00750116922721257
3860 0.01369438546271919
3885 0.00794918954950356
3920 0.009923412982960669
4121 0.009077979671655363
4131 0.010413081866700763
4217 0.00958555176170424
4221 0.0025067571038154203
4245 0.01449527479995188
4251 0.00492033661948486
4338 0.009666251295730012
4349 0.004691782572198232
4407 0.003718087380877604
4458 0.011492298960539
4504 0.0044552682403270925
4677 0.0010350459458137752
4725 0.009213808511847273
4835 0.001975037168520835
4854 0.0048760289629699236
4872 0.00901247220254199
4899 0.012807829705243025
5032 0.007899592887683708
5057 0.007777816131251992
5075 0.013073167430616263
5112 0.016966804814632537
5116 0.011007659131039859
5178 0.003540229126275324
5224 0.011007659131039859
5258 0.017553744381488177
5636 0.026146334861232527
5653 0.008327252754371111
5670 0.007426926454457345
5999 0.008277090334422671
6248 0.010413081866700763
6256 0.020826163733401525
6592 0.012565595340567386
6606 0.005827438145391865
6620 0.009891717541140228
6623 0.016654505508742222
6644 0.02352941200666939
6761 0.0011364278196352561
6833 0.015002846890000759
6858 0.008378335636879286
6948 0.015624064922103683
6974 0.006805708422354419
6993 0.019143665623043666
7016 0.02388875461692892
7061 0.010878150245858531
7102 0.0067765569624139025
7103 0.011436805218415584
7115 0.015624064922103683
7206 0.016424954259336374
7415 0.00597566762518121
7445 0.005647766840262099
7555 0.004719346549715694
7559 0.007777816131251992
7661 0.006805708422354419
7711 0.008277090334422671
7725 0.005667167190455611
7913 0.0067191541248951435
7975 0.015002846890000759
7996 0.005218620752886373
8062 0.004493318112638027
8094 0.015002846890000759
8352 0.007862184375213343
8531 0.0065537229479317735
8686 0.0071816411974363024
8719 0.005371903813177472
8754 0.01212810812838336
8800 0.01379008066449464
8801 0.013001387870658548
8867 0.013194528093954041
