31
239 0.052427696348704506
549 0.018901412973185577
665 0.05575442543977597
983 0.02881696323501165
1138 0.039414464649765425
1338 0.038969450927433855
1516 0.025360231705076987
1657 0.0296721564917731
1711 0.046729564838308174
2040 0.05366233826381931
2606 0.009271530870982465
2947 0.07066446464976542
3344 0.03094362801581111
3604 0.014984609191875768
3890 0.04458219570176255
4221 0.012220440881100175
4999 0.052427696348704506
5017 0.022607617928725607
5032 0.01925525766372904
5380 0.007078148829165049
5675 0.028509666275354048
5864 0.059165190109309346
6015 0.027345664480990628
6761 0.011080171241443747
7004 0.02442923575959227
7065 0.05822883937876425
7347 0.022477119783283848
7865 0.06857237747380876
7913 0.032755876358863824
8356 0.045613453829978966
8734 0.052427696348704506
