198
58 0.0012131979127120308
261 0.006173942654600215
318 0.002956409046975642
331 0.004833327060676576
378 0.0024197964021397487
450 0.006173942654600215
546 0.012103224806261454
621 0.00337950886179507
670 0.006263802513720862
690 0.006461727247433103
707 0.011553440557292498
751 0.003532739745370289
757 0.006579298005348849
829 0.004833327060676576
983 0.003147245131468849
988 0.004034408268753818
1097 0.005382307581150789
1132 0.07267099832824402
1152 0.005382307581150789
1217 0.008318614770812882
1238 0.004013963341486967
1246 0.004354901452604778
1395 0.005662808455510345
1417 0.003908167227454114
1435 0.005725891751394349
1455 0.006263802513720862
1538 0.003406216498354649
1568 0.0030173313368978684
1572 0.004097491564637822
1577 0.003302157378395945
1603 0.005488226467635324
1633 0.005662808455510345
1678 0.005103570221248675
1721 0.002469091377881295
1799 0.0034472025306857596
1847 0.001979596011661796
1910 0.005146536526054205
1916 0.009528747049078155
1921 0.00022308264977221776
1972 0.0038782393589904215
2072 0.0033274953240587666
2089 0.006690214584056356
2265 0.004097491564637822
2285 0.006819185781631099
2311 0.005190785594874572
2319 0.004460820339089313
2332 0.004833327060676576
2373 0.0026117961430459293
2450 0.00443362262690066
2498 0.006089220525845839
2558 0.0023129224681178984
2570 0.002005555234306645
2612 0.004731063499661411
2653 0.004055139148317617
2713 0.0026436733657563163
2731 0.003671079494302327
2764 0.003934892129705309
2784 0.00660431475679189
2789 0.006950340068984293
2829 0.007560246998417979
2861 0.003720218814099742
2915 0.004833327060676576
2939 0.0024060080819972907
3001 0.004380680080217221
3002 0.007987863873174466
3030 0.0026436733657563163
3041 0.003915766267869135
3111 0.008761360160434443
3248 0.014620220759347468
3292 0.006173942654600215
3299 0.01234788530920043
3304 0.006690214584056356
3351 0.006173942654600215
3413 0.002996744426420349
3414 0.004764373524539078
3420 0.0052235922860918585
3572 0.009811290975072865
3585 0.0018945879857657044
3604 0.0016365443486007665
3796 0.008512098496094767
3819 0.001954083613727057
4075 0.004764373524539078
4163 0.005382307581150789
4198 0.004055139148317617
4216 0.0045748945898980145
4226 0.0033147722096586196
4232 0.00711662665439185
4269 0.005791779653085088
4278 0.006263802513720862
4350 0.0043046514293259164
4382 0.001314804018082514
4403 0.00211419239142109
4468 0.0016990951373022397
4480 0.00486904526435632
4564 0.0014381092916861584
4566 0.00841798051325768
4567 0.008839483209424463
4568 0.0038580058368592627
4577 0.004488526449062622
4647 0.006089220525845839
4701 0.005190785594874572
4742 0.004905645487536432
4761 0.02048745782318911
4780 0.004943172396415146
4819 0.0027522798934606937
4835 0.0005257778127802906
4853 0.004764373524539078
4880 0.005332057557871927
4908 0.00711662665439185
4973 0.0014238911133441702
5022 0.00523639638517485
5057 0.00414108981732188
5077 0.006960457744628455
5229 0.0015001059628069941
5255 0.0018188023439292325
5294 0.006009080266973748
5396 0.000978149105760634
5398 0.006461727247433103
5431 0.009795755421974724
5438 0.0039739005316874985
5569 0.005332057557871927
5730 0.002769718138438442
5740 0.003896884054217391
5769 0.005103570221248675
5823 0.011114059214338216
5855 0.004366828653208867
5923 0.009346020899358895
5929 0.0045748945898980145
5999 0.004406914990341081
6034 0.0035036754077507333
6156 0.005332057557871927
6197 0.005332057557871927
6228 0.009614780621760145
6293 0.002692812685553731
6329 0.0030173313368978684
6372 0.00506181439729983
6412 0.006690214584056356
6437 0.005488226467635324
6517 0.002986557212940956
6589 0.0020003268912255957
6608 0.006960457744628455
6757 0.005382307581150789
6761 0.004840484364862797
6788 0.005332057557871927
6827 0.00414108981732188
6904 0.006263802513720862
6909 0.013590035332591174
6931 0.008464666004932118
6945 0.035686562712714504
6958 0.01012362879459966
6959 0.006690214584056356
6986 0.005283455376593394
7000 0.013433617922168337
7004 0.0026680394003650264
7102 0.007215992396836647
7212 0.012772838200958094
7261 0.00506181439729983
7336 0.003859826280878797
7516 0.00711662665439185
7555 0.0025126896305653528
7604 0.006173942654600215
7633 0.004943172396415146
7782 0.006263802513720862
7884 0.009886344792830293
7885 0.0033403285966639093
7944 0.0023258678231251988
7972 0.005933051616082444
7973 0.0077176207126023666
8011 0.004840529113061088
8021 0.01029307305210841
8025 0.004406914990341081
8046 0.003841639135810309
8062 0.002392346844954035
8065 0.01234788530920043
8081 0.009346020899358895
8085 0.0034472025306857596
8087 0.009091084935687378
8187 0.005628466014528596
8255 0.0077176207126023666
8388 0.006690214584056356
8506 0.004833327060676576
8511 0.005860733189222587
8533 0.006097515928313304
8639 0.0019744582812955265
8653 0.0033403285966639093
8667 0.0034334142105433016
8690 0.004635402326964334
8695 0.005402326640370857
8702 0.005860733189222587
8719 0.0028601262623060945
8758 0.005973114425881912
8764 0.003979850416703714
8768 0.0037710432352647417
8801 0.0034611203205166105
8814 0.0013480393505402681
8839 0.00711662665439185
8867 0.0035125364891754785
8876 0.005488226467635324
