213
58 0.001100516992026703
137 0.012699531838146313
261 0.005600511448290598
311 0.0033155763796353004
318 0.0026818199714051492
331 0.004384411234607544
378 0.0021950475103001436
450 0.005600511448290598
546 0.010979086279364106
621 0.00306562258980172
670 0.005682025190465055
690 0.00586156682197492
695 0.0031782566392289935
707 0.010480365582930968
751 0.0032046215027662374
757 0.005968217695254529
829 0.004384411234607544
983 0.002854931342168337
988 0.003659695426454702
1097 0.004882402852251336
1132 0.07063003928629642
1152 0.004882402852251336
1217 0.0075459880119138545
1238 0.003641149408841119
1246 0.00790084288305387
1395 0.005136851013822078
1417 0.0035451795592695216
1435 0.005194075180057413
1455 0.005682025190465055
1510 0.00256934707316875
1538 0.0030898496409223286
1568 0.002737083844306735
1572 0.0037169195926900368
1577 0.002995455454705919
1603 0.004978484071260526
1633 0.005136851013822078
1678 0.004629554411225578
1721 0.0022397640053226607
1799 0.0031270289210245435
1847 0.0017957326050059017
1910 0.004668530037566198
1916 0.008643724103343343
1921 0.0002023628990193802
1972 0.0035180313689913115
1983 0.002961698912878288
2072 0.003018440030802535
2089 0.006068832424546478
2265 0.0037169195926900368
2266 0.005381994190440112
2285 0.006185824873120471
2311 0.004708669285753095
2319 0.004046502660536126
2332 0.004384411234607544
2373 0.0023692144579333043
2450 0.004021831051646729
2498 0.005523658247903502
2558 0.00209809994785927
2570 0.003638561508680167
2612 0.0042916458371541595
2653 0.003678500837328365
2713 0.0023981309478842126
2731 0.003330112358608613
2764 0.0035694222724571376
2784 0.005990910909411838
2789 0.006304797647716403
2829 0.006858056874725907
2861 0.003374687654895432
2915 0.004384411234607544
2939 0.002182539839087326
3001 0.007947611538722265
3002 0.0072459570118889125
3030 0.0023981309478842126
3041 0.0035520728064571414
3111 0.007947611538722265
3248 0.013262305518541202
3292 0.005600511448290598
3299 0.011201022896581196
3304 0.006068832424546478
3351 0.005600511448290598
3413 0.0027184090307775925
3414 0.004321862051671671
3420 0.0047384289158666085
3572 0.008900025559431424
3585 0.0017186200613911807
3604 0.0014845433255109121
3662 0.005682025190465055
3796 0.007721501112556554
3819 0.0017725897796347608
4075 0.004321862051671671
4163 0.004882402852251336
4198 0.003678500837328365
4216 0.004149981779690769
4226 0.003006898629814166
4232 0.006455639658627901
4269 0.005253843462396071
4278 0.005682025190465055
4350 0.0039048386030727357
4382 0.0011926859978271722
4403 0.0019178277730228462
4468 0.0015412844434351588
4480 0.004416811958069355
4564 0.0013045387692385277
4566 0.007636124738032508
4567 0.008018478576970179
4568 0.0034996771213614986
4577 0.004071635447601697
4647 0.005523658247903502
4701 0.004708669285753095
4741 0.007636124738032508
4742 0.004450012779715712
4761 0.022301517556140217
4780 0.004484054217181542
4819 0.0024966501819937564
4835 0.0009538879204001557
4853 0.004321862051671671
4880 0.004836820013797136
4908 0.006455639658627901
4973 0.0012916411647363527
5022 0.004750043779740654
5057 0.003756468472059786
5077 0.006313975601164512
5229 0.0013607772356112981
5255 0.0032997466673143354
5294 0.0054509613567285085
5396 0.0008872993436156834
5398 0.00586156682197492
5431 0.008885932936961593
5438 0.0036048076030477934
5569 0.004836820013797136
5645 0.002127652015680417
5730 0.0025124687757351813
5740 0.0035349443587792437
5769 0.004629554411225578
5823 0.012602242065793719
5855 0.003961240852601232
5923 0.008477969422638254
5929 0.004149981779690769
5999 0.00399760400052612
6034 0.0031782566392289935
6156 0.004836820013797136
6197 0.004836820013797136
6210 0.004978484071260526
6228 0.008721766941720503
6293 0.0024427062441710317
6329 0.002737083844306735
6372 0.004591676837179102
6412 0.006068832424546478
6437 0.004978484071260526
6517 0.002709167998116719
6589 0.0018145380158795651
6608 0.006313975601164512
6683 0.0018480939631940825
6757 0.004882402852251336
6761 0.00439090377369907
6788 0.004836820013797136
6827 0.003756468472059786
6904 0.005682025190465055
6909 0.012327802948759176
6931 0.011517711173893703
6945 0.03237202128428901
6958 0.009183353674358205
6959 0.012137664849092957
6986 0.0047927319670026764
7000 0.012185913471192949
7004 0.0024202338833032595
7102 0.006545776384746556
7190 0.004668530037566198
7212 0.011586506479506879
7261 0.004591676837179102
7336 0.0035013284838931505
7516 0.006455639658627901
7555 0.0022793128846924095
7604 0.005600511448290598
7633 0.004484054217181542
7782 0.005682025190465055
7884 0.008968108434363084
7885 0.00303008135858367
7944 0.002109842947912332
7972 0.005381994190440112
7973 0.0070008138352708775
8011 0.004390944365717953
8021 0.009337060075132396
8025 0.00399760400052612
8034 0.005136851013822078
8046 0.0034848305473449553
8062 0.0021701474475898834
8065 0.011201022896581196
8081 0.008477969422638254
8085 0.0031270289210245435
8087 0.008246711721846444
8187 0.0076585474098616645
8255 0.0070008138352708775
8336 0.006068832424546478
8388 0.006068832424546478
8430 0.004450012779715712
8506 0.004384411234607544
8511 0.005316392645331945
8533 0.005531183179553555
8639 0.0017910720632185427
8653 0.00303008135858367
8667 0.003114521249811726
8690 0.004204869603097678
8695 0.004900562556125886
8702 0.005316392645331945
8719 0.002594479860234321
8758 0.005418335996233438
8764 0.0036102048671646696
8768 0.006841583083173805
8801 0.0031396540368772968
8814 0.001222834457301234
8839 0.006455639658627901
8867 0.0031862947099950936
8876 0.004978484071260526
