257
15 0.0012514566264461588
32 0.0032849197747582956
52 0.0020376093094111236
62 0.0030351668917801243
70 0.0024084438023696717
80 0.005731311974454587
290 0.001148690219131576
385 0.01715228164972161
427 0.0029989235128589854
443 0.0024402720618044993
480 0.0014320160229242098
493 0.0027070105768582844
520 0.004353558084393588
524 0.0028813881897015183
525 0.012796187493047458
527 0.005962551988846728
567 0.011389505270318573
568 0.006398093746523729
582 0.006398093746523729
726 0.001334268198046682
772 0.0024387358050901565
814 0.003016883392920413
830 0.004498763473993692
1058 0.006107571772678358
1095 0.0014473326417906059
1268 0.005268311139574143
1270 0.009743792568863607
1309 0.0017251965502620467
1313 0.002790458128882898
1364 0.0014020594050137255
1366 0.002654962925664003
1411 0.011335417351434231
1417 0.0013377254645374477
1512 0.004012137440285555
1516 0.0018960920900992137
1649 0.0035232130890978544
1658 0.0037202245042848546
1703 0.0037954223626292497
1705 0.0007042682075764167
1712 0.001993599357272905
1717 0.0033583040370284453
1720 0.0029136038076586056
1778 0.002359883975446092
1784 0.0022351138992048763
1792 0.003053785886339179
1833 0.003092081251264808
1910 0.007046426178195709
1952 0.0026677267006675128
1984 0.001977311964536625
2025 0.0017772442014563274
2033 0.021132771002311486
2041 0.001745696373410423
2149 0.0032615921558176394
2150 0.004816887604739343
2151 0.006398093746523729
2199 0.005986665571159987
2299 0.004591164802989086
2316 0.0039649332671820815
2416 0.005396503562791267
2432 0.003876642237066661
2450 0.0030351668917801243
2480 0.004353558084393588
2498 0.004168555173067362
2499 0.00321648665302468
2513 0.004113692799587169
2598 0.0051396956381192455
2600 0.003876642237066661
2601 0.004423565615649296
2605 0.0027478767734945824
2627 0.011973331142319974
2633 0.004871896284431803
2653 0.002776064884245471
2659 0.0032849197747582956
2767 0.0029468758616647043
2769 0.003919827764389121
2780 0.004034218972525494
2831 0.002491323050412239
2832 0.002897368153557372
2840 0.023946662284639948
2849 0.0019265660540384094
2893 0.00273407102674103
2939 0.0016471036636102948
2989 0.01996564609517938
3032 0.0029468758616647043
3053 0.005283324459795545
3079 0.004113692799587169
3150 0.006398093746523729
3174 0.008337110346134723
3183 0.0045799833484311036
3184 0.002277934883058922
3213 0.001666070696839686
3222 0.002850163980453898
3256 0.009395636318972792
3274 0.007839655528778243
3373 0.006398093746523729
3400 0.00313187877299093
3414 0.0032615921558176394
3439 0.004113692799587169
3464 0.00360539237480812
3512 0.0012610444779386292
3546 0.005126906727013739
3577 0.009336548757093046
3604 0.001120344612476693
3640 0.005116502088906395
3656 0.0009820579171714821
3661 0.004423565615649296
3786 0.002094390932060846
3819 0.0040131763936123435
3841 0.0031523785961393067
3847 0.00349379924024734
3871 0.004991411523794845
3901 0.0021623148758628512
3908 0.004288070412430403
3912 0.002761872950338478
3926 0.004627084563111942
3970 0.0013874063455666813
3974 0.004218194168316497
3978 0.003876642237066661
4002 0.005259814330805703
4003 0.018949074038007992
4005 0.0019203976050519412
4027 0.003410351688222726
4086 0.004113692799587169
4089 0.0045799833484311036
4108 0.0020103672240256256
4113 0.0045799833484311036
4158 0.0023985441459601978
4160 0.004168555173067362
4180 0.005694752635159286
4226 0.002269224900537326
4344 0.00476498625975733
4364 0.0014628840072310404
4365 0.006398093746523729
4372 0.022094983602707823
4382 0.0009000877974256462
4393 0.001735394693725715
4399 0.0013171563804946435
4403 0.0014473326417906059
4435 0.024484055378644703
4493 0.0014511981959261487
4504 0.0016238828165678187
4547 0.003175601106711444
4660 0.002753107527368112
4677 0.00037725973725922645
4680 0.0025242353431192605
4686 0.00952997251951466
4704 0.007539436624980714
4782 0.010950650919087439
4821 0.011973331142319974
4835 0.0010798100407333538
4838 0.003437412138105472
4866 0.0036169449190230473
4943 0.0014169271689292789
5017 0.0016902891909327555
5032 0.002879290865604342
5045 0.002094390932060846
5120 0.005126906727013739
5198 0.005794736307114744
5223 0.0004789565782584218
5317 0.013641406752890904
5360 0.0058602069353521965
5380 0.0005292073890964523
5381 0.0023923848613510317
5463 0.00443695798007822
5467 0.00321648665302468
5612 0.030290824117431128
5623 0.0014020594050137255
5632 0.006523184311635279
5649 0.003410351688222726
5703 0.0024915910403595213
5730 0.0018960920900992137
5734 0.003757126997703621
5745 0.0033087963289211136
5757 0.005283324459795545
5758 0.005468327371121772
5789 0.005986665571159987
5871 0.0033087963289211136
5985 0.0025723176335122095
5988 0.0016238828165678187
6019 0.002981275994423364
6021 0.004871896284431803
6057 0.004061645148392887
6080 0.0026054552175566715
6081 0.011720413870704393
6161 0.0016565428640816502
6172 0.018673097514186093
6197 0.003650216973029146
6293 0.0018434441982879512
6322 0.0042265542004622965
6328 0.006486944627588555
6367 0.005210910435113343
6381 0.002304522606758685
6392 0.004498763473993692
6471 0.0026299071654028515
6481 0.006033766785840826
6484 0.0022351138992048763
6489 0.00355350509181834
6496 0.007169458602131921
6498 0.0034652140617029204
6537 0.003123113350020565
6573 0.05320570186602075
6626 0.002459444824555823
6683 0.0013947064254945995
6698 0.012796187493047458
6702 0.00476498625975733
6761 0.0033136960722074753
6795 0.003092081251264808
6823 0.005331732604368982
6834 0.0011282919413034627
6920 0.0030803872778716406
6932 0.002491323050412239
6973 0.0012772283414703262
7018 0.006398093746523729
7081 0.0026299071654028515
7163 0.00321648665302468
7252 0.0016011814953942436
7292 0.0035232130890978544
7359 0.004061645148392887
7375 0.0021860056033181784
7409 0.0036196088605915913
7452 0.0027070105768582844
7484 0.001190639376370382
7573 0.0038352198843553723
7621 0.0021391646687127365
7652 0.0024084438023696717
7661 0.0024805853128207693
7680 0.0017201356583075895
7695 0.0056677086757171155
7711 0.003016883392920413
7758 0.0038352198843553723
7832 0.0031523785961393067
7840 0.0022102626962941636
7859 0.0018781513535683476
7923 0.002243534750300262
8011 0.0008284316764759922
8097 0.002720450597627189
8098 0.004668274378546523
8187 0.0019265660540384094
8235 0.004007046318563151
8337 0.0042265542004622965
8350 0.0020487907639691067
8358 0.004423565615649296
8373 0.006398093746523729
8450 0.003383994187265509
8527 0.002277934883058922
8559 0.0036169449190230473
8567 0.0038352198843553723
8664 0.001666070696839686
8679 0.0009182485816660456
8739 0.0018434441982879512
8798 0.00476498625975733
8812 0.0024805853128207693
8814 0.0018456800453658811
8844 0.004668274378546523
8848 0.02333273793737105
8867 0.0016030735067420797
8902 0.006398093746523729
