118
15 0.003719607195270528
80 0.008517366406481122
145 0.0035810253636428657
148 0.0065693919028743195
218 0.01692607033227899
375 0.0051579786730180975
722 0.014436307210779683
941 0.00601547118586016
1011 0.010596559930595734
1129 0.005362794380368912
1164 0.005219530480874383
1172 0.005617813873596272
1207 0.0077801112972226616
1222 0.009190352607925958
1243 0.02477974463990043
1286 0.00936956971630294
1364 0.004167232120457462
1431 0.00936956971630294
1554 0.00936956971630294
1580 0.010057982723261374
1585 0.010951500842202646
1628 0.009560113107601133
1635 0.009694176685346874
1648 0.005412102299937932
1705 0.0020932416169632388
1712 0.0059254203118944675
1913 0.01901655641327886
1921 0.0004539112248837486
1959 0.007248464754017966
1980 0.006139431122993579
2005 0.010471772237040846
2029 0.007603690604347004
2053 0.019120226215202266
2056 0.012389872319950215
2215 0.01038434774184626
2438 0.006811261904865963
2611 0.004951932348940178
2635 0.010216752743813486
2780 0.005995297639725388
2899 0.01056180680068229
3254 0.013371324769925697
3413 0.0060975424787580714
3506 0.005653505815626904
3595 0.005127667524389972
3653 0.0041236799715454135
3656 0.0029188943649263496
3835 0.007310016561874251
4268 0.02851602484641569
4349 0.005082764453214751
4350 0.008758769922170093
4389 0.008758769922170093
4403 0.004301794240877634
4458 0.006224995270291959
4682 0.012745098170279252
4819 0.01680037518299965
4854 0.005282364709884084
4928 0.025341925578092485
5032 0.004278946147495342
5045 0.006224995270291959
5052 0.007929076582539553
5220 0.008708918640037292
5223 0.001423565385379198
5226 0.010471772237040846
5356 0.009560113107601133
5381 0.0023702331496718554
5495 0.014480358400950083
5619 0.026126755920111877
5776 0.009021190483902037
5787 0.010951500842202646
5807 0.004895558111286154
5855 0.008885283301320818
5869 0.004491091429975496
5976 0.006473639927279644
5985 0.0057341247247043
5988 0.004826540593687683
6034 0.007129006211603922
6055 0.014835584251279121
6060 0.009190352607925958
6088 0.012670962789046242
6381 0.0068495533034216485
6517 0.006076814329109028
6537 0.004641293450725006
6715 0.013612728285614668
6761 0.001231130137938194
6834 0.0033535343810964027
6852 0.007891139806834677
6899 0.00781666851939181
6976 0.008913467107664207
7238 0.00652113593096232
7322 0.002364195241945266
7431 0.016253084130834157
7489 0.01139912576738958
7560 0.005266532999502844
7561 0.009190352607925958
7740 0.016253084130834157
7842 0.008045836992328791
7863 0.011235627747192544
7959 0.0058770105612616355
7988 0.004853958363444575
8033 0.007496208841079629
8062 0.004867761288691196
8279 0.011167016354285762
8302 0.017933695724582453
8347 0.00865987798387419
8426 0.014835584251279121
8533 0.006203375579846521
8553 0.015238306105290835
8592 0.007279083635303072
8601 0.005188597554303202
8679 0.002729238839951858
8705 0.00936956971630294
8751 0.012389872319950215
8768 0.007673025471753954
8846 0.008861014761202777
8874 0.016851934951045984
8892 0.012449990540583917
8893 0.0064268803254812525
8894 0.012939742084169831
