132
15 0.0031323007960172866
79 0.006843171926579889
148 0.005532119497157322
443 0.0030539077264687886
458 0.011672765310151018
480 0.0035842272386641043
510 0.009923926540081467
522 0.005790620447403249
549 0.010611319563893657
569 0.0073758062502485
757 0.005636650045518166
838 0.0060531739496695585
1138 0.0073758062502485
1248 0.005978834970043021
1336 0.009403803245714326
1348 0.008163517208713156
1489 0.019405881607772294
1510 0.0048532111382076385
1535 0.007690866956580982
1538 0.005836382655075509
1568 0.005170047261468276
1578 0.008050621564295691
1654 0.010433576690484392
1657 0.022210737023081618
1720 0.007292528828525633
1728 0.005316259360708368
1772 0.0052238952251339125
1777 0.006709470856641267
1843 0.019405881607772294
1876 0.008469880188009577
1940 0.004182056513909032
1956 0.0046283090807855585
2270 0.008281665665369805
2372 0.0023621659202410824
2459 0.011071848441508181
2468 0.005790620447403249
2492 0.0013323924754710167
2700 0.017788306190622803
2743 0.003919288080502891
2771 0.005768044887091915
2829 0.004318035810012608
2954 0.002476398055670971
3052 0.010296260340487182
3068 0.020633179983433007
3184 0.005701497835960342
3213 0.00417004829384436
3225 0.004255323146902823
3330 0.010165989026386877
3344 0.011581240894806498
3374 0.005335142226966839
3414 0.008163517208713156
3599 0.0052238952251339125
3648 0.021062544358576872
3653 0.0034725726076171907
3733 0.005882984582977703
3760 0.005532119497157322
3912 0.00691275802774777
3970 0.0034725726076171907
4034 0.012832257772876492
4131 0.009499653632779643
4160 0.010433576690484392
4180 0.014253532911392834
4191 0.009923926540081467
4409 0.00713374376394309
4462 0.004791263339977088
4468 0.002911315059821966
4517 0.012156890282761838
4568 0.0033052506146191924
4677 0.0018885048835900458
4819 0.004715894788210428
4835 0.0009008941470445914
4951 0.005954531111732157
5045 0.01572630384073758
5116 0.02008414999347623
5198 0.014503784441199477
5201 0.0136868076891235
5224 0.02008414999347623
5226 0.008818334515402818
5360 0.0073338262231892985
5381 0.0019959858102499835
5393 0.012493123580024523
5467 0.008050621564295691
5617 0.00713374376394309
5637 0.0053733344325747785
5653 0.00759679198644382
5675 0.010670284453933677
5691 0.010296260340487182
5692 0.004369345308886907
5763 0.007251892220599738
5811 0.002741936721018945
5863 0.010336228260645194
6015 0.005117317329776024
6038 0.009702940803886147
6081 0.0073338262231892985
6165 0.006775441677750561
6259 0.011071848441508181
6325 0.013223759466622768
6349 0.009996756588988753
6469 0.002433712448995536
6497 0.010896624912985122
6537 0.003908457642715795
6623 0.00759679198644382
6666 0.01348448414039363
6834 0.008472086857506703
6895 0.00964409673834432
6932 0.006235592196353441
7004 0.004571552890683933
7051 0.013223759466622768
7370 0.004884761032281943
7425 0.009052938159893944
7560 0.004434975157476079
7579 0.0046283090807855585
7666 0.005431721689338528
7714 0.017636669030805636
7716 0.0073338262231892985
7892 0.003612925101206468
7913 0.018389263920765654
8019 0.006677117122138571
8033 0.0031562984594019493
8129 0.006948279359398022
8145 0.001895237114694305
8205 0.0026613034784129025
8263 0.0136868076891235
8445 0.003030854008608777
8475 0.00438233630300362
8623 0.011463350135254458
8657 0.021465428497312426
8686 0.006551672671345399
8695 0.0046283090807855585
8697 0.004989827631069025
8814 0.0046195968386935505
8874 0.00709555155833515
