40
102 0.05303783407105515
116 0.029525497430446735
131 0.029330826937991814
261 0.039325330386910065
546 0.02569742658141019
575 0.017099154091222694
1152 0.03428295915819959
1431 0.029330826937991814
1455 0.03989769862000462
1955 0.021869355732373637
3299 0.039325330386910065
3470 0.0349576164134163
3572 0.03124682886626467
4161 0.04770252346004088
4742 0.03124682886626467
4835 0.003348976068361416
5077 0.04433508954730733
5398 0.04115839311951954
5431 0.012478940602776496
5823 0.017697931248919007
5855 0.013907399949893455
6115 0.020413990740403787
6228 0.020413990740403787
6904 0.03989769862000462
6957 0.05790625839470438
6958 0.03224155692193152
6986 0.033653313594388355
7000 0.02444751584593368
7178 0.029927310597707892
7347 0.015636257240545286
7359 0.037790959206786
7405 0.042613758111489396
7415 0.020265307598440627
7564 0.03428295915819959
7967 0.04532981760297417
8065 0.039325330386910065
8506 0.061572383859923335
8533 0.019419262684736937
8758 0.05706921282989348
8764 0.012674958392328134
