49
261 0.033499355514775245
342 0.029778710278095366
450 0.033499355514775245
542 0.03861428906920022
575 0.01456594607770822
695 0.019010683230943792
751 0.0383367683479072
1164 0.013918747948998353
1248 0.018932977405136234
1395 0.03072597921230613
1431 0.024985519243474506
1455 0.033986928454078004
1609 0.015828197932565524
2597 0.0418752383109721
2822 0.027244673983502627
2829 0.013673780065039925
2902 0.014388204248994587
3225 0.013475189965192274
3470 0.029778710278095366
3572 0.026617669034225456
4044 0.023911594299443274
4163 0.029204002245873724
4186 0.03700039692625763
4248 0.007999242517804973
4297 0.01572374853714529
4382 0.007134029209225492
4534 0.009382587781178507
4742 0.026617669034225456
4973 0.0077259277075896644
5431 0.010630208661624422
5823 0.030152031016676822
6931 0.06889297609569751
6958 0.027465029970534256
6986 0.02866763750633082
7000 0.020825661646536098
7083 0.03303965951986724
7102 0.019576720113640162
7125 0.011319987502728671
7405 0.03630060876163912
7415 0.01726303980607905
7555 0.013633667810289782
7621 0.016954860707575025
7884 0.02682128726203033
7944 0.012619986521771912
8506 0.02622527460700438
8719 0.015518833238068254
8758 0.016204838210957407
8764 0.010797186778649891
8876 0.029778710278095366
