349
17 0.0018090053557807467
19 0.0041171522429867815
68 0.0009760328524486179
70 0.001741239776037533
158 0.0002592698975924089
167 0.003819700791879212
206 0.006027505452948754
215 0.003819700791879212
243 0.0028494570833942972
255 0.0024851560728194966
270 0.003444956282392124
446 0.0015141880387196658
456 0.002465592098917782
480 0.0010353088814384491
523 0.0020279814669575706
549 0.0010216979985505717
654 0.003522249340771642
708 0.002906882337442459
715 0.004328197406176478
722 0.008778835466014673
866 0.0036086556286895164
920 0.003013752726474377
941 0.001463222720884904
969 0.0015862222534773214
1011 0.0025775416047395033
1032 0.0037066149985842574
1048 0.002235491174900909
1049 0.004328197406176478
1068 0.00395345289668939
1095 0.0010463823829161814
1102 0.0014342608462936583
1110 0.0029765257671651607
1204 0.0041171522429867815
1216 0.0014781440259994934
1222 0.002235491174900909
1239 0.0021943436312194145
1242 0.0018579305178336462
1248 0.0017269945606036433
1258 0.0037066149985842574
1268 0.00126961552237485
1299 0.004625648857284047
1309 0.001247270478905669
1326 0.002409848416311489
1332 0.0031981183842869918
1364 0.0010136510563274908
1438 0.01262961211846167
1496 0.0010030572903759116
1499 0.0031041898242239433
1523 0.0019570954846205167
1554 0.0022790845255872016
1572 0.0020279814669575706
1577 0.0016343447835642092
1580 0.0024465363380906046
1585 0.002663878583238482
1593 0.0019103532099619723
1618 0.005872919336189717
1621 0.0017061323335995399
1622 0.0025052561121771118
1640 0.0011415576677094475
1648 0.002632914632402238
1664 0.0019967594978798457
1702 0.0023580429775168074
1712 0.0007206592271223001
1784 0.0016159269406413634
1881 0.0014295431094960736
1912 0.0021943436312194145
1914 0.0037066149985842574
1921 0.00011041083848523615
1935 0.001659644033512947
1955 0.001699308046772276
1980 0.0014933751380254653
1984 0.0014295431094960736
2011 0.00395345289668939
2025 0.0012848995240258585
2065 0.0031001590143922507
2072 0.0016468853546439506
2124 0.0029006669331794223
2204 0.003819700791879212
2290 0.004625648857284047
2294 0.0029740887132150475
2301 0.004625648857284047
2367 0.0029364596680948583
2372 0.0006823148181777451
2384 0.0017631400753016675
2404 0.0025259224236923337
2438 0.004970380308956244
2468 0.0016726285413951952
2492 0.00038486336707017546
2502 0.002309655846689898
2558 0.0011447403431732168
2578 0.0019766594585222314
2586 0.0044994727806695976
2598 0.005573791553500939
2635 0.0024851560728194966
2674 0.0016098890008469408
2700 0.002569088140706503
2707 0.0019570954846205167
2713 0.0039253190684118274
2738 0.0011415576677094475
2779 0.0014063990593653505
2780 0.010208209494667553
2832 0.0020947188677745868
2899 0.002569088140706503
2903 0.006837253576761605
2921 0.0023580429775168074
2962 0.0038431457023399137
3030 0.0013084396894706093
3050 0.0047632457299000425
3072 0.004328197406176478
3087 0.003819700791879212
3096 0.0018412569468432846
3133 0.003699092726439083
3146 0.0019475057331142828
3149 0.0011447403431732168
3160 0.0015862222534773214
3190 0.004625648857284047
3201 0.0029740887132150475
3225 0.0012291558414195655
3229 0.004945379834134652
3254 0.0032524844034954397
3273 0.008656394812352955
3332 0.002409848416311489
3366 0.002569088140706503
3376 0.004625648857284047
3408 0.0012734067739330463
3413 0.001483186008346558
3414 0.007074128932550422
3416 0.004328197406176478
3448 0.0041171522429867815
3478 0.0018749918808477102
3512 0.0009117010752664415
3619 0.00395345289668939
3653 0.0010030572903759116
3727 0.00096713935611829
3740 0.002465592098917782
3786 0.0015141880387196658
3806 0.005487975578396348
3819 0.00096713935611829
3835 0.0017781121366721153
3840 0.0016220149883927574
3872 0.001379556837886071
3906 0.0031981183842869918
3914 0.0038950114662285656
3915 0.0041171522429867815
3940 0.0028665395918140726
3941 0.004625648857284047
3943 0.001157610945994487
3952 0.0027163012753668074
3954 0.0032440299767855147
4017 0.0029364596680948583
4108 0.0014534411687212295
4267 0.004619311693379796
4268 0.02774532147218824
4271 0.0041171522429867815
4333 0.0012220334015527355
4335 0.002569088140706503
4364 0.002115251199644883
4372 0.0019967594978798457
4383 0.003703056927985571
4384 0.0025471878414423683
4403 0.0010463823829161814
4409 0.004121183052818475
4412 0.0045285274150004
4413 0.005948177426430095
4433 0.0019292796917702024
4437 0.001699308046772276
4461 0.00178571433469015
4468 0.0016818745784782307
4518 0.009251297714568094
4534 0.0017116883114312142
4542 0.0020717918286035164
4552 0.002569088140706503
4653 0.0006738727739961407
4655 0.002294210948987415
4659 0.0012546434610044024
4660 0.001990422333975595
4684 0.002663878583238482
4727 0.012400636057569003
4728 0.003444956282392124
4819 0.005448770329621509
4830 0.0025241825939853416
4835 0.0005204489835967065
4847 0.0007047298922463546
4854 0.0012848995240258585
4911 0.004625648857284047
4915 0.001969757047456399
4928 0.03852657604777574
4943 0.006146400286841873
4944 0.0025259224236923337
4956 0.003522249340771642
4991 0.004625648857284047
5004 0.002743987789198174
5017 0.003666100204658207
5028 0.0037066149985842574
5029 0.008501788597087218
5045 0.0015141880387196658
5052 0.0019286943038609725
5163 0.0016860967715718361
5184 0.003147504831284554
5198 0.0041894377355491735
5218 0.001077725639180056
5219 0.003147504831284554
5223 0.003116453951776083
5226 0.0025471878414423683
5255 0.0018003685363894093
5264 0.004625648857284047
5265 0.0017199743582874984
5293 0.004055962933915141
5304 0.0023580429775168074
5308 0.0019967594978798457
5314 0.0037066149985842574
5372 0.0019570954846205167
5379 0.0015576736883790082
5380 0.000382602639414327
5437 0.0028339295323624057
5441 0.006463313090476835
5456 0.001341049748922276
5459 0.002663878583238482
5578 0.002743987789198174
5600 0.009251297714568094
5604 0.004625648857284047
5608 0.003444956282392124
5610 0.004625648857284047
5611 0.004625648857284047
5619 0.014828699306009444
5623 0.010136510563274907
5637 0.0015520949121119716
5639 0.00395345289668939
5669 0.010566748022314927
5703 0.0012009019879210307
5730 0.0013708233354095668
5812 0.0015520949121119716
5869 0.0065545658707750485
5892 0.0015520949121119716
5893 0.0017631400753016675
5913 0.001580422969966521
5939 0.0008910992537115927
5985 0.0023246451586639055
5988 0.0023480467753075216
5990 0.0019766594585222314
6034 0.00346816518402353
6058 0.003319288067025894
6069 0.003522249340771642
6107 0.0010865114393250014
6115 0.0015862222534773214
6153 0.004625648857284047
6161 0.0011976357193022743
6328 0.0015632952143062508
6335 0.0022497363903347988
6410 0.0015920677469055417
6411 0.002409848416311489
6425 0.0036086556286895164
6430 0.0035018651045412223
6466 0.0023580429775168074
6469 0.0007029811296929674
6471 0.003802703604028448
6476 0.0013084396894706093
6494 0.003767347409169782
6508 0.0009352917106326979
6512 0.004328197406176478
6517 0.0014781440259994934
6537 0.0011289632717979747
6553 0.003147504831284554
6554 0.007455468218458491
6555 0.003375036206111338
6707 0.0023816228649500212
6713 0.0018141452675395423
6728 0.0025931503805393186
6761 0.0044919613140988164
6795 0.002235491174900909
6823 0.010279196192206868
6828 0.004625648857284047
6834 0.0004078622895928058
6849 0.003649907860996769
6852 0.0019194664395003269
6899 0.001901351802014224
6978 0.002309655846689898
6979 0.0020605915264092375
6981 0.0017130206991746062
6983 0.00518098368181093
6984 0.0039935189957596914
7084 0.004625648857284047
7238 0.0015862222534773214
7252 0.001157610945994487
7291 0.007455468218458491
7322 0.0017252235549330322
7328 0.0017705879112899364
7375 0.001580422969966521
7385 0.004212913613776633
7390 0.0019570954846205167
7409 0.0013084396894706093
7436 0.0028665395918140726
7452 0.0019570954846205167
7470 0.0011874229481885264
7478 0.0037066149985842574
7484 0.0012912001345097724
7526 0.00395345289668939
7544 0.004328197406176478
7595 0.0029006669331794223
7603 0.0014534411687212295
7623 0.004625648857284047
7648 0.003375036206111338
7695 0.0030732001434209365
7699 0.0045285274150004
7740 0.00395345289668939
7751 0.006295009662569108
7752 0.00395345289668939
7761 0.002663878583238482
7800 0.0014155692480670367
7828 0.002374908215534714
7863 0.0013664952665504448
7886 0.0027727603217974654
7961 0.0014985232682315553
7974 0.003819700791879212
8006 0.01731278962470591
8011 0.0005989337120468323
8137 0.0025471878414423683
8145 0.0010948836034213722
8270 0.002743987789198174
8319 0.0036086556286895164
8350 0.001481220349626314
8351 0.0028339295323624057
8359 0.002614953421185582
8447 0.004328197406176478
8519 0.004625648857284047
8533 0.0015089291950978025
8585 0.0041171522429867815
8592 0.0017705879112899364
8601 0.0012620912969926708
8627 0.003802703604028448
8639 0.0029316703196938646
8641 0.0041171522429867815
8679 0.0006638689070153169
8697 0.0007206592271223001
8699 0.003444956282392124
8705 0.0022790845255872016
8723 0.0010865114393250014
8754 0.007989800962955254
8764 0.0009848785237281995
8772 0.003055684455739634
8782 0.001300508741483481
8814 0.0013343767895550628
8820 0.0010748202668924313
8832 0.009251297714568094
8867 0.0005794894095317654
8890 0.004625648857284047
8892 0.007570940193598328
8893 0.0046898856429187525
8894 0.01573752415642277
