293
1 0.0030881652711079698
50 0.004990285959147374
134 0.0026151402186210693
141 0.002388776176545977
142 0.012538803026408394
163 0.0016801358201579755
262 0.0058387721183628056
276 0.0009141875396295461
287 0.003618318631884714
306 0.0054633110116342745
339 0.002895891005971322
423 0.0032831606608026472
458 0.006383932413760632
459 0.0033438874800547163
462 0.004260173633300452
487 0.006790004638950609
494 0.002055153854549267
522 0.004222584633287656
530 0.0037540735996232583
549 0.009027540524506545
575 0.0016771025334674711
651 0.002388776176545977
695 0.002188863314437025
726 0.002435252830550021
835 0.004990285959147374
838 0.0022070207790906068
851 0.004990285959147374
945 0.004445994903490004
983 0.005898568167507715
990 0.0020787977184418306
1041 0.0020397201468223603
1057 0.001898070376376881
1088 0.0032713521126998533
1129 0.0016465722617763825
1138 0.0026892598481716283
1139 0.0007314663762106718
1172 0.001724872489974122
1216 0.0018658022673597016
1253 0.0034066732234265987
1266 0.0040368573208910425
1268 0.0016025850516970387
1304 0.0037065759563158977
1309 0.0031487595885379784
1336 0.003428678795345735
1338 0.005317792877091187
1417 0.0012207814473817222
1436 0.00455506211553133
1448 0.004260173633300452
1488 0.003188371161675611
1489 0.014150984029548239
1510 0.0017695076857857275
1521 0.00455506211553133
1651 0.007826414228231183
1657 0.00607361838637573
1678 0.003188371161675611
1692 0.0024345139187328265
1711 0.003188371161675611
1746 0.00455506211553133
1778 0.004307165635355768
1876 0.0030881652711079698
1918 0.0026739536975807464
1921 0.00013936719911142813
1931 0.002422865953484421
1940 0.001524800989079839
1947 0.002895891005971322
1952 0.0024345139187328265
2040 0.0036613962141625114
2041 0.0031861750440070834
2053 0.0029353012526536527
2080 0.0037540735996232583
2081 0.004348430957731636
2117 0.001276130143093645
2232 0.0034636263778365013
2270 0.003019541212746773
2277 0.00525899422256823
2295 0.0054633110116342745
2299 0.0020949024900632504
2325 0.004527464877984177
2372 0.0017225175793655653
2373 0.0016316764816896741
2485 0.0028580897971004653
2492 0.0009715953659085025
2563 0.0008917651117294284
2574 0.002283435331817062
2575 0.006790004638950609
2606 0.0012651982425221273
2612 0.0029556537428588347
2707 0.0024703635967917824
2713 0.0016515912498221762
2771 0.002103061142201956
2772 0.002103061142201956
2822 0.0031369134224075524
2824 0.0022070207790906068
2829 0.0015743797942689892
2843 0.004179601008802798
2866 0.0058387721183628056
2954 0.0009029084595303541
3052 0.0037540735996232583
3063 0.0030647209549001593
3068 0.0050153145375508796
3121 0.0035771562540693907
3160 0.0020022251046025036
3213 0.00152042272547417
3225 0.003103028819276686
3353 0.0031369134224075524
3369 0.0022444400531127767
3385 0.003972969851003105
3394 0.0014329599107678426
3397 0.0054633110116342745
3398 0.008359202017605595
3436 0.0037065759563158977
3461 0.013999779194064815
3501 0.0033625077212733074
3506 0.001735831209915297
3582 0.0022162347956847274
3585 0.0011836125369495765
3599 0.0019046611588441344
3601 0.010390879133509502
3604 0.0040896161547123635
3627 0.00146943731522809
3648 0.017918881021475846
3653 0.0025322384473455846
3663 0.005441305439715138
3695 0.0026440801060182415
3760 0.002017041437129855
3860 0.00455506211553133
3872 0.0017413595906792193
3890 0.003041855570269513
3891 0.004751059246788525
3901 0.0019732852172053314
3914 0.0024582588358286893
3954 0.006142214540267669
3993 0.01061323802216118
4047 0.0031369134224075524
4060 0.004990285959147374
4110 0.003913207114115591
4121 0.003019541212746773
4131 0.0034636263778365013
4139 0.0032713521126998533
4158 0.00437772662887405
4190 0.0037540735996232583
4198 0.0025333811736824342
4217 0.003188371161675611
4221 0.0016676081372929876
4222 0.0036613962141625114
4236 0.005196917116947067
4248 0.0009210215265702955
4337 0.002388776176545977
4338 0.0032152136506052916
4346 0.0009751615272162653
4382 0.0008214020837914213
4399 0.0012020105135430862
4458 0.0019112991874670406
4468 0.0010614816102975614
4497 0.003913207114115591
4510 0.007303541756198479
4568 0.0024102253948822257
4576 0.0054633110116342745
4602 0.004348430957731636
4660 0.001256215374961143
4680 0.0023035665817804766
4724 0.0017303356387259352
4778 0.0032152136506052916
4780 0.0030881652711079698
4835 0.0009854130009251075
4850 0.00911012423106266
4872 0.002997751947967059
4909 0.005343032856206049
4976 0.0054633110116342745
5017 0.0015425240377808516
5019 0.004173630186876441
5055 0.008891989806980008
5057 0.0025870774338492765
5060 0.01254765368963021
5112 0.005643542752841527
5116 0.02929116971330009
5178 0.0011775602211065044
5198 0.007932240318054725
5199 0.0020245394621252436
5201 0.004990285959147374
5218 0.0013603701031867656
5224 0.02196837728497507
5360 0.0026739536975807464
5379 0.001966189389169238
5380 0.002897664339444967
5431 0.002447894531887927
5498 0.00455506211553133
5556 0.005473514982957978
5617 0.015606015142442666
5621 0.007826414228231183
5653 0.002769832472669282
5655 0.0037065759563158977
5675 0.005835667297300616
5690 0.007236637263769428
5703 0.0007579253484533583
5771 0.0025204298992427903
5863 0.008793507624728001
5912 0.0014211132541706408
5989 0.0013385808384070513
6015 0.005597406802079105
6058 0.0020949024900632504
6111 0.0058387721183628056
6178 0.0029353012526536527
6248 0.0034636263778365013
6249 0.004821456010218536
6259 0.0040368573208910425
6307 0.002171055053531341
6328 0.003946570434410663
6348 0.003913207114115591
6349 0.003644872871464982
6406 0.0026739536975807464
6453 0.0016415803304013236
6557 0.00311221859820752
6589 0.0012496711708509583
6592 0.004179601008802798
6606 0.001938337634714565
6620 0.0021934725464362124
6622 0.0026588964385455935
6623 0.005539664945338564
6644 0.003913207114115591
6655 0.0030881652711079698
6666 0.012291294179143448
6685 0.002377686211331035
6713 0.0011449616187456384
6761 0.004158017352865884
6833 0.004990285959147374
6834 0.0005148283058399595
6895 0.001758145567438037
6930 0.0011219541985249427
6974 0.004527464877984177
6976 0.002736757491478989
6993 0.0027289782246678147
7000 0.0011989186875404577
7004 0.0033336270546138707
7016 0.00794593970200621
7079 0.0058387721183628056
7081 0.002400000568853775
7102 0.004508072009111168
7103 0.007608279804148533
7170 0.004678712322306781
7211 0.004348430957731636
7222 0.004105481379252239
7247 0.0034636263778365013
7281 0.003913207114115591
7322 0.0007258936350535572
7347 0.0015336201131451665
7351 0.0035377460073870597
7358 0.0037540735996232583
7390 0.0024703635967917824
7404 0.0035771562540693907
7409 0.0016515912498221762
7415 0.001987642109868377
7425 0.006601502879922662
7474 0.00455506211553133
7492 0.00435983275001005
7495 0.002032098696165008
7508 0.003300751439961331
7519 0.0037540735996232583
7540 0.005196917116947067
7558 0.0054633110116342745
7559 0.00776123230154783
7561 0.0028217713764207633
7711 0.0027531473180595666
7714 0.012860854602421166
7716 0.005347907395161493
7719 0.0018104102793301611
7725 0.0018850278927741479
7862 0.007561289697728371
7863 0.001724872489974122
7865 0.004678712322306781
7913 0.020114482710773523
7943 0.001735831209915297
8011 0.003024040575963537
8019 0.007303541756198479
8043 0.0025322384473455846
8187 0.003516291134876074
8189 0.004678712322306781
8350 0.0009348426940072258
8466 0.004821456010218536
8475 0.0015978241104767997
8496 0.002915386484521151
8531 0.0087196655000201
8627 0.002400000568853775
8639 0.002467020368527033
8679 0.0016759505029981558
8686 0.009555104706183908
8695 0.003375014297715695
8697 0.0009096594082226049
8698 0.005230280437242139
8800 0.0022934462512379144
8809 0.008073714641782085
8812 0.0022637324389920884
8867 0.0014629327524213437
