73
102 0.013554113151491872
137 0.03038480580534266
143 0.036871175054767356
311 0.011899235229135578
342 0.017867226166857222
542 0.023168573441520134
599 0.0160927723572182
695 0.011406409938566276
696 0.017047379342847013
707 0.009403216898018617
800 0.011045457115438664
1132 0.016898890881091665
1171 0.02220023815575458
1245 0.013934269824059669
1431 0.014991311546084705
1746 0.023736934802046594
1833 0.014704564172681534
1916 0.015510682696554999
1983 0.01062920832066319
2373 0.008502847443471746
2488 0.02220023815575458
2492 0.0025315457033949318
2829 0.01640853607804791
2892 0.028469920716183053
3248 0.011899235229135578
3268 0.01020933542189208
3429 0.020392157072446807
3470 0.017867226166857222
3572 0.03194120284107055
3582 0.011549045768623747
3653 0.0065978879544726626
3956 0.024381289768465337
4044 0.014346956579665966
4075 0.015510682696554999
4186 0.02220023815575458
4226 0.010791425082555284
4247 0.017522401347524235
4248 0.004799545510682984
4399 0.00626381034279675
4407 0.00644468479352118
4480 0.015851447360626686
4500 0.009221101162594515
4724 0.009016971272916263
4742 0.015970601420535274
4780 0.0160927723572182
5013 0.01066925414587236
5032 0.0068463138359925475
5193 0.007923091758304286
5431 0.006378125196974654
5653 0.02886780954848652
5734 0.017867226166857222
5823 0.018091218610006097
6174 0.013067680656174238
6210 0.05360167850057166
6529 0.011796561265414326
6713 0.005966522213241161
6761 0.003939616441402221
6834 0.002682827504877123
6897 0.01907994249380242
6931 0.04133578565741851
7000 0.006247698493960829
7178 0.015296180972161814
7212 0.010395671091335337
7415 0.010357823883647432
7884 0.0321855447144364
8011 0.015758611445854432
8087 0.02959653206840446
8145 0.0018004752589595898
8506 0.01573516476420263
8567 0.01823860122782333
8758 0.019445805853148892
8866 0.021394119631881117
8867 0.003811752560475612
