92
101 0.018209054635501223
217 0.011134128836409673
431 0.02018984704279012
432 0.02018984704279012
521 0.004905853926350915
735 0.013821896654838075
861 0.0058216454717625685
877 0.02089682245392963
1011 0.006812074241097258
1129 0.013790042692377203
1311 0.008946318046745656
1364 0.010715739738319187
1473 0.009865318463683654
1921 0.0005836001462791053
2007 0.032302949960676126
2117 0.005343794974204639
2381 0.008875813753477497
2388 0.006422034223795385
2389 0.011598673479302619
2527 0.02089682245392963
2551 0.013821896654838075
2772 0.008806568532970691
2793 0.019640979759955688
2807 0.019074322608787442
2832 0.011072085443951387
3050 0.006294289000225055
3184 0.008704965445975167
3302 0.008003565347518232
3340 0.012931692072764624
3570 0.019074322608787442
3585 0.004956377498476351
3604 0.004281316911964505
3656 0.0037528641834767354
3710 0.02287761486121852
3731 0.00422827054020196
3760 0.008446361017981269
3837 0.039461273854734615
3838 0.011669824637081862
4171 0.04575522972243704
4251 0.006853326005711055
4279 0.02287761486121852
4519 0.012046589635246636
4645 0.012046589635246636
4756 0.010950899665475728
4823 0.014080501082831974
4859 0.02287761486121852
4909 0.01491596672357522
4924 0.013031856281254256
4951 0.009091293036662491
5003 0.011669824637081862
5223 0.003660596705260795
5302 0.02287761486121852
5576 0.05431786354636606
5596 0.015332096646805517
5603 0.014979341813915572
5703 0.009521437189945314
5783 0.02444985824564425
5863 0.005260401882649786
5912 0.005950911751839557
5943 0.021762090427215844
5970 0.014814311405933313
6142 0.026215614611317644
6225 0.021762090427215844
6273 0.019074322608787442
6469 0.0037157573998056843
6476 0.006916038358630363
6485 0.012046589635246636
6491 0.002168212374693816
6537 0.005967377293789294
6697 0.011134128836409673
6725 0.010293958875032637
6761 0.001582881605920535
6895 0.007362234563646779
6966 0.010608533664795194
7026 0.02547554040100717
7136 0.01783947708944564
7167 0.02444985824564425
7224 0.013135824956331624
7303 0.009398592722409753
7347 0.006422034223795385
7350 0.010833386754243847
7484 0.002274971665564837
7555 0.006573375551389716
7579 0.007066436185842236
7738 0.016151474980338063
7887 0.006294289000225055
7904 0.00647809731077664
7959 0.007556156435907816
8221 0.02444985824564425
8453 0.02089682245392963
8531 0.018256799640667083
8724 0.008353664269823037
