71
546 0.011366169449469892
561 0.021099193068864236
695 0.009870931677605431
941 0.008329113949652531
1145 0.025777771439233044
1538 0.009596359942479924
1612 0.01651148869655979
1676 0.023436097383155528
1916 0.053690824718844225
1980 0.017001501571366835
2283 0.03971123906234317
2373 0.007358233364542858
2425 0.016317225368787797
2450 0.012490879131556668
2498 0.017155207827623375
2829 0.014199694682926077
2851 0.017647059005002044
3041 0.011031918427746699
3050 0.006778465077165445
3111 0.02468344737507011
3205 0.01502204677361995
3248 0.020594830204273117
3572 0.027641425535541823
3819 0.011010509592731301
4147 0.0169294280598395
4350 0.012127527584543208
4382 0.003704207474020929
4480 0.0137175986774654
4557 0.023436097383155528
4566 0.023716041253697116
4567 0.008301181347312076
4742 0.013820712767770912
4807 0.017916565962696692
4993 0.015163616550742127
5022 0.014752539815925302
5032 0.005924694665762781
5040 0.046872194766311055
5245 0.018848393010851082
5406 0.016715231956847654
5431 0.016558594261376507
5823 0.00782793112932956
5824 0.012645560092070655
6022 0.018848393010851082
6156 0.01502204677361995
6328 0.008898757373743274
6909 0.007657462216248488
6945 0.012567503455318929
6958 0.02852137727709327
6986 0.044655358423323015
6993 0.008204428124161571
7000 0.005406662158235333
7010 0.014885119474441004
7172 0.01057591217843768
7178 0.05294831874979089
7212 0.017992507658080394
7271 0.019211744557864542
7576 0.017647059005002044
7762 0.0392195022918488
7988 0.013441730852615748
8025 0.037246906504902026
8087 0.012806191760367316
8210 0.013616969507483047
8235 0.004122634193137088
8388 0.018848393010851082
8506 0.04085090852244914
8758 0.016828101219071155
8759 0.021742912199927824
8763 0.016131598876524465
8764 0.005606231596606674
8801 0.019502081805987826
8867 0.006597264046977021
