76
546 0.01019035881676611
561 0.018916517923809315
695 0.008849800814404868
941 0.007467481472102268
1095 0.005340158367986028
1145 0.023111105428277903
1538 0.008603633051878553
1612 0.014803403658984637
1676 0.02101167351593254
1916 0.048136601472067234
1980 0.01524272554674268
2122 0.008637824320995805
2283 0.03560317984899732
2373 0.006597036809590148
2425 0.014629236537533886
2450 0.011198719221395632
2498 0.015380531155800268
2611 0.006147226364201601
2829 0.012730760750209586
2851 0.015821501176898383
3041 0.009890685486945315
3050 0.0060772445519414325
3111 0.022129987301786995
3205 0.013468041934969609
3248 0.018464330527969
3572 0.024781967721520255
3757 0.013345279528809175
3819 0.009871491359000477
4147 0.015178107915718173
4350 0.010872955765452531
4382 0.003321013597398074
4480 0.012298536745313806
4557 0.02101167351593254
4566 0.021262657675728446
4567 0.007442438449314275
4577 0.01133739870323576
4742 0.012390983860760128
4807 0.01606312810448669
4993 0.013594966562734321
5022 0.013226415007381304
5032 0.005311795217580424
5040 0.04202334703186508
5406 0.014986070030277207
5431 0.014845636234337557
5823 0.0210544354513002
5824 0.02267479740647152
6156 0.013468041934969609
6307 0.008777800173329301
6328 0.007978196266114658
6761 0.0030565989631568956
6909 0.006865310952498644
6945 0.01126741689097559
6958 0.025570889972566378
6986 0.0533811181152367
6993 0.007355694180282787
7000 0.004847352279797195
7010 0.013345279528809175
7172 0.018963704595819284
7178 0.04747090646532976
7212 0.016131213762416902
7271 0.017224322707050967
7576 0.015821501176898383
7762 0.03516231239958857
7988 0.012051206971310669
8025 0.033393778245774226
8087 0.011481413302398283
8210 0.012208317489467558
8235 0.0036961547938470446
8388 0.016898559251107864
8506 0.04883326995787023
8758 0.015087263161925863
8759 0.01949364542062494
8763 0.01446281278584952
8764 0.00502627660385426
8801 0.017484625067437358
8867 0.0059147884559104325
