135
136
138
143
144
146
155
158
165
167
179
180
186
197
199
202
242
267
387

31
44
70
83
86
92
100
102
305
309
315
320
326
327
328
331
334
340
344
345
351
355
358
360
362
365
370
371
375
376
380
382
391
392
393
394
395
398
403
404
408
421
424
433
436
439
440
441
519
528
591

11
19
29
113
115
169
278
301
316
317
321
324
325
338
341
357
369
372
377
381
383
384
386
388
389
396
400
402
405
419
422
423
425
426
429
431
435
444
451
460
464
467
468
476
477
479
482
489
494
524
543
550
625
707
745
810
811

240
241
245
248
250
254
255
258
260
275
279
295
297
300
306
339
346
347
350
353
363
406
413
416
438
442
454
472
473
481
483
487
490
491
492
493
495
496
497
498
499
500
501
502
503
504
505
506
507
508
509
512
514
515
516
517
652
715
721
725
749
753
809
816
883

1
2
3
4
5
6
7
8
9
10
12
13
14
15
16
17
18
20
21
22
23
24
25
26
27
28
30
32
33
34
35
36
37
38
39
40
41
43
45
46
47
48
49
50
51
52
53
54
55
56
57
58
59
60
61
62
63
64
65
66
67
69
71
72
73
74
75
76
77
78
79
80
81
82
84
85
87
88
89
90
93
94
95
96
97
98
99
101
103
105
106
107
108
109
110
111
112
114
116
117
118
119
120
121
122
124
125
126
127
128
183
226
232
259
631
632
649
664
688
689
712
729

42
68
91
104
123
129
149
153
156
189
243
244
256
271
420
428
430
485
520
523
526
527
529
530
531
532
535
536
537
538
539
540
541
542
544
545
546
547
548
553
554
555
556
557
558
559
563
564
565
566
567
568
569
570
571
572
573
574
575
576
577
578
579
580
581
582
583
584
585
586
587
588
589
590
592
593
594
595
596
598
599
600
601
602
603
604
605
606
607
608
609
610
611
612
613
614
615
616
619
621
622
626
627
629
633
635
636
637
639
640
641
643
644
648
680
683
687
702
704
705
706
708
709
718
719
720
722
723
724
726
727
736
737
738
739
741
743
748
792
796
814
827
836
852
854
860
865
900
908
913
914
916
917
918
919
920
921
922
924
925
926
927
928
929
930
933
936
938
940
946
950
966
984
986
989
992
994
1000
1008
1017
1022
1034
1036
1049
1061
1064
1065
1067
1070
1073
1074
1076

130
131
132
133
134
137
139
140
141
142
145
147
148
150
151
152
154
157
159
160
161
162
163
164
166
168
170
171
172
173
174
175
176
177
178
181
182
184
185
187
188
190
191
192
193
194
195
196
198
200
201
203
204
205
206
207
208
209
210
211
212
213
214
215
216
217
218
219
220
221
222
223
224
225
227
228
229
230
231
233
234
235
236
237
238
239
246
247
249
251
252
253
257
261
263
264
265
266
268
269
270
272
273
274
276
277
280
281
282
283
284
285
286
287
288
289
290
291
292
293
294
298
299
302
303
307
310
311
312
313
314
318
319
322
323
329
330
332
333
335
336
342
343
348
349
352
354
356
359
361
364
366
367
368
373
374
378
379
385
390
399
407
409
410
411
412
414
415
417
418
427
432
434
437
446
447
448
449
452
453
455
456
457
458
459
461
462
463
465
469
470
471
474
475
478
484
486
488
510
511
518
521
522
525
549
551
552
560
561
562
617
618
620
623
628
630
634
645
647
650
655
656
666
672
679
686
690
691
692
693
694
711
714
716
717
728
742
746
747
750
758
761
762
763
765
768
769
772
773
775
776
777
778
779
782
783
785
787
788
789
790
808
837
851
863
878
892
899
901
902
904
906
909
1015
1016
1048
1079
1082
1095

262
296
304
308
337
397
401
443
445
450
466
480
513
533
534
597
624
638
642
646
651
653
654
657
658
659
660
661
662
663
665
667
668
669
670
671
673
674
675
676
677
678
681
682
684
685
695
696
697
698
699
700
701
703
710
713
730
731
732
733
734
735
740
744
751
752
754
755
756
757
759
760
764
766
767
770
771
774
780
781
784
786
791
793
794
795
797
798
799
800
801
802
803
804
805
806
807
812
813
815
817
818
819
820
821
822
823
824
825
826
828
829
830
831
832
833
834
835
838
839
840
841
842
843
844
845
846
847
848
849
850
853
855
856
857
858
859
861
862
864
866
867
868
869
870
871
872
873
874
875
876
877
879
880
881
882
884
885
886
887
888
889
890
891
893
894
895
896
897
898
903
905
907
910
911
912
915
923
931
932
934
935
937
939
941
942
943
944
945
947
948
949
951
952
953
954
955
956
957
958
959
960
961
962
963
964
965
967
968
969
970
971
972
973
974
975
976
977
978
979
980
981
982
983
985
987
988
990
991
993
995
996
997
998
999
1001
1002
1003
1004
1005
1006
1007
1009
1010
1011
1012
1013
1014
1018
1019
1020
1021
1023
1024
1025
1026
1027
1028
1029
1030
1031
1032
1033
1035
1037
1038
1039
1040
1041
1042
1043
1044
1045
1046
1047
1050
1051
1052
1053
1054
1055
1056
1057
1058
1059
1060
1062
1063
1066
1068
1069
1071
1072
1075
1077
1078
1080
1081
1083
1084
1085
1086
1087
1088
1089
1090
1091
1092
1093
1094

