67
1 0.018333538128476427
60 0.01942106507412951
80 0.015525326108016222
161 0.010018238643219374
947 0.03243408689185411
969 0.011886627519728786
1054 0.022004862322938683
1139 0.004342502916997532
1242 0.013922719829842008
1373 0.011190861793811081
1437 0.015874484609688228
1496 0.007516581213956198
1503 0.01398627427762746
1606 0.022286842002826684
2327 0.02100256806917128
2438 0.012415464737983528
2954 0.010720609304297116
3066 0.011386519402213932
3690 0.01288892177349619
3786 0.011346826821798
3948 0.03085258389681234
4099 0.012941528859207047
4268 0.012994644233809681
4382 0.004876425029090843
4383 0.006937372472681829
4482 0.010471221705976953
4659 0.018803770352268507
4928 0.05774109625388162
5165 0.022004862322938683
5381 0.0043204249816803444
5386 0.012994644233809681
5441 0.03874715290695986
5463 0.012019101363756193
5531 0.020778153297520245
5939 0.006677604534142567
5965 0.01624733244941324
5985 0.003484025149187423
5988 0.008797744879633246
6370 0.03085258389681234
6381 0.012485261717629334
6482 0.014593967012704498
6587 0.005920320093258855
6718 0.03884213014825902
6834 0.0030563857650498863
6852 0.014383849774483462
7095 0.02323157134835712
7238 0.011886627519728786
7521 0.010783460738476887
7591 0.01398627427762746
7680 0.009319215971590484
7794 0.023586365317980452
7834 0.028623580617626498
7863 0.010240065794909662
7959 0.010712525580021209
8033 0.00683198780452827
8171 0.01288892177349619
8421 0.025815368597166294
8533 0.011307418778454419
8592 0.013268203082071422
8601 0.01891539361568762
8653 0.012388813655981334
8697 0.005400383069068376
8814 0.004999690249472134
8815 0.011268291221781737
8892 0.011346826821798
8893 0.011714819833788612
8894 0.023586365317980452
