32
430 2.1595466130645556e-05
751 0.00011614595437539213
1140 3.8493910507496085e-05
1145 9.920086195142229e-05
1146 0.0001504088997800851
1539 0.00011198624708459517
1676 0.0002462203859023654
1677 0.0002734912621014559
1916 0.00014071861357331354
1917 0.00015663840245623315
2284 0.00015447220461114937
2586 9.502842032885344e-06
3249 0.00012016732165868515
3746 1.903006184883404e-05
3832 3.3290954653437934e-05
4308 7.955569410086921e-05
4432 6.4078409870285e-05
4479 0.00016007969731333051
5039 0.0002734912621014559
5469 1.1433598200043818e-05
5894 1.5848029138067838e-05
5896 1.6219082409210568e-05
6242 3.105201474962982e-05
6246 0.00010128967145643295
6833 2.7093186202753706e-05
6999 6.309390310328486e-05
7177 0.00015447220461114937
7211 0.00010498321344481378
7503 3.173002815645075e-05
7890 9.233159952796689e-06
8756 9.372690041743856e-05
8757 9.818910047034337e-05
