456
68 3.241760820520544e-05
77 8.691610145495967e-05
78 0.00022419450561242282
97 8.612797493712278e-05
99 0.00020298083458234552
115 0.0002875104201589402
117 0.00017370426675739054
132 8.334256383691721e-05
135 0.00015775871449691997
136 0.00022419450561242282
138 5.5304247721948624e-05
139 0.00010897983139923425
153 0.00016007969731333051
156 0.00019506105515172307
158 1.722259642893919e-05
163 4.4209139343250144e-05
166 0.0002734912621014559
196 8.935997200289977e-05
243 6.309390310328486e-05
278 5.558192042480493e-05
290 5.516600244482883e-05
328 5.502814824397996e-05
330 6.358367031630664e-05
336 0.00020019542348213994
370 0.0001347133110905388
423 8.63892700805903e-05
430 2.1595466130645556e-05
443 5.859719717528758e-05
446 0.00010058340652177312
463 2.104404381130732e-05
473 4.858985121920245e-05
493 0.0001300045474523503
507 0.00018617626542465564
509 1.4811799641107606e-05
511 4.409901177660094e-05
524 0.00013837905578907654
549 6.786862826996617e-05
571 0.0001804365299615294
597 0.00011198624708459517
599 0.00016251677649793962
706 6.525271795805037e-05
707 9.496067334174995e-05
708 9.654815662959692e-05
711 0.0002875104201589402
732 0.00011614595437539213
735 0.00017370426675739054
764 0.00017065756051371745
818 0.00016128300357362823
819 0.0001677901789526326
861 7.316251041712385e-05
883 0.0002875104201589402
891 5.757123449128065e-05
892 0.0001475693727081854
941 9.719791862251607e-05
983 0.00010347204034115494
984 0.00014944388948364012
993 0.0002462203859023654
1011 8.56095506062492e-05
1020 0.00018418695135817993
1041 0.00010734164596720007
1083 7.178415593526694e-05
1084 0.0002537323685808453
1126 4.895306850942043e-05
1130 8.665197383001834e-05
1181 0.00018617626542465564
1182 0.00019041645403432799
1208 0.00012571095453322076
1216 4.5550455969092306e-05
1217 9.818910047034337e-05
1222 0.0001786642827461757
1234 2.8271279696782107e-05
1239 0.00013196715204843822
1306 4.5550455969092306e-05
1312 0.00011243128604527755
1314 0.00013401212737453773
1316 0.00019756065060853997
1320 0.00022419450561242282
1364 0.00016378259903044513
1365 6.733409171295719e-05
1418 6.424444555902466e-05
1440 0.00010815385522706535
1474 0.0001239806629188251
1506 0.0001523982138465608
1507 0.00016378259903044513
1517 9.106007793564448e-05
1539 0.00011198624708459517
1557 0.00019506105515172307
1570 0.0002059351589452662
1578 0.00010856509334268535
1582 0.00019041645403432799
1621 0.00011198624708459517
1622 0.00011333374567896404
1623 0.0001664173719040451
1636 0.00015663840245623315
1638 7.33626397641186e-05
1748 0.00020019542348213994
1881 8.408656954820681e-05
1882 9.496067334174995e-05
1922 7.334292682143156e-06
1929 4.2158123180710165e-05
1931 7.754816608258265e-05
1932 0.0001275049519955334
1941 8.024367862190805e-05
1956 0.0001128804268053397
2004 7.217400943451535e-05
2008 0.00020298083458234552
2092 0.0001423431449207802
2108 0.0001376235146469122
2234 0.00016251677649793962
2255 0.00014849761844045535
2299 0.00010982004923951138
2300 0.00011024565393173974
2329 0.0001423431449207802
2371 8.858094887998e-06
2379 0.00010939812948263226
2382 0.00011154523568104574
2384 3.364472337590274e-05
2389 8.070779096331723e-05
2391 2.4157123570420575e-05
2417 8.63892700805903e-05
2448 8.825864993225359e-05
2469 0.00011110817958998604
2493 2.5565430128539482e-05
2526 8.070779096331723e-05
2550 5.3403616896513294e-05
2552 0.00017370426675739054
2557 0.00012230970742046953
2559 7.604199766141655e-05
2563 2.4450245822639586e-05
2571 6.593667904531496e-05
2586 9.502842032885344e-06
2606 0.00013196715204843822
2607 3.3290954653437934e-05
2618 4.846937791309118e-05
2667 8.358930576913648e-05
2692 0.0001804365299615294
2716 0.0001523982138465608
2773 0.00011067500849334801
2790 0.00011425323385392718
2794 0.00012341728754011654
2825 0.00011614595437539213
2843 7.33626397641186e-05
2850 9.252359415714085e-05
2945 0.0001196461249524729
2955 4.7516165565500014e-05
2982 7.197869283035229e-05
3042 0.0001287387249198448
3050 5.1064059112276297e-05
3051 7.910237522724487e-05
3056 0.00019268344080366
3113 6.165346047478709e-05
3134 0.0001228603508781383
3147 0.00012936752625714268
3149 7.541048004377448e-05
3150 7.604199766141655e-05
3185 0.00010939812948263226
3341 0.00016251677649793962
3368 0.00010058340652177312
3370 0.00011811516886331826
3372 6.542281037332744e-05
3375 0.00010236864012694453
3421 8.586807337437805e-05
3427 0.00019041645403432799
3478 7.865323446718271e-05
3482 0.00014665847838343454
3484 0.00030726931367955075
3490 0.0001245506276326127
3513 6.056183085252843e-05
3545 6.071628875522179e-05
3551 0.0002462203859023654
3557 0.00015775871449691997
3564 0.00010774605847492284
3586 6.228840662358072e-05
3601 0.00015139340654708521
3602 0.00018227567001855016
3605 5.380470086849468e-05
3626 0.00015342417653056774
3641 0.0001228603508781383
3657 4.716346370617082e-05
3670 0.0002462203859023654
3719 2.489326185102742e-05
3723 6.859058854884968e-05
3727 6.424444555902466e-05
3743 3.233112827567267e-05
3746 1.903006184883404e-05
3760 0.00010614816360120087
3766 5.131853189681648e-05
3767 0.00017065756051371745
3788 0.0001300045474523503
3789 0.00016508218077975113
3819 6.424444555902466e-05
3832 3.3290954653437934e-05
3837 0.0001239806629188251
3838 0.00014665847838343454
3884 8.433711728522342e-05
3887 5.5861184383926875e-05
3929 0.00015663840245623315
3932 4.895306850942043e-05
3951 9.920086195142229e-05
3954 0.00010774605847492284
3994 0.0001147195668623605
3996 7.417147870601431e-05
3997 0.0001347133110905388
3998 0.0002734912621014559
4171 0.0002875104201589402
4177 0.00030726931367955075
4189 4.981125419104163e-05
4198 0.00013332088986277624
4247 4.846937791309118e-05
4307 0.0002875104201589402
4308 7.955569410086921e-05
4313 0.00030726931367955075
4314 3.1644758795232604e-05
4326 0.00011024565393173974
4328 0.00011566583790554528
4329 3.676019862375966e-05
4332 8.117636599183342e-05
4336 0.00012571095453322076
4345 5.131853189681648e-05
4390 8.825864993225359e-05
4432 6.4078409870285e-05
4451 0.00010200632301179658
4452 0.0001664173719040451
4457 0.00010058340652177312
4460 0.00011862016226846598
4471 0.00017065756051371745
4484 0.00012176521653240713
4485 7.159039254876493e-05
4495 3.207260550754382e-05
4525 9.818910047034337e-05
4527 0.0001753021616311125
4563 4.728074758348793e-05
4565 0.00013837905578907654
4628 0.00011566583790554528
4632 0.00026261715830791277
4639 0.0002875104201589402
4644 0.00015139340654708521
4659 6.610917985376751e-05
4676 1.811794967986411e-05
4810 0.00010856509334268535
4818 9.048676041112919e-05
4834 1.7286007534181456e-05
4839 3.088397517794058e-05
4842 0.00015554326811050196
4844 0.00010734164596720007
4851 0.0001399262151792957
4852 0.00015663840245623315
4911 6.341986704442123e-05
4913 6.457822376461287e-05
4914 6.542281037332744e-05
4923 8.188778632745044e-05
4933 2.564069103539461e-05
4942 6.804811807694473e-05
5044 0.00010058340652177312
5105 0.0002462203859023654
5120 0.0002734912621014559
5161 5.502814824397996e-05
5162 5.6001418804450566e-05
5177 6.196989942762013e-05
5181 0.00016007969731333051
5208 0.00023971321052336105
5222 2.3001954162320978e-05
5228 4.931901336427842e-05
5242 6.786862826996617e-05
5254 5.9796800580258657e-05
5294 9.68719546813797e-05
5297 0.0001415241100530177
5334 9.719791862251607e-05
5335 9.852402568908913e-05
5362 0.00017370426675739054
5369 7.562007790453742e-05
5379 2.541525611908456e-05
5380 3.8298201700263376e-05
5395 3.215862746722012e-05
5411 8.164949036359771e-05
5427 3.490353872923123e-05
5434 7.159039254876493e-05
5443 0.00011712061541501202
5447 0.00016251677649793962
5455 8.908229930004346e-05
5469 1.1433598200043818e-05
5509 8.935997200289977e-05
5558 9.68719546813797e-05
5563 0.00016128300357362823
5575 0.00017065756051371745
5588 6.913916575845257e-05
5595 0.00019268344080366
5602 0.00018825025618924418
5618 0.00014071861357331354
5669 0.0001300045474523503
5674 0.00010236864012694453
5702 3.9886331735258645e-05
5705 0.00011566583790554528
5736 0.0002734912621014559
5797 5.544288630052885e-05
5834 6.804811807694473e-05
5894 1.5848029138067838e-05
5896 1.6219082409210568e-05
5932 0.00015663840245623315
5975 0.00010460100421098168
5988 7.044371782011974e-05
6000 3.4631041686461846e-05
6005 0.00010897983139923425
6022 2.0770655001689466e-05
6064 0.00010498321344481378
6067 0.00016378259903044513
6069 0.0001786642827461757
6071 0.0002199543170027505
6141 0.00010982004923951138
6172 0.00012230970742046953
6197 5.5304247721948624e-05
6211 7.356359438910525e-05
6227 0.00010536844412685977
6229 7.458098891001271e-05
6230 0.0001239806629188251
6242 3.105201474962982e-05
6264 4.7398314413738584e-05
6348 9.590694438493474e-05
6387 9.558947467904783e-05
6408 4.3989132524856074e-05
6413 9.590694438493474e-05
6461 0.00014849761844045535
6467 4.669713069773751e-05
6468 4.669713069773751e-05
6470 0.0001263016457352357
6475 8.691610145495967e-05
6483 0.00010734164596720007
6507 6.212889280683989e-05
6565 0.00011333374567896404
6578 6.025437603138515e-05
6586 5.24803957997587e-05
6588 6.576478670658657e-05
6589 5.9343481706634316e-05
6598 0.00012936752625714268
6614 8.484211069037113e-05
6650 9.785646144837983e-05
6661 5.889434094657216e-05
6664 0.00015775871449691997
6667 0.00012069415303305452
6668 0.00017695423263882194
6675 5.7716484755306535e-05
6693 0.0001128804268053397
6696 0.0001399262151792957
6706 7.910237522724487e-05
6707 0.00016251677649793962
6708 0.00017370426675739054
6730 0.00013065000625947455
6748 0.00012016732165868515
6751 0.00023397347506023475
6757 0.0001287387249198448
6760 1.9892587507080337e-05
6789 4.7516165565500014e-05
6796 8.260974660633398e-05
6848 0.00012122674224136485
6941 0.00022883910672981793
6942 0.0002462203859023654
6960 3.259102983841739e-05
6965 0.00013332088986277624
6999 6.309390310328486e-05
7010 0.0001504088997800851
7020 0.00030726931367955075
7060 0.00019041645403432799
7080 0.0001263016457352357
7084 0.00015447220461114937
7091 9.464928935894339e-05
7100 0.00015342417653056774
7161 0.0001423431449207802
7205 0.0002875104201589402
7211 0.00010498321344481378
7344 8.96392359620217e-05
7345 0.00011425323385392718
7346 8.070779096331723e-05
7392 5.274239335290522e-05
7450 0.00012936752625714268
7451 0.0001300045474523503
7482 2.5340342303404983e-05
7483 2.8590308184836374e-05
7503 3.173002815645075e-05
7523 8.935997200289977e-05
7559 8.509658347491132e-05
7577 8.853165584237468e-05
7578 8.88061998220748e-05
7587 0.00013687950893562258
7602 9.654815662959692e-05
7604 0.00022883910672981793
7608 0.00015554326811050196
7627 7.887728740211037e-05
7630 0.0002875104201589402
7693 0.00014576429866269
7717 0.00018227567001855016
7737 0.00020298083458234552
7799 9.403242760948e-05
7808 4.7398314413738584e-05
7818 2.996997446737178e-05
7836 6.424444555902466e-05
7839 0.00010614816360120087
7858 4.509923582401553e-05
7861 0.00013263932032595027
7862 9.077257605451787e-05
7866 5.91933076971794e-05
7868 0.00021244233432427055
7869 0.00022883910672981793
7884 0.00010982004923951138
7886 7.910237522724487e-05
7890 9.233159952796689e-06
7893 5.131853189681648e-05
7894 6.374802604546662e-05
7902 7.376538112671329e-05
7904 6.056183085252843e-05
7958 9.496067334174995e-05
8009 2.7093186202753706e-05
8010 3.97855428110104e-05
8016 3.6571316885345003e-05
8031 5.5721352358276173e-05
8032 6.056183085252843e-05
8042 6.663037655997976e-05
8045 0.0001263016457352357
8061 7.865323446718271e-05
8066 0.00018227567001855016
8069 5.287392225192349e-05
8088 8.509658347491132e-05
8090 9.558947467904783e-05
8102 0.00020908021320920737
8134 0.00012176521653240713
8137 8.63892700805903e-05
8140 0.00018825025618924418
8144 1.8182537399726556e-05
8156 0.0002199543170027505
8162 0.00013332088986277624
8170 0.00011425323385392718
8179 0.00017370426675739054
8189 0.00020298083458234552
8190 0.0002059351589452662
8208 0.00020298083458234552
8234 4.8109734749355606e-05
8363 0.0002734912621014559
8442 8.001326955199571e-05
8445 0.00026261715830791277
8449 0.00016251677649793962
8466 0.00021605372159664503
8474 8.408656954820681e-05
8487 0.00012571095453322076
8530 0.0001147195668623605
8539 7.955569410086921e-05
8621 0.000101646679848061
8639 3.69498153124238e-05
8642 9.164022082905678e-05
8666 0.0001128804268053397
8678 4.409901177660094e-05
8722 7.217400943451535e-05
8723 0.00010498321344481378
8800 0.00011379132113009053
8824 0.00011712061541501202
8827 0.0001415241100530177
8847 0.00016007969731333051
8866 3.8493910507496085e-05
