446
58 3.9886331735258645e-05
68 3.241760820520544e-05
103 0.00019268344080366
137 0.00015342417653056774
143 0.00018617626542465564
145 5.786216925096193e-05
152 0.0001475693727081854
158 1.722259642893919e-05
160 3.6009024944890365e-05
163 4.4209139343250144e-05
225 4.311890533715833e-05
226 0.00011712061541501202
240 0.00010347204034115494
243 6.309390310328486e-05
278 5.558192042480493e-05
290 5.516600244482883e-05
295 6.969398876306011e-05
311 0.00012016732165868515
371 9.818910047034337e-05
378 7.955569410086921e-05
424 0.00019041645403432799
430 2.1595466130645556e-05
449 6.628229345501092e-05
450 0.00020298083458234552
463 2.104404381130732e-05
511 4.409901177660094e-05
545 0.0001300045474523503
546 0.00013263932032595027
595 0.0002875104201589402
621 0.00011110817958998604
645 6.341986704442123e-05
653 0.00015775871449691997
668 8.63892700805903e-05
670 0.0002059351589452662
695 0.00011519040557349246
732 0.00011614595437539213
735 0.00017370426675739054
751 0.00011614595437539213
753 9.752607762356147e-05
757 0.00010815385522706535
773 0.00011110817958998604
775 0.00016251677649793962
785 9.134928606937549e-05
821 0.00011243128604527755
891 5.757123449128065e-05
917 0.00020298083458234552
941 9.719791862251607e-05
996 0.0002462203859023654
1096 6.950834500520415e-05
1102 8.285279662389543e-05
1126 4.895306850942043e-05
1135 0.00010774605847492284
1137 0.0002537323685808453
1140 3.8493910507496085e-05
1145 9.920086195142229e-05
1146 0.0001504088997800851
1208 0.00012571095453322076
1234 2.8271279696782107e-05
1246 0.00014071861357331354
1247 0.0001431761810607271
1249 0.0001147195668623605
1279 0.00019041645403432799
1396 0.00018617626542465564
1418 6.424444555902466e-05
1489 0.0001677901789526326
1494 0.00014576429866269
1496 0.00019506105515172307
1497 6.663037655997976e-05
1498 0.00020298083458234552
1511 9.312153328472917e-05
1559 0.00011425323385392718
1576 0.0001376235146469122
1656 0.00026261715830791277
1678 0.00015663840245623315
1679 0.0001677901789526326
1706 3.382257549850835e-05
1707 0.00015554326811050196
1721 0.0001399262151792957
1722 8.117636599183342e-05
1729 0.00010200632301179658
1739 0.00015775871449691997
1746 0.00018418695135817993
1772 0.0002875104201589402
1819 0.00014488623116808087
1901 0.00011243128604527755
1902 0.00019041645403432799
1922 7.334292682143156e-06
1929 4.2158123180710165e-05
1941 8.024367862190805e-05
1984 0.00010734164596720007
1987 0.00012571095453322076
1991 0.00022419450561242282
1992 0.00022419450561242282
2044 0.00010536844412685977
2070 0.00016251677649793962
2123 0.00011243128604527755
2124 0.00011663084820199027
2126 0.0001300045474523503
2139 0.00023971321052336105
2143 0.00022883910672981793
2230 0.00023971321052336105
2277 0.00023397347506023475
2284 0.00015447220461114937
2294 8.535239208071232e-05
2309 0.00023397347506023475
2329 0.0001423431449207802
2371 8.858094887998e-06
2373 4.532432364915004e-05
2377 0.0001228603508781383
2384 3.364472337590274e-05
2391 2.4157123570420575e-05
2451 0.00014576429866269
2493 2.5565430128539482e-05
2499 0.00020019542348213994
2501 0.00017065756051371745
2559 7.604199766141655e-05
2560 0.0002199543170027505
2571 6.593667904531496e-05
2586 9.502842032885344e-06
2605 0.0002875104201589402
2607 3.3290954653437934e-05
2662 0.00018418695135817993
2714 8.691610145495967e-05
2725 0.00010536844412685977
2728 0.00010939812948263226
2729 0.00019506105515172307
2732 0.00012069415303305452
2733 0.0001786642827461757
2739 7.583058115843726e-05
2742 0.0001677901789526326
2744 7.52017798211394e-05
2762 0.00010200632301179658
2767 0.00017215710736717137
2768 0.0001415241100530177
2769 0.00021244233432427055
2783 8.718166847460814e-05
2785 0.00010856509334268535
2790 0.00011425323385392718
2791 0.00015663840245623315
2797 0.00010347204034115494
2823 0.00016508218077975113
2824 0.00030726931367955075
2825 0.00011614595437539213
2830 8.285279662389543e-05
2839 0.0001391464957049546
2861 0.00019268344080366
2862 0.00012230970742046953
2881 0.00030726931367955075
2890 0.0001415241100530177
2903 8.718166847460814e-05
2907 0.0002462203859023654
2908 0.0002734912621014559
2945 0.0001196461249524729
2955 4.7516165565500014e-05
2958 6.950834500520415e-05
2961 0.00020908021320920737
2993 0.0002875104201589402
3002 0.0001440237055098346
3042 0.0001287387249198448
3044 0.00023971321052336105
3050 5.1064059112276297e-05
3051 7.910237522724487e-05
3052 0.00011379132113009053
3054 0.0002537323685808453
3112 0.0001440237055098346
3188 0.00026261715830791277
3197 0.0002462203859023654
3198 0.00030726931367955075
3214 8.001326955199571e-05
3300 0.00020298083458234552
3303 0.00010058340652177312
3305 0.0002199543170027505
3314 0.00026261715830791277
3368 0.00010058340652177312
3370 0.00011811516886331826
3372 6.542281037332744e-05
3375 0.00010236864012694453
3382 0.0002734912621014559
3395 7.541048004377448e-05
3465 5.7716484755306535e-05
3513 6.056183085252843e-05
3576 5.3536945098705395e-05
3582 0.00010815385522706535
3583 0.00011663084820199027
3586 6.228840662358072e-05
3594 0.00018227567001855016
3626 0.00015342417653056774
3647 8.094151528426567e-05
3654 6.663037655997976e-05
3719 2.489326185102742e-05
3724 5.7716484755306535e-05
3727 6.424444555902466e-05
3743 3.233112827567267e-05
3766 5.131853189681648e-05
3786 0.00010058340652177312
3813 0.00019756065060853997
3832 3.3290954653437934e-05
3875 3.285232498188492e-05
3887 5.5861184383926875e-05
3891 8.334256383691721e-05
3892 0.00011110817958998604
3912 0.00013263932032595027
3977 0.0001128804268053397
4061 0.00013130412920165632
4128 0.00016128300357362823
4163 0.00017695423263882194
4189 4.981125419104163e-05
4198 0.00013332088986277624
4247 4.846937791309118e-05
4302 0.00018617626542465564
4314 3.1644758795232604e-05
4361 0.00022419450561242282
4375 7.541048004377448e-05
4376 0.00014488623116808087
4402 6.950834500520415e-05
4432 6.4078409870285e-05
4457 0.00010058340652177312
4467 5.5861184383926875e-05
4481 9.282164663063054e-05
4486 0.00012571095453322076
4523 0.00026261715830791277
4533 5.685140711216779e-05
4546 7.625433537211054e-05
4561 0.0001440237055098346
4563 4.728074758348793e-05
4577 3.9085797470059324e-05
4596 0.00017370426675739054
4619 0.00010856509334268535
4627 0.0002199543170027505
4658 8.334256383691721e-05
4659 6.610917985376751e-05
4670 7.541048004377448e-05
4676 1.811794967986411e-05
4679 0.00012122674224136485
4759 5.0810908270240366e-05
4760 0.0001347133110905388
4797 9.988723143186235e-05
4834 1.7286007534181456e-05
4853 8.535239208071232e-05
4860 0.00020019542348213994
4878 6.969398876306011e-05
4893 0.00016378259903044513
4908 9.372690041743856e-05
4933 2.564069103539461e-05
4951 0.00018825025618924418
4952 0.00022883910672981793
4981 0.00016508218077975113
5151 0.0001431761810607271
5168 0.00014488623116808087
5181 0.00016007969731333051
5211 0.00019506105515172307
5217 7.159039254876493e-05
5242 6.786862826996617e-05
5254 5.9796800580258657e-05
5264 0.00011425323385392718
5266 0.00019506105515172307
5334 9.719791862251607e-05
5335 9.852402568908913e-05
5427 3.490353872923123e-05
5430 6.441104889224853e-05
5438 0.0001753021616311125
5469 1.1433598200043818e-05
5549 0.00030726931367955075
5588 6.913916575845257e-05
5595 0.00019268344080366
5600 0.00018227567001855016
5631 0.00015663840245623315
5636 0.00010310145735752775
5644 7.711306116076915e-05
5649 0.00026261715830791277
5687 2.724862948448243e-05
5691 8.383730339089555e-05
5787 0.00013687950893562258
5822 9.134928606937549e-05
5823 0.0001475693727081854
5841 0.00014488623116808087
5842 0.0002875104201589402
5854 7.178415593526694e-05
5856 0.00021605372159664503
5894 1.5848029138067838e-05
5896 1.6219082409210568e-05
5909 6.663037655997976e-05
5995 0.00019268344080366
6000 3.4631041686461846e-05
6002 0.00021605372159664503
6005 0.00010897983139923425
6022 2.0770655001689466e-05
6040 0.00014488623116808087
6054 0.00023971321052336105
6114 0.00010536844412685977
6117 0.00021605372159664503
6133 0.00013614669170503938
6153 0.0001440237055098346
6162 0.0001128804268053397
6164 0.0001300045474523503
6195 9.622649587425546e-05
6218 9.464928935894339e-05
6227 0.00010536844412685977
6229 7.458098891001271e-05
6292 8.853165584237468e-05
6302 8.509658347491132e-05
6306 0.00011425323385392718
6309 0.0001147195668623605
6507 6.212889280683989e-05
6521 0.00030726931367955075
6529 0.00020298083458234552
6530 0.0002059351589452662
6540 6.040786096929821e-05
6541 0.00016920278300425065
6556 0.00016378259903044513
6577 0.00010897983139923425
6578 6.025437603138515e-05
6579 0.00016920278300425065
6586 5.24803957997587e-05
6588 6.576478670658657e-05
6589 5.9343481706634316e-05
6593 7.754816608258265e-05
6595 7.66818067754729e-05
6614 8.484211069037113e-05
6638 9.282164663063054e-05
6650 9.785646144837983e-05
6661 5.889434094657216e-05
6664 0.00015775871449691997
6675 5.7716484755306535e-05
6682 6.698096388147314e-05
6702 0.0001440237055098346
6712 6.025437603138515e-05
6724 0.00012936752625714268
6760 1.9892587507080337e-05
6789 4.7516165565500014e-05
6800 0.0002537323685808453
6801 0.0002875104201589402
6826 0.00013614669170503938
6835 0.0002875104201589402
6873 0.00020298083458234552
6885 5.131853189681648e-05
6898 0.0001263016457352357
6903 0.0002059351589452662
6905 2.9805618738211806e-05
6908 8.935997200289977e-05
6930 0.0001391464957049546
6956 0.00014944388948364012
6957 0.0001664173719040451
6992 4.787143878550288e-05
6999 6.309390310328486e-05
7025 0.00016007969731333051
7067 3.508605365233e-05
7073 5.516600244482883e-05
7077 0.00018825025618924418
7082 0.00020019542348213994
7084 0.00015447220461114937
7091 9.464928935894339e-05
7101 0.00011862016226846598
7124 6.859058854884968e-05
7139 6.196989942762013e-05
7178 3.714017269315804e-05
7181 0.0001263016457352357
7221 0.00021605372159664503
7243 0.00013687950893562258
7246 0.00018227567001855016
7250 0.0002734912621014559
7251 7.689695691525318e-05
7260 0.0001664173719040451
7270 0.00022419450561242282
7292 0.0002875104201589402
7321 3.8200641252257444e-05
7327 0.00011761535496899039
7385 0.00017065756051371745
7392 5.274239335290522e-05
7394 0.00022883910672981793
7476 8.117636599183342e-05
7480 9.252359415714085e-05
7503 3.173002815645075e-05
7504 0.00012571095453322076
7559 8.509658347491132e-05
7585 0.00020908021320920737
7597 0.0001786642827461757
7656 0.00016508218077975113
7657 0.00020298083458234552
7677 6.988034244141115e-05
7678 8.260974660633398e-05
7679 8.260974660633398e-05
7781 0.0002059351589452662
7784 7.082295263288685e-05
7800 0.00017065756051371745
7818 2.996997446737178e-05
7836 6.424444555902466e-05
7890 9.233159952796689e-06
7917 0.00021244233432427055
7938 4.907474504580058e-05
7943 7.64676023536449e-05
7995 9.134928606937549e-05
7997 0.00022883910672981793
7998 0.00016251677649793962
8000 0.00016378259903044513
8009 2.7093186202753706e-05
8010 3.97855428110104e-05
8013 0.00023397347506023475
8020 0.00016920278300425065
8024 0.00014488623116808087
8028 0.00019268344080366
8069 5.287392225192349e-05
8077 0.0001300045474523503
8081 0.0001664173719040451
8144 1.8182537399726556e-05
8150 0.00012176521653240713
8158 0.00010939812948263226
8213 0.0001376235146469122
8225 0.0002875104201589402
8234 4.8109734749355606e-05
8329 0.00030726931367955075
8335 0.0002199543170027505
8429 0.00016128300357362823
8444 5.815485137703107e-05
8449 0.00016251677649793962
8474 8.408656954820681e-05
8479 0.00019041645403432799
8480 0.00026261715830791277
8531 9.752607762356147e-05
8532 0.0001002340757964429
8569 0.00016508218077975113
8596 0.0002059351589452662
8626 0.0001263016457352357
8639 3.69498153124238e-05
8642 9.164022082905678e-05
8666 0.0001128804268053397
8678 4.409901177660094e-05
8687 0.00013837905578907654
8688 0.00019506105515172307
8695 4.476354154013861e-05
8696 4.787143878550288e-05
8717 9.106007793564448e-05
8718 9.403242760948e-05
8735 0.0002537323685808453
8746 0.00011811516886331826
8752 0.0002462203859023654
8754 0.00017695423263882194
8763 6.542281037332744e-05
8764 0.0001287387249198448
8767 0.0001239806629188251
8813 4.431951634967444e-05
8845 0.0001431761810607271
8866 3.8493910507496085e-05
8874 0.0001786642827461757
8875 0.0001804365299615294
8900 0.0002875104201589402
