140
132 8.334256383691721e-05
134 0.0001376235146469122
135 0.00015775871449691997
153 0.00016007969731333051
156 0.00019506105515172307
295 6.969398876306011e-05
320 0.00017370426675739054
459 8.798716495431228e-05
463 2.104404381130732e-05
511 4.409901177660094e-05
549 6.786862826996617e-05
575 8.825864993225359e-05
597 0.00011198624708459517
723 6.212889280683989e-05
726 6.4078409870285e-05
785 9.134928606937549e-05
786 0.00023971321052336105
787 0.0002875104201589402
969 0.00010536844412685977
1011 8.56095506062492e-05
1083 7.178415593526694e-05
1365 6.733409171295719e-05
1474 0.0001239806629188251
1497 6.663037655997976e-05
1706 3.382257549850835e-05
1713 4.787143878550288e-05
1748 0.00020019542348213994
1777 4.871062309639001e-05
1929 4.2158123180710165e-05
1931 7.754816608258265e-05
1941 8.024367862190805e-05
2059 0.00014071861357331354
2118 6.715720793434914e-05
2126 0.0001300045474523503
2299 0.00010982004923951138
2300 0.00011024565393173974
2371 8.858094887998e-06
2373 4.532432364915004e-05
2379 0.00010939812948263226
2382 0.00011154523568104574
2391 2.4157123570420575e-05
2417 8.63892700805903e-05
2557 0.00012230970742046953
2586 9.502842032885344e-06
2759 0.00015554326811050196
2773 0.00011067500849334801
2982 7.197869283035229e-05
3086 0.00018418695135817993
3087 0.00020019542348213994
3088 0.0002537323685808453
3214 8.001326955199571e-05
3308 0.00012571095453322076
3372 6.542281037332744e-05
3375 0.00010236864012694453
3395 7.541048004377448e-05
3421 8.586807337437805e-05
3427 0.00019041645403432799
3490 0.0001245506276326127
3586 6.228840662358072e-05
3654 6.663037655997976e-05
3746 1.903006184883404e-05
3832 3.3290954653437934e-05
3837 0.0001239806629188251
3875 3.285232498188492e-05
3901 0.00010384546306881737
4182 0.00021244233432427055
4286 0.0001228603508781383
4326 0.00011024565393173974
4328 0.00011566583790554528
4453 3.6854914742017664e-05
4460 0.00011862016226846598
4467 5.5861184383926875e-05
4485 7.159039254876493e-05
4516 0.00011663084820199027
4567 6.341986704442123e-05
4644 0.00015139340654708521
4670 7.541048004377448e-05
4676 1.811794967986411e-05
4679 0.00012122674224136485
4923 8.188778632745044e-05
5177 6.196989942762013e-05
5180 0.00010982004923951138
5192 8.001326955199571e-05
5289 0.0001300045474523503
5294 9.68719546813797e-05
5300 0.00019506105515172307
5301 0.0002875104201589402
5392 0.00023971321052336105
5395 3.215862746722012e-05
5469 1.1433598200043818e-05
5550 4.944160821510571e-05
5702 3.9886331735258645e-05
5774 0.0001677901789526326
5934 5.434466680855229e-05
5938 5.91933076971794e-05
6114 0.00010536844412685977
6141 0.00010982004923951138
6172 0.00012230970742046953
6242 3.105201474962982e-05
6254 8.141235399539764e-05
6483 0.00010734164596720007
6490 2.724862948448243e-05
6566 7.082295263288685e-05
6586 5.24803957997587e-05
6588 6.576478670658657e-05
6590 8.691610145495967e-05
6593 7.754816608258265e-05
6687 6.196989942762013e-05
6815 7.178415593526694e-05
6817 0.0002875104201589402
6833 2.7093186202753706e-05
6848 0.00012122674224136485
7080 0.0001263016457352357
7178 3.714017269315804e-05
7180 0.0001275049519955334
7208 0.00020908021320920737
7251 7.689695691525318e-05
7301 0.00011024565393173974
7302 0.00011811516886331826
7503 3.173002815645075e-05
7523 8.935997200289977e-05
7559 8.509658347491132e-05
7608 0.00015554326811050196
7609 0.00018825025618924418
7890 9.233159952796689e-06
7893 5.131853189681648e-05
8009 2.7093186202753706e-05
8010 3.97855428110104e-05
8016 3.6571316885345003e-05
8042 6.663037655997976e-05
8045 0.0001263016457352357
8069 5.287392225192349e-05
8124 0.0001300045474523503
8144 1.8182537399726556e-05
8170 0.00011425323385392718
8204 5.1064059112276297e-05
8678 4.409901177660094e-05
8722 7.217400943451535e-05
8723 0.00010498321344481378
8866 3.8493910507496085e-05
