688
15 6.0101372993599195e-05
52 9.785646144837983e-05
68 3.241760820520544e-05
72 0.00013837905578907654
97 8.612797493712278e-05
99 0.00020298083458234552
129 0.0001786642827461757
132 8.334256383691721e-05
135 0.00015775871449691997
151 0.00011712061541501202
153 0.00016007969731333051
156 0.00019506105515172307
158 1.722259642893919e-05
160 3.6009024944890365e-05
163 4.4209139343250144e-05
196 8.935997200289977e-05
235 0.00021605372159664503
236 0.00030726931367955075
243 6.309390310328486e-05
278 5.558192042480493e-05
290 5.516600244482883e-05
319 0.0001523982138465608
328 5.502814824397996e-05
330 6.358367031630664e-05
334 9.252359415714085e-05
338 0.0001391464957049546
370 0.0001347133110905388
375 8.334256383691721e-05
377 0.00011913044365880717
412 6.391293797104737e-05
413 7.562007790453742e-05
430 2.1595466130645556e-05
436 6.181142310095298e-05
443 5.859719717528758e-05
446 0.00010058340652177312
461 0.00015890538922556517
463 2.104404381130732e-05
473 4.858985121920245e-05
480 6.877276232176413e-05
485 0.0002537323685808453
490 0.0001523982138465608
493 0.0001300045474523503
507 0.00018617626542465564
509 1.4811799641107606e-05
511 4.409901177660094e-05
516 0.0002734912621014559
517 0.00021605372159664503
528 0.00020908021320920737
535 8.236790279729728e-05
536 0.00017065756051371745
564 0.00021244233432427055
575 8.825864993225359e-05
597 0.00011198624708459517
607 0.00018825025618924418
608 0.00030726931367955075
632 6.4078409870285e-05
636 0.0002059351589452662
638 0.00026261715830791277
645 6.341986704442123e-05
655 0.00022419450561242282
668 8.63892700805903e-05
673 0.00023971321052336105
674 0.0002537323685808453
687 0.00021605372159664503
698 0.0002537323685808453
706 6.525271795805037e-05
707 9.496067334174995e-05
708 9.654815662959692e-05
723 6.212889280683989e-05
726 6.4078409870285e-05
758 0.00030726931367955075
764 0.00017065756051371745
776 0.00022883910672981793
779 0.00013401212737453773
780 0.00013614669170503938
795 0.0002734912621014559
818 0.00016128300357362823
819 0.0001677901789526326
826 0.00030726931367955075
861 7.316251041712385e-05
872 6.593667904531496e-05
877 0.00026261715830791277
891 5.757123449128065e-05
892 0.0001475693727081854
941 9.719791862251607e-05
944 0.0002537323685808453
983 0.00010347204034115494
984 0.00014944388948364012
988 0.00013263932032595027
993 0.0002462203859023654
1011 8.56095506062492e-05
1041 0.00010734164596720007
1055 0.00011614595437539213
1057 9.988723143186235e-05
1058 0.00014665847838343454
1083 7.178415593526694e-05
1084 0.0002537323685808453
1087 0.0002875104201589402
1102 8.285279662389543e-05
1104 0.0002875104201589402
1126 4.895306850942043e-05
1130 8.665197383001834e-05
1140 3.8493910507496085e-05
1144 0.0001523982138465608
1164 8.408656954820681e-05
1165 8.433711728522342e-05
1183 0.00010310145735752775
1194 0.0001027336712532598
1208 0.00012571095453322076
1216 4.5550455969092306e-05
1217 9.818910047034337e-05
1222 0.0001786642827461757
1306 4.5550455969092306e-05
1316 0.00019756065060853997
1318 0.00017370426675739054
1365 6.733409171295719e-05
1418 6.424444555902466e-05
1423 0.00015447220461114937
1440 0.00010815385522706535
1441 0.00022883910672981793
1474 0.0001239806629188251
1502 0.0002462203859023654
1506 0.0001523982138465608
1507 0.00016378259903044513
1517 9.106007793564448e-05
1559 0.00011425323385392718
1567 0.00016378259903044513
1569 9.920086195142229e-05
1570 0.0002059351589452662
1578 0.00010856509334268535
1621 0.00011198624708459517
1622 0.00011333374567896404
1638 7.33626397641186e-05
1649 8.744869066327002e-05
1666 0.0001804365299615294
1671 7.64676023536449e-05
1682 0.00015447220461114937
1685 0.00021605372159664503
1706 3.382257549850835e-05
1713 4.787143878550288e-05
1729 0.00010200632301179658
1739 0.00015775871449691997
1746 0.00018418695135817993
1749 0.00020019542348213994
1757 0.00020019542348213994
1767 0.00018418695135817993
1771 0.0002537323685808453
1798 0.00010498321344481378
1800 0.00011333374567896404
1848 6.508321716976057e-05
1877 0.00016251677649793962
1881 8.408656954820681e-05
1882 9.496067334174995e-05
1913 0.00014576429866269
1922 7.334292682143156e-06
1929 4.2158123180710165e-05
1931 7.754816608258265e-05
1941 8.024367862190805e-05
1946 0.00015342417653056774
1956 0.0001128804268053397
2004 7.217400943451535e-05
2008 0.00020298083458234552
2042 8.383730339089555e-05
2061 0.0001677901789526326
2093 0.00011811516886331826
2107 0.0002875104201589402
2108 0.0001376235146469122
2118 6.715720793434914e-05
2225 0.0002059351589452662
2227 0.00023971321052336105
2231 0.00021605372159664503
2255 0.00014849761844045535
2259 0.00016378259903044513
2355 0.0001504088997800851
2356 0.00022419450561242282
2371 8.858094887998e-06
2373 4.532432364915004e-05
2379 0.00010939812948263226
2382 0.00011154523568104574
2384 3.364472337590274e-05
2389 8.070779096331723e-05
2390 0.00014576429866269
2391 2.4157123570420575e-05
2394 0.0001523982138465608
2403 0.0001431761810607271
2417 8.63892700805903e-05
2426 0.00019041645403432799
2450 0.0001504088997800851
2451 0.00014576429866269
2455 0.00010128967145643295
2469 0.00011110817958998604
2493 2.5565430128539482e-05
2526 8.070779096331723e-05
2550 5.3403616896513294e-05
2552 0.00017370426675739054
2558 0.0002199543170027505
2559 7.604199766141655e-05
2566 0.00017695423263882194
2586 9.502842032885344e-06
2607 3.3290954653437934e-05
2618 4.846937791309118e-05
2626 0.0001287387249198448
2643 0.0002537323685808453
2662 0.00018418695135817993
2675 0.00010694056199521868
2690 0.00016251677649793962
2718 8.88061998220748e-05
2721 0.0001475693727081854
2722 0.00014944388948364012
2723 0.00018227567001855016
2739 7.583058115843726e-05
2744 7.52017798211394e-05
2759 0.00015554326811050196
2790 0.00011425323385392718
2794 0.00012341728754011654
2827 0.0001196461249524729
2832 0.0001196461249524729
2833 0.0001391464957049546
2843 7.33626397641186e-05
2850 9.252359415714085e-05
2866 0.0002875104201589402
2903 8.718166847460814e-05
2910 0.00016007969731333051
2913 0.00016378259903044513
2920 0.0001399262151792957
2943 0.0001399262151792957
2945 0.0001196461249524729
2955 4.7516165565500014e-05
2982 7.197869283035229e-05
3002 0.0001440237055098346
3050 5.1064059112276297e-05
3051 7.910237522724487e-05
3113 6.165346047478709e-05
3114 0.00023971321052336105
3131 0.00019268344080366
3134 0.0001228603508781383
3147 0.00012936752625714268
3156 9.342327683396404e-05
3159 0.0002199543170027505
3185 0.00010939812948263226
3187 0.00019756065060853997
3228 4.566391685271689e-05
3229 4.669713069773751e-05
3230 4.692973938522239e-05
3236 0.00026261715830791277
3246 0.0002734912621014559
3303 0.00010058340652177312
3341 0.00016251677649793962
3342 0.00030726931367955075
3351 0.00030726931367955075
3372 6.542281037332744e-05
3375 0.00010236864012694453
3383 0.00010815385522706535
3385 0.0002875104201589402
3387 0.00019041645403432799
3432 0.00021605372159664503
3511 0.00016007969731333051
3512 0.00022419450561242282
3534 0.00030726931367955075
3545 6.071628875522179e-05
3550 0.00023397347506023475
3551 0.0002462203859023654
3564 0.00010774605847492284
3571 0.00023971321052336105
3572 5.234992335902794e-05
3586 6.228840662358072e-05
3601 0.00015139340654708521
3602 0.00018227567001855016
3605 5.380470086849468e-05
3611 0.00018825025618924418
3626 0.00015342417653056774
3641 0.0001228603508781383
3654 6.663037655997976e-05
3657 4.716346370617082e-05
3675 0.00011519040557349246
3676 0.00012936752625714268
3682 0.0001239806629188251
3683 0.00017370426675739054
3691 0.00011425323385392718
3719 2.489326185102742e-05
3723 6.859058854884968e-05
3724 5.7716484755306535e-05
3727 6.424444555902466e-05
3743 3.233112827567267e-05
3746 1.903006184883404e-05
3760 0.00010614816360120087
3819 6.424444555902466e-05
3832 3.3290954653437934e-05
3837 0.0001239806629188251
3838 0.00014665847838343454
3875 3.285232498188492e-05
3884 8.433711728522342e-05
3885 0.0001391464957049546
3901 0.00010384546306881737
3902 0.00012122674224136485
3914 0.00012936752625714268
3931 0.0001664173719040451
3932 4.895306850942043e-05
3943 7.689695691525318e-05
3977 0.0001128804268053397
3986 0.0001504088997800851
4015 8.798716495431228e-05
4018 9.342327683396404e-05
4037 0.0001391464957049546
4046 9.312153328472917e-05
4086 0.00019756065060853997
4087 0.0002734912621014559
4088 0.0002875104201589402
4154 0.00012571095453322076
4189 4.981125419104163e-05
4198 0.00013332088986277624
4220 4.3879500470736716e-05
4286 0.0001228603508781383
4300 0.00020298083458234552
4308 7.955569410086921e-05
4314 3.1644758795232604e-05
4315 7.256700694753944e-05
4321 0.00010200632301179658
4326 0.00011024565393173974
4328 0.00011566583790554528
4329 3.676019862375966e-05
4332 8.117636599183342e-05
4336 0.00012571095453322076
4345 5.131853189681648e-05
4348 8.212725328354177e-05
4399 9.282164663063054e-05
4451 0.00010200632301179658
4452 0.0001664173719040451
4453 3.6854914742017664e-05
4457 0.00010058340652177312
4467 5.5861184383926875e-05
4471 0.00017065756051371745
4481 9.282164663063054e-05
4485 7.159039254876493e-05
4492 6.969398876306011e-05
4493 0.00017695423263882194
4495 3.207260550754382e-05
4499 9.312153328472917e-05
4502 6.424444555902466e-05
4503 7.798719092134497e-05
4525 9.818910047034337e-05
4546 7.625433537211054e-05
4563 4.728074758348793e-05
4567 6.341986704442123e-05
4576 0.0001475693727081854
4577 3.9085797470059324e-05
4586 0.00016920278300425065
4628 0.00011566583790554528
4632 0.00026261715830791277
4644 0.00015139340654708521
4648 0.00030726931367955075
4652 4.476354154013861e-05
4676 1.811794967986411e-05
4751 0.00010856509334268535
4754 0.00013542473142615584
4755 0.0001376235146469122
4779 0.00016251677649793962
4801 0.0001347133110905388
4810 0.00010856509334268535
4812 0.00020019542348213994
4818 9.048676041112919e-05
4821 8.691610145495967e-05
4824 0.00017370426675739054
4829 8.383730339089555e-05
4831 0.00013065000625947455
4832 0.0001347133110905388
4839 3.088397517794058e-05
4842 0.00015554326811050196
4844 0.00010734164596720007
4850 0.0002537323685808453
4853 8.535239208071232e-05
4854 0.00016920278300425065
4857 0.00023971321052336105
4908 9.372690041743856e-05
4923 8.188778632745044e-05
4933 2.564069103539461e-05
4942 6.804811807694473e-05
4972 4.681329625334851e-05
5024 6.025437603138515e-05
5031 6.913916575845257e-05
5065 0.0001287387249198448
5066 0.00015890538922556517
5068 0.00017370426675739054
5105 0.0002462203859023654
5120 0.0002734912621014559
5149 0.0001376235146469122
5154 0.00016508218077975113
5155 0.0001664173719040451
5161 5.502814824397996e-05
5162 5.6001418804450566e-05
5177 6.196989942762013e-05
5180 0.00010982004923951138
5192 8.001326955199571e-05
5208 0.00023971321052336105
5215 0.0001300045474523503
5222 2.3001954162320978e-05
5228 4.931901336427842e-05
5242 6.786862826996617e-05
5247 0.00020019542348213994
5254 5.9796800580258657e-05
5257 0.00030726931367955075
5294 9.68719546813797e-05
5295 0.0002059351589452662
5296 0.0002537323685808453
5369 7.562007790453742e-05
5379 2.541525611908456e-05
5380 3.8298201700263376e-05
5395 3.215862746722012e-05
5427 3.490353872923123e-05
5430 6.441104889224853e-05
5443 0.00011712061541501202
5448 9.954283828468142e-05
5455 8.908229930004346e-05
5457 0.0001423431449207802
5469 1.1433598200043818e-05
5481 6.576478670658657e-05
5509 8.935997200289977e-05
5523 0.0002734912621014559
5530 0.00018418695135817993
5550 4.944160821510571e-05
5554 0.0001440237055098346
5555 0.0001440237055098346
5558 9.68719546813797e-05
5561 0.00016007969731333051
5575 0.00017065756051371745
5576 0.00023971321052336105
5588 6.913916575845257e-05
5591 0.00021244233432427055
5595 0.00019268344080366
5596 0.00023971321052336105
5606 0.00030726931367955075
5644 7.711306116076915e-05
5646 0.00022883910672981793
5650 0.00019756065060853997
5669 0.0001300045474523503
5676 9.312153328472917e-05
5683 0.0002875104201589402
5687 2.724862948448243e-05
5702 3.9886331735258645e-05
5708 0.0002537323685808453
5733 0.0001804365299615294
5736 0.0002734912621014559
5762 0.0001391464957049546
5781 0.00018617626542465564
5797 5.544288630052885e-05
5810 5.261121850249547e-05
5811 0.00010310145735752775
5818 0.00021244233432427055
5858 6.663037655997976e-05
5862 6.610917985376751e-05
5868 7.256700694753944e-05
5888 8.358930576913648e-05
5891 0.00010310145735752775
5892 0.00011712061541501202
5894 1.5848029138067838e-05
5896 1.6219082409210568e-05
5912 0.00010498321344481378
5916 0.00030726931367955075
5934 5.434466680855229e-05
5938 5.91933076971794e-05
5942 0.0002734912621014559
5964 0.0001440237055098346
5969 0.00018617626542465564
5984 3.088397517794058e-05
6000 3.4631041686461846e-05
6005 0.00010897983139923425
6012 0.00014665847838343454
6013 0.00016128300357362823
6022 2.0770655001689466e-05
6094 0.00011761535496899039
6114 0.00010536844412685977
6133 0.00013614669170503938
6141 0.00010982004923951138
6175 0.00015139340654708521
6177 0.00015447220461114937
6190 0.00030726931367955075
6195 9.622649587425546e-05
6197 5.5304247721948624e-05
6199 0.0001251273376474703
6211 7.356359438910525e-05
6214 0.0001664173719040451
6218 9.464928935894339e-05
6223 0.00020298083458234552
6224 0.0002734912621014559
6227 0.00010536844412685977
6229 7.458098891001271e-05
6235 0.0002875104201589402
6242 3.105201474962982e-05
6246 0.00010128967145643295
6251 0.0001228603508781383
6254 8.141235399539764e-05
6264 4.7398314413738584e-05
6272 0.00023971321052336105
6277 0.00011067500849334801
6287 0.0002734912621014559
6356 6.733409171295719e-05
6358 0.0002734912621014559
6408 4.3989132524856074e-05
6417 9.954283828468142e-05
6422 0.00017370426675739054
6467 4.669713069773751e-05
6468 4.669713069773751e-05
6475 8.691610145495967e-05
6483 0.00010734164596720007
6490 2.724862948448243e-05
6507 6.212889280683989e-05
6540 6.040786096929821e-05
6578 6.025437603138515e-05
6589 5.9343481706634316e-05
6593 7.754816608258265e-05
6638 9.282164663063054e-05
6650 9.785646144837983e-05
6661 5.889434094657216e-05
6665 0.00012936752625714268
6667 0.00012069415303305452
6675 5.7716484755306535e-05
6678 0.00012230970742046953
6682 6.698096388147314e-05
6687 6.196989942762013e-05
6693 0.0001128804268053397
6696 0.0001399262151792957
6706 7.910237522724487e-05
6707 0.00016251677649793962
6724 0.00012936752625714268
6760 1.9892587507080337e-05
6784 9.68719546813797e-05
6789 4.7516165565500014e-05
6796 8.260974660633398e-05
6815 7.178415593526694e-05
6816 0.00021244233432427055
6821 0.0002875104201589402
6822 8.535239208071232e-05
6833 2.7093186202753706e-05
6846 0.00021605372159664503
6872 0.00020298083458234552
6873 0.00020298083458234552
6874 0.00020298083458234552
6878 0.00020908021320920737
6885 5.131853189681648e-05
6893 9.252359415714085e-05
6894 9.252359415714085e-05
6940 0.00026261715830791277
6941 0.00022883910672981793
6960 3.259102983841739e-05
6965 0.00013332088986277624
6972 6.133906307779394e-05
6999 6.309390310328486e-05
7024 0.00023397347506023475
7025 0.00016007969731333051
7067 3.508605365233e-05
7080 0.0001263016457352357
7084 0.00015447220461114937
7139 6.196989942762013e-05
7165 6.628229345501092e-05
7206 0.00019041645403432799
7207 0.0002734912621014559
7208 0.00020908021320920737
7223 0.00016508218077975113
7225 0.00023971321052336105
7263 0.0002462203859023654
7296 0.00018825025618924418
7301 0.00011024565393173974
7302 0.00011811516886331826
7346 8.070779096331723e-05
7369 9.372690041743856e-05
7392 5.274239335290522e-05
7406 6.698096388147314e-05
7408 8.691610145495967e-05
7420 0.00023971321052336105
7448 0.00023971321052336105
7458 0.00023971321052336105
7459 0.0002734912621014559
7467 0.0002734912621014559
7468 0.00015775871449691997
7482 2.5340342303404983e-05
7483 2.8590308184836374e-05
7503 3.173002815645075e-05
7523 8.935997200289977e-05
7550 0.00019756065060853997
7552 0.000126899584862824
7559 8.509658347491132e-05
7577 8.853165584237468e-05
7578 8.88061998220748e-05
7590 0.0001239806629188251
7602 9.654815662959692e-05
7604 0.00022883910672981793
7608 0.00015554326811050196
7627 7.887728740211037e-05
7630 0.0002875104201589402
7666 0.00014944388948364012
7668 0.00026261715830791277
7677 6.988034244141115e-05
7678 8.260974660633398e-05
7679 8.260974660633398e-05
7694 6.804811807694473e-05
7700 0.0002875104201589402
7704 0.00014576429866269
7705 0.00023397347506023475
7717 0.00018227567001855016
7718 9.527405980765772e-05
7719 0.00012016732165868515
7737 0.00020298083458234552
7799 9.403242760948e-05
7808 4.7398314413738584e-05
7818 2.996997446737178e-05
7836 6.424444555902466e-05
7839 0.00010614816360120087
7858 4.509923582401553e-05
7863 7.64676023536449e-05
7866 5.91933076971794e-05
7867 0.00021605372159664503
7868 0.00021244233432427055
7869 0.00022883910672981793
7877 8.853165584237468e-05
7886 7.910237522724487e-05
7890 9.233159952796689e-06
7891 6.932340577943291e-05
7893 5.131853189681648e-05
7916 0.00030726931367955075
7957 0.00011379132113009053
7958 9.496067334174995e-05
7968 0.0002537323685808453
7981 6.950834500520415e-05
7987 7.843020694973282e-05
7995 9.134928606937549e-05
7998 0.00016251677649793962
8009 2.7093186202753706e-05
8010 3.97855428110104e-05
8016 3.6571316885345003e-05
8045 0.0001263016457352357
8047 9.312153328472917e-05
8054 2.9805618738211806e-05
8055 0.00016508218077975113
8066 0.00018227567001855016
8069 5.287392225192349e-05
8077 0.0001300045474523503
8084 0.00011333374567896404
8085 0.0002199543170027505
8088 8.509658347491132e-05
8089 0.00019268344080366
8090 9.558947467904783e-05
8124 0.0001300045474523503
8137 8.63892700805903e-05
8140 0.00018825025618924418
8144 1.8182537399726556e-05
8170 0.00011425323385392718
8204 5.1064059112276297e-05
8212 0.00019268344080366
8233 0.00017215710736717137
8234 4.8109734749355606e-05
8349 4.919672615455441e-05
8437 8.433711728522342e-05
8442 8.001326955199571e-05
8444 5.815485137703107e-05
8445 0.00026261715830791277
8452 0.00026261715830791277
8466 0.00021605372159664503
8472 0.00016378259903044513
8473 0.00023971321052336105
8487 0.00012571095453322076
8506 0.00030726931367955075
8513 4.3335009582674306e-05
8556 0.00030726931367955075
8620 0.00023397347506023475
8621 0.000101646679848061
8630 0.0001275049519955334
8639 3.69498153124238e-05
8661 7.843020694973282e-05
8663 8.001326955199571e-05
8666 0.0001128804268053397
8678 4.409901177660094e-05
8693 8.484211069037113e-05
8722 7.217400943451535e-05
8723 0.00010498321344481378
8753 0.00010614816360120087
8780 0.00019041645403432799
8813 4.431951634967444e-05
8814 9.988723143186235e-05
8818 7.139739654402146e-05
8819 7.139739654402146e-05
8824 0.00011712061541501202
8827 0.0001415241100530177
8828 0.00016508218077975113
8829 0.00011663084820199027
8832 0.00020019542348213994
8866 3.8493910507496085e-05
8868 0.00023397347506023475
8869 0.0002462203859023654
