406
58 3.9886331735258645e-05
158 1.722259642893919e-05
163 4.4209139343250144e-05
225 4.311890533715833e-05
226 0.00011712061541501202
243 6.309390310328486e-05
290 5.516600244482883e-05
328 5.502814824397996e-05
443 5.859719717528758e-05
449 6.628229345501092e-05
463 2.104404381130732e-05
480 6.877276232176413e-05
509 1.4811799641107606e-05
511 4.409901177660094e-05
545 0.0001300045474523503
546 0.00013263932032595027
573 0.00014576429866269
574 0.00023397347506023475
575 8.825864993225359e-05
591 0.00021244233432427055
621 0.00011110817958998604
690 0.00021244233432427055
695 0.00011519040557349246
696 0.00017215710736717137
706 6.525271795805037e-05
707 9.496067334174995e-05
723 6.212889280683989e-05
726 6.4078409870285e-05
800 0.00011154523568104574
825 0.00018617626542465564
829 0.00015890538922556517
911 0.00017065756051371745
941 9.719791862251607e-05
983 0.00010347204034115494
988 0.00013263932032595027
1096 6.950834500520415e-05
1126 4.895306850942043e-05
1133 0.00017065756051371745
1216 4.5550455969092306e-05
1217 9.818910047034337e-05
1218 0.0002734912621014559
1234 2.8271279696782107e-05
1239 0.00013196715204843822
1246 0.00014071861357331354
1247 0.0001431761810607271
1248 0.0002462203859023654
1254 8.96392359620217e-05
1255 0.00023397347506023475
1334 9.886126874785542e-05
1389 0.00017370426675739054
1408 0.00019041645403432799
1436 0.00018825025618924418
1477 0.00016378259903044513
1497 6.663037655997976e-05
1498 0.00020298083458234552
1610 9.590694438493474e-05
1721 0.0001399262151792957
1722 8.117636599183342e-05
1729 0.00010200632301179658
1798 0.00010498321344481378
1800 0.00011333374567896404
1916 0.00014071861357331354
1917 0.00015663840245623315
1922 7.334292682143156e-06
1929 4.2158123180710165e-05
1931 7.754816608258265e-05
1970 0.00012122674224136485
1973 0.0001275049519955334
1978 0.0002875104201589402
1984 0.00010734164596720007
2123 0.00011243128604527755
2162 0.0001263016457352357
2284 0.00015447220461114937
2286 0.00022419450561242282
2294 8.535239208071232e-05
2318 0.00019506105515172307
2329 0.0001423431449207802
2333 0.00015890538922556517
2371 8.858094887998e-06
2373 4.532432364915004e-05
2377 0.0001228603508781383
2378 0.00026261715830791277
2391 2.4157123570420575e-05
2392 0.0001281179340087181
2483 0.00026261715830791277
2493 2.5565430128539482e-05
2526 8.070779096331723e-05
2556 0.00019506105515172307
2559 7.604199766141655e-05
2562 0.00017215710736717137
2563 2.4450245822639586e-05
2579 0.00013130412920165632
2582 7.458098891001271e-05
2586 9.502842032885344e-06
2607 3.3290954653437934e-05
2612 8.001326955199571e-05
2613 0.00015554326811050196
2618 4.846937791309118e-05
2714 8.691610145495967e-05
2742 0.0001677901789526326
2762 0.00010200632301179658
2765 0.00012936752625714268
2767 0.00017215710736717137
2797 0.00010347204034115494
2825 0.00011614595437539213
2830 8.285279662389543e-05
2843 7.33626397641186e-05
2853 0.0002734912621014559
2916 0.00015890538922556517
2958 6.950834500520415e-05
2961 0.00020908021320920737
2989 0.0001523982138465608
3042 0.0001287387249198448
3097 0.00012230970742046953
3103 0.00012122674224136485
3112 0.0001440237055098346
3113 6.165346047478709e-05
3156 9.342327683396404e-05
3203 0.00016251677649793962
3206 0.0001753021616311125
3226 8.164949036359771e-05
3242 0.00026261715830791277
3249 0.00012016732165868515
3269 0.00010310145735752775
3368 0.00010058340652177312
3370 0.00011811516886331826
3395 7.541048004377448e-05
3406 0.0002875104201589402
3409 8.458895984833521e-05
3413 8.001326955199571e-05
3414 9.852402568908913e-05
3450 0.00011198624708459517
3474 0.00011862016226846598
3475 0.000126899584862824
3476 0.00023397347506023475
3545 6.071628875522179e-05
3557 0.00015775871449691997
3572 5.234992335902794e-05
3573 0.00016128300357362823
3576 5.3536945098705395e-05
3586 6.228840662358072e-05
3604 0.00026261715830791277
3605 5.380470086849468e-05
3647 8.094151528426567e-05
3719 2.489326185102742e-05
3724 5.7716484755306535e-05
3727 6.424444555902466e-05
3746 1.903006184883404e-05
3748 0.0001523982138465608
3832 3.3290954653437934e-05
3875 3.285232498188492e-05
3887 5.5861184383926875e-05
3891 8.334256383691721e-05
3892 0.00011110817958998604
4015 8.798716495431228e-05
4046 9.312153328472917e-05
4047 0.00016508218077975113
4072 0.00014944388948364012
4074 0.00015663840245623315
4075 0.00015663840245623315
4128 0.00016128300357362823
4147 0.00019756065060853997
4198 0.00013332088986277624
4203 0.00011614595437539213
4207 0.00015663840245623315
4213 0.00019506105515172307
4231 0.00023397347506023475
4243 0.00014665847838343454
4247 4.846937791309118e-05
4308 7.955569410086921e-05
4345 5.131853189681648e-05
4348 8.212725328354177e-05
4375 7.541048004377448e-05
4376 0.00014488623116808087
4381 4.3226837668107787e-05
4386 0.00016007969731333051
4398 6.325661252824365e-05
4406 6.508321716976057e-05
4432 6.4078409870285e-05
4453 3.6854914742017664e-05
4457 0.00010058340652177312
4461 9.19329029551259e-05
4465 0.00017370426675739054
4467 5.5861184383926875e-05
4471 0.00017065756051371745
4479 0.00016007969731333051
4481 9.282164663063054e-05
4486 0.00012571095453322076
4495 3.207260550754382e-05
4499 9.312153328472917e-05
4533 5.685140711216779e-05
4561 0.0001440237055098346
4563 4.728074758348793e-05
4566 9.68719546813797e-05
4577 3.9085797470059324e-05
4587 0.0002537323685808453
4657 0.0002537323685808453
4699 3.676019862375966e-05
4739 0.00013687950893562258
4740 0.00013837905578907654
4741 0.00016128300357362823
4759 5.0810908270240366e-05
4760 0.0001347133110905388
4779 0.00016251677649793962
4806 0.00020908021320920737
4834 1.7286007534181456e-05
4836 0.00018617626542465564
4893 0.00016378259903044513
4908 9.372690041743856e-05
4933 2.564069103539461e-05
4948 0.00011110817958998604
4950 0.00011425323385392718
4972 4.681329625334851e-05
5018 0.00010982004923951138
5021 0.00017215710736717137
5079 0.0001415241100530177
5216 0.00016378259903044513
5217 7.159039254876493e-05
5222 2.3001954162320978e-05
5242 6.786862826996617e-05
5264 0.00011425323385392718
5266 0.00019506105515172307
5343 0.00026261715830791277
5378 0.00010347204034115494
5395 3.215862746722012e-05
5405 0.00019506105515172307
5411 8.164949036359771e-05
5427 3.490353872923123e-05
5430 6.441104889224853e-05
5437 0.00013065000625947455
5438 0.0001753021616311125
5469 1.1433598200043818e-05
5481 6.576478670658657e-05
5550 4.944160821510571e-05
5642 9.852402568908913e-05
5687 2.724862948448243e-05
5729 9.106007793564448e-05
5762 0.0001391464957049546
5787 0.00013687950893562258
5822 9.134928606937549e-05
5823 0.0001475693727081854
5834 6.804811807694473e-05
5854 7.178415593526694e-05
5894 1.5848029138067838e-05
5896 1.6219082409210568e-05
5911 7.47870417645905e-05
5931 0.00014665847838343454
5998 0.00014488623116808087
5999 0.0001804365299615294
6000 3.4631041686461846e-05
6011 0.0001786642827461757
6021 0.0002199543170027505
6022 2.0770655001689466e-05
6033 0.00011519040557349246
6051 0.0001677901789526326
6090 0.00020298083458234552
6153 0.0001440237055098346
6155 0.0001753021616311125
6162 0.0001128804268053397
6193 0.00010694056199521868
6195 9.622649587425546e-05
6196 0.0001753021616311125
6242 3.105201474962982e-05
6246 0.00010128967145643295
6251 0.0001228603508781383
6292 8.853165584237468e-05
6302 8.509658347491132e-05
6304 0.00020019542348213994
6306 0.00011425323385392718
6315 0.0002462203859023654
6327 0.00010384546306881737
6328 9.920086195142229e-05
6348 9.590694438493474e-05
6349 0.0001523982138465608
6371 0.0001664173719040451
6466 0.00019268344080366
6505 0.00013196715204843822
6520 0.0002734912621014559
6536 7.499396958083494e-05
6540 6.040786096929821e-05
6578 6.025437603138515e-05
6586 5.24803957997587e-05
6588 6.576478670658657e-05
6614 8.484211069037113e-05
6619 5.7716484755306535e-05
6650 9.785646144837983e-05
6675 5.7716484755306535e-05
6678 0.00012230970742046953
6687 6.196989942762013e-05
6693 0.0001128804268053397
6702 0.0001440237055098346
6704 0.00010694056199521868
6712 6.025437603138515e-05
6730 0.00013065000625947455
6760 1.9892587507080337e-05
6815 7.178415593526694e-05
6822 8.535239208071232e-05
6831 0.00011198624708459517
6833 2.7093186202753706e-05
6905 2.9805618738211806e-05
6908 8.935997200289977e-05
6930 0.0001391464957049546
6944 0.00014665847838343454
6955 0.0002059351589452662
6956 0.00014944388948364012
6957 0.0001664173719040451
6984 0.00016508218077975113
6985 0.00017370426675739054
6992 4.787143878550288e-05
6995 7.843020694973282e-05
6999 6.309390310328486e-05
7000 0.00026261715830791277
7003 8.771718405598661e-05
7009 0.00017370426675739054
7067 3.508605365233e-05
7073 5.516600244482883e-05
7080 0.0001263016457352357
7091 9.464928935894339e-05
7101 0.00011862016226846598
7108 0.0002199543170027505
7124 6.859058854884968e-05
7165 6.628229345501092e-05
7167 0.00011243128604527755
7171 0.00012341728754011654
7177 0.00015447220461114937
7197 0.00011198624708459517
7202 0.00021605372159664503
7211 0.00010498321344481378
7233 0.00017370426675739054
7243 0.00013687950893562258
7245 0.00030726931367955075
7260 0.0001664173719040451
7321 3.8200641252257444e-05
7327 0.00011761535496899039
7373 7.27647006365303e-05
7384 0.0001399262151792957
7392 5.274239335290522e-05
7394 0.00022883910672981793
7427 0.00026261715830791277
7469 7.887728740211037e-05
7476 8.117636599183342e-05
7480 9.252359415714085e-05
7503 3.173002815645075e-05
7514 0.00022883910672981793
7515 0.00023397347506023475
7554 8.260974660633398e-05
7559 8.509658347491132e-05
7694 6.804811807694473e-05
7704 0.00014576429866269
7808 4.7398314413738584e-05
7818 2.996997446737178e-05
7827 0.00015775871449691997
7890 9.233159952796689e-06
7891 6.932340577943291e-05
7938 4.907474504580058e-05
7943 7.64676023536449e-05
7957 0.00011379132113009053
7969 0.00030726931367955075
7971 0.00019506105515172307
7980 0.0002875104201589402
7981 6.950834500520415e-05
7987 7.843020694973282e-05
8009 2.7093186202753706e-05
8010 3.97855428110104e-05
8016 3.6571316885345003e-05
8024 0.00014488623116808087
8031 5.5721352358276173e-05
8032 6.056183085252843e-05
8042 6.663037655997976e-05
8061 7.865323446718271e-05
8069 5.287392225192349e-05
8079 0.00015775871449691997
8081 0.0001664173719040451
8084 0.00011333374567896404
8086 0.00014944388948364012
8144 1.8182537399726556e-05
8165 0.0002875104201589402
8166 0.0001376235146469122
8174 0.00016508218077975113
8204 5.1064059112276297e-05
8387 0.0002199543170027505
8437 8.433711728522342e-05
8503 7.256700694753944e-05
8505 0.00015890538922556517
8531 9.752607762356147e-05
8532 0.0001002340757964429
8639 3.69498153124238e-05
8642 9.164022082905678e-05
8666 0.0001128804268053397
8678 4.409901177660094e-05
8695 4.476354154013861e-05
8696 4.787143878550288e-05
8717 9.106007793564448e-05
8718 9.403242760948e-05
8722 7.217400943451535e-05
8756 9.372690041743856e-05
8757 9.818910047034337e-05
8762 0.00018825025618924418
8763 6.542281037332744e-05
8767 0.0001239806629188251
8779 0.0001475693727081854
8800 0.00011379132113009053
8803 0.0001281179340087181
8804 0.00013542473142615584
8824 0.00011712061541501202
8866 3.8493910507496085e-05
