281
132 8.334256383691721e-05
133 0.00021244233432427055
135 0.00015775871449691997
145 5.786216925096193e-05
146 0.000101646679848061
147 0.0002734912621014559
153 0.00016007969731333051
156 0.00019506105515172307
161 8.88061998220748e-05
225 4.311890533715833e-05
232 0.0001245506276326127
278 5.558192042480493e-05
328 5.502814824397996e-05
423 8.63892700805903e-05
443 5.859719717528758e-05
446 0.00010058340652177312
449 6.628229345501092e-05
463 2.104404381130732e-05
493 0.0001300045474523503
509 1.4811799641107606e-05
511 4.409901177660094e-05
523 0.0001347133110905388
538 0.00020019542348213994
597 0.00011198624708459517
645 6.341986704442123e-05
651 0.00012571095453322076
692 0.00015342417653056774
785 9.134928606937549e-05
786 0.00023971321052336105
787 0.0002875104201589402
814 0.00014488623116808087
934 0.00023397347506023475
941 9.719791862251607e-05
1011 8.56095506062492e-05
1041 0.00010734164596720007
1306 4.5550455969092306e-05
1312 0.00011243128604527755
1365 6.733409171295719e-05
1374 9.920086195142229e-05
1415 0.0002199543170027505
1432 0.00015139340654708521
1468 0.00015554326811050196
1474 0.0001239806629188251
1497 6.663037655997976e-05
1728 0.0002734912621014559
1748 0.00020019542348213994
1770 0.0002734912621014559
1922 7.334292682143156e-06
1929 4.2158123180710165e-05
1941 8.024367862190805e-05
1946 0.00015342417653056774
1956 0.0001128804268053397
1960 0.00011712061541501202
1985 9.496067334174995e-05
2039 0.00023971321052336105
2040 4.7398314413738584e-05
2092 0.0001423431449207802
2108 0.0001376235146469122
2118 6.715720793434914e-05
2162 0.0001263016457352357
2214 0.00021605372159664503
2255 0.00014849761844045535
2287 0.00014576429866269
2371 8.858094887998e-06
2377 0.0001228603508781383
2379 0.00010939812948263226
2382 0.00011154523568104574
2391 2.4157123570420575e-05
2394 0.0001523982138465608
2493 2.5565430128539482e-05
2557 0.00012230970742046953
2563 2.4450245822639586e-05
2579 0.00013130412920165632
2586 9.502842032885344e-06
2606 0.00013196715204843822
2724 0.00018617626542465564
2739 7.583058115843726e-05
2744 7.52017798211394e-05
2759 0.00015554326811050196
2773 0.00011067500849334801
2783 8.718166847460814e-05
2785 0.00010856509334268535
2890 0.0001415241100530177
2891 0.00018825025618924418
2909 0.00018825025618924418
2943 0.0001399262151792957
2945 0.0001196461249524729
2958 6.950834500520415e-05
2969 0.00023397347506023475
2982 7.197869283035229e-05
3076 9.818910047034337e-05
3083 0.00019756065060853997
3203 0.00016251677649793962
3212 7.356359438910525e-05
3228 4.566391685271689e-05
3229 4.669713069773751e-05
3230 4.692973938522239e-05
3372 6.542281037332744e-05
3375 0.00010236864012694453
3395 7.541048004377448e-05
3421 8.586807337437805e-05
3422 0.0002462203859023654
3456 0.00023971321052336105
3490 0.0001245506276326127
3513 6.056183085252843e-05
3516 0.00026261715830791277
3545 6.071628875522179e-05
3586 6.228840662358072e-05
3594 0.00018227567001855016
3605 5.380470086849468e-05
3627 6.491430390704548e-05
3628 7.733012801189119e-05
3654 6.663037655997976e-05
3657 4.716346370617082e-05
3691 0.00011425323385392718
3719 2.489326185102742e-05
3743 3.233112827567267e-05
3746 1.903006184883404e-05
3832 3.3290954653437934e-05
3837 0.0001239806629188251
3838 0.00014665847838343454
3884 8.433711728522342e-05
3994 0.0001147195668623605
4018 9.342327683396404e-05
4108 9.654815662959692e-05
4220 4.3879500470736716e-05
4221 0.00019268344080366
4308 7.955569410086921e-05
4326 0.00011024565393173974
4328 0.00011566583790554528
4329 3.676019862375966e-05
4375 7.541048004377448e-05
4388 0.0001415241100530177
4453 3.6854914742017664e-05
4460 0.00011862016226846598
4485 7.159039254876493e-05
4502 6.424444555902466e-05
4503 7.798719092134497e-05
4519 0.00010128967145643295
4566 9.68719546813797e-05
4576 0.0001475693727081854
4699 3.676019862375966e-05
4759 5.0810908270240366e-05
4764 0.00019268344080366
4829 8.383730339089555e-05
4834 1.7286007534181456e-05
4923 8.188778632745044e-05
4933 2.564069103539461e-05
4942 6.804811807694473e-05
5181 0.00016007969731333051
5222 2.3001954162320978e-05
5228 4.931901336427842e-05
5254 5.9796800580258657e-05
5259 0.0002462203859023654
5369 7.562007790453742e-05
5379 2.541525611908456e-05
5380 3.8298201700263376e-05
5395 3.215862746722012e-05
5448 9.954283828468142e-05
5469 1.1433598200043818e-05
5506 0.00019268344080366
5509 8.935997200289977e-05
5521 0.00021605372159664503
5550 4.944160821510571e-05
5612 0.0001415241100530177
5644 7.711306116076915e-05
5646 0.00022883910672981793
5687 2.724862948448243e-05
5691 8.383730339089555e-05
5702 3.9886331735258645e-05
5717 0.00022883910672981793
5718 0.00023397347506023475
5822 9.134928606937549e-05
5888 8.358930576913648e-05
5891 0.00010310145735752775
5894 1.5848029138067838e-05
5896 1.6219082409210568e-05
5934 5.434466680855229e-05
5938 5.91933076971794e-05
5947 0.00015342417653056774
6000 3.4631041686461846e-05
6005 0.00010897983139923425
6022 2.0770655001689466e-05
6057 0.00011024565393173974
6137 0.00023397347506023475
6141 0.00010982004923951138
6172 0.00012230970742046953
6211 7.356359438910525e-05
6242 3.105201474962982e-05
6254 8.141235399539764e-05
6278 0.00011566583790554528
6297 9.164022082905678e-05
6299 0.0001431761810607271
6408 4.3989132524856074e-05
6417 9.954283828468142e-05
6420 0.00013837905578907654
6452 8.63892700805903e-05
6467 4.669713069773751e-05
6468 4.669713069773751e-05
6483 0.00010734164596720007
6490 2.724862948448243e-05
6540 6.040786096929821e-05
6589 5.9343481706634316e-05
6598 0.00012936752625714268
6687 6.196989942762013e-05
6693 0.0001128804268053397
6696 0.0001399262151792957
6724 0.00012936752625714268
6789 4.7516165565500014e-05
6796 8.260974660633398e-05
6815 7.178415593526694e-05
6817 0.0002875104201589402
6826 0.00013614669170503938
6833 2.7093186202753706e-05
6848 0.00012122674224136485
6857 0.00014665847838343454
6905 2.9805618738211806e-05
6908 8.935997200289977e-05
6960 3.259102983841739e-05
6972 6.133906307779394e-05
6974 0.00019041645403432799
7036 0.00016251677649793962
7067 3.508605365233e-05
7069 0.0001664173719040451
7080 0.0001263016457352357
7165 6.628229345501092e-05
7225 0.00023971321052336105
7264 0.00017695423263882194
7334 0.0002875104201589402
7373 7.27647006365303e-05
7389 0.0001300045474523503
7469 7.887728740211037e-05
7503 3.173002815645075e-05
7523 8.935997200289977e-05
7559 8.509658347491132e-05
7577 8.853165584237468e-05
7578 8.88061998220748e-05
7608 0.00015554326811050196
7614 0.00014665847838343454
7718 9.527405980765772e-05
7719 0.00012016732165868515
7808 4.7398314413738584e-05
7858 4.509923582401553e-05
7877 8.853165584237468e-05
7886 7.910237522724487e-05
7890 9.233159952796689e-06
7891 6.932340577943291e-05
7893 5.131853189681648e-05
7922 0.00010774605847492284
7958 9.496067334174995e-05
8009 2.7093186202753706e-05
8010 3.97855428110104e-05
8016 3.6571316885345003e-05
8045 0.0001263016457352357
8069 5.287392225192349e-05
8124 0.0001300045474523503
8137 8.63892700805903e-05
8140 0.00018825025618924418
8162 0.00013332088986277624
8170 0.00011425323385392718
8296 0.0002462203859023654
8321 0.00019268344080366
8442 8.001326955199571e-05
8444 5.815485137703107e-05
8487 0.00012571095453322076
8513 4.3335009582674306e-05
8621 0.000101646679848061
8633 5.949411993323993e-05
8638 6.491430390704548e-05
8639 3.69498153124238e-05
8693 8.484211069037113e-05
8722 7.217400943451535e-05
8723 0.00010498321344481378
8779 0.0001475693727081854
8813 4.431951634967444e-05
8814 9.988723143186235e-05
8824 0.00011712061541501202
8827 0.0001415241100530177
8866 3.8493910507496085e-05
8873 0.00013614669170503938
8910 0.0001786642827461757
