237
2 0.00014944388948364012
68 3.241760820520544e-05
74 0.00013614669170503938
132 8.334256383691721e-05
133 0.00021244233432427055
135 0.00015775871449691997
153 0.00016007969731333051
225 4.311890533715833e-05
228 0.0002734912621014559
278 5.558192042480493e-05
459 8.798716495431228e-05
463 2.104404381130732e-05
509 1.4811799641107606e-05
511 4.409901177660094e-05
764 0.00017065756051371745
861 7.316251041712385e-05
991 0.00019756065060853997
992 0.00020019542348213994
1011 8.56095506062492e-05
1041 0.00010734164596720007
1208 0.00012571095453322076
1216 4.5550455969092306e-05
1234 2.8271279696782107e-05
1265 6.576478670658657e-05
1306 4.5550455969092306e-05
1312 0.00011243128604527755
1314 0.00013401212737453773
1365 6.733409171295719e-05
1418 6.424444555902466e-05
1421 0.00017215710736717137
1474 0.0001239806629188251
1578 0.00010856509334268535
1623 0.0001664173719040451
1638 7.33626397641186e-05
1641 7.583058115843726e-05
1706 3.382257549850835e-05
1713 4.787143878550288e-05
1881 8.408656954820681e-05
1882 9.496067334174995e-05
1922 7.334292682143156e-06
1929 4.2158123180710165e-05
1931 7.754816608258265e-05
1941 8.024367862190805e-05
1946 0.00015342417653056774
1967 0.00019268344080366
1968 0.00023397347506023475
2040 4.7398314413738584e-05
2070 0.00016251677649793962
2162 0.0001263016457352357
2371 8.858094887998e-06
2373 4.532432364915004e-05
2379 0.00010939812948263226
2382 0.00011154523568104574
2391 2.4157123570420575e-05
2394 0.0001523982138465608
2417 8.63892700805903e-05
2550 5.3403616896513294e-05
2552 0.00017370426675739054
2557 0.00012230970742046953
2563 2.4450245822639586e-05
2586 9.502842032885344e-06
2607 3.3290954653437934e-05
2667 8.358930576913648e-05
2739 7.583058115843726e-05
2744 7.52017798211394e-05
2773 0.00011067500849334801
2817 0.0001275049519955334
2819 0.0001423431449207802
2843 7.33626397641186e-05
2850 9.252359415714085e-05
2913 0.00016378259903044513
2920 0.0001399262151792957
2921 0.00023971321052336105
2982 7.197869283035229e-05
3002 0.0001440237055098346
3064 0.00016128300357362823
3076 9.818910047034337e-05
3083 0.00019756065060853997
3186 0.0002875104201589402
3287 0.00022883910672981793
3288 0.0002199543170027505
3307 8.408656954820681e-05
3308 0.00012571095453322076
3341 0.00016251677649793962
3395 7.541048004377448e-05
3421 8.586807337437805e-05
3427 0.00019041645403432799
3490 0.0001245506276326127
3513 6.056183085252843e-05
3545 6.071628875522179e-05
3557 0.00015775871449691997
3586 6.228840662358072e-05
3605 5.380470086849468e-05
3625 0.0001431761810607271
3641 0.0001228603508781383
3654 6.663037655997976e-05
3675 0.00011519040557349246
3676 0.00012936752625714268
3723 6.859058854884968e-05
3743 3.233112827567267e-05
3746 1.903006184883404e-05
3766 5.131853189681648e-05
3782 0.00013614669170503938
3790 0.00020298083458234552
3832 3.3290954653437934e-05
3837 0.0001239806629188251
3994 0.0001147195668623605
4018 9.342327683396404e-05
4220 4.3879500470736716e-05
4247 4.846937791309118e-05
4314 3.1644758795232604e-05
4326 0.00011024565393173974
4328 0.00011566583790554528
4399 9.282164663063054e-05
4435 0.00010856509334268535
4436 0.0001128804268053397
4453 3.6854914742017664e-05
4461 9.19329029551259e-05
4467 5.5861184383926875e-05
4485 7.159039254876493e-05
4492 6.969398876306011e-05
4493 0.00017695423263882194
4502 6.424444555902466e-05
4503 7.798719092134497e-05
4563 4.728074758348793e-05
4577 3.9085797470059324e-05
4586 0.00016920278300425065
4759 5.0810908270240366e-05
4764 0.00019268344080366
4878 6.969398876306011e-05
4885 0.0001027336712532598
4923 8.188778632745044e-05
5055 0.00013065000625947455
5056 0.00013614669170503938
5177 6.196989942762013e-05
5180 0.00010982004923951138
5222 2.3001954162320978e-05
5228 4.931901336427842e-05
5254 5.9796800580258657e-05
5334 9.719791862251607e-05
5335 9.852402568908913e-05
5373 0.00016508218077975113
5469 1.1433598200043818e-05
5509 8.935997200289977e-05
5550 4.944160821510571e-05
5612 0.0001415241100530177
5702 3.9886331735258645e-05
5797 5.544288630052885e-05
5810 5.261121850249547e-05
5834 6.804811807694473e-05
5975 0.00010460100421098168
6137 0.00023397347506023475
6141 0.00010982004923951138
6172 0.00012230970742046953
6254 8.141235399539764e-05
6264 4.7398314413738584e-05
6292 8.853165584237468e-05
6348 9.590694438493474e-05
6408 4.3989132524856074e-05
6417 9.954283828468142e-05
6420 0.00013837905578907654
6452 8.63892700805903e-05
6483 0.00010734164596720007
6507 6.212889280683989e-05
6572 0.00011614595437539213
6573 0.0001504088997800851
6598 0.00012936752625714268
6665 0.00012936752625714268
6687 6.196989942762013e-05
6693 0.0001128804268053397
6696 0.0001399262151792957
6712 6.025437603138515e-05
6730 0.00013065000625947455
6746 0.00019268344080366
6833 2.7093186202753706e-05
6857 0.00014665847838343454
6999 6.309390310328486e-05
7080 0.0001263016457352357
7081 0.00030726931367955075
7161 0.0001423431449207802
7162 0.00015447220461114937
7177 0.00015447220461114937
7223 0.00016508218077975113
7321 3.8200641252257444e-05
7341 0.00014071861357331354
7346 8.070779096331723e-05
7392 5.274239335290522e-05
7429 0.00030726931367955075
7482 2.5340342303404983e-05
7483 2.8590308184836374e-05
7503 3.173002815645075e-05
7523 8.935997200289977e-05
7552 0.000126899584862824
7559 8.509658347491132e-05
7608 0.00015554326811050196
7614 0.00014665847838343454
7718 9.527405980765772e-05
7719 0.00012016732165868515
7836 6.424444555902466e-05
7837 0.00018617626542465564
7838 0.0002059351589452662
7839 0.00010614816360120087
7858 4.509923582401553e-05
7863 7.64676023536449e-05
7890 9.233159952796689e-06
7891 6.932340577943291e-05
7893 5.131853189681648e-05
8016 3.6571316885345003e-05
8031 5.5721352358276173e-05
8032 6.056183085252843e-05
8045 0.0001263016457352357
8054 2.9805618738211806e-05
8058 8.853165584237468e-05
8059 0.00011425323385392718
8060 0.0001147195668623605
8062 0.00018825025618924418
8069 5.287392225192349e-05
8088 8.509658347491132e-05
8090 9.558947467904783e-05
8124 0.0001300045474523503
8134 0.00012176521653240713
8144 1.8182537399726556e-05
8170 0.00011425323385392718
8321 0.00019268344080366
8621 0.000101646679848061
8693 8.484211069037113e-05
8722 7.217400943451535e-05
8723 0.00010498321344481378
8781 8.63892700805903e-05
8789 0.0002875104201589402
8813 4.431951634967444e-05
8818 7.139739654402146e-05
8819 7.139739654402146e-05
8824 0.00011712061541501202
8827 0.0001415241100530177
8866 3.8493910507496085e-05
8873 0.00013614669170503938
