217
68 3.241760820520544e-05
97 8.612797493712278e-05
98 0.00030726931367955075
101 0.00022883910672981793
145 5.786216925096193e-05
225 4.311890533715833e-05
226 0.00011712061541501202
243 6.309390310328486e-05
276 4.8109734749355606e-05
277 5.502814824397996e-05
290 5.516600244482883e-05
295 6.969398876306011e-05
310 8.408656954820681e-05
430 2.1595466130645556e-05
458 0.00011198624708459517
463 2.104404381130732e-05
511 4.409901177660094e-05
544 0.00020019542348213994
545 0.0001300045474523503
546 0.00013263932032595027
621 0.00011110817958998604
723 6.212889280683989e-05
726 6.4078409870285e-05
727 0.00021605372159664503
1060 0.00020908021320920737
1126 4.895306850942043e-05
1133 0.00017065756051371745
1234 2.8271279696782107e-05
1246 0.00014071861357331354
1247 0.0001431761810607271
1248 0.0002462203859023654
1306 4.5550455969092306e-05
1312 0.00011243128604527755
1334 9.886126874785542e-05
1436 0.00018825025618924418
1497 6.663037655997976e-05
1573 0.0001347133110905388
1576 0.0001376235146469122
1649 8.744869066327002e-05
1674 0.00014944388948364012
1721 0.0001399262151792957
1722 8.117636599183342e-05
1949 0.00012571095453322076
1981 9.920086195142229e-05
2004 7.217400943451535e-05
2006 0.00016920278300425065
2075 0.00021244233432427055
2124 0.00011663084820199027
2287 0.00014576429866269
2318 0.00019506105515172307
2329 0.0001423431449207802
2371 8.858094887998e-06
2391 2.4157123570420575e-05
2455 0.00010128967145643295
2563 2.4450245822639586e-05
2564 4.692973938522239e-05
2586 9.502842032885344e-06
2607 3.3290954653437934e-05
2615 0.0002199543170027505
2667 8.358930576913648e-05
2738 0.0002537323685808453
2762 0.00010200632301179658
2765 0.00012936752625714268
2776 9.222735356398462e-05
2830 8.285279662389543e-05
2862 0.00012230970742046953
2940 7.910237522724487e-05
2987 0.00014071861357331354
3097 0.00012230970742046953
3308 0.00012571095453322076
3309 0.00019756065060853997
3395 7.541048004377448e-05
3400 0.00026261715830791277
3413 8.001326955199571e-05
3414 9.852402568908913e-05
3478 7.865323446718271e-05
3482 0.00014665847838343454
3572 5.234992335902794e-05
3573 0.00016128300357362823
3576 5.3536945098705395e-05
3605 5.380470086849468e-05
3627 6.491430390704548e-05
3647 8.094151528426567e-05
3675 0.00011519040557349246
3719 2.489326185102742e-05
3724 5.7716484755306535e-05
3743 3.233112827567267e-05
3875 3.285232498188492e-05
3932 4.895306850942043e-05
3951 9.920086195142229e-05
3952 0.0001804365299615294
3994 0.0001147195668623605
4072 0.00014944388948364012
4074 0.00015663840245623315
4075 0.00015663840245623315
4132 0.00018825025618924418
4133 0.0002537323685808453
4247 4.846937791309118e-05
4308 7.955569410086921e-05
4375 7.541048004377448e-05
4376 0.00014488623116808087
4453 3.6854914742017664e-05
4460 0.00011862016226846598
4467 5.5861184383926875e-05
4485 7.159039254876493e-05
4502 6.424444555902466e-05
4503 7.798719092134497e-05
4533 5.685140711216779e-05
4541 0.0001376235146469122
4546 7.625433537211054e-05
4566 9.68719546813797e-05
4577 3.9085797470059324e-05
4699 3.676019862375966e-05
4712 8.484211069037113e-05
4716 0.00026261715830791277
4739 0.00013687950893562258
4740 0.00013837905578907654
4741 0.00016128300357362823
4756 0.00014071861357331354
4757 0.00015663840245623315
4821 8.691610145495967e-05
4823 0.0001786642827461757
4834 1.7286007534181456e-05
4839 3.088397517794058e-05
4846 4.681329625334851e-05
4963 0.00026261715830791277
5011 0.00010310145735752775
5012 0.00010774605847492284
5093 0.0002537323685808453
5254 5.9796800580258657e-05
5334 9.719791862251607e-05
5335 9.852402568908913e-05
5395 3.215862746722012e-05
5411 8.164949036359771e-05
5427 3.490353872923123e-05
5430 6.441104889224853e-05
5437 0.00013065000625947455
5469 1.1433598200043818e-05
5481 6.576478670658657e-05
5687 2.724862948448243e-05
5711 0.00020019542348213994
5822 9.134928606937549e-05
5823 0.0001475693727081854
5834 6.804811807694473e-05
5894 1.5848029138067838e-05
5896 1.6219082409210568e-05
5900 0.0002875104201589402
5911 7.47870417645905e-05
5931 0.00014665847838343454
5988 7.044371782011974e-05
6000 3.4631041686461846e-05
6162 0.0001128804268053397
6302 8.509658347491132e-05
6306 0.00011425323385392718
6312 0.00019506105515172307
6313 0.0002537323685808453
6314 0.0002537323685808453
6434 0.00014576429866269
6481 0.00012936752625714268
6507 6.212889280683989e-05
6568 3.9584588186023764e-05
6569 4.981125419104163e-05
6614 8.484211069037113e-05
6661 5.889434094657216e-05
6687 6.196989942762013e-05
6702 0.0001440237055098346
6868 0.00016508218077975113
6999 6.309390310328486e-05
7067 3.508605365233e-05
7073 5.516600244482883e-05
7087 0.0001376235146469122
7089 0.00030726931367955075
7101 0.00011862016226846598
7124 6.859058854884968e-05
7211 0.00010498321344481378
7503 3.173002815645075e-05
7559 8.509658347491132e-05
7602 9.654815662959692e-05
7617 0.0002462203859023654
7618 0.0002537323685808453
7701 0.00011425323385392718
7746 0.0002462203859023654
7747 0.00030726931367955075
7799 9.403242760948e-05
7836 6.424444555902466e-05
7841 0.0001300045474523503
7852 0.00015447220461114937
7854 0.0002734912621014559
7883 0.00016251677649793962
7890 9.233159952796689e-06
7957 0.00011379132113009053
8009 2.7093186202753706e-05
8010 3.97855428110104e-05
8016 3.6571316885345003e-05
8017 0.00012122674224136485
8042 6.663037655997976e-05
8054 2.9805618738211806e-05
8058 8.853165584237468e-05
8059 0.00011425323385392718
8060 0.0001147195668623605
8061 7.865323446718271e-05
8069 5.287392225192349e-05
8081 0.0001664173719040451
8174 0.00016508218077975113
8415 0.0002875104201589402
8633 5.949411993323993e-05
8638 6.491430390704548e-05
8639 3.69498153124238e-05
8642 9.164022082905678e-05
8695 4.476354154013861e-05
8700 0.00016508218077975113
8701 0.00019268344080366
8779 0.0001475693727081854
8800 0.00011379132113009053
8818 7.139739654402146e-05
8819 7.139739654402146e-05
8866 3.8493910507496085e-05
