96
77 8.691610145495967e-05
79 0.00013130412920165632
225 4.311890533715833e-05
412 6.391293797104737e-05
413 7.562007790453742e-05
430 2.1595466130645556e-05
463 2.104404381130732e-05
509 1.4811799641107606e-05
861 7.316251041712385e-05
974 0.00016508218077975113
1350 6.374802604546662e-05
1497 6.663037655997976e-05
1706 3.382257549850835e-05
1713 4.787143878550288e-05
1916 0.00014071861357331354
1996 0.00022883910672981793
2108 0.0001376235146469122
2262 0.0001523982138465608
2263 0.00015342417653056774
2371 8.858094887998e-06
2379 0.00010939812948263226
2382 0.00011154523568104574
2402 8.825864993225359e-05
2493 2.5565430128539482e-05
2586 9.502842032885344e-06
2744 7.52017798211394e-05
2958 6.950834500520415e-05
2968 0.00019756065060853997
3372 6.542281037332744e-05
3375 0.00010236864012694453
3465 5.7716484755306535e-05
3513 6.056183085252843e-05
3719 2.489326185102742e-05
3743 3.233112827567267e-05
3746 1.903006184883404e-05
3819 6.424444555902466e-05
3832 3.3290954653437934e-05
3837 0.0001239806629188251
3838 0.00014665847838343454
3932 4.895306850942043e-05
3943 7.689695691525318e-05
4220 4.3879500470736716e-05
4314 3.1644758795232604e-05
4321 0.00010200632301179658
4329 3.676019862375966e-05
4398 6.325661252824365e-05
4485 7.159039254876493e-05
4492 6.969398876306011e-05
4495 3.207260550754382e-05
4810 0.00010856509334268535
4911 6.341986704442123e-05
4913 6.457822376461287e-05
4914 6.542281037332744e-05
4923 8.188778632745044e-05
5222 2.3001954162320978e-05
5228 4.931901336427842e-05
5378 0.00010347204034115494
5379 2.541525611908456e-05
5380 3.8298201700263376e-05
5702 3.9886331735258645e-05
5810 5.261121850249547e-05
5811 0.00010310145735752775
5831 0.00013401212737453773
5832 0.00013542473142615584
6141 0.00010982004923951138
6348 9.590694438493474e-05
6387 9.558947467904783e-05
6483 0.00010734164596720007
6507 6.212889280683989e-05
6602 0.0001300045474523503
6725 8.458895984833521e-05
6727 8.612797493712278e-05
6833 2.7093186202753706e-05
6885 5.131853189681648e-05
6893 9.252359415714085e-05
6894 9.252359415714085e-05
6960 3.259102983841739e-05
6965 0.00013332088986277624
7373 7.27647006365303e-05
7374 0.00010498321344481378
7375 0.00019268344080366
7482 2.5340342303404983e-05
7483 2.8590308184836374e-05
7818 2.996997446737178e-05
7836 6.424444555902466e-05
7839 0.00010614816360120087
7890 9.233159952796689e-06
7893 5.131853189681648e-05
8009 2.7093186202753706e-05
8144 1.8182537399726556e-05
8349 4.919672615455441e-05
8447 4.100899018649567e-05
8530 0.0001147195668623605
8585 0.0001431761810607271
8813 4.431951634967444e-05
8814 9.988723143186235e-05
