368
15 6.0101372993599195e-05
58 3.9886331735258645e-05
60 0.00017215710736717137
75 0.00022883910672981793
77 8.691610145495967e-05
130 0.00011862016226846598
132 8.334256383691721e-05
137 0.00015342417653056774
145 5.786216925096193e-05
216 0.00013837905578907654
225 4.311890533715833e-05
226 0.00011712061541501202
246 0.0001002340757964429
278 5.558192042480493e-05
290 5.516600244482883e-05
304 0.00021605372159664503
311 0.00012016732165868515
317 0.00021244233432427055
330 6.358367031630664e-05
449 6.628229345501092e-05
452 0.00026261715830791277
463 2.104404381130732e-05
480 6.877276232176413e-05
509 1.4811799641107606e-05
521 6.165346047478709e-05
545 0.0001300045474523503
546 0.00013263932032595027
588 0.00021244233432427055
621 0.00011110817958998604
628 0.0002875104201589402
673 0.00023971321052336105
674 0.0002537323685808453
687 0.00021605372159664503
692 0.00015342417653056774
751 0.00011614595437539213
753 9.752607762356147e-05
757 0.00010815385522706535
773 0.00011110817958998604
841 0.00014576429866269
857 0.0002875104201589402
882 0.00014665847838343454
1007 0.00022883910672981793
1008 0.00023397347506023475
1009 0.0002875104201589402
1043 0.00019506105515172307
1045 0.00023971321052336105
1069 0.0002537323685808453
1096 6.950834500520415e-05
1140 3.8493910507496085e-05
1144 0.0001523982138465608
1145 9.920086195142229e-05
1146 0.0001504088997800851
1183 0.00010310145735752775
1186 0.00023397347506023475
1187 0.00030726931367955075
1234 2.8271279696782107e-05
1246 0.00014071861357331354
1247 0.0001431761810607271
1248 0.0002462203859023654
1306 4.5550455969092306e-05
1307 0.00022883910672981793
1308 0.0002537323685808453
1326 0.00015890538922556517
1327 0.00016007969731333051
1350 6.374802604546662e-05
1382 0.00011862016226846598
1396 0.00018617626542465564
1436 0.00018825025618924418
1479 0.0001677901789526326
1671 7.64676023536449e-05
1674 0.00014944388948364012
1706 3.382257549850835e-05
1714 0.0002462203859023654
1828 0.00016128300357362823
1881 8.408656954820681e-05
1888 6.071628875522179e-05
1916 0.00014071861357331354
1918 0.0001376235146469122
1922 7.334292682143156e-06
1956 0.0001128804268053397
1981 9.920086195142229e-05
1984 0.00010734164596720007
1985 9.496067334174995e-05
2041 0.00019268344080366
2123 0.00011243128604527755
2124 0.00011663084820199027
2242 0.00013614669170503938
2341 8.744869066327002e-05
2343 0.0001263016457352357
2371 8.858094887998e-06
2373 4.532432364915004e-05
2374 8.586807337437805e-05
2384 3.364472337590274e-05
2391 2.4157123570420575e-05
2462 0.00011712061541501202
2493 2.5565430128539482e-05
2526 8.070779096331723e-05
2550 5.3403616896513294e-05
2559 7.604199766141655e-05
2563 2.4450245822639586e-05
2586 9.502842032885344e-06
2607 3.3290954653437934e-05
2618 4.846937791309118e-05
2667 8.358930576913648e-05
2673 0.00014849761844045535
2738 0.0002537323685808453
2758 0.00023971321052336105
2776 9.222735356398462e-05
2797 0.00010347204034115494
2830 8.285279662389543e-05
2916 0.00015890538922556517
2945 0.0001196461249524729
2947 0.00022883910672981793
3014 0.0001263016457352357
3042 0.0001287387249198448
3044 0.00023971321052336105
3050 5.1064059112276297e-05
3112 0.0001440237055098346
3156 9.342327683396404e-05
3161 0.00010536844412685977
3174 0.00022419450561242282
3226 8.164949036359771e-05
3227 0.0002059351589452662
3264 0.00018617626542465564
3300 0.00020298083458234552
3307 8.408656954820681e-05
3372 6.542281037332744e-05
3383 0.00010815385522706535
3395 7.541048004377448e-05
3401 0.0001504088997800851
3436 0.00014665847838343454
3450 0.00011198624708459517
3465 5.7716484755306535e-05
3507 9.134928606937549e-05
3513 6.056183085252843e-05
3576 5.3536945098705395e-05
3627 6.491430390704548e-05
3628 7.733012801189119e-05
3642 0.00013542473142615584
3657 4.716346370617082e-05
3660 0.0002199543170027505
3719 2.489326185102742e-05
3720 0.00018617626542465564
3724 5.7716484755306535e-05
3727 6.424444555902466e-05
3832 3.3290954653437934e-05
3847 0.0001677901789526326
3851 0.0002734912621014559
3859 0.00030726931367955075
3891 8.334256383691721e-05
3892 0.00011110817958998604
3907 0.00018227567001855016
4027 0.00016378259903044513
4030 0.0002734912621014559
4042 0.00012571095453322076
4043 0.0002537323685808453
4061 0.00013130412920165632
4094 0.00010694056199521868
4143 0.0001376235146469122
4144 0.00013837905578907654
4224 8.236790279729728e-05
4247 4.846937791309118e-05
4290 5.656642719180506e-05
4291 7.843020694973282e-05
4314 3.1644758795232604e-05
4315 7.256700694753944e-05
4329 3.676019862375966e-05
4345 5.131853189681648e-05
4348 8.212725328354177e-05
4375 7.541048004377448e-05
4376 0.00014488623116808087
4377 0.0002875104201589402
4381 4.3226837668107787e-05
4382 6.14960082295629e-05
4384 0.0001753021616311125
4392 8.334256383691721e-05
4398 6.325661252824365e-05
4406 6.508321716976057e-05
4423 0.0001128804268053397
4435 0.00010856509334268535
4453 3.6854914742017664e-05
4457 0.00010058340652177312
4459 0.0002734912621014559
4467 5.5861184383926875e-05
4481 9.282164663063054e-05
4546 7.625433537211054e-05
4561 0.0001440237055098346
4566 9.68719546813797e-05
4567 6.341986704442123e-05
4569 0.00010422176939821458
4572 0.00013401212737453773
4577 3.9085797470059324e-05
4617 0.00030726931367955075
4659 6.610917985376751e-05
4676 1.811794967986411e-05
4699 3.676019862375966e-05
4739 0.00013687950893562258
4740 0.00013837905578907654
4744 0.0002875104201589402
4747 0.0002875104201589402
4759 5.0810908270240366e-05
4760 0.0001347133110905388
4821 8.691610145495967e-05
4823 0.0001786642827461757
4829 8.383730339089555e-05
4834 1.7286007534181456e-05
4853 8.535239208071232e-05
4865 0.00017370426675739054
4866 0.00021244233432427055
4900 0.00014944388948364012
4901 0.00019041645403432799
4933 2.564069103539461e-05
4946 0.00021605372159664503
5055 0.00013065000625947455
5056 0.00013614669170503938
5161 5.502814824397996e-05
5162 5.6001418804450566e-05
5222 2.3001954162320978e-05
5236 0.00010200632301179658
5242 6.786862826996617e-05
5247 0.00020019542348213994
5253 0.0002462203859023654
5254 5.9796800580258657e-05
5314 0.00030726931367955075
5373 0.00016508218077975113
5377 0.0002059351589452662
5379 2.541525611908456e-05
5380 3.8298201700263376e-05
5384 0.00023397347506023475
5385 0.00011519040557349246
5388 0.00026261715830791277
5430 6.441104889224853e-05
5437 0.00013065000625947455
5469 1.1433598200043818e-05
5482 0.00013196715204843822
5484 0.00012936752625714268
5644 7.711306116076915e-05
5652 0.00014576429866269
5687 2.724862948448243e-05
5729 9.106007793564448e-05
5797 5.544288630052885e-05
5799 0.00026261715830791277
5800 0.0002875104201589402
5806 7.910237522724487e-05
5822 9.134928606937549e-05
5823 0.0001475693727081854
5854 7.178415593526694e-05
5894 1.5848029138067838e-05
5896 1.6219082409210568e-05
5975 0.00010460100421098168
6022 2.0770655001689466e-05
6023 0.00016251677649793962
6030 0.0001391464957049546
6145 0.0001804365299615294
6146 0.00018825025618924418
6208 0.0001228603508781383
6209 0.0001804365299615294
6211 7.356359438910525e-05
6229 7.458098891001271e-05
6242 3.105201474962982e-05
6275 0.0002734912621014559
6278 0.00011566583790554528
6327 0.00010384546306881737
6345 0.0001251273376474703
6393 0.00014944388948364012
6394 0.0001677901789526326
6452 8.63892700805903e-05
6507 6.212889280683989e-05
6516 9.818910047034337e-05
6528 0.00011913044365880717
6540 6.040786096929821e-05
6550 0.00020019542348213994
6568 3.9584588186023764e-05
6577 0.00010897983139923425
6578 6.025437603138515e-05
6619 5.7716484755306535e-05
6661 5.889434094657216e-05
6682 6.698096388147314e-05
6684 0.0001251273376474703
6712 6.025437603138515e-05
6757 0.0001287387249198448
6784 9.68719546813797e-05
6815 7.178415593526694e-05
6822 8.535239208071232e-05
6833 2.7093186202753706e-05
6868 0.00016508218077975113
6885 5.131853189681648e-05
6896 0.00019268344080366
6902 0.00030726931367955075
6905 2.9805618738211806e-05
6908 8.935997200289977e-05
6999 6.309390310328486e-05
7039 0.0001753021616311125
7042 0.00017065756051371745
7067 3.508605365233e-05
7073 5.516600244482883e-05
7215 0.00015139340654708521
7216 0.00023971321052336105
7217 0.00030726931367955075
7267 0.00030726931367955075
7321 3.8200641252257444e-05
7346 8.070779096331723e-05
7373 7.27647006365303e-05
7374 0.00010498321344481378
7414 0.00010460100421098168
7476 8.117636599183342e-05
7503 3.173002815645075e-05
7507 0.00017370426675739054
7526 0.00020298083458234552
7527 0.0002462203859023654
7528 0.0002734912621014559
7655 0.0002199543170027505
7677 6.988034244141115e-05
7678 8.260974660633398e-05
7679 8.260974660633398e-05
7685 0.00016378259903044513
7733 0.0002875104201589402
7780 0.0002734912621014559
7795 0.00020019542348213994
7796 0.00023971321052336105
7806 0.0002734912621014559
7818 2.996997446737178e-05
7836 6.424444555902466e-05
7839 0.00010614816360120087
7840 0.00030726931367955075
7883 0.00016251677649793962
7890 9.233159952796689e-06
7989 0.00011862016226846598
7995 9.134928606937549e-05
8009 2.7093186202753706e-05
8010 3.97855428110104e-05
8014 0.0001804365299615294
8016 3.6571316885345003e-05
8024 0.00014488623116808087
8031 5.5721352358276173e-05
8032 6.056183085252843e-05
8033 0.00018617626542465564
8054 2.9805618738211806e-05
8058 8.853165584237468e-05
8059 0.00011425323385392718
8060 0.0001147195668623605
8077 0.0001300045474523503
8081 0.0001664173719040451
8084 0.00011333374567896404
8086 0.00014944388948364012
8088 8.509658347491132e-05
8090 9.558947467904783e-05
8143 0.0002462203859023654
8144 1.8182537399726556e-05
8150 0.00012176521653240713
8351 0.0001376235146469122
8437 8.433711728522342e-05
8516 8.024367862190805e-05
8562 0.00013614669170503938
8563 0.0001376235146469122
8564 0.00014071861357331354
8585 0.0001431761810607271
8633 5.949411993323993e-05
8678 4.409901177660094e-05
8746 0.00011811516886331826
8763 6.542281037332744e-05
8767 0.0001239806629188251
8818 7.139739654402146e-05
8819 7.139739654402146e-05
8866 3.8493910507496085e-05
8879 0.0001196461249524729
8882 0.0001147195668623605
8883 0.00011519040557349246
