38
328 5.502814824397996e-05
412 6.391293797104737e-05
413 7.562007790453742e-05
463 2.104404381130732e-05
861 7.316251041712385e-05
1916 0.00014071861357331354
2108 0.0001376235146469122
2371 8.858094887998e-06
2379 0.00010939812948263226
2382 0.00011154523568104574
2744 7.52017798211394e-05
3465 5.7716484755306535e-05
3513 6.056183085252843e-05
3719 2.489326185102742e-05
3746 1.903006184883404e-05
3832 3.3290954653437934e-05
3837 0.0001239806629188251
3838 0.00014665847838343454
3932 4.895306850942043e-05
3943 7.689695691525318e-05
4220 4.3879500470736716e-05
5379 2.541525611908456e-05
5380 3.8298201700263376e-05
5702 3.9886331735258645e-05
6141 0.00010982004923951138
6348 9.590694438493474e-05
6483 0.00010734164596720007
6833 2.7093186202753706e-05
6885 5.131853189681648e-05
6893 9.252359415714085e-05
6894 9.252359415714085e-05
7836 6.424444555902466e-05
7839 0.00010614816360120087
7890 9.233159952796689e-06
7893 5.131853189681648e-05
7922 0.00010774605847492284
8009 2.7093186202753706e-05
8530 0.0001147195668623605
