137
132 8.334256383691721e-05
134 0.0001376235146469122
158 1.722259642893919e-05
225 4.311890533715833e-05
232 0.0001245506276326127
240 0.00010347204034115494
263 0.0002875104201589402
328 5.502814824397996e-05
423 8.63892700805903e-05
443 5.859719717528758e-05
446 0.00010058340652177312
463 2.104404381130732e-05
509 1.4811799641107606e-05
764 0.00017065756051371745
861 7.316251041712385e-05
871 0.0002199543170027505
988 0.00013263932032595027
1011 8.56095506062492e-05
1126 4.895306850942043e-05
1135 0.00010774605847492284
1216 4.5550455969092306e-05
1418 6.424444555902466e-05
1421 0.00017215710736717137
1474 0.0001239806629188251
1569 9.920086195142229e-05
1682 0.00015447220461114937
1777 4.871062309639001e-05
1922 7.334292682143156e-06
1929 4.2158123180710165e-05
1931 7.754816608258265e-05
2047 0.00019041645403432799
2092 0.0001423431449207802
2108 0.0001376235146469122
2118 6.715720793434914e-05
2126 0.0001300045474523503
2162 0.0001263016457352357
2371 8.858094887998e-06
2379 0.00010939812948263226
2382 0.00011154523568104574
2434 0.00010536844412685977
2506 0.00014488623116808087
2552 0.00017370426675739054
2586 9.502842032885344e-06
2606 0.00013196715204843822
2732 0.00012069415303305452
2733 0.0001786642827461757
2773 0.00011067500849334801
3050 5.1064059112276297e-05
3051 7.910237522724487e-05
3182 0.00017215710736717137
3206 0.0001753021616311125
3209 0.0002875104201589402
3341 0.00016251677649793962
3368 0.00010058340652177312
3478 7.865323446718271e-05
3513 6.056183085252843e-05
3605 5.380470086849468e-05
3626 0.00015342417653056774
3654 6.663037655997976e-05
3657 4.716346370617082e-05
3719 2.489326185102742e-05
3723 6.859058854884968e-05
3727 6.424444555902466e-05
3760 0.00010614816360120087
3832 3.3290954653437934e-05
3837 0.0001239806629188251
3838 0.00014665847838343454
3875 3.285232498188492e-05
4247 4.846937791309118e-05
4250 8.612797493712278e-05
4326 0.00011024565393173974
4328 0.00011566583790554528
4398 6.325661252824365e-05
4502 6.424444555902466e-05
4503 7.798719092134497e-05
4563 4.728074758348793e-05
4699 3.676019862375966e-05
4750 0.00022419450561242282
4834 1.7286007534181456e-05
5065 0.0001287387249198448
5066 0.00015890538922556517
5098 0.0002875104201589402
5289 0.0001300045474523503
5395 3.215862746722012e-05
5550 4.944160821510571e-05
5702 3.9886331735258645e-05
5840 0.00012230970742046953
5934 5.434466680855229e-05
5938 5.91933076971794e-05
6114 0.00010536844412685977
6141 0.00010982004923951138
6229 7.458098891001271e-05
6233 0.0002875104201589402
6254 8.141235399539764e-05
6264 4.7398314413738584e-05
6348 9.590694438493474e-05
6408 4.3989132524856074e-05
6409 0.00010575674440844711
6483 0.00010734164596720007
6490 2.724862948448243e-05
6578 6.025437603138515e-05
6675 5.7716484755306535e-05
6678 0.00012230970742046953
6693 0.0001128804268053397
6696 0.0001399262151792957
6760 1.9892587507080337e-05
6815 7.178415593526694e-05
6822 8.535239208071232e-05
6826 0.00013614669170503938
7084 0.00015447220461114937
7165 6.628229345501092e-05
7167 0.00011243128604527755
7170 0.0002734912621014559
7261 0.00017695423263882194
7262 0.00018418695135817993
7301 0.00011024565393173974
7302 0.00011811516886331826
7321 3.8200641252257444e-05
7476 8.117636599183342e-05
7480 9.252359415714085e-05
7482 2.5340342303404983e-05
7483 2.8590308184836374e-05
7503 3.173002815645075e-05
7651 0.00011566583790554528
7677 6.988034244141115e-05
7678 8.260974660633398e-05
7679 8.260974660633398e-05
7818 2.996997446737178e-05
7890 9.233159952796689e-06
7893 5.131853189681648e-05
8088 8.509658347491132e-05
8090 9.558947467904783e-05
8124 0.0001300045474523503
8140 0.00018825025618924418
8349 4.919672615455441e-05
8487 0.00012571095453322076
8589 0.0001677901789526326
