103
134 0.007862184375213343
135 0.00901247220254199
156 0.01114348797123177
232 0.014230707608485185
263 0.016424954259336374
423 0.009870527884079753
446 0.0057461494802695
764 0.01949872024741346
801 0.017553744381488177
861 0.008359285805607792
871 0.012565595340567386
988 0.015154892599293188
1011 0.004890719967967263
1085 0.012565595340567386
1129 0.0099005434714503
1134 0.0061553389303109765
1216 0.005609367073023719
1420 0.0098350265439502
1467 0.008885907726928164
1473 0.007082792743157496
1506 0.00935660591384184
1568 0.005667167190455611
1681 0.008824719791631814
1776 0.002782750468173255
1930 0.0044301875392819
1940 0.004584177332554131
2007 0.011595930755114506
2046 0.010878150245858531
2091 0.00813180838162816
2117 0.0038365707507110225
2125 0.01485385290891469
2161 0.007215386325592439
2381 0.006372379105060767
2505 0.008277090334422671
2551 0.02977023894888201
2634 0.008885907726928164
2732 0.02041353958761433
2743 0.004296142703628168
2772 0.006322664587773829
3050 0.018075906872441184
3181 0.0098350265439502
3208 0.016424954259336374
3229 0.002681011778212192
3340 0.027852875233646886
3477 0.008986636225276054
3512 0.003459788695882906
3585 0.0071168497414019405
3604 0.006147531976154161
3610 0.010754399251016308
3653 0.0038064738198880744
3656 0.0026943640291627845
3760 0.00606405406419168
3837 0.021248378229472488
3838 0.008378335636879286
4251 0.00984067323896972
4399 0.003613736736228894
4504 0.0044552682403270925
4645 0.025946500752838914
4751 0.012807829705243025
4835 0.0009875185842604176
4858 0.01369438546271919
4909 0.005354449593078284
5067 0.009077979671655363
5099 0.04927486277800913
5223 0.0013140603557346444
5381 0.0021879075227740205
5431 0.0036796876136392233
5703 0.013671807247100964
5939 0.0033816074243414283
6115 0.012039020180238131
6142 0.01882146690043318
6234 0.016424954259336374
6250 0.006225822163012664
6293 0.005057654595302841
6349 0.010957983184083826
6410 0.006041692988256927
6469 0.002667723261398953
6484 0.012264471139226758
6491 0.0015566652946519704
6697 0.023981200570728528
6725 0.007390534576946509
6761 0.009091422557082049
6823 0.0048760289629699236
6827 0.007777816131251992
6943 0.014066128712576155
7085 0.008824719791631814
7118 0.017553744381488177
7171 0.031248129844207367
7224 0.009430848686597064
7303 0.026990830382304928
7481 0.005285706866207944
7484 0.0032666259813238685
7652 0.006607781714193715
7680 0.014158039649147084
7868 0.012342761326085258
8046 0.007215386325592439
8091 0.005460855117562014
8125 0.007426926454457345
8141 0.021508798502032616
8350 0.0028105206633935184
8457 0.017553744381488177
8590 0.00958555176170424
8797 0.03284990851867275
