377
68 3.241760820520544e-05
72 0.00013837905578907654
97 8.612797493712278e-05
99 0.00020298083458234552
115 0.0002875104201589402
132 8.334256383691721e-05
134 0.0001376235146469122
135 0.00015775871449691997
145 5.786216925096193e-05
153 0.00016007969731333051
156 0.00019506105515172307
158 1.722259642893919e-05
225 4.311890533715833e-05
232 0.0001245506276326127
240 0.00010347204034115494
263 0.0002875104201589402
328 5.502814824397996e-05
412 6.391293797104737e-05
413 7.562007790453742e-05
423 8.63892700805903e-05
443 5.859719717528758e-05
446 0.00010058340652177312
463 2.104404381130732e-05
494 0.00010815385522706535
509 1.4811799641107606e-05
511 4.409901177660094e-05
549 6.786862826996617e-05
597 0.00011198624708459517
668 8.63892700805903e-05
728 0.00017370426675739054
764 0.00017065756051371745
784 0.00030726931367955075
800 0.00011154523568104574
801 0.00030726931367955075
861 7.316251041712385e-05
871 0.0002199543170027505
891 5.757123449128065e-05
892 0.0001475693727081854
959 0.00019506105515172307
969 0.00010536844412685977
988 0.00013263932032595027
1011 8.56095506062492e-05
1041 0.00010734164596720007
1054 0.00019506105515172307
1083 7.178415593526694e-05
1086 0.0002199543170027505
1126 4.895306850942043e-05
1130 8.665197383001834e-05
1135 0.00010774605847492284
1140 3.8493910507496085e-05
1144 0.0001523982138465608
1164 8.408656954820681e-05
1165 8.433711728522342e-05
1216 4.5550455969092306e-05
1217 9.818910047034337e-05
1306 4.5550455969092306e-05
1312 0.00011243128604527755
1314 0.00013401212737453773
1365 6.733409171295719e-05
1387 0.0002537323685808453
1418 6.424444555902466e-05
1421 0.00017215710736717137
1468 0.00015554326811050196
1474 0.0001239806629188251
1502 0.0002462203859023654
1504 0.0001239806629188251
1506 0.0001523982138465608
1507 0.00016378259903044513
1567 0.00016378259903044513
1569 9.920086195142229e-05
1594 0.000126899584862824
1621 0.00011198624708459517
1622 0.00011333374567896404
1682 0.00015447220461114937
1739 0.00015775871449691997
1773 0.0001002340757964429
1777 4.871062309639001e-05
1819 0.00014488623116808087
1922 7.334292682143156e-06
1929 4.2158123180710165e-05
1931 7.754816608258265e-05
1941 8.024367862190805e-05
1946 0.00015342417653056774
2004 7.217400943451535e-05
2008 0.00020298083458234552
2047 0.00019041645403432799
2076 7.66818067754729e-05
2092 0.0001423431449207802
2108 0.0001376235146469122
2118 6.715720793434914e-05
2126 0.0001300045474523503
2162 0.0001263016457352357
2233 0.00018227567001855016
2234 0.00016251677649793962
2321 8.691610145495967e-05
2323 0.00023971321052336105
2324 0.00021605372159664503
2371 8.858094887998e-06
2373 4.532432364915004e-05
2374 8.586807337437805e-05
2379 0.00010939812948263226
2382 0.00011154523568104574
2391 2.4157123570420575e-05
2394 0.0001523982138465608
2434 0.00010536844412685977
2458 0.00017065756051371745
2469 0.00011110817958998604
2506 0.00014488623116808087
2526 8.070779096331723e-05
2552 0.00017370426675739054
2563 2.4450245822639586e-05
2586 9.502842032885344e-06
2589 0.0001228603508781383
2606 0.00013196715204843822
2635 0.00015554326811050196
2718 8.88061998220748e-05
2721 0.0001475693727081854
2722 0.00014944388948364012
2723 0.00018227567001855016
2732 0.00012069415303305452
2733 0.0001786642827461757
2744 7.52017798211394e-05
2773 0.00011067500849334801
2894 0.00013130412920165632
2896 0.00011379132113009053
2943 0.0001399262151792957
2945 0.0001196461249524729
2955 4.7516165565500014e-05
3050 5.1064059112276297e-05
3051 7.910237522724487e-05
3177 0.00016378259903044513
3182 0.00017215710736717137
3185 0.00010939812948263226
3206 0.0001753021616311125
3209 0.0002875104201589402
3228 4.566391685271689e-05
3229 4.669713069773751e-05
3230 4.692973938522239e-05
3341 0.00016251677649793962
3368 0.00010058340652177312
3421 8.586807337437805e-05
3427 0.00019041645403432799
3432 0.00021605372159664503
3433 0.0002875104201589402
3478 7.865323446718271e-05
3513 6.056183085252843e-05
3545 6.071628875522179e-05
3557 0.00015775871449691997
3586 6.228840662358072e-05
3601 0.00015139340654708521
3602 0.00018227567001855016
3605 5.380470086849468e-05
3611 0.00018825025618924418
3626 0.00015342417653056774
3627 6.491430390704548e-05
3628 7.733012801189119e-05
3654 6.663037655997976e-05
3657 4.716346370617082e-05
3719 2.489326185102742e-05
3723 6.859058854884968e-05
3727 6.424444555902466e-05
3746 1.903006184883404e-05
3760 0.00010614816360120087
3832 3.3290954653437934e-05
3837 0.0001239806629188251
3838 0.00014665847838343454
3840 0.00010774605847492284
3875 3.285232498188492e-05
3884 8.433711728522342e-05
3887 5.5861184383926875e-05
4015 8.798716495431228e-05
4016 0.00017370426675739054
4018 9.342327683396404e-05
4067 0.00022419450561242282
4189 4.981125419104163e-05
4247 4.846937791309118e-05
4250 8.612797493712278e-05
4282 0.0002875104201589402
4326 0.00011024565393173974
4328 0.00011566583790554528
4363 7.025520142447097e-05
4398 6.325661252824365e-05
4399 9.282164663063054e-05
4451 0.00010200632301179658
4452 0.0001664173719040451
4453 3.6854914742017664e-05
4467 5.5861184383926875e-05
4502 6.424444555902466e-05
4503 7.798719092134497e-05
4525 9.818910047034337e-05
4527 0.0001753021616311125
4533 5.685140711216779e-05
4563 4.728074758348793e-05
4576 0.0001475693727081854
4644 0.00015139340654708521
4699 3.676019862375966e-05
4703 0.00012069415303305452
4705 0.00014071861357331354
4750 0.00022419450561242282
4810 0.00010856509334268535
4812 0.00020019542348213994
4821 8.691610145495967e-05
4824 0.00017370426675739054
4831 0.00013065000625947455
4832 0.0001347133110905388
4834 1.7286007534181456e-05
4839 3.088397517794058e-05
4842 0.00015554326811050196
4844 0.00010734164596720007
4853 8.535239208071232e-05
4857 0.00023971321052336105
4908 9.372690041743856e-05
4933 2.564069103539461e-05
4942 6.804811807694473e-05
5044 0.00010058340652177312
5065 0.0001287387249198448
5066 0.00015890538922556517
5098 0.0002875104201589402
5105 0.0002462203859023654
5161 5.502814824397996e-05
5162 5.6001418804450566e-05
5177 6.196989942762013e-05
5222 2.3001954162320978e-05
5289 0.0001300045474523503
5334 9.719791862251607e-05
5335 9.852402568908913e-05
5379 2.541525611908456e-05
5380 3.8298201700263376e-05
5395 3.215862746722012e-05
5427 3.490353872923123e-05
5430 6.441104889224853e-05
5443 0.00011712061541501202
5455 8.908229930004346e-05
5469 1.1433598200043818e-05
5550 4.944160821510571e-05
5575 0.00017065756051371745
5588 6.913916575845257e-05
5591 0.00021244233432427055
5602 0.00018825025618924418
5687 2.724862948448243e-05
5702 3.9886331735258645e-05
5797 5.544288630052885e-05
5840 0.00012230970742046953
5894 1.5848029138067838e-05
5896 1.6219082409210568e-05
5934 5.434466680855229e-05
5938 5.91933076971794e-05
5988 7.044371782011974e-05
6114 0.00010536844412685977
6141 0.00010982004923951138
6195 9.622649587425546e-05
6197 5.5304247721948624e-05
6229 7.458098891001271e-05
6233 0.0002875104201589402
6242 3.105201474962982e-05
6249 0.00010897983139923425
6254 8.141235399539764e-05
6264 4.7398314413738584e-05
6292 8.853165584237468e-05
6348 9.590694438493474e-05
6366 0.0001251273376474703
6380 0.00011067500849334801
6387 9.558947467904783e-05
6408 4.3989132524856074e-05
6409 0.00010575674440844711
6467 4.669713069773751e-05
6468 4.669713069773751e-05
6475 8.691610145495967e-05
6483 0.00010734164596720007
6484 0.00015139340654708521
6490 2.724862948448243e-05
6507 6.212889280683989e-05
6565 0.00011333374567896404
6566 7.082295263288685e-05
6578 6.025437603138515e-05
6581 0.00017370426675739054
6590 8.691610145495967e-05
6608 0.00016251677649793962
6675 5.7716484755306535e-05
6678 0.00012230970742046953
6689 7.376538112671329e-05
6693 0.0001128804268053397
6696 0.0001399262151792957
6724 0.00012936752625714268
6760 1.9892587507080337e-05
6789 4.7516165565500014e-05
6796 8.260974660633398e-05
6815 7.178415593526694e-05
6822 8.535239208071232e-05
6826 0.00013614669170503938
6885 5.131853189681648e-05
6893 9.252359415714085e-05
6894 9.252359415714085e-05
6941 0.00022883910672981793
6942 0.0002462203859023654
7024 0.00023397347506023475
7080 0.0001263016457352357
7084 0.00015447220461114937
7117 0.00030726931367955075
7165 6.628229345501092e-05
7167 0.00011243128604527755
7170 0.0002734912621014559
7223 0.00016508218077975113
7261 0.00017695423263882194
7262 0.00018418695135817993
7285 0.0002462203859023654
7301 0.00011024565393173974
7302 0.00011811516886331826
7321 3.8200641252257444e-05
7327 0.00011761535496899039
7414 0.00010460100421098168
7476 8.117636599183342e-05
7480 9.252359415714085e-05
7482 2.5340342303404983e-05
7483 2.8590308184836374e-05
7503 3.173002815645075e-05
7554 8.260974660633398e-05
7559 8.509658347491132e-05
7577 8.853165584237468e-05
7578 8.88061998220748e-05
7587 0.00013687950893562258
7608 0.00015554326811050196
7620 0.0001027336712532598
7651 0.00011566583790554528
7664 0.0001196461249524729
7677 6.988034244141115e-05
7678 8.260974660633398e-05
7679 8.260974660633398e-05
7717 0.00018227567001855016
7718 9.527405980765772e-05
7719 0.00012016732165868515
7808 4.7398314413738584e-05
7818 2.996997446737178e-05
7836 6.424444555902466e-05
7841 0.0001300045474523503
7866 5.91933076971794e-05
7867 0.00021605372159664503
7890 9.233159952796689e-06
7893 5.131853189681648e-05
7894 6.374802604546662e-05
7897 0.00013542473142615584
7899 0.0002199543170027505
7900 0.00023397347506023475
7958 9.496067334174995e-05
8009 2.7093186202753706e-05
8042 6.663037655997976e-05
8045 0.0001263016457352357
8066 0.00018227567001855016
8069 5.287392225192349e-05
8088 8.509658347491132e-05
8090 9.558947467904783e-05
8109 8.285279662389543e-05
8122 0.00014576429866269
8124 0.0001300045474523503
8137 8.63892700805903e-05
8140 0.00018825025618924418
8144 1.8182537399726556e-05
8149 0.00011811516886331826
8170 0.00011425323385392718
8349 4.919672615455441e-05
8442 8.001326955199571e-05
8444 5.815485137703107e-05
8456 0.00030726931367955075
8474 8.408656954820681e-05
8487 0.00012571095453322076
8513 4.3335009582674306e-05
8541 0.00018825025618924418
8589 0.0001677901789526326
8609 0.0002462203859023654
8621 0.000101646679848061
8626 0.0001263016457352357
8670 0.00010654275221462514
8795 0.0002462203859023654
8796 0.0002875104201589402
8813 4.431951634967444e-05
8814 9.988723143186235e-05
8866 3.8493910507496085e-05
