188
1 0.004811792399168233
49 0.0050528245159410295
56 0.003041735808003493
62 0.004315785480670742
99 0.006009851155474629
116 0.004512202265118106
139 0.003226671951594603
145 0.0017131815693175172
148 0.0031428320066907048
277 0.0016292719506656125
334 0.0027394361167057783
339 0.004512202265118106
378 0.002355482876501483
456 0.004849270839067532
489 0.00584937049243624
521 0.009127170095536588
1006 0.006927480431019309
1037 0.007290086641733822
1055 0.024071924311476617
1102 0.005641743661168409
1193 0.003041735808003493
1253 0.005308072231850747
1265 0.016536905755460442
1266 0.006289986988365114
1297 0.005143031313428121
1381 0.007024205223498796
1385 0.009097621672797861
1390 0.0019219809847826886
1411 0.002014766871434324
1503 0.003670816172533453
1538 0.003315685827302034
1558 0.0033828067113162758
1572 0.003988588134348444
1640 0.0022451898315082822
1644 0.007290086641733822
1709 0.007775561843322653
1763 0.004704866540791484
1799 0.0033555825298701913
1881 0.002811593092430816
1912 0.004315785480670742
1921 0.0004343070856030552
1941 0.01629901345559178
1956 0.0026293716040343205
1977 0.008512600878592938
2025 0.002527111356223615
2053 0.004573608928553366
2064 0.004775262883216527
2067 0.01502500245044846
2112 0.004887748820960605
2145 0.003988588134348444
2150 0.0034246310545322906
2215 0.004967927158889906
2410 0.004097123405954319
2468 0.0032896880282589887
2480 0.006190441395749023
2503 0.005453402360478736
2531 0.004605320948175394
2635 0.004887748820960605
2636 0.03239008807771661
2652 0.006927480431019309
2717 0.010517486416137282
2764 0.0038303102790819116
2780 0.0028681822595363984
2812 0.008512600878592938
2874 0.012019702310949258
2891 0.005927380777650601
2909 0.004739635423443194
2929 0.013536606795354317
2975 0.0016170960234682522
3046 0.005289887334996405
3050 0.0023420610233395554
3160 0.0031197460932178545
3181 0.015291669177969081
3222 0.06889632266372946
3227 0.001352016036516322
3234 0.003811692745799524
3394 0.0022327514888708243
3407 0.008097522019429152
3413 0.002917096734023795
3523 0.007097422366060444
3560 0.0066379449635146585
3656 0.0013964145798983202
3753 0.0066379449635146585
3815 0.009097621672797861
3869 0.004512202265118106
3903 0.005396813193373153
3913 0.007775561843322653
3928 0.004424730707900999
3930 0.006190441395749023
3973 0.010793626386746306
3974 0.0029989819003977754
4005 0.01092266013238845
4044 0.004289787681627697
4226 0.003226671951594603
4349 0.0024316215324349643
4383 0.0018207721772154966
4393 0.004935208829997382
4400 0.0027482608464192006
4435 0.003868281912905107
4468 0.003307872925113331
4660 0.003914717680111469
4680 0.003589278162309115
4763 0.004142931660059413
4770 0.0038303102790819116
4810 0.012194645425383472
4928 0.006061855952234748
4980 0.017025201757185877
4982 0.024438744104803026
5134 0.007097422366060444
5195 0.0034677040683673993
5198 0.004119845746586563
5223 0.0013620824949807612
5267 0.005775362536585236
5364 0.006289986988365114
5380 0.0007524942276853208
5381 0.0011339321380489941
5441 0.0025423796342606553
5491 0.004573608928553366
5567 0.005396813193373153
5660 0.006512401571855523
5730 0.01078441746926862
5734 0.0053423599834456804
5775 0.004967927158889906
5811 0.0031154231182341503
5855 0.004250766762093681
5869 0.002148562013011533
5905 0.0066379449635146585
5939 0.0017525938810540292
5976 0.0030970237525856105
5985 0.002743235748695745
5989 0.002085695724959824
6034 0.006821108933361892
6161 0.004710965753002966
6328 0.003074653710529237
6469 0.0013826074045788595
6477 0.01595071217821449
6506 0.0039072799304175464
6507 0.0026293716040343205
6517 0.0029071802770488375
6518 0.004119845746586563
6589 0.0038943241138146146
6607 0.004424730707900999
6713 0.0017840099640920415
6728 0.005100149585645437
6729 0.0028208718305842047
6761 0.010601625639653818
6814 0.027292865018393578
6823 0.0075813340686708445
6858 0.013026780990230916
6944 0.0050528245159410295
6983 0.0033966138866357368
7159 0.007775561843322653
7163 0.004573608928553366
7238 0.0031197460932178545
7336 0.0037572395358720515
7370 0.005550127152958222
7470 0.007006189886986121
7553 0.007514479071744103
7573 0.010906804720957472
7574 0.007290086641733822
7615 0.004342260330076972
7665 0.0035424792876293638
7680 0.0024459071819124528
7695 0.002014766871434324
7702 0.0033828067113162758
7776 0.0031197460932178545
7879 0.008097522019429152
7913 0.006964704607864734
7993 0.0066379449635146585
8145 0.0016150442522228877
8149 0.0051903417423803146
8159 0.0032390569101302946
8187 0.0027394361167057783
8205 0.0015119033050119812
8445 0.0017218472939272455
8527 0.0032390569101302946
8572 0.002811593092430816
8619 0.006289986988365114
8639 0.0019219809847826886
8695 0.0026293716040343205
8697 0.002834752574461141
8719 0.00278410961746075
8739 0.00262124291318021
8769 0.007775561843322653
8792 0.026049606287422093
8846 0.0042391565634990035
8848 0.004739635423443194
8893 0.006149307421058474
