295
56 0.0001027336712532598
86 0.0002734912621014559
97 8.612797493712278e-05
99 0.00020298083458234552
138 5.5304247721948624e-05
153 0.00016007969731333051
156 0.00019506105515172307
158 1.722259642893919e-05
225 4.311890533715833e-05
295 6.969398876306011e-05
320 0.00017370426675739054
328 5.502814824397996e-05
330 6.358367031630664e-05
344 9.164022082905678e-05
370 0.0001347133110905388
430 2.1595466130645556e-05
456 0.00016378259903044513
459 8.798716495431228e-05
463 2.104404381130732e-05
473 4.858985121920245e-05
480 6.877276232176413e-05
509 1.4811799641107606e-05
511 4.409901177660094e-05
523 0.0001347133110905388
549 6.786862826996617e-05
575 8.825864993225359e-05
597 0.00011198624708459517
632 6.4078409870285e-05
639 0.0001287387249198448
645 6.341986704442123e-05
651 0.00012571095453322076
764 0.00017065756051371745
784 0.00030726931367955075
814 0.00014488623116808087
818 0.00016128300357362823
819 0.0001677901789526326
837 0.0001128804268053397
838 0.00011614595437539213
891 5.757123449128065e-05
1011 8.56095506062492e-05
1012 0.0002537323685808453
1020 0.00018418695135817993
1083 7.178415593526694e-05
1096 6.950834500520415e-05
1098 0.00017695423263882194
1099 0.0002875104201589402
1126 4.895306850942043e-05
1130 8.665197383001834e-05
1198 0.0002734912621014559
1216 4.5550455969092306e-05
1284 0.00022419450561242282
1350 6.374802604546662e-05
1365 6.733409171295719e-05
1367 0.0001275049519955334
1387 0.0002537323685808453
1391 6.491430390704548e-05
1394 0.00014488623116808087
1418 6.424444555902466e-05
1474 0.0001239806629188251
1497 6.663037655997976e-05
1502 0.0002462203859023654
1536 0.0001475693727081854
1567 0.00016378259903044513
1572 0.00014849761844045535
1578 0.00010856509334268535
1621 0.00011198624708459517
1622 0.00011333374567896404
1623 0.0001664173719040451
1682 0.00015447220461114937
1684 0.00020908021320920737
1748 0.00020019542348213994
1750 0.0001245506276326127
1848 6.508321716976057e-05
1901 0.00011243128604527755
1922 7.334292682143156e-06
1929 4.2158123180710165e-05
1931 7.754816608258265e-05
1941 8.024367862190805e-05
1946 0.00015342417653056774
1984 0.00010734164596720007
2341 8.744869066327002e-05
2343 0.0001263016457352357
2371 8.858094887998e-06
2373 4.532432364915004e-05
2379 0.00010939812948263226
2382 0.00011154523568104574
2391 2.4157123570420575e-05
2394 0.0001523982138465608
2417 8.63892700805903e-05
2493 2.5565430128539482e-05
2503 0.00015342417653056774
2506 0.00014488623116808087
2537 0.0002462203859023654
2552 0.00017370426675739054
2557 0.00012230970742046953
2559 7.604199766141655e-05
2579 0.00013130412920165632
2607 3.3290954653437934e-05
2724 0.00018617626542465564
2797 0.00010347204034115494
2830 8.285279662389543e-05
2843 7.33626397641186e-05
2850 9.252359415714085e-05
2890 0.0001415241100530177
2891 0.00018825025618924418
2955 4.7516165565500014e-05
2975 0.00030726931367955075
2976 5.461691012835996e-05
2982 7.197869283035229e-05
3023 0.00019506105515172307
3113 6.165346047478709e-05
3228 4.566391685271689e-05
3229 4.669713069773751e-05
3230 4.692973938522239e-05
3341 0.00016251677649793962
3395 7.541048004377448e-05
3413 8.001326955199571e-05
3432 0.00021605372159664503
3464 0.00030726931367955075
3477 0.0002199543170027505
3487 0.00014849761844045535
3513 6.056183085252843e-05
3605 5.380470086849468e-05
3627 6.491430390704548e-05
3628 7.733012801189119e-05
3654 6.663037655997976e-05
3657 4.716346370617082e-05
3723 6.859058854884968e-05
3724 5.7716484755306535e-05
3743 3.233112827567267e-05
3746 1.903006184883404e-05
3832 3.3290954653437934e-05
3837 0.0001239806629188251
3872 9.164022082905678e-05
3875 3.285232498188492e-05
3986 0.0001504088997800851
4015 8.798716495431228e-05
4018 9.342327683396404e-05
4220 4.3879500470736716e-05
4286 0.0001228603508781383
4301 0.00011154523568104574
4308 7.955569410086921e-05
4314 3.1644758795232604e-05
4326 0.00011024565393173974
4328 0.00011566583790554528
4363 7.025520142447097e-05
4402 6.950834500520415e-05
4460 0.00011862016226846598
4467 5.5861184383926875e-05
4492 6.969398876306011e-05
4493 0.00017695423263882194
4495 3.207260550754382e-05
4516 0.00011663084820199027
4519 0.00010128967145643295
4525 9.818910047034337e-05
4546 7.625433537211054e-05
4563 4.728074758348793e-05
4566 9.68719546813797e-05
4644 0.00015139340654708521
4645 0.00021244233432427055
4676 1.811794967986411e-05
4679 0.00012122674224136485
4689 0.00019041645403432799
4690 0.00020908021320920737
4750 0.00022419450561242282
4810 0.00010856509334268535
4818 9.048676041112919e-05
4831 0.00013065000625947455
4832 0.0001347133110905388
4839 3.088397517794058e-05
4853 8.535239208071232e-05
4854 0.00016920278300425065
4911 6.341986704442123e-05
4913 6.457822376461287e-05
4914 6.542281037332744e-05
4933 2.564069103539461e-05
4942 6.804811807694473e-05
5074 0.00022883910672981793
5109 0.00020298083458234552
5192 8.001326955199571e-05
5198 0.00010654275221462514
5199 0.00014665847838343454
5242 6.786862826996617e-05
5379 2.541525611908456e-05
5380 3.8298201700263376e-05
5434 7.159039254876493e-05
5443 0.00011712061541501202
5462 0.00010654275221462514
5469 1.1433598200043818e-05
5588 6.913916575845257e-05
5591 0.00021244233432427055
5602 0.00018825025618924418
5644 7.711306116076915e-05
5646 0.00022883910672981793
5702 3.9886331735258645e-05
5797 5.544288630052885e-05
5808 0.00011913044365880717
5862 6.610917985376751e-05
5884 0.00016251677649793962
5894 1.5848029138067838e-05
5896 1.6219082409210568e-05
5957 0.0002734912621014559
6000 3.4631041686461846e-05
6018 0.0001431761810607271
6114 0.00010536844412685977
6141 0.00010982004923951138
6172 0.00012230970742046953
6197 5.5304247721948624e-05
6211 7.356359438910525e-05
6212 0.0001391464957049546
6229 7.458098891001271e-05
6230 0.0001239806629188251
6242 3.105201474962982e-05
6249 0.00010897983139923425
6254 8.141235399539764e-05
6262 0.0001128804268053397
6264 4.7398314413738584e-05
6292 8.853165584237468e-05
6302 8.509658347491132e-05
6305 0.00017215710736717137
6328 9.920086195142229e-05
6483 0.00010734164596720007
6490 2.724862948448243e-05
6605 0.00010200632301179658
6638 9.282164663063054e-05
6661 5.889434094657216e-05
6693 0.0001128804268053397
6696 0.0001399262151792957
6704 0.00010694056199521868
6724 0.00012936752625714268
6760 1.9892587507080337e-05
6789 4.7516165565500014e-05
6796 8.260974660633398e-05
6815 7.178415593526694e-05
6822 8.535239208071232e-05
6960 3.259102983841739e-05
6972 6.133906307779394e-05
7010 0.0001504088997800851
7024 0.00023397347506023475
7165 6.628229345501092e-05
7167 0.00011243128604527755
7171 0.00012341728754011654
7208 0.00020908021320920737
7247 0.00026261715830791277
7248 0.0002734912621014559
7321 3.8200641252257444e-05
7327 0.00011761535496899039
7373 7.27647006365303e-05
7374 0.00010498321344481378
7375 0.00019268344080366
7414 0.00010460100421098168
7469 7.887728740211037e-05
7471 0.00019506105515172307
7482 2.5340342303404983e-05
7483 2.8590308184836374e-05
7503 3.173002815645075e-05
7532 0.00018227567001855016
7559 8.509658347491132e-05
7608 0.00015554326811050196
7610 0.00013263932032595027
7718 9.527405980765772e-05
7719 0.00012016732165868515
7808 4.7398314413738584e-05
7818 2.996997446737178e-05
7827 0.00015775871449691997
7843 0.00012571095453322076
7847 0.00015775871449691997
7858 4.509923582401553e-05
7877 8.853165584237468e-05
7958 9.496067334174995e-05
7991 0.00016007969731333051
8009 2.7093186202753706e-05
8045 0.0001263016457352357
8067 0.00022419450561242282
8069 5.287392225192349e-05
8088 8.509658347491132e-05
8090 9.558947467904783e-05
8101 0.0001523982138465608
8109 8.285279662389543e-05
8122 0.00014576429866269
8124 0.0001300045474523503
8170 0.00011425323385392718
8384 0.00030726931367955075
8437 8.433711728522342e-05
8439 0.0002199543170027505
8442 8.001326955199571e-05
8489 0.00013837905578907654
8495 0.00015342417653056774
8513 4.3335009582674306e-05
8530 0.0001147195668623605
8621 0.000101646679848061
8678 4.409901177660094e-05
8813 4.431951634967444e-05
8814 9.988723143186235e-05
8866 3.8493910507496085e-05
