339
44 0.0018372399730371943
117 0.003017646053297981
135 0.005481269643651269
150 0.0036322083043283738
158 0.0008975893530684565
163 0.002304045905421317
171 0.0026300546572078426
174 0.004994722932663693
176 0.009989445865327386
232 0.004327466641176781
326 0.004407919822207589
334 0.0016073494563907198
370 0.0023402827065085413
377 0.0020695721518270748
401 0.0019004992786534475
423 0.004502346052387256
459 0.0015285411580367074
480 0.0011947424128880347
485 0.004407919822207589
493 0.0022584805592501867
507 0.006468627202590764
536 0.0029647176984371336
539 0.0024172974068665796
549 0.0011790355070992952
575 0.0015332574818640232
584 0.0036906161471693937
600 0.004562269229707833
637 0.004994722932663693
667 0.009124538459415667
668 0.0015007820174624184
693 0.0033886630087956253
700 0.0023526417280115026
760 0.004994722932663693
762 0.004562269229707833
764 0.035576612381245605
776 0.00795093223850346
819 0.005829809258580357
861 0.0038130075604526762
964 0.004994722932663693
990 0.0019004992786534475
1011 0.007436182407435604
1020 0.0031997546013725134
1037 0.0042774192576254975
1041 0.003729546779180066
1101 0.0014393452700042027
1147 0.0038211167117514857
1165 0.006777326017591251
1173 0.0031997546013725134
1207 0.0021838908904484662
1216 0.0017057724432586745
1242 0.002144044574186196
1256 0.002867860419316066
1268 0.004395394089157375
1313 0.004656203037668149
1317 0.003017646053297981
1321 0.004164374526674841
1324 0.004751177637130945
1364 0.0035092481014378624
1407 0.003307975513360489
1473 0.0021538317113695307
1499 0.0017911114775249262
1511 0.0022150567878834178
1516 0.0015819247847221512
1538 0.0019454608850251697
1539 0.0027809556773029267
1572 0.0023402827065085413
1577 0.0018860275085185413
1583 0.004562269229707833
1627 0.00284528366970629
1646 0.002596187023544251
1698 0.0022810573088599627
1732 0.001953192244123808
1747 0.0034778588968281303
1792 0.0025477979714486716
1812 0.003307975513360489
1848 0.0042774192576254975
1881 0.0032993743501819705
1921 0.000254827354320701
1930 0.006735957662066047
1940 0.0027880376759393546
1945 0.0026653338425739175
1960 0.002647510490839278
2005 0.002939444838467606
2046 0.003307975513360489
2074 0.0036906161471693937
2075 0.0013321408615653303
2076 0.0031346010819047754
2091 0.002472830618974645
2092 0.002051934473508562
2117 0.0011666764855963344
2125 0.0045169611185003735
2161 0.0021941525668468234
2194 0.004562269229707833
2258 0.00569056733941258
2323 0.0037533543213826514
2381 0.005813398481809822
2416 0.0015007820174624184
2468 0.0019302068158010828
2551 0.003017646053297981
2556 0.002124803338267494
2588 0.002134369292448282
2666 0.001452140142328546
2674 0.0018578056306069958
2707 0.0022584805592501867
2722 0.0031665512109265476
2726 0.0042774192576254975
2732 0.00310381303671329
2738 0.0013173530980194793
2780 0.0016828905655369509
2869 0.004994722932663693
2890 0.003270343631888
2895 0.001976819208404224
2939 0.0013741917505364642
2942 0.004861685885683756
2949 0.004751177637130945
2954 0.0016509320371139809
2962 0.004434975157476079
3030 0.0015099343005196893
3032 0.004917204166832333
3050 0.004122575251609393
3078 0.0020607073803831748
3168 0.0024172974068665796
3181 0.005981536611525268
3184 0.0019004992786534475
3229 0.0032611137419189234
3340 0.008469880188009577
3374 0.0017783807423222798
3426 0.003307975513360489
3431 0.0037533543213826514
3432 0.004994722932663693
3477 0.0013663891336677043
3478 0.0021637333205883906
3506 0.0015869490008777276
3512 0.004208397945869266
3556 0.0027406348218256345
3576 0.004994722932663693
3585 0.0010820941127277803
3601 0.006333102421853095
3604 0.0028041373926317227
3640 0.002134369292448282
3653 0.002315048405078127
3656 0.0016386775382042664
3819 0.001116075046436701
3837 0.010769158556847654
3838 0.0178345858001407
3884 0.0014651313630524583
3901 0.0018040365825912287
3911 0.0036322083043283738
3943 0.0026717570371490693
4049 0.004994722932663693
4056 0.004656203037668149
4085 0.0033886630087956253
4149 0.004064662007284234
4162 0.004994722932663693
4221 0.0022868661297965236
4247 0.003074105499565655
4248 0.0008420255281899972
4251 0.0014962427146971505
4307 0.004994722932663693
4316 0.0012606572435018937
4337 0.0021838908904484662
4349 0.0014267408991480003
4357 0.002596187023544251
4375 0.004994722932663693
4407 0.0011306464550037158
4468 0.0009704383532739887
4473 0.0037533543213826514
4504 0.0013548184122632093
4598 0.003234313601295382
4637 0.004751177637130945
4645 0.0026300546572078426
4646 0.0036906161471693937
4650 0.014984168797991079
4662 0.0035775714162187373
4677 0.0006295016278633486
4706 0.0024446087410630994
4751 0.0038947786238165928
4764 0.002760555221789935
4770 0.0022474140233989383
4811 0.0018860275085185413
4819 0.0015719649294034762
4835 0.0003002980490148638
4909 0.004884761032281943
4924 0.0014225808026320434
4943 0.004728614645627535
4944 0.0029149046292901784
4951 0.0019848437039107192
4973 0.0008132555481673331
4993 0.003074105499565655
5018 0.0037533543213826514
5019 0.0019078290035526811
5045 0.0017473670934152865
5057 0.004730367705556767
5065 0.0038947786238165928
5124 0.002472830618974645
5146 0.004407919822207589
5149 0.004562269229707833
5156 0.005782111572744054
5163 0.0019457491009172063
5169 0.0025170099262571866
5178 0.0010765609038965898
5181 0.0019078290035526811
5193 0.00278003219589624
5223 0.0003995973011590732
5226 0.002939444838467606
5229 0.0008567856668663728
5297 0.004407919822207589
5303 0.0036906161471693937
5308 0.002304252675915923
5336 0.0034231817424606715
5379 0.007190197454349885
5380 0.0004415219542559095
5381 0.0013306572068333225
5396 0.0016760098712740685
5431 0.0011189693328025707
5435 0.0012436911859543725
5459 0.003074105499565655
5592 0.0073812322943387874
5603 0.006540687263776
5623 0.0011697493671459541
5625 0.0024586020834161666
5703 0.0041575086365453215
5780 0.0042774192576254975
5782 0.003234313601295382
5807 0.0027483835010729285
5812 0.0017911114775249262
5833 0.0023526417280115026
5863 0.0011484698067383548
5866 0.0020785307321178137
5902 0.0036906161471693937
5911 0.003432086780162394
5912 0.0012992243980624375
5932 0.0025477979714486716
5939 0.0010283250647120132
5976 0.0018171620848504264
5985 0.0005365262900308117
5999 0.0025170099262571866
6006 0.003786464941247468
6019 0.0024873023891095513
6115 0.0018304942964104758
6116 0.0033886630087956253
6133 0.002867860419316066
6142 0.007631316014210725
6152 0.004562269229707833
6192 0.005337980747587049
6293 0.00153800022781139
6349 0.001666126098164792
6357 0.0011697493671459541
6363 0.003074105499565655
6381 0.0019226816290306382
6405 0.004164374526674841
6421 0.00721189558591959
6469 0.003244949931994048
6476 0.0015099343005196893
6484 0.011188640337540199
6485 0.007890163971623529
6491 0.0004733719024672659
6508 0.0010793229877086882
6697 0.009723371771367511
6706 0.002867860419316066
6719 0.0042774192576254975
6725 0.0022474140233989383
6728 0.0014962427146971505
6745 0.005337980747587049
6761 0.006220447012740348
6823 0.001482769041370971
6895 0.0032146989127814396
6947 0.002760555221789935
6966 0.004632186239598681
6973 0.0010656018131565295
6976 0.002502025854782935
7000 0.0010960874550808473
7055 0.003270343631888
7081 0.0021941525668468234
7085 0.0026835405214318967
7121 0.004994722932663693
7176 0.003307975513360489
7179 0.0006452109532971237
7181 0.0044301135757668355
7252 0.0013358785185745346
7260 0.0042774192576254975
7277 0.0037533543213826514
7303 0.006155803420525685
7342 0.0073338262231892985
7348 0.005442344805808771
7391 0.0022696936759930546
7484 0.0019867198950741655
7551 0.003432086780162394
7579 0.003085539387190372
7582 0.0027406348218256345
7591 0.0021538317113695307
7595 0.0033473583322460388
7662 0.0035775714162187373
7680 0.007175614636994622
7694 0.0050645279909625465
7719 0.0016551314249626619
7720 0.0020875851279185224
7756 0.0035262479489237097
7791 0.0038947786238165928
7800 0.0016335613934808687
7839 0.0035775714162187373
7868 0.007506708642765303
7887 0.0013741917505364642
7893 0.0017412984083779708
7923 0.001871798972960063
7959 0.004949061525272956
8011 0.0006911671686778258
8035 0.004994722932663693
8042 0.0031997546013725134
8046 0.006582457700540471
8067 0.0031665512109265476
8078 0.0022584805592501867
8091 0.003321221825885669
8123 0.0025322639954812732
8125 0.0022584805592501867
8141 0.003270343631888
8163 0.004632186239598681
8202 0.0035262479489237097
8318 0.004751177637130945
8337 0.0035262479489237097
8350 0.0008546612543652805
8383 0.004562269229707833
8440 0.0038211167117514857
8445 0.0010102846695362589
8465 0.004994722932663693
8467 0.007506708642765303
8496 0.0026653338425739175
8517 0.0013940188379696773
8531 0.0019929449900143404
8590 0.0029149046292901784
8610 0.0042774192576254975
8623 0.0038211167117514857
8657 0.0035775714162187373
8671 0.003701789503846936
8681 0.0027211724029043856
8724 0.0018238019458483047
8815 0.0052058187515833755
8820 0.001240338397661441
8828 0.0024586020834161666
