615
44 0.00010575674440844711
53 0.00010200632301179658
58 3.9886331735258645e-05
68 3.241760820520544e-05
117 0.00017370426675739054
129 0.0001786642827461757
132 8.334256383691721e-05
135 0.00015775871449691997
150 0.00020908021320920737
158 1.722259642893919e-05
163 4.4209139343250144e-05
171 0.00015139340654708521
174 0.0002875104201589402
176 0.0002875104201589402
225 4.311890533715833e-05
232 0.0001245506276326127
240 0.00010347204034115494
278 5.558192042480493e-05
290 5.516600244482883e-05
295 6.969398876306011e-05
326 0.0002537323685808453
328 5.502814824397996e-05
330 6.358367031630664e-05
334 9.252359415714085e-05
370 0.0001347133110905388
377 0.00011913044365880717
401 0.00010939812948263226
412 6.391293797104737e-05
413 7.562007790453742e-05
423 8.63892700805903e-05
430 2.1595466130645556e-05
461 0.00015890538922556517
463 2.104404381130732e-05
473 4.858985121920245e-05
480 6.877276232176413e-05
485 0.0002537323685808453
493 0.0001300045474523503
507 0.00018617626542465564
509 1.4811799641107606e-05
511 4.409901177660094e-05
535 8.236790279729728e-05
536 0.00017065756051371745
539 0.0001391464957049546
575 8.825864993225359e-05
584 0.00021244233432427055
597 0.00011198624708459517
600 0.00026261715830791277
632 6.4078409870285e-05
636 0.0002059351589452662
637 0.0002875104201589402
645 6.341986704442123e-05
667 0.00026261715830791277
668 8.63892700805903e-05
692 0.00015342417653056774
693 0.00019506105515172307
700 0.00013542473142615584
760 0.0002875104201589402
762 0.00026261715830791277
764 0.00017065756051371745
776 0.00022883910672981793
818 0.00016128300357362823
819 0.0001677901789526326
861 7.316251041712385e-05
963 0.00013614669170503938
964 0.0002875104201589402
1011 8.56095506062492e-05
1035 0.00015663840245623315
1037 0.0002462203859023654
1041 0.00010734164596720007
1102 8.285279662389543e-05
1140 3.8493910507496085e-05
1148 0.0002199543170027505
1164 8.408656954820681e-05
1165 8.433711728522342e-05
1166 0.00019506105515172307
1174 0.00018418695135817993
1183 0.00010310145735752775
1208 0.00012571095453322076
1216 4.5550455969092306e-05
1217 9.818910047034337e-05
1234 2.8271279696782107e-05
1243 0.00012341728754011654
1257 0.00016508218077975113
1265 6.576478670658657e-05
1269 8.433711728522342e-05
1306 4.5550455969092306e-05
1310 8.285279662389543e-05
1312 0.00011243128604527755
1314 0.00013401212737453773
1318 0.00017370426675739054
1322 0.00023971321052336105
1325 0.0002734912621014559
1365 6.733409171295719e-05
1408 0.00019041645403432799
1474 0.0001239806629188251
1500 0.00010310145735752775
1511 9.312153328472917e-05
1512 0.0001275049519955334
1517 9.106007793564448e-05
1539 0.00011198624708459517
1540 0.00016007969731333051
1573 0.0001347133110905388
1578 0.00010856509334268535
1582 0.00019041645403432799
1583 8.88061998220748e-05
1584 0.00026261715830791277
1628 0.00016378259903044513
1647 0.00014944388948364012
1699 0.00013130412920165632
1706 3.382257549850835e-05
1733 0.00011243128604527755
1793 0.00014665847838343454
1798 0.00010498321344481378
1800 0.00011333374567896404
1813 0.00019041645403432799
1819 0.00014488623116808087
1824 0.0001804365299615294
1881 8.408656954820681e-05
1882 9.496067334174995e-05
1922 7.334292682143156e-06
1929 4.2158123180710165e-05
1931 7.754816608258265e-05
1941 8.024367862190805e-05
1946 0.00015342417653056774
1961 0.0001523982138465608
2004 7.217400943451535e-05
2006 0.00016920278300425065
2047 0.00019041645403432799
2061 0.0001677901789526326
2075 0.00021244233432427055
2077 0.0001804365299615294
2092 0.0001423431449207802
2093 0.00011811516886331826
2108 0.0001376235146469122
2118 6.715720793434914e-05
2126 0.0001300045474523503
2137 0.00015342417653056774
2138 0.00017370426675739054
2162 0.0001263016457352357
2195 0.00026261715830791277
2259 0.00016378259903044513
2273 0.00019756065060853997
2341 8.744869066327002e-05
2371 8.858094887998e-06
2373 4.532432364915004e-05
2379 0.00010939812948263226
2382 0.00011154523568104574
2384 3.364472337590274e-05
2389 8.070779096331723e-05
2390 0.00014576429866269
2391 2.4157123570420575e-05
2394 0.0001523982138465608
2402 8.825864993225359e-05
2411 0.00013837905578907654
2417 8.63892700805903e-05
2450 0.0001504088997800851
2469 0.00011110817958998604
2493 2.5565430128539482e-05
2526 8.070779096331723e-05
2550 5.3403616896513294e-05
2552 0.00017370426675739054
2563 2.4450245822639586e-05
2586 9.502842032885344e-06
2589 0.0001228603508781383
2590 8.771718405598661e-05
2606 0.00013196715204843822
2607 3.3290954653437934e-05
2618 4.846937791309118e-05
2663 0.0002875104201589402
2667 8.358930576913648e-05
2675 0.00010694056199521868
2708 0.0001300045474523503
2727 0.0002462203859023654
2732 0.00012069415303305452
2733 0.0001786642827461757
2739 7.583058115843726e-05
2780 9.342327683396404e-05
2781 9.68719546813797e-05
2807 0.00019506105515172307
2808 0.00023971321052336105
2827 0.0001196461249524729
2843 7.33626397641186e-05
2850 9.252359415714085e-05
2870 0.0002875104201589402
2890 0.0001415241100530177
2891 0.00018825025618924418
2940 7.910237522724487e-05
2943 0.0001399262151792957
2950 0.0002734912621014559
2955 4.7516165565500014e-05
2958 6.950834500520415e-05
2963 8.509658347491132e-05
2982 7.197869283035229e-05
2985 0.00017065756051371745
3031 8.691610145495967e-05
3033 0.0001415241100530177
3050 5.1064059112276297e-05
3051 7.910237522724487e-05
3076 9.818910047034337e-05
3079 0.00011862016226846598
3113 6.165346047478709e-05
3168 0.0001275049519955334
3169 0.0001391464957049546
3174 0.00022419450561242282
3182 0.00017215710736717137
3185 0.00010939812948263226
3228 4.566391685271689e-05
3229 4.669713069773751e-05
3230 4.692973938522239e-05
3341 0.00016251677649793962
3368 0.00010058340652177312
3372 6.542281037332744e-05
3375 0.00010236864012694453
3383 0.00010815385522706535
3421 8.586807337437805e-05
3427 0.00019041645403432799
3428 0.00026261715830791277
3432 0.00021605372159664503
3478 7.865323446718271e-05
3507 9.134928606937549e-05
3513 6.056183085252843e-05
3519 8.586807337437805e-05
3545 6.071628875522179e-05
3557 0.00015775871449691997
3571 0.00023971321052336105
3576 5.3536945098705395e-05
3577 0.0002875104201589402
3586 6.228840662358072e-05
3601 0.00015139340654708521
3602 0.00018227567001855016
3605 5.380470086849468e-05
3626 0.00015342417653056774
3641 0.0001228603508781383
3654 6.663037655997976e-05
3657 4.716346370617082e-05
3666 0.0001804365299615294
3707 0.00015663840245623315
3719 2.489326185102742e-05
3720 0.00018617626542465564
3723 6.859058854884968e-05
3727 6.424444555902466e-05
3743 3.233112827567267e-05
3746 1.903006184883404e-05
3819 6.424444555902466e-05
3832 3.3290954653437934e-05
3837 0.0001239806629188251
3838 0.00014665847838343454
3861 0.00022419450561242282
3875 3.285232498188492e-05
3884 8.433711728522342e-05
3901 0.00010384546306881737
3909 0.00019506105515172307
3911 0.00020908021320920737
3932 4.895306850942043e-05
3943 7.689695691525318e-05
3977 0.0001128804268053397
4010 0.00014071861357331354
4015 8.798716495431228e-05
4018 9.342327683396404e-05
4046 9.312153328472917e-05
4048 0.00021244233432427055
4049 0.0002875104201589402
4056 0.00013401212737453773
4085 0.00019506105515172307
4162 0.0002875104201589402
4189 4.981125419104163e-05
4201 0.0002734912621014559
4203 0.00011614595437539213
4220 4.3879500470736716e-05
4232 0.00018825025618924418
4233 0.00022419450561242282
4246 0.00017695423263882194
4247 4.846937791309118e-05
4250 8.612797493712278e-05
4278 0.0002875104201589402
4290 5.656642719180506e-05
4291 7.843020694973282e-05
4306 0.0002875104201589402
4314 3.1644758795232604e-05
4315 7.256700694753944e-05
4321 0.00010200632301179658
4326 0.00011024565393173974
4328 0.00011566583790554528
4329 3.676019862375966e-05
4332 8.117636599183342e-05
4336 0.00012571095453322076
4345 5.131853189681648e-05
4348 8.212725328354177e-05
4356 0.00014944388948364012
4372 0.00018825025618924418
4374 0.0002875104201589402
4375 7.541048004377448e-05
4381 4.3226837668107787e-05
4382 6.14960082295629e-05
4398 6.325661252824365e-05
4406 6.508321716976057e-05
4432 6.4078409870285e-05
4451 0.00010200632301179658
4452 0.0001664173719040451
4453 3.6854914742017664e-05
4467 5.5861184383926875e-05
4471 0.00017065756051371745
4472 0.00021605372159664503
4485 7.159039254876493e-05
4502 6.424444555902466e-05
4561 0.0001440237055098346
4577 3.9085797470059324e-05
4596 0.00017370426675739054
4597 0.00018617626542465564
4636 0.0002734912621014559
4644 0.00015139340654708521
4645 0.00021244233432427055
4649 0.0002875104201589402
4652 4.476354154013861e-05
4659 6.610917985376751e-05
4661 0.0002059351589452662
4670 7.541048004377448e-05
4676 1.811794967986411e-05
4699 3.676019862375966e-05
4703 0.00012069415303305452
4705 0.00014071861357331354
4750 0.00022419450561242282
4759 5.0810908270240366e-05
4762 0.0001399262151792957
4763 0.00015890538922556517
4768 0.00012176521653240713
4769 0.00012936752625714268
4818 9.048676041112919e-05
4821 8.691610145495967e-05
4822 0.00017695423263882194
4826 0.00023397347506023475
4834 1.7286007534181456e-05
4839 3.088397517794058e-05
4844 0.00010734164596720007
4908 9.372690041743856e-05
4923 8.188778632745044e-05
4933 2.564069103539461e-05
4942 6.804811807694473e-05
4943 0.0001677901789526326
4948 0.00011110817958998604
4950 0.00011425323385392718
4972 4.681329625334851e-05
4992 0.00017695423263882194
5016 8.117636599183342e-05
5017 0.00021605372159664503
5018 0.00010982004923951138
5044 0.00010058340652177312
5055 0.00013065000625947455
5056 0.00013614669170503938
5064 0.00022419450561242282
5123 0.0001423431449207802
5145 0.0002537323685808453
5148 0.00026261715830791277
5154 0.00016508218077975113
5155 0.0001664173719040451
5161 5.502814824397996e-05
5162 5.6001418804450566e-05
5168 0.00014488623116808087
5177 6.196989942762013e-05
5180 0.00010982004923951138
5217 7.159039254876493e-05
5222 2.3001954162320978e-05
5225 0.00016920278300425065
5228 4.931901336427842e-05
5294 9.68719546813797e-05
5295 0.0002059351589452662
5296 0.0002537323685808453
5297 0.0001415241100530177
5302 0.00021244233432427055
5307 0.00013263932032595027
5334 9.719791862251607e-05
5335 9.852402568908913e-05
5373 0.00016508218077975113
5378 0.00010347204034115494
5379 2.541525611908456e-05
5380 3.8298201700263376e-05
5395 3.215862746722012e-05
5427 3.490353872923123e-05
5430 6.441104889224853e-05
5434 7.159039254876493e-05
5457 0.0001423431449207802
5458 0.00017695423263882194
5469 1.1433598200043818e-05
5550 4.944160821510571e-05
5588 6.913916575845257e-05
5591 0.00021244233432427055
5602 0.00018825025618924418
5622 6.733409171295719e-05
5624 0.0001415241100530177
5644 7.711306116076915e-05
5646 0.00022883910672981793
5669 0.0001300045474523503
5676 9.312153328472917e-05
5687 2.724862948448243e-05
5699 8.260974660633398e-05
5702 3.9886331735258645e-05
5754 0.00017215710736717137
5756 0.0002537323685808453
5757 0.00026261715830791277
5779 0.0002462203859023654
5781 0.00018617626542465564
5797 5.544288630052885e-05
5806 7.910237522724487e-05
5810 5.261121850249547e-05
5811 0.00010310145735752775
5831 0.00013401212737453773
5832 0.00013542473142615584
5834 6.804811807694473e-05
5840 0.00012230970742046953
5862 6.610917985376751e-05
5865 0.0001196461249524729
5894 1.5848029138067838e-05
5896 1.6219082409210568e-05
5901 0.00021244233432427055
5910 0.00019756065060853997
5911 7.47870417645905e-05
5931 0.00014665847838343454
5934 5.434466680855229e-05
5938 5.91933076971794e-05
5975 0.00010460100421098168
5984 3.088397517794058e-05
5998 0.00014488623116808087
6000 3.4631041686461846e-05
6005 0.00010897983139923425
6018 0.0001431761810607271
6114 0.00010536844412685977
6115 0.00019506105515172307
6131 0.00016378259903044513
6132 0.00016508218077975113
6141 0.00010982004923951138
6197 5.5304247721948624e-05
6211 7.356359438910525e-05
6214 0.0001664173719040451
6242 3.105201474962982e-05
6254 8.141235399539764e-05
6262 0.0001128804268053397
6264 4.7398314413738584e-05
6292 8.853165584237468e-05
6348 9.590694438493474e-05
6356 6.733409171295719e-05
6362 0.00017695423263882194
6380 0.00011067500849334801
6399 8.212725328354177e-05
6404 0.00023971321052336105
6408 4.3989132524856074e-05
6417 9.954283828468142e-05
6420 0.00013837905578907654
6422 0.00017370426675739054
6429 5.815485137703107e-05
6467 4.669713069773751e-05
6468 4.669713069773751e-05
6475 8.691610145495967e-05
6483 0.00010734164596720007
6484 0.00015139340654708521
6490 2.724862948448243e-05
6507 6.212889280683989e-05
6540 6.040786096929821e-05
6566 7.082295263288685e-05
6578 6.025437603138515e-05
6586 5.24803957997587e-05
6589 5.9343481706634316e-05
6590 8.691610145495967e-05
6605 0.00010200632301179658
6614 8.484211069037113e-05
6687 6.196989942762013e-05
6693 0.0001128804268053397
6696 0.0001399262151792957
6705 0.00016508218077975113
6712 6.025437603138515e-05
6718 0.0002462203859023654
6724 0.00012936752625714268
6725 8.458895984833521e-05
6727 8.612797493712278e-05
6760 1.9892587507080337e-05
6784 9.68719546813797e-05
6789 4.7516165565500014e-05
6796 8.260974660633398e-05
6815 7.178415593526694e-05
6822 8.535239208071232e-05
6833 2.7093186202753706e-05
6845 0.00023971321052336105
6885 5.131853189681648e-05
6893 9.252359415714085e-05
6894 9.252359415714085e-05
6946 0.00015890538922556517
6960 3.259102983841739e-05
6965 0.00013332088986277624
6972 6.133906307779394e-05
6975 0.0001440237055098346
6999 6.309390310328486e-05
7054 0.00018825025618924418
7067 3.508605365233e-05
7069 0.0001664173719040451
7073 5.516600244482883e-05
7080 0.0001263016457352357
7084 0.00015447220461114937
7120 0.0002875104201589402
7121 0.00016920278300425065
7124 6.859058854884968e-05
7165 6.628229345501092e-05
7175 0.00019041645403432799
7178 3.714017269315804e-05
7180 0.0001275049519955334
7232 0.00013401212737453773
7251 7.689695691525318e-05
7259 0.0002462203859023654
7274 0.00020908021320920737
7275 0.00021244233432427055
7276 0.00021605372159664503
7301 0.00011024565393173974
7302 0.00011811516886331826
7321 3.8200641252257444e-05
7341 0.00014071861357331354
7346 8.070779096331723e-05
7347 0.00015663840245623315
7369 9.372690041743856e-05
7390 0.00013065000625947455
7392 5.274239335290522e-05
7414 0.00010460100421098168
7482 2.5340342303404983e-05
7483 2.8590308184836374e-05
7502 9.68719546813797e-05
7503 3.173002815645075e-05
7523 8.935997200289977e-05
7550 0.00019756065060853997
7559 8.509658347491132e-05
7577 8.853165584237468e-05
7578 8.88061998220748e-05
7581 0.00015775871449691997
7590 0.0001239806629188251
7594 0.00019268344080366
7661 0.0002059351589452662
7677 6.988034244141115e-05
7678 8.260974660633398e-05
7679 8.260974660633398e-05
7693 0.00014576429866269
7718 9.527405980765772e-05
7719 0.00012016732165868515
7755 0.00020298083458234552
7790 0.00022419450561242282
7792 0.000101646679848061
7799 9.403242760948e-05
7808 4.7398314413738584e-05
7814 0.0001275049519955334
7818 2.996997446737178e-05
7836 6.424444555902466e-05
7837 0.00018617626542465564
7838 0.0002059351589452662
7858 4.509923582401553e-05
7866 5.91933076971794e-05
7867 0.00021605372159664503
7886 7.910237522724487e-05
7890 9.233159952796689e-06
7891 6.932340577943291e-05
7892 0.0001002340757964429
7893 5.131853189681648e-05
7922 0.00010774605847492284
7958 9.496067334174995e-05
8009 2.7093186202753706e-05
8010 3.97855428110104e-05
8016 3.6571316885345003e-05
8031 5.5721352358276173e-05
8033 0.00018617626542465564
8034 0.0002875104201589402
8041 0.00018418695135817993
8045 0.0001263016457352357
8054 2.9805618738211806e-05
8055 0.00016508218077975113
8066 0.00018227567001855016
8069 5.287392225192349e-05
8077 0.0001300045474523503
8084 0.00011333374567896404
8088 8.509658347491132e-05
8090 9.558947467904783e-05
8109 8.285279662389543e-05
8122 0.00014576429866269
8124 0.0001300045474523503
8137 8.63892700805903e-05
8140 0.00018825025618924418
8144 1.8182537399726556e-05
8149 0.00011811516886331826
8162 0.00013332088986277624
8200 0.00019506105515172307
8201 0.00020298083458234552
8317 0.0002734912621014559
8336 0.00020298083458234552
8349 4.919672615455441e-05
8382 0.00026261715830791277
8442 8.001326955199571e-05
8444 5.815485137703107e-05
8447 4.100899018649567e-05
8464 0.0002875104201589402
8466 0.00021605372159664503
8487 0.00012571095453322076
8489 0.00013837905578907654
8513 4.3335009582674306e-05
8516 8.024367862190805e-05
8530 0.0001147195668623605
8589 0.0001677901789526326
8622 0.0002199543170027505
8633 5.949411993323993e-05
8670 0.00010654275221462514
8678 4.409901177660094e-05
8680 0.00015663840245623315
8722 7.217400943451535e-05
8723 0.00010498321344481378
8763 6.542281037332744e-05
8764 0.0001287387249198448
8813 4.431951634967444e-05
8814 9.988723143186235e-05
8818 7.139739654402146e-05
8819 7.139739654402146e-05
8824 0.00011712061541501202
8826 0.0002059351589452662
8827 0.0001415241100530177
