271
68 3.241760820520544e-05
77 8.691610145495967e-05
79 0.00013130412920165632
132 8.334256383691721e-05
135 0.00015775871449691997
138 5.5304247721948624e-05
145 5.786216925096193e-05
153 0.00016007969731333051
156 0.00019506105515172307
158 1.722259642893919e-05
160 3.6009024944890365e-05
163 4.4209139343250144e-05
290 5.516600244482883e-05
294 0.0002199543170027505
328 5.502814824397996e-05
443 5.859719717528758e-05
446 0.00010058340652177312
463 2.104404381130732e-05
473 4.858985121920245e-05
493 0.0001300045474523503
509 1.4811799641107606e-05
511 4.409901177660094e-05
535 8.236790279729728e-05
597 0.00011198624708459517
632 6.4078409870285e-05
633 0.00010058340652177312
671 0.00014576429866269
672 0.00015775871449691997
732 0.00011614595437539213
764 0.00017065756051371745
785 9.134928606937549e-05
786 0.00023971321052336105
787 0.0002875104201589402
882 0.00014665847838343454
1041 0.00010734164596720007
1126 4.895306850942043e-05
1130 8.665197383001834e-05
1173 9.077257605451787e-05
1306 4.5550455969092306e-05
1312 0.00011243128604527755
1314 0.00013401212737453773
1365 6.733409171295719e-05
1432 0.00015139340654708521
1506 0.0001523982138465608
1507 0.00016378259903044513
1578 0.00010856509334268535
1748 0.00020019542348213994
1813 0.00019041645403432799
1913 0.00014576429866269
1922 7.334292682143156e-06
1929 4.2158123180710165e-05
1931 7.754816608258265e-05
1936 0.00011024565393173974
1941 8.024367862190805e-05
1956 0.0001128804268053397
2027 0.00026261715830791277
2069 0.0002537323685808453
2077 0.0001804365299615294
2108 0.0001376235146469122
2118 6.715720793434914e-05
2148 8.383730339089555e-05
2149 8.408656954820681e-05
2255 0.00014849761844045535
2301 0.00023971321052336105
2310 0.0001391464957049546
2312 0.00017065756051371745
2371 8.858094887998e-06
2379 0.00010939812948263226
2382 0.00011154523568104574
2391 2.4157123570420575e-05
2417 8.63892700805903e-05
2469 0.00011110817958998604
2479 0.00013542473142615584
2493 2.5565430128539482e-05
2508 0.00030726931367955075
2557 0.00012230970742046953
2563 2.4450245822639586e-05
2586 9.502842032885344e-06
2667 8.358930576913648e-05
2725 0.00010536844412685977
2744 7.52017798211394e-05
2830 8.285279662389543e-05
2843 7.33626397641186e-05
2850 9.252359415714085e-05
2943 0.0001399262151792957
2976 5.461691012835996e-05
2982 7.197869283035229e-05
3009 0.00023397347506023475
3047 0.0001786642827461757
3050 5.1064059112276297e-05
3051 7.910237522724487e-05
3149 7.541048004377448e-05
3150 7.604199766141655e-05
3156 9.342327683396404e-05
3228 4.566391685271689e-05
3229 4.669713069773751e-05
3230 4.692973938522239e-05
3421 8.586807337437805e-05
3427 0.00019041645403432799
3586 6.228840662358072e-05
3605 5.380470086849468e-05
3627 6.491430390704548e-05
3628 7.733012801189119e-05
3641 0.0001228603508781383
3654 6.663037655997976e-05
3657 4.716346370617082e-05
3691 0.00011425323385392718
3704 0.00013130412920165632
3710 0.00017065756051371745
3719 2.489326185102742e-05
3723 6.859058854884968e-05
3727 6.424444555902466e-05
3832 3.3290954653437934e-05
3837 0.0001239806629188251
3838 0.00014665847838343454
3884 8.433711728522342e-05
3885 0.0001391464957049546
3994 0.0001147195668623605
4018 9.342327683396404e-05
4085 0.00019506105515172307
4108 9.654815662959692e-05
4154 0.00012571095453322076
4189 4.981125419104163e-05
4247 4.846937791309118e-05
4314 3.1644758795232604e-05
4315 7.256700694753944e-05
4399 9.282164663063054e-05
4402 6.950834500520415e-05
4406 6.508321716976057e-05
4453 3.6854914742017664e-05
4471 0.00017065756051371745
4502 6.424444555902466e-05
4503 7.798719092134497e-05
4546 7.625433537211054e-05
4652 4.476354154013861e-05
4659 6.610917985376751e-05
4661 0.0002059351589452662
4759 5.0810908270240366e-05
4810 0.00010856509334268535
4839 3.088397517794058e-05
4842 0.00015554326811050196
4844 0.00010734164596720007
4878 6.969398876306011e-05
4890 0.00023971321052336105
4997 0.00015342417653056774
5334 9.719791862251607e-05
5335 9.852402568908913e-05
5369 7.562007790453742e-05
5379 2.541525611908456e-05
5380 3.8298201700263376e-05
5395 3.215862746722012e-05
5430 6.441104889224853e-05
5431 0.0002462203859023654
5434 7.159039254876493e-05
5469 1.1433598200043818e-05
5481 6.576478670658657e-05
5574 0.00013401212737453773
5642 9.852402568908913e-05
5687 2.724862948448243e-05
5702 3.9886331735258645e-05
5713 0.0001786642827461757
5797 5.544288630052885e-05
5894 1.5848029138067838e-05
5896 1.6219082409210568e-05
5965 0.00020298083458234552
6000 3.4631041686461846e-05
6012 0.00014665847838343454
6013 0.00016128300357362823
6022 2.0770655001689466e-05
6094 0.00011761535496899039
6114 0.00010536844412685977
6141 0.00010982004923951138
6172 0.00012230970742046953
6211 7.356359438910525e-05
6212 0.0001391464957049546
6229 7.458098891001271e-05
6230 0.0001239806629188251
6242 3.105201474962982e-05
6254 8.141235399539764e-05
6292 8.853165584237468e-05
6366 0.0001251273376474703
6408 4.3989132524856074e-05
6417 9.954283828468142e-05
6420 0.00013837905578907654
6467 4.669713069773751e-05
6468 4.669713069773751e-05
6483 0.00010734164596720007
6536 7.499396958083494e-05
6578 6.025437603138515e-05
6593 7.754816608258265e-05
6598 0.00012936752625714268
6693 0.0001128804268053397
6696 0.0001399262151792957
6724 0.00012936752625714268
6789 4.7516165565500014e-05
6796 8.260974660633398e-05
6815 7.178415593526694e-05
6817 0.0002875104201589402
6833 2.7093186202753706e-05
6848 0.00012122674224136485
6960 3.259102983841739e-05
6965 0.00013332088986277624
7067 3.508605365233e-05
7069 0.0001664173719040451
7080 0.0001263016457352357
7205 0.0002875104201589402
7223 0.00016508218077975113
7301 0.00011024565393173974
7302 0.00011811516886331826
7327 0.00011761535496899039
7392 5.274239335290522e-05
7503 3.173002815645075e-05
7504 0.00012571095453322076
7505 0.00022883910672981793
7523 8.935997200289977e-05
7559 8.509658347491132e-05
7576 0.00020298083458234552
7664 0.0001196461249524729
7704 0.00014576429866269
7705 0.00023397347506023475
7706 0.00021605372159664503
7718 9.527405980765772e-05
7719 0.00012016732165868515
7792 0.000101646679848061
7836 6.424444555902466e-05
7839 0.00010614816360120087
7858 4.509923582401553e-05
7863 7.64676023536449e-05
7890 9.233159952796689e-06
7893 5.131853189681648e-05
7894 6.374802604546662e-05
7897 0.00013542473142615584
7899 0.0002199543170027505
7900 0.00023397347506023475
7922 0.00010774605847492284
7957 0.00011379132113009053
7958 9.496067334174995e-05
8016 3.6571316885345003e-05
8031 5.5721352358276173e-05
8032 6.056183085252843e-05
8045 0.0001263016457352357
8054 2.9805618738211806e-05
8061 7.865323446718271e-05
8069 5.287392225192349e-05
8079 0.00015775871449691997
8088 8.509658347491132e-05
8090 9.558947467904783e-05
8101 0.0001523982138465608
8124 0.0001300045474523503
8126 0.00022419450561242282
8127 0.00026261715830791277
8134 0.00012176521653240713
8144 1.8182537399726556e-05
8162 0.00013332088986277624
8204 5.1064059112276297e-05
8285 0.00021244233432427055
8437 8.433711728522342e-05
8442 8.001326955199571e-05
8447 4.100899018649567e-05
8513 4.3335009582674306e-05
8633 5.949411993323993e-05
8638 6.491430390704548e-05
8670 0.00010654275221462514
8722 7.217400943451535e-05
8723 0.00010498321344481378
8813 4.431951634967444e-05
8814 9.988723143186235e-05
8824 0.00011712061541501202
8827 0.0001415241100530177
8866 3.8493910507496085e-05
8910 0.0001786642827461757
