434
58 3.9886331735258645e-05
68 3.241760820520544e-05
72 0.00013837905578907654
77 8.691610145495967e-05
132 8.334256383691721e-05
134 0.0001376235146469122
148 0.00010614816360120087
158 1.722259642893919e-05
160 3.6009024944890365e-05
163 4.4209139343250144e-05
196 8.935997200289977e-05
200 0.00016920278300425065
225 4.311890533715833e-05
232 0.0001245506276326127
240 0.00010347204034115494
278 5.558192042480493e-05
290 5.516600244482883e-05
294 0.0002199543170027505
295 6.969398876306011e-05
310 8.408656954820681e-05
319 0.0001523982138465608
328 5.502814824397996e-05
339 0.0001523982138465608
367 0.00021244233432427055
412 6.391293797104737e-05
413 7.562007790453742e-05
430 2.1595466130645556e-05
436 6.181142310095298e-05
443 5.859719717528758e-05
446 0.00010058340652177312
459 8.798716495431228e-05
463 2.104404381130732e-05
473 4.858985121920245e-05
480 6.877276232176413e-05
498 0.00016007969731333051
509 1.4811799641107606e-05
511 4.409901177660094e-05
535 8.236790279729728e-05
632 6.4078409870285e-05
633 0.00010058340652177312
634 0.00023971321052336105
681 0.00022883910672981793
690 0.00021244233432427055
706 6.525271795805037e-05
707 9.496067334174995e-05
709 0.00017370426675739054
751 0.00011614595437539213
798 0.0002875104201589402
841 0.00014576429866269
861 7.316251041712385e-05
934 0.00023397347506023475
935 0.00030726931367955075
949 0.0002537323685808453
969 0.00010536844412685977
988 0.00013263932032595027
990 0.00010939812948263226
1020 0.00018418695135817993
1029 0.00026261715830791277
1041 0.00010734164596720007
1083 7.178415593526694e-05
1193 0.00015447220461114937
1198 0.0002734912621014559
1350 6.374802604546662e-05
1365 6.733409171295719e-05
1376 0.00026261715830791277
1474 0.0001239806629188251
1567 0.00016378259903044513
1706 3.382257549850835e-05
1713 4.787143878550288e-05
1739 0.00015775871449691997
1748 0.00020019542348213994
1777 4.871062309639001e-05
1841 0.0002875104201589402
1848 6.508321716976057e-05
1851 0.00030726931367955075
1901 0.00011243128604527755
1904 0.00017215710736717137
1922 7.334292682143156e-06
1929 4.2158123180710165e-05
1931 7.754816608258265e-05
2004 7.217400943451535e-05
2008 0.00020298083458234552
2118 6.715720793434914e-05
2123 0.00011243128604527755
2153 0.00015447220461114937
2155 0.0002199543170027505
2255 0.00014849761844045535
2350 0.00016007969731333051
2371 8.858094887998e-06
2379 0.00010939812948263226
2382 0.00011154523568104574
2384 3.364472337590274e-05
2391 2.4157123570420575e-05
2402 8.825864993225359e-05
2439 5.502814824397996e-05
2441 0.0001431761810607271
2462 0.00011712061541501202
2475 0.00015447220461114937
2493 2.5565430128539482e-05
2550 5.3403616896513294e-05
2557 0.00012230970742046953
2563 2.4450245822639586e-05
2584 0.0002875104201589402
2586 9.502842032885344e-06
2707 0.00030726931367955075
2714 8.691610145495967e-05
2727 0.0002462203859023654
2732 0.00012069415303305452
2733 0.0001786642827461757
2739 7.583058115843726e-05
2762 0.00010200632301179658
2765 0.00012936752625714268
2794 0.00012341728754011654
2827 0.0001196461249524729
2830 8.285279662389543e-05
2834 0.00014849761844045535
2835 0.00026261715830791277
2839 0.0001391464957049546
2888 0.00023971321052336105
2890 0.0001415241100530177
2891 0.00018825025618924418
2910 0.00016007969731333051
2913 0.00016378259903044513
2955 4.7516165565500014e-05
2958 6.950834500520415e-05
2962 0.00030726931367955075
2976 5.461691012835996e-05
2987 0.00014071861357331354
3050 5.1064059112276297e-05
3051 7.910237522724487e-05
3064 0.00016128300357362823
3113 6.165346047478709e-05
3137 0.00011379132113009053
3153 0.00023397347506023475
3156 9.342327683396404e-05
3182 0.00017215710736717137
3214 8.001326955199571e-05
3216 0.00026261715830791277
3249 0.00012016732165868515
3254 0.00026261715830791277
3261 0.00020298083458234552
3288 0.0002199543170027505
3303 0.00010058340652177312
3345 0.00011110817958998604
3395 7.541048004377448e-05
3400 0.00026261715830791277
3436 0.00014665847838343454
3465 5.7716484755306535e-05
3490 0.0001245506276326127
3513 6.056183085252843e-05
3545 6.071628875522179e-05
3572 5.234992335902794e-05
3600 0.0001002340757964429
3605 5.380470086849468e-05
3626 0.00015342417653056774
3627 6.491430390704548e-05
3628 7.733012801189119e-05
3641 0.0001228603508781383
3647 8.094151528426567e-05
3654 6.663037655997976e-05
3657 4.716346370617082e-05
3661 0.0002537323685808453
3675 0.00011519040557349246
3676 0.00012936752625714268
3692 0.0001804365299615294
3696 0.0001391464957049546
3700 0.00022883910672981793
3704 0.00013130412920165632
3719 2.489326185102742e-05
3724 5.7716484755306535e-05
3727 6.424444555902466e-05
3743 3.233112827567267e-05
3746 1.903006184883404e-05
3766 5.131853189681648e-05
3813 0.00019756065060853997
3832 3.3290954653437934e-05
3837 0.0001239806629188251
3872 9.164022082905678e-05
3875 3.285232498188492e-05
3887 5.5861184383926875e-05
3912 0.00013263932032595027
3914 0.00012936752625714268
3917 0.00022419450561242282
3994 0.0001147195668623605
4010 0.00014071861357331354
4011 0.0002462203859023654
4042 0.00012571095453322076
4046 9.312153328472917e-05
4067 0.00022419450561242282
4099 0.0001147195668623605
4244 0.0002537323685808453
4286 0.0001228603508781383
4300 0.00020298083458234552
4308 7.955569410086921e-05
4309 0.00022883910672981793
4314 3.1644758795232604e-05
4326 0.00011024565393173974
4328 0.00011566583790554528
4329 3.676019862375966e-05
4332 8.117636599183342e-05
4340 0.00012936752625714268
4406 6.508321716976057e-05
4432 6.4078409870285e-05
4453 3.6854914742017664e-05
4460 0.00011862016226846598
4461 9.19329029551259e-05
4467 5.5861184383926875e-05
4475 0.0002199543170027505
4492 6.969398876306011e-05
4495 3.207260550754382e-05
4502 6.424444555902466e-05
4503 7.798719092134497e-05
4533 5.685140711216779e-05
4546 7.625433537211054e-05
4569 0.00010422176939821458
4570 0.00015775871449691997
4577 3.9085797470059324e-05
4619 0.00010856509334268535
4624 0.0002537323685808453
4656 0.00026261715830791277
4658 8.334256383691721e-05
4659 6.610917985376751e-05
4661 0.0002059351589452662
4670 7.541048004377448e-05
4676 1.811794967986411e-05
4679 0.00012122674224136485
4810 0.00010856509334268535
4834 1.7286007534181456e-05
4878 6.969398876306011e-05
4885 0.0001027336712532598
4911 6.341986704442123e-05
4913 6.457822376461287e-05
4914 6.542281037332744e-05
4933 2.564069103539461e-05
4935 0.00011862016226846598
5044 0.00010058340652177312
5055 0.00013065000625947455
5056 0.00013614669170503938
5068 0.00017370426675739054
5177 6.196989942762013e-05
5192 8.001326955199571e-05
5211 0.00019506105515172307
5212 0.0002059351589452662
5213 0.0002734912621014559
5216 0.00016378259903044513
5222 2.3001954162320978e-05
5289 0.0001300045474523503
5366 0.00013542473142615584
5369 7.562007790453742e-05
5373 0.00016508218077975113
5395 3.215862746722012e-05
5408 0.00010774605847492284
5427 3.490353872923123e-05
5430 6.441104889224853e-05
5431 0.0002462203859023654
5434 7.159039254876493e-05
5469 1.1433598200043818e-05
5481 6.576478670658657e-05
5554 0.0001440237055098346
5555 0.0001440237055098346
5558 9.68719546813797e-05
5559 0.0001786642827461757
5636 0.00010310145735752775
5644 7.711306116076915e-05
5650 0.00019756065060853997
5687 2.724862948448243e-05
5702 3.9886331735258645e-05
5713 0.0001786642827461757
5716 0.00015775871449691997
5768 0.0001677901789526326
5769 0.00026261715830791277
5781 0.00018617626542465564
5797 5.544288630052885e-05
5821 0.0002875104201589402
5834 6.804811807694473e-05
5909 6.663037655997976e-05
5932 0.00015663840245623315
5975 0.00010460100421098168
6000 3.4631041686461846e-05
6141 0.00010982004923951138
6172 0.00012230970742046953
6195 9.622649587425546e-05
6215 0.00013614669170503938
6223 0.00020298083458234552
6226 0.0002875104201589402
6242 3.105201474962982e-05
6246 0.00010128967145643295
6254 8.141235399539764e-05
6264 4.7398314413738584e-05
6265 0.0001275049519955334
6292 8.853165584237468e-05
6302 8.509658347491132e-05
6305 0.00017215710736717137
6311 0.0002537323685808453
6436 0.0001804365299615294
6443 0.0001275049519955334
6466 0.00019268344080366
6483 0.00010734164596720007
6490 2.724862948448243e-05
6500 0.0002199543170027505
6529 0.00020298083458234552
6530 0.0002059351589452662
6578 6.025437603138515e-05
6579 0.00016920278300425065
6590 8.691610145495967e-05
6593 7.754816608258265e-05
6661 5.889434094657216e-05
6665 0.00012936752625714268
6675 5.7716484755306535e-05
6678 0.00012230970742046953
6679 9.527405980765772e-05
6680 9.558947467904783e-05
6682 6.698096388147314e-05
6693 0.0001128804268053397
6696 0.0001399262151792957
6705 0.00016508218077975113
6724 0.00012936752625714268
6730 0.00013065000625947455
6753 0.00011862016226846598
6760 1.9892587507080337e-05
6767 0.0001786642827461757
6826 0.00013614669170503938
6831 0.00011198624708459517
6838 0.0002734912621014559
6863 0.00020019542348213994
6885 5.131853189681648e-05
6893 9.252359415714085e-05
6894 9.252359415714085e-05
6960 3.259102983841739e-05
6999 6.309390310328486e-05
7039 0.0001753021616311125
7067 3.508605365233e-05
7069 0.0001664173719040451
7072 0.00030726931367955075
7084 0.00015447220461114937
7091 9.464928935894339e-05
7097 0.0002875104201589402
7165 6.628229345501092e-05
7173 0.00017215710736717137
7176 0.00018418695135817993
7178 3.714017269315804e-05
7208 0.00020908021320920737
7243 0.00013687950893562258
7251 7.689695691525318e-05
7301 0.00011024565393173974
7302 0.00011811516886331826
7321 3.8200641252257444e-05
7327 0.00011761535496899039
7344 8.96392359620217e-05
7345 0.00011425323385392718
7357 0.00019756065060853997
7392 5.274239335290522e-05
7401 0.0002734912621014559
7503 3.173002815645075e-05
7504 0.00012571095453322076
7549 0.0002462203859023654
7559 8.509658347491132e-05
7582 0.00015775871449691997
7583 0.00021605372159664503
7602 9.654815662959692e-05
7609 0.00018825025618924418
7677 6.988034244141115e-05
7678 8.260974660633398e-05
7679 8.260974660633398e-05
7693 0.00014576429866269
7701 0.00011425323385392718
7704 0.00014576429866269
7705 0.00023397347506023475
7706 0.00021605372159664503
7707 0.0002875104201589402
7710 0.00014488623116808087
7740 0.00021244233432427055
7742 0.0002537323685808453
7786 0.00017695423263882194
7787 0.00022419450561242282
7804 0.00022419450561242282
7818 2.996997446737178e-05
7836 6.424444555902466e-05
7839 0.00010614816360120087
7866 5.91933076971794e-05
7890 9.233159952796689e-06
7893 5.131853189681648e-05
7904 6.056183085252843e-05
7905 0.00030726931367955075
7922 0.00010774605847492284
7938 4.907474504580058e-05
7941 0.00030726931367955075
7942 9.134928606937549e-05
7957 0.00011379132113009053
7991 0.00016007969731333051
7995 9.134928606937549e-05
7998 0.00016251677649793962
8009 2.7093186202753706e-05
8010 3.97855428110104e-05
8016 3.6571316885345003e-05
8017 0.00012122674224136485
8042 6.663037655997976e-05
8047 9.312153328472917e-05
8054 2.9805618738211806e-05
8055 0.00016508218077975113
8061 7.865323446718271e-05
8067 0.00022419450561242282
8069 5.287392225192349e-05
8079 0.00015775871449691997
8103 0.00014576429866269
8124 0.0001300045474523503
8140 0.00018825025618924418
8144 1.8182537399726556e-05
8204 5.1064059112276297e-05
8437 8.433711728522342e-05
8439 0.0002199543170027505
8530 0.0001147195668623605
8577 0.0002537323685808453
8589 0.0001677901789526326
8597 0.0001753021616311125
8630 0.0001275049519955334
8633 5.949411993323993e-05
8638 6.491430390704548e-05
8639 3.69498153124238e-05
8642 9.164022082905678e-05
8670 0.00010654275221462514
8678 4.409901177660094e-05
8719 0.00015554326811050196
8720 0.00015775871449691997
8777 0.0002462203859023654
8778 0.00030726931367955075
8799 0.00012069415303305452
8801 0.00015890538922556517
8802 0.00016007969731333051
8813 4.431951634967444e-05
8823 0.0001475693727081854
8866 3.8493910507496085e-05
8882 0.0001147195668623605
8883 0.00011519040557349246
