229
2 0.00014944388948364012
15 6.0101372993599195e-05
58 3.9886331735258645e-05
68 3.241760820520544e-05
138 5.5304247721948624e-05
145 5.786216925096193e-05
158 1.722259642893919e-05
225 4.311890533715833e-05
232 0.0001245506276326127
243 6.309390310328486e-05
278 5.558192042480493e-05
370 0.0001347133110905388
412 6.391293797104737e-05
413 7.562007790453742e-05
443 5.859719717528758e-05
446 0.00010058340652177312
459 8.798716495431228e-05
463 2.104404381130732e-05
509 1.4811799641107606e-05
511 4.409901177660094e-05
569 0.0001415241100530177
723 6.212889280683989e-05
726 6.4078409870285e-05
764 0.00017065756051371745
800 0.00011154523568104574
861 7.316251041712385e-05
918 0.0001275049519955334
975 0.00014488623116808087
1011 8.56095506062492e-05
1083 7.178415593526694e-05
1234 2.8271279696782107e-05
1265 6.576478670658657e-05
1287 0.00015139340654708521
1306 4.5550455969092306e-05
1310 8.285279662389543e-05
1350 6.374802604546662e-05
1365 6.733409171295719e-05
1391 6.491430390704548e-05
1394 0.00014488623116808087
1415 0.0002199543170027505
1629 0.00015447220461114937
1819 0.00014488623116808087
1881 8.408656954820681e-05
1882 9.496067334174995e-05
1922 7.334292682143156e-06
1929 4.2158123180710165e-05
1941 8.024367862190805e-05
1946 0.00015342417653056774
2020 0.00013065000625947455
2044 0.00010536844412685977
2108 0.0001376235146469122
2371 8.858094887998e-06
2373 4.532432364915004e-05
2379 0.00010939812948263226
2382 0.00011154523568104574
2391 2.4157123570420575e-05
2394 0.0001523982138465608
2462 0.00011712061541501202
2493 2.5565430128539482e-05
2586 9.502842032885344e-06
2667 8.358930576913648e-05
2739 7.583058115843726e-05
2744 7.52017798211394e-05
2762 0.00010200632301179658
2765 0.00012936752625714268
2817 0.0001275049519955334
2819 0.0001423431449207802
2830 8.285279662389543e-05
2890 0.0001415241100530177
2891 0.00018825025618924418
2913 0.00016378259903044513
2943 0.0001399262151792957
3185 0.00010939812948263226
3186 0.0002875104201589402
3226 8.164949036359771e-05
3269 0.00010310145735752775
3271 0.00020298083458234552
3290 0.00018617626542465564
3372 6.542281037332744e-05
3413 8.001326955199571e-05
3414 9.852402568908913e-05
3421 8.586807337437805e-05
3478 7.865323446718271e-05
3479 0.0001245506276326127
3495 0.0001504088997800851
3513 6.056183085252843e-05
3605 5.380470086849468e-05
3627 6.491430390704548e-05
3628 7.733012801189119e-05
3641 0.0001228603508781383
3654 6.663037655997976e-05
3657 4.716346370617082e-05
3719 2.489326185102742e-05
3743 3.233112827567267e-05
3760 0.00010614816360120087
3832 3.3290954653437934e-05
3837 0.0001239806629188251
3838 0.00014665847838343454
3923 0.0002537323685808453
4018 9.342327683396404e-05
4224 8.236790279729728e-05
4225 0.00010897983139923425
4290 5.656642719180506e-05
4291 7.843020694973282e-05
4329 3.676019862375966e-05
4332 8.117636599183342e-05
4345 5.131853189681648e-05
4402 6.950834500520415e-05
4453 3.6854914742017664e-05
4457 0.00010058340652177312
4492 6.969398876306011e-05
4495 3.207260550754382e-05
4499 9.312153328472917e-05
4502 6.424444555902466e-05
4503 7.798719092134497e-05
4516 0.00011663084820199027
4519 0.00010128967145643295
4533 5.685140711216779e-05
4566 9.68719546813797e-05
4577 3.9085797470059324e-05
4586 0.00016920278300425065
4652 4.476354154013861e-05
4676 1.811794967986411e-05
4759 5.0810908270240366e-05
4768 0.00012176521653240713
4771 0.00026261715830791277
4821 8.691610145495967e-05
4826 0.00023397347506023475
4834 1.7286007534181456e-05
4972 4.681329625334851e-05
4981 0.00016508218077975113
5192 8.001326955199571e-05
5222 2.3001954162320978e-05
5228 4.931901336427842e-05
5334 9.719791862251607e-05
5335 9.852402568908913e-05
5411 8.164949036359771e-05
5427 3.490353872923123e-05
5469 1.1433598200043818e-05
5509 8.935997200289977e-05
5535 0.00014944388948364012
5536 0.00018418695135817993
5550 4.944160821510571e-05
5612 0.0001415241100530177
5687 2.724862948448243e-05
5691 8.383730339089555e-05
5702 3.9886331735258645e-05
5797 5.544288630052885e-05
5806 7.910237522724487e-05
5834 6.804811807694473e-05
5849 0.00019041645403432799
5850 0.00019268344080366
5862 6.610917985376751e-05
5894 1.5848029138067838e-05
5896 1.6219082409210568e-05
6114 0.00010536844412685977
6141 0.00010982004923951138
6211 7.356359438910525e-05
6212 0.0001391464957049546
6254 8.141235399539764e-05
6302 8.509658347491132e-05
6306 0.00011425323385392718
6334 0.00014944388948364012
6429 5.815485137703107e-05
6452 8.63892700805903e-05
6467 4.669713069773751e-05
6468 4.669713069773751e-05
6483 0.00010734164596720007
6484 0.00015139340654708521
6572 0.00011614595437539213
6573 0.0001504088997800851
6589 5.9343481706634316e-05
6595 7.66818067754729e-05
6693 0.0001128804268053397
6696 0.0001399262151792957
6789 4.7516165565500014e-05
6796 8.260974660633398e-05
6826 0.00013614669170503938
6831 0.00011198624708459517
6833 2.7093186202753706e-05
6885 5.131853189681648e-05
6893 9.252359415714085e-05
6894 9.252359415714085e-05
7067 3.508605365233e-05
7077 0.00018825025618924418
7178 3.714017269315804e-05
7180 0.0001275049519955334
7259 0.0002462203859023654
7288 0.0002734912621014559
7373 7.27647006365303e-05
7374 0.00010498321344481378
7375 0.00019268344080366
7392 5.274239335290522e-05
7449 0.00021605372159664503
7503 3.173002815645075e-05
7519 0.00030726931367955075
7597 0.0001786642827461757
7651 0.00011566583790554528
7693 0.00014576429866269
7718 9.527405980765772e-05
7719 0.00012016732165868515
7836 6.424444555902466e-05
7839 0.00010614816360120087
7890 9.233159952796689e-06
7904 6.056183085252843e-05
7958 9.496067334174995e-05
8009 2.7093186202753706e-05
8010 3.97855428110104e-05
8031 5.5721352358276173e-05
8032 6.056183085252843e-05
8061 7.865323446718271e-05
8101 0.0001523982138465608
8124 0.0001300045474523503
8144 1.8182537399726556e-05
8158 0.00010939812948263226
8204 5.1064059112276297e-05
8264 0.00030726931367955075
8362 0.00030726931367955075
8442 8.001326955199571e-05
8444 5.815485137703107e-05
8516 8.024367862190805e-05
8590 0.00013614669170503938
8630 0.0001275049519955334
8670 0.00010654275221462514
8678 4.409901177660094e-05
8687 0.00013837905578907654
8800 0.00011379132113009053
8813 4.431951634967444e-05
8814 9.988723143186235e-05
