62
158 1.722259642893919e-05
163 4.4209139343250144e-05
166 0.0002734912621014559
278 5.558192042480493e-05
459 8.798716495431228e-05
473 4.858985121920245e-05
1140 3.8493910507496085e-05
1164 8.408656954820681e-05
1165 8.433711728522342e-05
1647 0.00014944388948364012
1729 0.00010200632301179658
1922 7.334292682143156e-06
2162 0.0001263016457352357
2417 8.63892700805903e-05
2563 2.4450245822639586e-05
2582 7.458098891001271e-05
2607 3.3290954653437934e-05
2739 7.583058115843726e-05
2982 7.197869283035229e-05
3228 4.566391685271689e-05
3229 4.669713069773751e-05
3230 4.692973938522239e-05
3513 6.056183085252843e-05
3572 5.234992335902794e-05
3743 3.233112827567267e-05
3746 1.903006184883404e-05
3832 3.3290954653437934e-05
3837 0.0001239806629188251
3875 3.285232498188492e-05
4402 6.950834500520415e-05
4453 3.6854914742017664e-05
4460 0.00011862016226846598
4485 7.159039254876493e-05
4923 8.188778632745044e-05
5016 8.117636599183342e-05
5044 0.00010058340652177312
5469 1.1433598200043818e-05
5729 9.106007793564448e-05
5834 6.804811807694473e-05
6348 9.590694438493474e-05
6349 0.0001523982138465608
6408 4.3989132524856074e-05
6417 9.954283828468142e-05
6420 0.00013837905578907654
6506 8.88061998220748e-05
6566 7.082295263288685e-05
6760 1.9892587507080337e-05
7003 8.771718405598661e-05
7067 3.508605365233e-05
7321 3.8200641252257444e-05
7693 0.00014576429866269
7836 6.424444555902466e-05
7839 0.00010614816360120087
8031 5.5721352358276173e-05
8032 6.056183085252843e-05
8054 2.9805618738211806e-05
8144 1.8182537399726556e-05
8149 0.00011811516886331826
8234 4.8109734749355606e-05
8513 4.3335009582674306e-05
8661 7.843020694973282e-05
8663 8.001326955199571e-05
