209
52 0.0030492894560418217
60 0.005364559933063746
69 0.0032594550682806603
76 0.008183371030909506
117 0.005412770717978547
133 0.006619881410831815
139 0.0033959029980069073
206 0.006238257391863045
238 0.003794306327751092
243 0.00196605896663103
277 0.0017147232767494734
338 0.004335921572456487
346 0.006417112365455288
373 0.006156155658123455
454 0.008183371030909506
519 0.007130818598517962
716 0.017918131919276048
722 0.010902945306043398
726 0.0019967370236502794
837 0.0035174488240880676
855 0.00294935128240176
872 0.008218569002123734
873 0.00651511489552607
972 0.008959065959638024
1023 0.008959065959638024
1082 0.002236854537395451
1102 0.00890645896159978
1193 0.0064025348126507085
1229 0.008959065959638024
1253 0.002793233814313068
1317 0.048714936461806926
1318 0.009574769662629917
1319 0.01397217786026512
1320 0.009574769662629917
1326 0.004988217700896509
1389 0.00790651352724648
1417 0.002001910835042055
1503 0.003863341496267725
1513 0.0048468587601426345
1518 0.008576928409323647
1552 0.007672433843223358
1585 0.005514042382088046
1593 0.003954297553487718
1777 0.0040116067009988
1784 0.0033448557652436613
1921 0.000457085429253565
1983 0.0033448557652436613
2024 0.007834517669930513
2029 0.003828431632957932
2058 0.008769820168988602
2083 0.00698608893013256
2092 0.0036805677794052175
2145 0.00419777981971637
2264 0.006417112365455288
2389 0.004542137866020606
2438 0.003429446553498947
2465 0.006817875034609921
2496 0.008959065959638024
2570 0.0020546422505309334
2592 0.015817502120285473
2639 0.005025713733734877
2664 0.008183371030909506
2731 0.0075218621806334394
2772 0.003448726138785725
2789 0.0035602266437279686
2954 0.00444193077817905
2962 0.00530336190159727
3051 0.0035458330556341496
3149 0.0023695324585963086
3229 0.0029247401216860275
3268 0.0032127279299660394
3283 0.006156155658123455
3366 0.005317832794749125
3475 0.007290809824254588
3485 0.009574769662629917
3498 0.009574769662629917
3530 0.00746966479784683
3557 0.004988217700896509
3681 0.003863341496267725
3734 0.007130818598517962
3739 0.005866035955099805
3778 0.008522217230238374
3800 0.004915893928659268
3841 0.009435091182850514
3875 0.0020474120296402683
3922 0.008959065959638024
3943 0.004792347412788366
3944 0.006238257391863045
4090 0.015344867686446715
4099 0.0035747579715991497
4148 0.004988217700896509
4221 0.001367322056626593
4267 0.023904130441266082
4268 0.0035894297009474293
4293 0.0034622241136571873
4383 0.0019162672214750507
4485 0.003794306327751092
4504 0.002430146312905687
4525 0.008959065959638024
4534 0.001771537553089648
4659 0.0025970242269741472
4660 0.002060017520478238
4728 0.007130818598517962
4747 0.00698608893013256
4756 0.004288464204661824
4807 0.00651511489552607
4809 0.003881102075041414
4853 0.004880984065349475
4915 0.002038629671493336
4928 0.03508882003120498
4944 0.005228482779111404
4956 0.007290809824254588
5124 0.004435531844524451
5163 0.0017450512041442777
5167 0.01259333945914911
5213 0.006417112365455288
5215 0.009574769662629917
5223 0.0021502805821112365
5226 0.005272500706761825
5229 0.001536821843015557
5381 0.002386808206662568
5438 0.0040711638314141155
5441 0.0026757212234701303
5510 0.00278453171499945
5619 0.004384910084494301
5623 0.002098186801908652
5627 0.004988217700896509
5694 0.009574769662629917
5703 0.0024857831358365387
5812 0.0032127279299660394
5855 0.002236854537395451
5869 0.0022612488318757744
5892 0.0032127279299660394
5893 0.003649576659365689
5905 0.00698608893013256
5910 0.002076258447211677
5939 0.00553353942164961
5946 0.005462562463134527
5983 0.004288464204661824
5985 0.002887111749501466
5994 0.009574769662629917
6010 0.006156155658123455
6060 0.004627310403990692
6083 0.005412770717978547
6163 0.0035174488240880676
6387 0.004312007500672203
6388 0.0029786482459429166
6410 0.006590937805371193
6425 0.00746966479784683
6432 0.0050641591333903425
6469 0.0029102435578897672
6473 0.007290809824254588
6503 0.004435531844524451
6589 0.0020492859410108375
6599 0.004031200678334459
6668 0.0037609310903167197
6747 0.006004177707839923
6761 0.0006198697198010487
6823 0.005319304323239917
6834 0.0025327392528560247
6853 0.007290809824254588
6930 0.003679695937819567
6973 0.001911376678843705
6984 0.004133152527079961
7172 0.00384578624670461
7175 0.0022612488318757744
7182 0.003935665268504967
7238 0.003283369140064945
7266 0.007290809824254588
7336 0.003954297553487718
7355 0.00746966479784683
7356 0.005364559933063746
7409 0.002708378657925177
7447 0.0048468587601426345
7477 0.002529523684332935
7501 0.009574769662629917
7582 0.004915893928659268
7652 0.00360424457137839
7678 0.0021775301113211754
7695 0.004240872925186933
7991 0.009574769662629917
8011 0.0012397509004605759
8100 0.0048134835227082624
8149 0.005462562463134527
8205 0.0015911989328972248
8235 0.0029982794131906093
8237 0.008183371030909506
8427 0.004880984065349475
8445 0.0018121539701821709
8495 0.008959065959638024
8503 0.009574769662629917
8540 0.002479022188206106
8567 0.005739419966797551
8572 0.002959054268607257
8592 0.0036649931590337147
8640 0.0023027745039462997
8664 0.0024932806232426073
8697 0.0014917142043930128
8754 0.0033076658531954618
8764 0.002038629671493336
8780 0.004598385488025693
8844 0.00698608893013256
8859 0.009574769662629917
8867 0.004798010215983288
8892 0.0031342633528742728
8893 0.022651382405891967
8894 0.00651511489552607
8896 0.009574769662629917
8905 0.007672433843223358
