59
137 0.00015342417653056774
225 4.311890533715833e-05
226 0.00011712061541501202
276 4.8109734749355606e-05
277 5.502814824397996e-05
311 0.00012016732165868515
449 6.628229345501092e-05
452 0.00026261715830791277
545 0.0001300045474523503
546 0.00013263932032595027
1396 0.00018617626542465564
2451 0.00014576429866269
2563 2.4450245822639586e-05
2564 4.692973938522239e-05
2607 3.3290954653437934e-05
2612 8.001326955199571e-05
3042 0.0001287387249198448
3249 0.00012016732165868515
3719 2.489326185102742e-05
3724 5.7716484755306535e-05
4308 7.955569410086921e-05
4834 1.7286007534181456e-05
4839 3.088397517794058e-05
4846 4.681329625334851e-05
4933 2.564069103539461e-05
5222 2.3001954162320978e-05
5228 4.931901336427842e-05
5254 5.9796800580258657e-05
5430 6.441104889224853e-05
5437 0.00013065000625947455
5469 1.1433598200043818e-05
5687 2.724862948448243e-05
5770 0.00013263932032595027
5894 1.5848029138067838e-05
5896 1.6219082409210568e-05
6242 3.105201474962982e-05
6246 0.00010128967145643295
6568 3.9584588186023764e-05
6569 4.981125419104163e-05
7003 8.771718405598661e-05
7009 0.00017370426675739054
7211 0.00010498321344481378
7414 0.00010460100421098168
7476 8.117636599183342e-05
7677 6.988034244141115e-05
7818 2.996997446737178e-05
7883 0.00016251677649793962
8024 0.00014488623116808087
8054 2.9805618738211806e-05
8058 8.853165584237468e-05
8059 0.00011425323385392718
8060 0.0001147195668623605
8069 5.287392225192349e-05
8084 0.00011333374567896404
8086 0.00014944388948364012
8503 7.256700694753944e-05
8531 9.752607762356147e-05
8532 0.0001002340757964429
8763 6.542281037332744e-05
