504
14 0.0001275049519955334
45 0.00015663840245623315
52 9.785646144837983e-05
58 3.9886331735258645e-05
68 3.241760820520544e-05
84 0.00020908021320920737
101 0.00022883910672981793
112 0.00021244233432427055
113 0.00030726931367955075
138 5.5304247721948624e-05
139 0.00010897983139923425
142 0.0002199543170027505
145 5.786216925096193e-05
148 0.00010614816360120087
152 0.0001475693727081854
158 1.722259642893919e-05
225 4.311890533715833e-05
238 0.00012176521653240713
240 0.00010347204034115494
295 6.969398876306011e-05
318 9.719791862251607e-05
330 6.358367031630664e-05
362 0.00018227567001855016
371 9.818910047034337e-05
377 0.00011913044365880717
379 0.00030726931367955075
386 0.00012122674224136485
423 8.63892700805903e-05
427 0.0001440237055098346
429 0.00020019542348213994
430 2.1595466130645556e-05
436 6.181142310095298e-05
449 6.628229345501092e-05
458 0.00011198624708459517
463 2.104404381130732e-05
494 0.00010815385522706535
509 1.4811799641107606e-05
511 4.409901177660094e-05
527 0.0001431761810607271
530 0.00019756065060853997
544 0.00020019542348213994
645 6.341986704442123e-05
706 6.525271795805037e-05
707 9.496067334174995e-05
712 0.00019506105515172307
713 0.00022419450561242282
773 0.00011110817958998604
775 0.00016251677649793962
779 0.00013401212737453773
780 0.00013614669170503938
800 0.00011154523568104574
855 9.464928935894339e-05
891 5.757123449128065e-05
930 0.00021605372159664503
941 9.719791862251607e-05
945 0.00023397347506023475
960 0.00012069415303305452
961 0.0001251273376474703
998 0.0002059351589452662
1011 8.56095506062492e-05
1041 0.00010734164596720007
1079 0.00026261715830791277
1083 7.178415593526694e-05
1089 0.00017215710736717137
1126 4.895306850942043e-05
1129 0.00017370426675739054
1130 8.665197383001834e-05
1135 0.00010774605847492284
1139 0.0001415241100530177
1173 9.077257605451787e-05
1216 4.5550455969092306e-05
1234 2.8271279696782107e-05
1254 8.96392359620217e-05
1265 6.576478670658657e-05
1269 8.433711728522342e-05
1334 9.886126874785542e-05
1339 0.0001399262151792957
1356 0.00014488623116808087
1357 0.00023971321052336105
1365 6.733409171295719e-05
1367 0.0001275049519955334
1396 0.00018617626542465564
1461 0.00014488623116808087
1484 0.00023397347506023475
1508 0.00011198624708459517
1511 9.312153328472917e-05
1520 0.00019506105515172307
1569 9.920086195142229e-05
1593 0.00018617626542465564
1610 9.590694438493474e-05
1633 0.00018418695135817993
1658 0.00010654275221462514
1671 7.64676023536449e-05
1686 0.00017215710736717137
1706 3.382257549850835e-05
1712 0.0001677901789526326
1713 4.787143878550288e-05
1722 8.117636599183342e-05
1723 0.00030726931367955075
1759 0.0001391464957049546
1777 4.871062309639001e-05
1778 0.0001287387249198448
1779 0.00011333374567896404
1785 0.00010734164596720007
1798 0.00010498321344481378
1800 0.00011333374567896404
1848 6.508321716976057e-05
1877 0.00016251677649793962
1878 0.00026261715830791277
1888 6.071628875522179e-05
1895 0.00011519040557349246
1922 7.334292682143156e-06
1929 4.2158123180710165e-05
1941 8.024367862190805e-05
1944 0.0002875104201589402
1949 0.00012571095453322076
1953 0.0001281179340087181
1984 0.00010734164596720007
1985 9.496067334174995e-05
1987 0.00012571095453322076
1993 0.00014576429866269
1994 0.0001504088997800851
1995 0.0002537323685808453
2042 8.383730339089555e-05
2108 0.0001376235146469122
2109 0.0002875104201589402
2118 6.715720793434914e-05
2234 0.00016251677649793962
2271 0.00015890538922556517
2294 8.535239208071232e-05
2298 0.00017695423263882194
2299 0.00010982004923951138
2300 0.00011024565393173974
2341 8.744869066327002e-05
2343 0.0001263016457352357
2355 0.0001504088997800851
2356 0.00022419450561242282
2371 8.858094887998e-06
2373 4.532432364915004e-05
2374 8.586807337437805e-05
2377 0.0001228603508781383
2384 3.364472337590274e-05
2391 2.4157123570420575e-05
2448 8.825864993225359e-05
2450 0.0001504088997800851
2462 0.00011712061541501202
2493 2.5565430128539482e-05
2550 5.3403616896513294e-05
2563 2.4450245822639586e-05
2575 0.00012016732165868515
2576 0.0001786642827461757
2582 7.458098891001271e-05
2586 9.502842032885344e-06
2590 8.771718405598661e-05
2607 3.3290954653437934e-05
2612 8.001326955199571e-05
2613 0.00015554326811050196
2618 4.846937791309118e-05
2654 0.00013332088986277624
2699 0.00013065000625947455
2701 0.00017065756051371745
2714 8.691610145495967e-05
2716 0.0001523982138465608
2718 8.88061998220748e-05
2744 7.52017798211394e-05
2780 9.342327683396404e-05
2781 9.68719546813797e-05
2792 0.0002059351589452662
2797 0.00010347204034115494
2840 0.00014944388948364012
2862 0.00012230970742046953
2955 4.7516165565500014e-05
3002 0.0001440237055098346
3031 8.691610145495967e-05
3104 0.00010939812948263226
3113 6.165346047478709e-05
3124 0.00019506105515172307
3156 9.342327683396404e-05
3161 0.00010536844412685977
3212 7.356359438910525e-05
3213 0.0001300045474523503
3214 8.001326955199571e-05
3226 8.164949036359771e-05
3247 0.00013263932032595027
3275 0.00018825025618924418
3284 0.00019756065060853997
3307 8.408656954820681e-05
3308 0.00012571095453322076
3310 0.00022883910672981793
3321 0.00011761535496899039
3345 0.00011110817958998604
3372 6.542281037332744e-05
3409 8.458895984833521e-05
3459 0.0001423431449207802
3461 0.00016920278300425065
3462 0.00018418695135817993
3465 5.7716484755306535e-05
3478 7.865323446718271e-05
3519 8.586807337437805e-05
3545 6.071628875522179e-05
3564 0.00010774605847492284
3572 5.234992335902794e-05
3647 8.094151528426567e-05
3657 4.716346370617082e-05
3660 0.0002199543170027505
3664 0.0001431761810607271
3696 0.0001391464957049546
3710 0.00017065756051371745
3719 2.489326185102742e-05
3723 6.859058854884968e-05
3724 5.7716484755306535e-05
3740 0.00016378259903044513
3743 3.233112827567267e-05
3746 1.903006184883404e-05
3760 0.00010614816360120087
3766 5.131853189681648e-05
3788 0.0001300045474523503
3796 0.0001399262151792957
3804 0.00023971321052336105
3819 6.424444555902466e-05
3832 3.3290954653437934e-05
3875 3.285232498188492e-05
3883 0.00023971321052336105
3890 0.00016007969731333051
3891 8.334256383691721e-05
3893 0.0001753021616311125
3914 0.00012936752625714268
3932 4.895306850942043e-05
3951 9.920086195142229e-05
3954 0.00010774605847492284
3993 0.00018617626542465564
4015 8.798716495431228e-05
4131 0.00018227567001855016
4136 0.00013196715204843822
4158 0.00011519040557349246
4189 4.981125419104163e-05
4190 0.00019756065060853997
4192 0.00019041645403432799
4215 0.0001504088997800851
4220 4.3879500470736716e-05
4224 8.236790279729728e-05
4225 0.00010897983139923425
4290 5.656642719180506e-05
4292 0.00011110817958998604
4314 3.1644758795232604e-05
4315 7.256700694753944e-05
4345 5.131853189681648e-05
4348 8.212725328354177e-05
4363 7.025520142447097e-05
4366 0.00016007969731333051
4369 0.00030726931367955075
4371 0.00013263932032595027
4375 7.541048004377448e-05
4381 4.3226837668107787e-05
4390 8.825864993225359e-05
4406 6.508321716976057e-05
4408 0.00013687950893562258
4432 6.4078409870285e-05
4433 0.00030726931367955075
4453 3.6854914742017664e-05
4457 0.00010058340652177312
4461 9.19329029551259e-05
4467 5.5861184383926875e-05
4481 9.282164663063054e-05
4483 0.0002059351589452662
4485 7.159039254876493e-05
4495 3.207260550754382e-05
4519 0.00010128967145643295
4532 0.00022419450561242282
4533 5.685140711216779e-05
4569 0.00010422176939821458
4572 0.00013401212737453773
4573 0.0002537323685808453
4652 4.476354154013861e-05
4676 1.811794967986411e-05
4686 0.0001804365299615294
4759 5.0810908270240366e-05
4776 0.0001664173719040451
4777 0.00016920278300425065
4778 0.00020298083458234552
4829 8.383730339089555e-05
4834 1.7286007534181456e-05
4836 0.00018617626542465564
4933 2.564069103539461e-05
4972 4.681329625334851e-05
5016 8.117636599183342e-05
5107 0.00014944388948364012
5115 0.00019268344080366
5151 0.0001431761810607271
5177 6.196989942762013e-05
5180 0.00010982004923951138
5191 0.00014849761844045535
5192 8.001326955199571e-05
5194 0.00011712061541501202
5197 0.0001391464957049546
5217 7.159039254876493e-05
5222 2.3001954162320978e-05
5223 0.00019268344080366
5288 0.0002462203859023654
5289 0.0001300045474523503
5319 0.0001664173719040451
5369 7.562007790453742e-05
5371 0.0001300045474523503
5376 0.00021605372159664503
5379 2.541525611908456e-05
5411 8.164949036359771e-05
5416 0.00013332088986277624
5427 3.490353872923123e-05
5448 9.954283828468142e-05
5469 1.1433598200043818e-05
5482 0.00013196715204843822
5484 0.00012936752625714268
5497 0.00023971321052336105
5531 0.00020298083458234552
5616 0.00013687950893562258
5620 0.0002059351589452662
5644 7.711306116076915e-05
5652 0.00014576429866269
5687 2.724862948448243e-05
5688 0.00018617626542465564
5689 0.00019041645403432799
5690 0.00019756065060853997
5691 8.383730339089555e-05
5702 3.9886331735258645e-05
5705 0.00011566583790554528
5738 9.19329029551259e-05
5744 0.00015890538922556517
5797 5.544288630052885e-05
5854 7.178415593526694e-05
5858 6.663037655997976e-05
5862 6.610917985376751e-05
5863 0.00021244233432427055
5884 0.00016251677649793962
5888 8.358930576913648e-05
5891 0.00010310145735752775
5894 1.5848029138067838e-05
5896 1.6219082409210568e-05
5934 5.434466680855229e-05
5984 3.088397517794058e-05
6000 3.4631041686461846e-05
6014 9.818910047034337e-05
6022 2.0770655001689466e-05
6033 0.00011519040557349246
6040 0.00014488623116808087
6041 0.0001475693727081854
6042 0.00019756065060853997
6050 0.0001431761810607271
6052 0.0002462203859023654
6079 0.0001251273376474703
6080 0.00014071861357331354
6084 7.843020694973282e-05
6085 0.00011862016226846598
6090 0.00020298083458234552
6120 0.0001504088997800851
6121 0.0001523982138465608
6122 0.00030726931367955075
6195 9.622649587425546e-05
6197 5.5304247721948624e-05
6229 7.458098891001271e-05
6242 3.105201474962982e-05
6246 0.00010128967145643295
6254 8.141235399539764e-05
6258 0.00021244233432427055
6327 0.00010384546306881737
6345 0.0001251273376474703
6396 0.0002734912621014559
6408 4.3989132524856074e-05
6413 9.590694438493474e-05
6429 5.815485137703107e-05
6470 0.0001263016457352357
6478 0.00016920278300425065
6490 2.724862948448243e-05
6498 0.00018617626542465564
6506 8.88061998220748e-05
6507 6.212889280683989e-05
6558 0.00016128300357362823
6565 0.00011333374567896404
6577 0.00010897983139923425
6586 5.24803957997587e-05
6588 6.576478670658657e-05
6589 5.9343481706634316e-05
6590 8.691610145495967e-05
6591 0.0002199543170027505
6605 0.00010200632301179658
6613 0.00014944388948364012
6619 5.7716484755306535e-05
6620 0.0001281179340087181
6621 0.0001399262151792957
6622 0.00014576429866269
6638 9.282164663063054e-05
6670 0.00010734164596720007
6675 5.7716484755306535e-05
6687 6.196989942762013e-05
6706 7.910237522724487e-05
6712 6.025437603138515e-05
6760 1.9892587507080337e-05
6789 4.7516165565500014e-05
6796 8.260974660633398e-05
6815 7.178415593526694e-05
6833 2.7093186202753706e-05
6834 0.00019506105515172307
6882 0.00023971321052336105
6883 0.0002462203859023654
6905 2.9805618738211806e-05
6908 8.935997200289977e-05
6929 5.904359505253569e-05
6960 3.259102983841739e-05
6972 6.133906307779394e-05
6973 0.00011913044365880717
6992 4.787143878550288e-05
6999 6.309390310328486e-05
7003 8.771718405598661e-05
7085 0.00018418695135817993
7086 0.0002875104201589402
7101 0.00011862016226846598
7186 0.00026261715830791277
7221 0.00021605372159664503
7321 3.8200641252257444e-05
7327 0.00011761535496899039
7328 0.00026261715830791277
7335 0.000126899584862824
7389 0.0001300045474523503
7406 6.698096388147314e-05
7408 8.691610145495967e-05
7414 0.00010460100421098168
7476 8.117636599183342e-05
7482 2.5340342303404983e-05
7483 2.8590308184836374e-05
7491 0.0001147195668623605
7503 3.173002815645075e-05
7520 9.558947467904783e-05
7521 0.0002462203859023654
7539 0.0002734912621014559
7547 0.00016508218077975113
7554 8.260974660633398e-05
7558 0.00013614669170503938
7577 8.853165584237468e-05
7578 8.88061998220748e-05
7587 0.00013687950893562258
7608 0.00015554326811050196
7615 0.00016007969731333051
7665 0.00010422176939821458
7666 0.00014944388948364012
7698 0.0001504088997800851
7713 0.00016920278300425065
7724 9.920086195142229e-05
7750 0.00020908021320920737
7818 2.996997446737178e-05
7852 0.00015447220461114937
7853 0.00021244233432427055
7858 4.509923582401553e-05
7862 9.077257605451787e-05
7866 5.91933076971794e-05
7877 8.853165584237468e-05
7890 9.233159952796689e-06
7911 0.00010774605847492284
7912 0.00011761535496899039
7938 4.907474504580058e-05
7942 9.134928606937549e-05
7958 9.496067334174995e-05
7988 0.00026261715830791277
8009 2.7093186202753706e-05
8010 3.97855428110104e-05
8016 3.6571316885345003e-05
8017 0.00012122674224136485
8018 0.0001281179340087181
8054 2.9805618738211806e-05
8058 8.853165584237468e-05
8068 0.00011379132113009053
8071 0.00013687950893562258
8081 0.0001664173719040451
8087 0.0002537323685808453
8088 8.509658347491132e-05
8090 9.558947467904783e-05
8095 0.00015342417653056774
8098 0.0001300045474523503
8137 8.63892700805903e-05
8144 1.8182537399726556e-05
8145 0.0001263016457352357
8150 0.00012176521653240713
8170 0.00011425323385392718
8234 4.8109734749355606e-05
8349 4.919672615455441e-05
8437 8.433711728522342e-05
8442 8.001326955199571e-05
8503 7.256700694753944e-05
8530 0.0001147195668623605
8539 7.955569410086921e-05
8542 0.00022419450561242282
8558 0.00017370426675739054
8633 5.949411993323993e-05
8638 6.491430390704548e-05
8639 3.69498153124238e-05
8656 0.0002059351589452662
8678 4.409901177660094e-05
8695 4.476354154013861e-05
8696 4.787143878550288e-05
8722 7.217400943451535e-05
8800 0.00011379132113009053
8803 0.0001281179340087181
8804 0.00013542473142615584
8808 0.00021244233432427055
8866 3.8493910507496085e-05
8887 0.00020908021320920737
