318
15 6.0101372993599195e-05
68 3.241760820520544e-05
158 1.722259642893919e-05
163 4.4209139343250144e-05
225 4.311890533715833e-05
232 0.0001245506276326127
250 0.00016251677649793962
273 0.00022419450561242282
278 5.558192042480493e-05
281 0.00014665847838343454
319 0.0001523982138465608
327 0.0002875104201589402
344 9.164022082905678e-05
370 0.0001347133110905388
371 9.818910047034337e-05
412 6.391293797104737e-05
413 7.562007790453742e-05
423 8.63892700805903e-05
430 2.1595466130645556e-05
443 5.859719717528758e-05
446 0.00010058340652177312
463 2.104404381130732e-05
509 1.4811799641107606e-05
511 4.409901177660094e-05
535 8.236790279729728e-05
539 0.0001391464957049546
578 0.0001440237055098346
584 0.00021244233432427055
597 0.00011198624708459517
600 0.00026261715830791277
632 6.4078409870285e-05
633 0.00010058340652177312
634 0.00023971321052336105
668 8.63892700805903e-05
700 0.00013542473142615584
703 0.0002537323685808453
764 0.00017065756051371745
798 0.0002875104201589402
836 0.0002734912621014559
841 0.00014576429866269
861 7.316251041712385e-05
891 5.757123449128065e-05
892 0.0001475693727081854
941 9.719791862251607e-05
1011 8.56095506062492e-05
1140 3.8493910507496085e-05
1145 9.920086195142229e-05
1173 9.077257605451787e-05
1183 0.00010310145735752775
1216 4.5550455969092306e-05
1290 0.0001664173719040451
1350 6.374802604546662e-05
1356 0.00014488623116808087
1358 0.00023971321052336105
1371 0.00011519040557349246
1372 0.00014849761844045535
1423 0.00015447220461114937
1474 0.0001239806629188251
1489 0.0001677901789526326
1517 9.106007793564448e-05
1567 0.00016378259903044513
1583 8.88061998220748e-05
1586 0.00017695423263882194
1628 0.00016378259903044513
1682 0.00015447220461114937
1685 0.00021605372159664503
1729 0.00010200632301179658
1739 0.00015775871449691997
1749 0.00020019542348213994
1753 0.00022883910672981793
1777 4.871062309639001e-05
1810 0.00019268344080366
1813 0.00019041645403432799
1819 0.00014488623116808087
1848 6.508321716976057e-05
1888 6.071628875522179e-05
1896 0.00030726931367955075
1913 0.00014576429866269
1922 7.334292682143156e-06
1929 4.2158123180710165e-05
1941 8.024367862190805e-05
2000 0.00017695423263882194
2002 0.00018617626542465564
2118 6.715720793434914e-05
2126 0.0001300045474523503
2167 8.744869066327002e-05
2178 0.0001523982138465608
2179 0.0002199543170027505
2278 0.00013837905578907654
2316 0.00012341728754011654
2317 0.00019041645403432799
2348 0.00018227567001855016
2355 0.0001504088997800851
2371 8.858094887998e-06
2391 2.4157123570420575e-05
2552 0.00017370426675739054
2561 0.0002462203859023654
2563 2.4450245822639586e-05
2586 9.502842032885344e-06
2708 0.0001300045474523503
2724 0.00018617626542465564
2742 0.0001677901789526326
2830 8.285279662389543e-05
2913 0.00016378259903044513
2940 7.910237522724487e-05
2945 0.0001196461249524729
2955 4.7516165565500014e-05
3050 5.1064059112276297e-05
3051 7.910237522724487e-05
3104 0.00010939812948263226
3137 0.00011379132113009053
3173 0.0002734912621014559
3185 0.00010939812948263226
3284 0.00019756065060853997
3395 7.541048004377448e-05
3421 8.586807337437805e-05
3427 0.00019041645403432799
3428 0.00026261715830791277
3465 5.7716484755306535e-05
3477 0.0002199543170027505
3478 7.865323446718271e-05
3479 0.0001245506276326127
3545 6.071628875522179e-05
3551 0.0002462203859023654
3557 0.00015775871449691997
3586 6.228840662358072e-05
3600 0.0001002340757964429
3627 6.491430390704548e-05
3628 7.733012801189119e-05
3641 0.0001228603508781383
3642 0.00013542473142615584
3654 6.663037655997976e-05
3704 0.00013130412920165632
3719 2.489326185102742e-05
3723 6.859058854884968e-05
3727 6.424444555902466e-05
3743 3.233112827567267e-05
3832 3.3290954653437934e-05
3837 0.0001239806629188251
3860 0.00023971321052336105
3887 5.5861184383926875e-05
3986 0.0001504088997800851
4018 9.342327683396404e-05
4059 0.00021244233432427055
4108 9.654815662959692e-05
4189 4.981125419104163e-05
4290 5.656642719180506e-05
4292 0.00011110817958998604
4326 0.00011024565393173974
4328 0.00011566583790554528
4345 5.131853189681648e-05
4386 0.00016007969731333051
4392 8.334256383691721e-05
4453 3.6854914742017664e-05
4457 0.00010058340652177312
4460 0.00011862016226846598
4484 0.00012176521653240713
4502 6.424444555902466e-05
4518 0.00015139340654708521
4533 5.685140711216779e-05
4546 7.625433537211054e-05
4567 6.341986704442123e-05
4577 3.9085797470059324e-05
4644 0.00015139340654708521
4645 0.00021244233432427055
4676 1.811794967986411e-05
4759 5.0810908270240366e-05
4810 0.00010856509334268535
4834 1.7286007534181456e-05
4853 8.535239208071232e-05
4854 0.00016920278300425065
4878 6.969398876306011e-05
4908 9.372690041743856e-05
5011 0.00010310145735752775
5012 0.00010774605847492284
5055 0.00013065000625947455
5056 0.00013614669170503938
5064 0.00022419450561242282
5072 0.00016508218077975113
5105 0.0002462203859023654
5145 0.0002537323685808453
5148 0.00026261715830791277
5177 6.196989942762013e-05
5179 0.00013687950893562258
5254 5.9796800580258657e-05
5408 0.00010774605847492284
5411 8.164949036359771e-05
5427 3.490353872923123e-05
5434 7.159039254876493e-05
5455 8.908229930004346e-05
5481 6.576478670658657e-05
5574 0.00013401212737453773
5575 0.00017065756051371745
5636 0.00010310145735752775
5644 7.711306116076915e-05
5674 0.00010236864012694453
5676 9.312153328472917e-05
5687 2.724862948448243e-05
5699 8.260974660633398e-05
5797 5.544288630052885e-05
5848 0.00030726931367955075
5849 0.00019041645403432799
5850 0.00019268344080366
5861 0.00023397347506023475
5862 6.610917985376751e-05
5925 0.00010734164596720007
6114 0.00010536844412685977
6115 0.00019506105515172307
6117 0.00021605372159664503
6129 0.0002734912621014559
6141 0.00010982004923951138
6195 9.622649587425546e-05
6242 3.105201474962982e-05
6254 8.141235399539764e-05
6255 0.00018227567001855016
6264 4.7398314413738584e-05
6274 0.00021244233432427055
6277 0.00011067500849334801
6328 9.920086195142229e-05
6400 0.00016920278300425065
6401 0.00019756065060853997
6408 4.3989132524856074e-05
6417 9.954283828468142e-05
6420 0.00013837905578907654
6483 0.00010734164596720007
6484 0.00015139340654708521
6578 6.025437603138515e-05
6661 5.889434094657216e-05
6665 0.00012936752625714268
6693 0.0001128804268053397
6696 0.0001399262151792957
6704 0.00010694056199521868
6708 0.00017370426675739054
6724 0.00012936752625714268
6753 0.00011862016226846598
6755 0.00015890538922556517
6760 1.9892587507080337e-05
6789 4.7516165565500014e-05
6804 0.00030726931367955075
6826 0.00013614669170503938
6831 0.00011198624708459517
6874 0.00020298083458234552
6875 0.0002734912621014559
6885 5.131853189681648e-05
6893 9.252359415714085e-05
6894 9.252359415714085e-05
6960 3.259102983841739e-05
6999 6.309390310328486e-05
7067 3.508605365233e-05
7077 0.00018825025618924418
7139 6.196989942762013e-05
7146 0.00019756065060853997
7369 9.372690041743856e-05
7373 7.27647006365303e-05
7374 0.00010498321344481378
7390 0.00013065000625947455
7392 5.274239335290522e-05
7415 0.0001475693727081854
7503 3.173002815645075e-05
7523 8.935997200289977e-05
7554 8.260974660633398e-05
7559 8.509658347491132e-05
7577 8.853165584237468e-05
7578 8.88061998220748e-05
7610 0.00013263932032595027
7677 6.988034244141115e-05
7678 8.260974660633398e-05
7679 8.260974660633398e-05
7681 0.00017215710736717137
7682 0.00018418695135817993
7718 9.527405980765772e-05
7719 0.00012016732165868515
7799 9.403242760948e-05
7808 4.7398314413738584e-05
7836 6.424444555902466e-05
7839 0.00010614816360120087
7890 9.233159952796689e-06
7893 5.131853189681648e-05
7957 0.00011379132113009053
8008 0.0002537323685808453
8009 2.7093186202753706e-05
8010 3.97855428110104e-05
8061 7.865323446718271e-05
8062 0.00018825025618924418
8069 5.287392225192349e-05
8088 8.509658347491132e-05
8090 9.558947467904783e-05
8124 0.0001300045474523503
8137 8.63892700805903e-05
8162 0.00013332088986277624
8163 0.00026261715830791277
8212 0.00019268344080366
8349 4.919672615455441e-05
8435 0.00019756065060853997
8444 5.815485137703107e-05
8589 0.0001677901789526326
8630 0.0001275049519955334
8670 0.00010654275221462514
8680 0.00015663840245623315
8687 0.00013837905578907654
8688 0.00019506105515172307
8717 9.106007793564448e-05
8718 9.403242760948e-05
8722 7.217400943451535e-05
8723 0.00010498321344481378
8746 0.00011811516886331826
8748 0.0002462203859023654
8749 0.00023397347506023475
8780 0.00019041645403432799
8799 0.00012069415303305452
8813 4.431951634967444e-05
8814 9.988723143186235e-05
8824 0.00011712061541501202
8827 0.0001415241100530177
8832 0.00020019542348213994
8861 0.00015775871449691997
8882 0.0001147195668623605
8883 0.00011519040557349246
