91
158 1.722259642893919e-05
328 5.502814824397996e-05
412 6.391293797104737e-05
413 7.562007790453742e-05
416 0.00020019542348213994
463 2.104404381130732e-05
476 0.00015554326811050196
509 1.4811799641107606e-05
511 4.409901177660094e-05
549 6.786862826996617e-05
632 6.4078409870285e-05
639 0.0001287387249198448
645 6.341986704442123e-05
651 0.00012571095453322076
779 0.00013401212737453773
780 0.00013614669170503938
781 0.00026261715830791277
861 7.316251041712385e-05
1216 4.5550455969092306e-05
1217 9.818910047034337e-05
1387 0.0002537323685808453
1848 6.508321716976057e-05
1922 7.334292682143156e-06
1929 4.2158123180710165e-05
1941 8.024367862190805e-05
2093 0.00011811516886331826
2162 0.0001263016457352357
2262 0.0001523982138465608
2263 0.00015342417653056774
2371 8.858094887998e-06
2379 0.00010939812948263226
2382 0.00011154523568104574
2391 2.4157123570420575e-05
2526 8.070779096331723e-05
2586 9.502842032885344e-06
2607 3.3290954653437934e-05
2657 0.00018227567001855016
3050 5.1064059112276297e-05
3051 7.910237522724487e-05
3341 0.00016251677649793962
3395 7.541048004377448e-05
3627 6.491430390704548e-05
3628 7.733012801189119e-05
3727 6.424444555902466e-05
3746 1.903006184883404e-05
3832 3.3290954653437934e-05
3837 0.0001239806629188251
3932 4.895306850942043e-05
3943 7.689695691525318e-05
4018 9.342327683396404e-05
4329 3.676019862375966e-05
4363 7.025520142447097e-05
4485 7.159039254876493e-05
4511 0.00019041645403432799
4751 0.00010856509334268535
4754 0.00013542473142615584
4755 0.0001376235146469122
6141 0.00010982004923951138
6159 7.101368253390731e-05
6264 4.7398314413738584e-05
6292 8.853165584237468e-05
6480 0.00014488623116808087
6578 6.025437603138515e-05
6633 0.00011811516886331826
6693 0.0001128804268053397
6696 0.0001399262151792957
6833 2.7093186202753706e-05
6885 5.131853189681648e-05
6893 9.252359415714085e-05
6894 9.252359415714085e-05
6895 0.0002462203859023654
7330 0.00018227567001855016
7331 0.00019041645403432799
7482 2.5340342303404983e-05
7483 2.8590308184836374e-05
7503 3.173002815645075e-05
7523 8.935997200289977e-05
7677 6.988034244141115e-05
7678 8.260974660633398e-05
7679 8.260974660633398e-05
7718 9.527405980765772e-05
7719 0.00012016732165868515
7890 9.233159952796689e-06
7893 5.131853189681648e-05
8045 0.0001263016457352357
8062 0.00018825025618924418
8444 5.815485137703107e-05
8722 7.217400943451535e-05
8723 0.00010498321344481378
8818 7.139739654402146e-05
8819 7.139739654402146e-05
