252
15 0.0025384996972462374
79 0.0027729440745145996
117 0.007336741352331111
135 0.0066632495905049795
139 0.009205955046729627
158 0.0025460058190117122
217 0.002955029454212994
276 0.0010160046352754909
377 0.0025158542983111125
423 0.007297641468798301
443 0.0012374839365548885
459 0.0018581554835849078
478 0.004227823730030405
507 0.0039317603731387
549 0.0028665650006726943
559 0.0032848379274900323
597 0.002364979701464247
639 0.005437533253486525
711 0.006071784038996386
764 0.0036040288608963265
780 0.005750423300830857
819 0.010630422332885272
861 0.0015450812626478857
883 0.006071784038996386
892 0.0031164413497046166
909 0.004832734879564307
990 0.002310322582818054
1020 0.003889749077023933
1041 0.002266892769809685
1108 0.003458840100851486
1127 0.003702115792550888
1207 0.005309649416114045
1216 0.004147209779107584
1219 0.0026424996045361507
1222 0.003136044491804119
1226 0.0030597774695970067
1309 0.0017497254111662466
1313 0.002830132889009195
1364 0.0028439877978477467
1371 0.003136044491804119
1414 0.004645101595091261
1417 0.0013567452578721036
1516 0.003846101490817363
1558 0.002412855023948339
1640 0.0016014268703412155
1646 0.0031560283011331774
1667 0.0047346479479097444
1694 0.003078320923416809
1712 0.009098749673240794
1747 0.004227823730030405
1791 0.005546076101516869
1848 0.005199801135454693
1921 0.0004646674150468706
1940 0.0016946247959204847
1945 0.0032400859271099996
1948 0.0026548247080570224
2001 0.0078635207462774
2007 0.008573294776293192
2012 0.003458840100851486
2075 0.0016194034644147265
2091 0.009018214034601846
2092 0.004988826468767262
2161 0.0026672992104085796
2232 0.0038493857137566804
2262 0.006480171854219999
2372 0.0019143619543186025
2381 0.02120099588508369
2414 0.0026927112137066197
2416 0.005473231101598725
2492 0.0005399031120984452
2551 0.0036683706761655556
2556 0.005165991054650353
2671 0.0040691820484412755
2672 0.003136044491804119
2674 0.002258422484600448
2723 0.0039317603731387
2728 0.004119393657611744
2738 0.0016014268703412155
2783 0.004486459913502131
2784 0.00229273012291472
2789 0.002412855023948339
2803 0.00577572068210468
2826 0.0025267447051574373
2831 0.0025267447051574373
2832 0.0029385629614278566
2890 0.003975559912697972
2942 0.011820117816851976
2954 0.0010034693543121709
3050 0.0033410443982237266
3181 0.0036356970162469936
3184 0.002310322582818054
3302 0.004248338004369868
3320 0.00248385792294702
3340 0.0068642156973916495
3374 0.0021618704284628665
3463 0.006489061904057242
3474 0.002679926777956132
3512 0.005115896081115956
3556 0.0033316247952524898
3585 0.005261746728240297
3604 0.005681368413981334
3610 0.003975559912697972
3616 0.004832734879564307
3627 0.0016330950256918822
3648 0.0028449408256845544
3653 0.0014071325021387197
3656 0.0029880624778392964
3690 0.004825710047896678
3700 0.005358442817043824
3760 0.0044833764645208635
3789 0.0034862852964671616
3819 0.002713490515744207
3837 0.013091417866499635
3838 0.006194409286033975
3882 0.0025377515891521376
3943 0.004871841327218504
4108 0.0020389506442724356
4193 0.004832734879564307
4201 0.00577572068210468
4238 0.006489061904057242
4248 0.008188798027705566
4251 0.0018188922100465363
4333 0.0017143217386711362
4337 0.005309649416114045
4376 0.0015925549719197113
4393 0.0017600685519303463
4485 0.00257149670553747
4496 0.0006773247874010202
4512 0.004021306725957182
4517 0.004926133266237618
4534 0.0012006154980654961
4540 0.004941164951982967
4542 0.0029063999112163073
4568 0.0026786628203785876
4680 0.002560124945154132
4724 0.0019230507454086815
4756 0.01162559964486523
4770 0.0027320459573546337
4778 0.003573306166194033
4802 0.0028449408256845544
4811 0.00458546024582944
4819 0.0019109431487772117
4891 0.0050623794601521175
4915 0.0013816305356566213
4943 0.005748292211390819
4951 0.002412855023948339
4973 0.000988625820402469
4989 0.004645101595091261
5017 0.0017143217386711362
5066 0.005437533253486525
5163 0.0011826650340883021
5169 0.0030597774695970067
5193 0.02365662468119289
5223 0.0009715327748559458
5229 0.002083085531291229
5255 0.0037884532234924062
5336 0.0020806780022302428
5381 0.0016175998746575698
5429 0.004349038238199556
5431 0.0013602636676012295
5435 0.003023761035045465
5548 0.003737005026723178
5592 0.004486459913502131
5597 0.0050623794601521175
5647 0.004832734879564307
5703 0.005896371845906103
5807 0.0033410443982237266
5812 0.002177346416991202
5818 0.003737005026723178
5939 0.0012500728867233717
5976 0.0022090145723418692
5999 0.0030597774695970067
6006 0.002301488761682407
6019 0.0060473276095412325
6054 0.0038493857137566804
6095 0.012419289614735098
6125 0.004021306725957182
6142 0.004638465776410074
6275 0.008972919827004261
6349 0.0020254092141197594
6388 0.0020187047354020718
6421 0.011689423177177725
6435 0.003078320923416809
6444 0.0026927112137066197
6469 0.00197234516008643
6476 0.003671072493680572
6481 0.0030597774695970067
6484 0.0068006783094290545
6491 0.0005754497297765579
6513 0.0030236638047706163
6577 0.005199801135454693
6599 0.0027320459573546337
6634 0.002494413234383631
6697 0.002955029454212994
6832 0.002364979701464247
6834 0.0017165010102294384
6835 0.004119393657611744
6849 0.002560124945154132
6858 0.006194409286033975
6900 0.0047346479479097444
6927 0.004172181322804048
6932 0.0050534894103148745
7000 0.0013324475461053901
7035 0.0037731186915495687
7055 0.003975559912697972
7088 0.0029063999112163073
7092 0.003997698894629875
7094 0.006071784038996386
7252 0.001623947109072835
7328 0.00248385792294702
7346 0.002412855023948339
7370 0.0019793699917540577
7390 0.002745498878898924
7411 0.007546237383099137
7452 0.008236496636696771
7484 0.001811351847463946
7521 0.0020187047354020718
7609 0.006569675854980065
7611 0.0028011412861252815
7720 0.005075503178304275
7725 0.0020949717576091834
7800 0.003971644525382397
7826 0.005358442817043824
7840 0.0022416882322604317
7887 0.0016705221991118633
7892 0.005856020780154561
7959 0.006016276214372101
8011 0.0008402103259045609
8043 0.0014071325021387197
8046 0.0026672992104085796
8048 0.0019665855560035694
8091 0.0020187047354020718
8099 0.002745498878898924
8141 0.003975559912697972
8145 0.0003839876144700547
8434 0.006489061904057242
8440 0.004645101595091261
8467 0.004562726935709243
8488 0.0026548247080570224
8496 0.0032400859271099996
8531 0.007268109809554669
8571 0.013459379740506391
8586 0.009070991414311847
8651 0.006489061904057242
8653 0.002319232888205037
8664 0.0033795178115989845
8671 0.0022500213453477236
8724 0.004434172503413178
8814 0.001871921941745491
8815 0.0042189336801931624
8820 0.006031218938391652
8828 0.005977549141196653
