440
14 0.0001275049519955334
56 0.0001027336712532598
58 3.9886331735258645e-05
62 0.00014576429866269
68 3.241760820520544e-05
70 0.00011566583790554528
158 1.722259642893919e-05
225 4.311890533715833e-05
232 0.0001245506276326127
240 0.00010347204034115494
243 6.309390310328486e-05
245 0.00013196715204843822
278 5.558192042480493e-05
295 6.969398876306011e-05
297 0.00016378259903044513
344 9.164022082905678e-05
378 7.955569410086921e-05
430 2.1595466130645556e-05
436 6.181142310095298e-05
458 0.00011198624708459517
463 2.104404381130732e-05
486 0.00019268344080366
494 0.00010815385522706535
509 1.4811799641107606e-05
549 6.786862826996617e-05
550 0.0001804365299615294
551 0.0001431761810607271
552 0.0001804365299615294
597 0.00011198624708459517
599 0.00016251677649793962
621 0.00011110817958998604
624 0.0001300045474523503
626 0.00013263932032595027
704 0.0002537323685808453
722 0.00011663084820199027
765 7.499396958083494e-05
837 0.0001128804268053397
838 0.00011614595437539213
923 0.00030726931367955075
1011 8.56095506062492e-05
1083 7.178415593526694e-05
1216 4.5550455969092306e-05
1217 9.818910047034337e-05
1234 2.8271279696782107e-05
1243 0.00012341728754011654
1258 0.00015890538922556517
1305 0.00019506105515172307
1306 4.5550455969092306e-05
1315 0.00023971321052336105
1350 6.374802604546662e-05
1418 6.424444555902466e-05
1421 0.00017215710736717137
1425 0.0002734912621014559
1438 0.00014071861357331354
1439 0.0001677901789526326
1474 0.0001239806629188251
1517 9.106007793564448e-05
1519 0.0001376235146469122
1555 0.00015139340654708521
1556 0.00022419450561242282
1583 8.88061998220748e-05
1586 0.00017695423263882194
1613 0.00019268344080366
1614 0.00021605372159664503
1647 0.00014944388948364012
1649 8.744869066327002e-05
1659 0.0001786642827461757
1693 0.0001281179340087181
1703 0.00015663840245623315
1706 3.382257549850835e-05
1713 4.787143878550288e-05
1759 0.0001391464957049546
1777 4.871062309639001e-05
1778 0.0001287387249198448
1779 0.00011333374567896404
1789 0.00020019542348213994
1828 0.00016128300357362823
1848 6.508321716976057e-05
1888 6.071628875522179e-05
1922 7.334292682143156e-06
1981 9.920086195142229e-05
2004 7.217400943451535e-05
2009 0.00012176521653240713
2025 0.00012571095453322076
2026 8.535239208071232e-05
2029 0.00012122674224136485
2030 0.0001228603508781383
2040 4.7398314413738584e-05
2044 0.00010536844412685977
2049 0.00022419450561242282
2061 0.0001677901789526326
2073 0.00010939812948263226
2118 6.715720793434914e-05
2148 8.383730339089555e-05
2149 8.408656954820681e-05
2188 0.0002199543170027505
2248 0.00020298083458234552
2266 0.0001347133110905388
2331 0.00019041645403432799
2371 8.858094887998e-06
2391 2.4157123570420575e-05
2393 0.00022419450561242282
2402 8.825864993225359e-05
2417 8.63892700805903e-05
2439 5.502814824397996e-05
2440 0.0001275049519955334
2448 8.825864993225359e-05
2493 2.5565430128539482e-05
2526 8.070779096331723e-05
2550 5.3403616896513294e-05
2579 0.00013130412920165632
2580 8.992010952057247e-05
2586 9.502842032885344e-06
2599 0.00012341728754011654
2607 3.3290954653437934e-05
2618 4.846937791309118e-05
2692 0.0001804365299615294
2699 0.00013065000625947455
2701 0.00017065756051371745
2714 8.691610145495967e-05
2739 7.583058115843726e-05
2762 0.00010200632301179658
2764 0.00017215710736717137
2776 9.222735356398462e-05
2780 9.342327683396404e-05
2781 9.68719546813797e-05
2827 0.0001196461249524729
2861 0.00019268344080366
2955 4.7516165565500014e-05
2976 5.461691012835996e-05
2982 7.197869283035229e-05
3050 5.1064059112276297e-05
3051 7.910237522724487e-05
3097 0.00012230970742046953
3103 0.00012122674224136485
3113 6.165346047478709e-05
3228 4.566391685271689e-05
3229 4.669713069773751e-05
3230 4.692973938522239e-05
3249 0.00012016732165868515
3255 0.00021605372159664503
3311 0.00030726931367955075
3367 0.00017065756051371745
3372 6.542281037332744e-05
3383 0.00010815385522706535
3465 5.7716484755306535e-05
3513 6.056183085252843e-05
3540 0.00013542473142615584
3542 0.0001431761810607271
3605 5.380470086849468e-05
3719 2.489326185102742e-05
3724 5.7716484755306535e-05
3727 6.424444555902466e-05
3731 5.3138049876864844e-05
3743 3.233112827567267e-05
3819 6.424444555902466e-05
3832 3.3290954653437934e-05
3840 0.00010774605847492284
3841 0.00015139340654708521
3849 0.00023397347506023475
3875 3.285232498188492e-05
3882 0.00012016732165868515
3887 5.5861184383926875e-05
3924 0.00019268344080366
3928 0.00014944388948364012
3932 4.895306850942043e-05
3943 7.689695691525318e-05
3986 0.0001504088997800851
3987 0.00021244233432427055
3996 7.417147870601431e-05
4158 0.00011519040557349246
4189 4.981125419104163e-05
4247 4.846937791309118e-05
4249 0.00013542473142615584
4260 0.0002734912621014559
4267 0.00011519040557349246
4314 3.1644758795232604e-05
4315 7.256700694753944e-05
4326 0.00011024565393173974
4328 0.00011566583790554528
4345 5.131853189681648e-05
4375 7.541048004377448e-05
4381 4.3226837668107787e-05
4382 6.14960082295629e-05
4392 8.334256383691721e-05
4398 6.325661252824365e-05
4402 6.950834500520415e-05
4404 0.00019506105515172307
4406 6.508321716976057e-05
4407 0.0002199543170027505
4411 0.0001504088997800851
4412 0.00019756065060853997
4423 0.0001128804268053397
4435 0.00010856509334268535
4436 0.0001128804268053397
4451 0.00010200632301179658
4467 5.5861184383926875e-05
4473 0.00016128300357362823
4492 6.969398876306011e-05
4495 3.207260550754382e-05
4499 9.312153328472917e-05
4502 6.424444555902466e-05
4513 9.19329029551259e-05
4516 0.00011663084820199027
4519 0.00010128967145643295
4563 4.728074758348793e-05
4566 9.68719546813797e-05
4567 6.341986704442123e-05
4569 0.00010422176939821458
4588 0.00016508218077975113
4652 4.476354154013861e-05
4658 8.334256383691721e-05
4670 7.541048004377448e-05
4676 1.811794967986411e-05
4679 0.00012122674224136485
4699 3.676019862375966e-05
4723 9.106007793564448e-05
4726 0.0002059351589452662
4751 0.00010856509334268535
4754 0.00013542473142615584
4755 0.0001376235146469122
4808 0.0001245506276326127
4829 8.383730339089555e-05
4834 1.7286007534181456e-05
4905 0.00021605372159664503
4926 0.00010236864012694453
4927 0.00010236864012694453
4930 0.00021605372159664503
4931 0.00023397347506023475
4933 2.564069103539461e-05
5024 6.025437603138515e-05
5028 0.00018825025618924418
5031 6.913916575845257e-05
5070 0.00021605372159664503
5071 0.0002875104201589402
5161 5.502814824397996e-05
5162 5.6001418804450566e-05
5163 0.00020019542348213994
5194 0.00011712061541501202
5207 0.0002462203859023654
5217 7.159039254876493e-05
5218 0.00020908021320920737
5222 2.3001954162320978e-05
5225 0.00016920278300425065
5242 6.786862826996617e-05
5364 0.0001804365299615294
5365 0.00020019542348213994
5395 3.215862746722012e-05
5412 0.00010856509334268535
5416 0.00013332088986277624
5427 3.490353872923123e-05
5439 8.024367862190805e-05
5440 8.586807337437805e-05
5453 0.0002734912621014559
5469 1.1433598200043818e-05
5521 0.00021605372159664503
5550 4.944160821510571e-05
5618 0.00014071861357331354
5622 6.733409171295719e-05
5644 7.711306116076915e-05
5687 2.724862948448243e-05
5691 8.383730339089555e-05
5775 0.00014576429866269
5797 5.544288630052885e-05
5810 5.261121850249547e-05
5822 9.134928606937549e-05
5831 0.00013401212737453773
5832 0.00013542473142615584
5862 6.610917985376751e-05
5868 7.256700694753944e-05
5869 0.00015554326811050196
5870 0.00015890538922556517
5894 1.5848029138067838e-05
5896 1.6219082409210568e-05
5909 6.663037655997976e-05
5911 7.47870417645905e-05
5912 0.00010498321344481378
5934 5.434466680855229e-05
5938 5.91933076971794e-05
5965 0.00020298083458234552
5975 0.00010460100421098168
5982 0.0001376235146469122
5984 3.088397517794058e-05
5985 7.52017798211394e-05
5987 7.798719092134497e-05
5988 7.044371782011974e-05
6022 2.0770655001689466e-05
6023 0.00016251677649793962
6024 0.0002199543170027505
6064 0.00010498321344481378
6065 0.00019506105515172307
6066 0.00019756065060853997
6079 0.0001251273376474703
6082 0.00017370426675739054
6084 7.843020694973282e-05
6087 0.00010236864012694453
6101 0.0002059351589452662
6162 0.0001128804268053397
6164 0.0001300045474523503
6197 5.5304247721948624e-05
6201 0.00017215710736717137
6227 0.00010536844412685977
6242 3.105201474962982e-05
6246 0.00010128967145643295
6264 4.7398314413738584e-05
6366 0.0001251273376474703
6372 0.0001523982138465608
6386 0.00013837905578907654
6400 0.00016920278300425065
6403 0.00026261715830791277
6429 5.815485137703107e-05
6467 4.669713069773751e-05
6468 4.669713069773751e-05
6475 8.691610145495967e-05
6487 0.00012936752625714268
6490 2.724862948448243e-05
6491 7.604199766141655e-05
6492 0.00023971321052336105
6507 6.212889280683989e-05
6523 0.00020298083458234552
6566 7.082295263288685e-05
6578 6.025437603138515e-05
6589 5.9343481706634316e-05
6600 0.00013065000625947455
6602 0.0001300045474523503
6653 0.0001423431449207802
6661 5.889434094657216e-05
6670 0.00010734164596720007
6675 5.7716484755306535e-05
6686 0.00011333374567896404
6693 0.0001128804268053397
6706 7.910237522724487e-05
6712 6.025437603138515e-05
6742 0.0002537323685808453
6760 1.9892587507080337e-05
6885 5.131853189681648e-05
6898 0.0001263016457352357
6905 2.9805618738211806e-05
6960 3.259102983841739e-05
6967 0.00010536844412685977
6972 6.133906307779394e-05
6980 0.00011379132113009053
6982 0.0001147195668623605
6983 0.00013263932032595027
7025 0.00016007969731333051
7026 0.00021605372159664503
7124 6.859058854884968e-05
7127 0.00022419450561242282
7139 6.196989942762013e-05
7142 0.00015139340654708521
7143 0.0001523982138465608
7165 6.628229345501092e-05
7178 3.714017269315804e-05
7215 0.00015139340654708521
7236 0.00010536844412685977
7237 0.00010536844412685977
7251 7.689695691525318e-05
7252 0.00018418695135817993
7289 0.00013542473142615584
7290 0.00016508218077975113
7305 0.00016508218077975113
7321 3.8200641252257444e-05
7367 0.0001664173719040451
7368 0.0002875104201589402
7373 7.27647006365303e-05
7382 0.00015663840245623315
7386 0.00023397347506023475
7389 0.0001300045474523503
7392 5.274239335290522e-05
7444 9.886126874785542e-05
7482 2.5340342303404983e-05
7483 2.8590308184836374e-05
7496 0.00018227567001855016
7497 0.0002734912621014559
7502 9.68719546813797e-05
7560 0.00014849761844045535
7602 9.654815662959692e-05
7620 0.0001027336712532598
7627 7.887728740211037e-05
7643 0.00019756065060853997
7718 9.527405980765772e-05
7725 0.00018418695135817993
7745 0.00019041645403432799
7784 7.082295263288685e-05
7808 4.7398314413738584e-05
7814 0.0001275049519955334
7818 2.996997446737178e-05
7858 4.509923582401553e-05
7862 9.077257605451787e-05
7877 8.853165584237468e-05
7886 7.910237522724487e-05
7889 0.00023397347506023475
7890 9.233159952796689e-06
7893 5.131853189681648e-05
7904 6.056183085252843e-05
7938 4.907474504580058e-05
7943 7.64676023536449e-05
7981 6.950834500520415e-05
7987 7.843020694973282e-05
8009 2.7093186202753706e-05
8010 3.97855428110104e-05
8016 3.6571316885345003e-05
8042 6.663037655997976e-05
8069 5.287392225192349e-05
8098 0.0001300045474523503
8109 8.285279662389543e-05
8144 1.8182537399726556e-05
8148 0.0001753021616311125
8149 0.00011811516886331826
8166 0.0001376235146469122
8167 0.00030726931367955075
8247 0.00016378259903044513
8249 0.00023397347506023475
8252 0.0002875104201589402
8305 0.00016251677649793962
8308 0.0002875104201589402
8359 0.00030726931367955075
8400 0.00030726931367955075
8444 5.815485137703107e-05
8510 0.00019268344080366
8513 4.3335009582674306e-05
8531 9.752607762356147e-05
8532 0.0001002340757964429
8550 0.00013542473142615584
8560 0.00017215710736717137
8569 0.00016508218077975113
8591 0.00011761535496899039
8600 8.383730339089555e-05
8608 0.0001677901789526326
8639 3.69498153124238e-05
8695 4.476354154013861e-05
8699 0.0001664173719040451
8818 7.139739654402146e-05
8819 7.139739654402146e-05
8866 3.8493910507496085e-05
8890 0.00010058340652177312
8891 0.00010058340652177312
8892 0.00010384546306881737
8898 0.0002537323685808453
8911 0.00019506105515172307
