306
14 0.002438463802970372
15 0.0022988130305534593
33 0.004376425148446646
137 0.08215634187710677
138 0.0010576640680214724
163 0.0008454760725902259
267 0.00413191151688691
311 0.0022981355592751117
319 0.0029145340811170596
393 0.0028953176805742993
450 0.003881899566089835
464 0.004852495426593334
473 0.0009292548370504983
518 0.005498482541752092
524 0.005292850408550429
537 0.0032924123194339725
546 0.005073311685600295
575 0.0016878993308932274
576 0.004287599643815262
670 0.00393839943459273
682 0.0023496382983389883
708 0.0018464316993196733
726 0.001225465211939871
751 0.0022212290673680143
757 0.004136768917526208
773 0.002124884327265999
820 0.005876360780069004
840 0.004852495426593334
847 0.0031571081440110345
897 0.002770871442424757
899 0.005876360780069004
948 0.005022412263605404
983 0.0019788472607733323
991 0.0037782414554148242
992 0.003828630073117663
1004 0.00413191151688691
1048 0.002839937286569395
1101 0.0015845152865067724
1109 0.0029746815566540634
1145 0.002876489516824288
1222 0.00567987457313879
1278 0.003641612528656504
1338 0.002676013797592024
1345 0.005876360780069004
1395 0.04984729674786145
1435 0.003600185156992584
1496 0.0025485404115988823
1538 0.002141676897034146
1556 0.0037304380332878885
1568 0.0018971632654744108
1619 0.004376425148446646
1640 0.0029004383660257206
1667 0.004287599643815262
1678 0.0032088971562786728
1718 0.002876489516824288
1721 0.006209817800164974
1746 0.0045843865497514884
1784 0.002052851392402762
1799 0.0021674470847444795
1847 0.0012446816124826313
1921 0.0005610576513584532
1935 0.0021083889867803958
1952 0.0024501867551195186
1961 0.005876360780069004
1967 0.004474617188276421
1993 0.005752979033648576
2019 0.002498611278507376
2084 0.0021939501714106366
2123 0.0022305024016655304
2211 0.00338415476668923
2229 0.0045843865497514884
2303 0.003235912450931077
2308 0.004474617188276421
2317 0.0037304380332878885
2328 0.0027222362822617876
2372 0.0008668033741657191
2373 0.0016421808367220112
2452 0.0047088327879010305
2478 0.005179850671544639
2488 0.004287599643815262
2492 0.0019557005433952263
2508 0.003828630073117663
2527 0.005022412263605404
2556 0.0023391075376206533
2570 0.001261003612986796
2578 0.0025111210288522767
2689 0.00310804616341124
2707 0.009945068900389235
2713 0.0016622238115163103
2738 0.005800876732051441
2739 0.00368496743442536
2784 0.004152498334206059
2793 0.002360289413213559
2824 0.004442458134736029
2829 0.003169030573013545
2896 0.002549690494543051
2902 0.00166730263829551
2928 0.004785986408215689
2960 0.003998546910129733
3043 0.009168773099502977
3047 0.0034859244017281525
3051 0.0021761979697668818
3063 0.0030844509181291303
3091 0.005876360780069004
3111 0.002754376101939154
3176 0.0031322543402560665
3213 0.0015302108546081238
3248 0.004596271118550223
3276 0.0032924123194339725
3299 0.003881899566089835
3308 0.0037782414554148242
3394 0.001442184974571069
3400 0.002876489516824288
3420 0.0016421808367220112
3425 0.004287599643815262
3475 0.004474617188276421
3532 0.004852495426593334
3563 0.00412117112930692
3585 0.0011912323601488226
3604 0.0010289860389270913
3646 0.001547963056251879
3648 0.0025763198035169137
3653 0.0025485404115988823
3660 0.004852495426593334
3674 0.0022029547091651606
3684 0.005498482541752092
3691 0.003450751834800751
3693 0.010996965083504184
3756 0.0027876640121929043
3764 0.005876360780069004
3786 0.00577081106602173
3901 0.001985988770105795
3929 0.00898687624049324
4005 0.0017637986587172336
4163 0.00338415476668923
4214 0.0037304380332878885
4244 0.0028047647196419927
4248 0.0009269508497027223
4346 0.000981439391125383
4355 0.004376425148446646
4407 0.0024893632249652626
4458 0.00192360368867391
4468 0.002136630365792087
4482 0.0017751641947900843
4534 0.0010872526613382818
4546 0.0034859244017281525
4607 0.0032924123194339725
4659 0.0015938818217051632
4677 0.0006929921353946305
4724 0.001741475138546059
4761 0.0025763198035169137
4770 0.0024740845364885308
4837 0.0035605211962758177
4861 0.003828630073117663
4877 0.005876360780069004
4909 0.0017924766878116144
4936 0.0045370939319166045
4951 0.002185031802803002
5013 0.00206058556465346
5032 0.003966748359909845
5057 0.007811197316364662
5118 0.005230373664910247
5181 0.0021002495253702263
5193 0.0015302108546081238
5212 0.0037304380332878885
5213 0.00393839943459273
5218 0.001369127850632174
5255 0.0022871634625376185
5268 0.0032088971562786728
5309 0.005876360780069004
5336 0.0018842191350668719
5363 0.003322000912750782
5416 0.005876360780069004
5431 0.00492730701912205
5510 0.0017089615246563149
5601 0.006971848803456305
5643 0.0037684382701337438
5653 0.0027876640121929043
5717 0.0030170507802501087
5730 0.001741475138546059
5733 0.004376425148446646
5769 0.0064177943125573456
5771 0.0025366558428001475
5807 0.001512790489324477
5823 0.003494012177898173
5824 0.005644370169851279
5851 0.00368496743442536
5855 0.00549133388579484
5910 0.0012742702057994412
5933 0.0029956254134977465
5976 0.0020004380891164566
5981 0.004376425148446646
5990 0.0025111210288522767
6014 0.0030844509181291303
6055 0.0045843865497514884
6115 0.0020151149657909317
6134 0.0026037324387882207
6158 0.005498482541752092
6163 0.00431755520896647
6210 0.006901503669601502
6228 0.0020151149657909317
6293 0.0033862408449237907
6298 0.0017525700601471114
6300 0.005476335303060944
6329 0.0018971632654744108
6392 0.00413191151688691
6435 0.0027876640121929043
6469 0.0008930575724854865
6537 0.0028684388708343387
6559 0.006168901836258261
6589 0.002515432528451071
6683 0.0025619500004793504
6688 0.002370282161798071
6761 0.0034239155767551493
6812 0.0027876640121929043
6834 0.0015544279534695773
6849 0.0023183964095601795
6852 0.002438463802970372
6904 0.00393839943459273
6909 0.0034179230493126297
6910 0.005876360780069004
6944 0.0032637342903395917
6958 0.0031826429579589056
6969 0.0024620590482524823
6999 0.00310804616341124
7000 0.0012066370481898596
7004 0.0016775440864956067
7035 0.0034168585575835146
7055 0.003600185156992584
7102 0.0022685469659583023
7127 0.0045843865497514884
7163 0.0029541980418338267
7178 0.008862594125501479
7182 0.004830902432585496
7187 0.005022412263605404
7193 0.0075564829108296485
7200 0.00413191151688691
7201 0.0045843865497514884
7203 0.00413191151688691
7212 0.004015495271331246
7261 0.006365285915917811
7271 0.004287599643815262
7272 0.0045843865497514884
7285 0.005876360780069004
7370 0.0017924766878116144
7385 0.008028041392776073
7386 0.0032637342903395917
7398 0.00736993486885072
7415 0.0020004380891164566
7428 0.005022412263605404
7450 0.00413191151688691
7470 0.003016971610848101
7478 0.0047088327879010305
7481 0.00176946410113399
7513 0.003998546910129733
7583 0.0030170507802501087
7603 0.0036928633986393466
7680 0.0063194683412502
7681 0.011752721560138008
7764 0.003322000912750782
7797 0.0045843865497514884
7806 0.011752721560138008
7842 0.0024862672250973088
7864 0.0014624018716216378
7869 0.004062845672742272
7884 0.01243218465364496
7923 0.00206058556465346
7944 0.004387205614864914
7958 0.0021761979697668818
7972 0.0037304380332878885
7974 0.004852495426593334
8011 0.002282631486255738
8022 0.005498482541752092
8025 0.008312614327274271
8033 0.001158212524802003
8062 0.003008401826487263
8085 0.0021674470847444795
8087 0.0028580342126141647
8106 0.0024501867551195186
8137 0.003235912450931077
8145 0.00034773127318962033
8165 0.005498482541752092
8205 0.0009765727356407861
8229 0.004852495426593334
8235 0.0018401457342757817
8330 0.005876360780069004
8336 0.0042065083114345755
8430 0.0030844509181291303
8478 0.004852495426593334
8494 0.005230373664910247
8533 0.0019169229259611569
8570 0.0031571081440110345
8639 0.007448707421711449
8667 0.002158777604483235
8679 0.002530109825878117
8688 0.0026464252042752144
8697 0.00274654675401117
8764 0.0012511761503156526
8768 0.0023710636650913506
8772 0.003881899566089835
8782 0.0016521484441163535
8814 0.0016951739472459166
8823 0.0031322543402560665
8867 0.005153227710514239
8876 0.003450751834800751
8884 0.0022029547091651606
