815
15 6.0101372993599195e-05
58 3.9886331735258645e-05
68 3.241760820520544e-05
75 0.00022883910672981793
85 0.0002734912621014559
92 0.00010774605847492284
93 0.00010982004923951138
138 5.5304247721948624e-05
141 0.00012571095453322076
148 0.00010614816360120087
158 1.722259642893919e-05
163 4.4209139343250144e-05
168 0.00014488623116808087
225 4.311890533715833e-05
278 5.558192042480493e-05
290 5.516600244482883e-05
292 0.00014576429866269
310 8.408656954820681e-05
328 5.502814824397996e-05
330 6.358367031630664e-05
334 9.252359415714085e-05
339 0.0001523982138465608
365 0.00021605372159664503
380 0.0001423431449207802
384 0.00016920278300425065
385 0.0002059351589452662
393 0.00015139340654708521
395 0.00018418695135817993
412 6.391293797104737e-05
413 7.562007790453742e-05
430 2.1595466130645556e-05
436 6.181142310095298e-05
437 0.00017695423263882194
438 0.0001786642827461757
443 5.859719717528758e-05
457 0.00023971321052336105
459 8.798716495431228e-05
463 2.104404381130732e-05
466 0.00013401212737453773
473 4.858985121920245e-05
479 0.00017065756051371745
480 6.877276232176413e-05
494 0.00010815385522706535
509 1.4811799641107606e-05
511 4.409901177660094e-05
524 0.00013837905578907654
525 0.00030726931367955075
527 0.0001431761810607271
535 8.236790279729728e-05
539 0.0001391464957049546
571 0.0001804365299615294
573 0.00014576429866269
574 0.00023397347506023475
575 8.825864993225359e-05
619 0.00017695423263882194
632 6.4078409870285e-05
633 0.00010058340652177312
639 0.0001287387249198448
706 6.525271795805037e-05
707 9.496067334174995e-05
708 9.654815662959692e-05
710 0.00023971321052336105
723 6.212889280683989e-05
726 6.4078409870285e-05
772 0.00011712061541501202
837 0.0001128804268053397
838 0.00011614595437539213
884 0.00012936752625714268
886 0.0001677901789526326
960 0.00012069415303305452
961 0.0001251273376474703
963 0.00013614669170503938
965 0.0001391464957049546
966 0.00030726931367955075
983 0.00010347204034115494
985 0.0002462203859023654
990 0.00010939812948263226
999 0.0002537323685808453
1035 0.00015663840245623315
1055 0.00011614595437539213
1057 9.988723143186235e-05
1058 0.00014665847838343454
1065 0.00015554326811050196
1070 0.00013130412920165632
1083 7.178415593526694e-05
1091 0.00026261715830791277
1096 6.950834500520415e-05
1102 8.285279662389543e-05
1103 9.527405980765772e-05
1111 9.886126874785542e-05
1173 9.077257605451787e-05
1216 4.5550455969092306e-05
1226 0.00011110817958998604
1234 2.8271279696782107e-05
1239 0.00013196715204843822
1240 0.00014576429866269
1254 8.96392359620217e-05
1265 6.576478670658657e-05
1266 0.00018617626542465564
1269 8.433711728522342e-05
1287 0.00015139340654708521
1306 4.5550455969092306e-05
1312 0.00011243128604527755
1314 0.00013401212737453773
1350 6.374802604546662e-05
1356 0.00014488623116808087
1358 0.00023971321052336105
1391 6.491430390704548e-05
1395 0.00017370426675739054
1402 0.00023397347506023475
1408 0.00019041645403432799
1412 6.804811807694473e-05
1415 0.0002199543170027505
1418 6.424444555902466e-05
1479 0.0001677901789526326
1497 6.663037655997976e-05
1503 0.00015663840245623315
1513 0.00019268344080366
1520 0.00019506105515172307
1524 0.0001300045474523503
1534 0.0002734912621014559
1539 0.00011198624708459517
1540 0.00016007969731333051
1552 0.00022883910672981793
1572 0.00014849761844045535
1583 8.88061998220748e-05
1587 9.954283828468142e-05
1589 0.00015890538922556517
1594 0.000126899584862824
1610 9.590694438493474e-05
1628 0.00016378259903044513
1647 0.00014944388948364012
1650 0.00016920278300425065
1658 0.00010654275221462514
1659 0.0001786642827461757
1665 0.00013263932032595027
1671 7.64676023536449e-05
1704 0.00018227567001855016
1706 3.382257549850835e-05
1713 4.787143878550288e-05
1729 0.00010200632301179658
1777 4.871062309639001e-05
1778 0.0001287387249198448
1834 0.00014849761844045535
1836 0.00026261715830791277
1846 0.00021605372159664503
1847 0.00030726931367955075
1848 6.508321716976057e-05
1877 0.00016251677649793962
1881 8.408656954820681e-05
1901 0.00011243128604527755
1909 0.0002537323685808453
1922 7.334292682143156e-06
1928 0.00026261715830791277
1929 4.2158123180710165e-05
1948 0.0001523982138465608
1956 0.0001128804268053397
1957 8.88061998220748e-05
1961 0.0001523982138465608
1970 0.00012122674224136485
1973 0.0001275049519955334
1979 0.00018825025618924418
1984 0.00010734164596720007
2026 8.535239208071232e-05
2032 0.00011024565393173974
2040 4.7398314413738584e-05
2042 8.383730339089555e-05
2053 0.00021605372159664503
2054 0.00015447220461114937
2073 0.00010939812948263226
2123 0.00011243128604527755
2148 8.383730339089555e-05
2149 8.408656954820681e-05
2150 0.00015663840245623315
2167 8.744869066327002e-05
2184 0.00013130412920165632
2235 0.00022883910672981793
2238 0.00011913044365880717
2239 0.0001251273376474703
2240 0.00023397347506023475
2299 0.00010982004923951138
2300 0.00011024565393173974
2333 0.00015890538922556517
2341 8.744869066327002e-05
2343 0.0001263016457352357
2368 0.00019506105515172307
2371 8.858094887998e-06
2373 4.532432364915004e-05
2384 3.364472337590274e-05
2391 2.4157123570420575e-05
2402 8.825864993225359e-05
2415 0.0001275049519955334
2417 8.63892700805903e-05
2448 8.825864993225359e-05
2469 0.00011110817958998604
2493 2.5565430128539482e-05
2504 0.00018418695135817993
2550 5.3403616896513294e-05
2556 0.00019506105515172307
2559 7.604199766141655e-05
2563 2.4450245822639586e-05
2580 8.992010952057247e-05
2586 9.502842032885344e-06
2587 0.00014944388948364012
2606 0.00013196715204843822
2607 3.3290954653437934e-05
2612 8.001326955199571e-05
2613 0.00015554326811050196
2618 4.846937791309118e-05
2638 0.00012176521653240713
2640 0.00016128300357362823
2654 0.00013332088986277624
2667 8.358930576913648e-05
2675 0.00010694056199521868
2691 0.00016920278300425065
2718 8.88061998220748e-05
2728 0.00010939812948263226
2732 0.00012069415303305452
2739 7.583058115843726e-05
2762 0.00010200632301179658
2764 0.00017215710736717137
2772 0.00011067500849334801
2780 9.342327683396404e-05
2781 9.68719546813797e-05
2783 8.718166847460814e-05
2792 0.0002059351589452662
2793 0.00021605372159664503
2797 0.00010347204034115494
2817 0.0001275049519955334
2819 0.0001423431449207802
2830 8.285279662389543e-05
2832 0.0001196461249524729
2833 0.0001391464957049546
2843 7.33626397641186e-05
2850 9.252359415714085e-05
2856 0.0002875104201589402
2862 0.00012230970742046953
2874 0.0002059351589452662
2894 0.00013130412920165632
2929 0.0001251273376474703
2930 0.0001523982138465608
2940 7.910237522724487e-05
2955 4.7516165565500014e-05
2970 0.00017215710736717137
2972 0.00023971321052336105
2976 5.461691012835996e-05
2982 7.197869283035229e-05
3024 0.0001347133110905388
3050 5.1064059112276297e-05
3051 7.910237522724487e-05
3052 0.00011379132113009053
3069 0.00013196715204843822
3100 0.00016920278300425065
3103 0.00012122674224136485
3104 0.00010939812948263226
3113 6.165346047478709e-05
3127 0.00030726931367955075
3149 7.541048004377448e-05
3150 7.604199766141655e-05
3156 9.342327683396404e-05
3161 0.00010536844412685977
3180 0.00026261715830791277
3223 0.00013687950893562258
3228 4.566391685271689e-05
3229 4.669713069773751e-05
3230 4.692973938522239e-05
3247 0.00013263932032595027
3257 0.0001504088997800851
3307 8.408656954820681e-05
3308 0.00012571095453322076
3368 0.00010058340652177312
3370 0.00011811516886331826
3372 6.542281037332744e-05
3375 0.00010236864012694453
3395 7.541048004377448e-05
3401 0.0001504088997800851
3409 8.458895984833521e-05
3413 8.001326955199571e-05
3414 9.852402568908913e-05
3421 8.586807337437805e-05
3426 0.00022419450561242282
3430 0.0002059351589452662
3444 0.0002875104201589402
3465 5.7716484755306535e-05
3487 0.00014849761844045535
3488 0.0002734912621014559
3494 0.0002537323685808453
3495 0.0001504088997800851
3513 6.056183085252843e-05
3545 6.071628875522179e-05
3564 0.00010774605847492284
3565 0.0001423431449207802
3572 5.234992335902794e-05
3586 6.228840662358072e-05
3605 5.380470086849468e-05
3627 6.491430390704548e-05
3628 7.733012801189119e-05
3654 6.663037655997976e-05
3657 4.716346370617082e-05
3662 0.00021244233432427055
3666 0.0001804365299615294
3667 0.00023971321052336105
3691 0.00011425323385392718
3700 0.00022883910672981793
3704 0.00013130412920165632
3719 2.489326185102742e-05
3723 6.859058854884968e-05
3727 6.424444555902466e-05
3729 0.00012936752625714268
3731 5.3138049876864844e-05
3732 0.00010654275221462514
3733 0.0001128804268053397
3742 0.00023397347506023475
3743 3.233112827567267e-05
3745 0.00019506105515172307
3746 1.903006184883404e-05
3766 5.131853189681648e-05
3792 0.0002199543170027505
3800 0.00015775871449691997
3806 0.00018227567001855016
3819 6.424444555902466e-05
3827 0.00013614669170503938
3832 3.3290954653437934e-05
3840 0.00010774605847492284
3841 0.00015139340654708521
3869 0.0001523982138465608
3872 9.164022082905678e-05
3875 3.285232498188492e-05
3881 0.00020298083458234552
3891 8.334256383691721e-05
3897 0.00017370426675739054
3898 0.0001753021616311125
3901 0.00010384546306881737
3912 0.00013263932032595027
3932 4.895306850942043e-05
3951 9.920086195142229e-05
3954 0.00010774605847492284
3969 6.0101372993599195e-05
3970 6.663037655997976e-05
3974 0.00010128967145643295
4005 9.222735356398462e-05
4027 0.00016378259903044513
4046 9.312153328472917e-05
4047 0.00016508218077975113
4099 0.0001147195668623605
4105 9.988723143186235e-05
4107 0.00021244233432427055
4108 9.654815662959692e-05
4143 0.0001376235146469122
4144 0.00013837905578907654
4158 0.00011519040557349246
4170 0.00015775871449691997
4189 4.981125419104163e-05
4191 0.00019041645403432799
4192 0.00019041645403432799
4203 0.00011614595437539213
4224 8.236790279729728e-05
4225 0.00010897983139923425
4243 0.00014665847838343454
4247 4.846937791309118e-05
4248 0.00030726931367955075
4249 0.00013542473142615584
4250 8.612797493712278e-05
4290 5.656642719180506e-05
4291 7.843020694973282e-05
4329 3.676019862375966e-05
4345 5.131853189681648e-05
4348 8.212725328354177e-05
4363 7.025520142447097e-05
4371 0.00013263932032595027
4375 7.541048004377448e-05
4390 8.825864993225359e-05
4398 6.325661252824365e-05
4406 6.508321716976057e-05
4408 0.00013687950893562258
4432 6.4078409870285e-05
4434 0.00013065000625947455
4435 0.00010856509334268535
4436 0.0001128804268053397
4439 0.0002734912621014559
4440 0.0002875104201589402
4444 0.00014665847838343454
4453 3.6854914742017664e-05
4455 0.00021244233432427055
4467 5.5861184383926875e-05
4471 0.00017065756051371745
4481 9.282164663063054e-05
4485 7.159039254876493e-05
4486 0.00012571095453322076
4492 6.969398876306011e-05
4495 3.207260550754382e-05
4499 9.312153328472917e-05
4509 0.0001281179340087181
4511 0.00019041645403432799
4513 9.19329029551259e-05
4514 0.0002462203859023654
4519 0.00010128967145643295
4533 5.685140711216779e-05
4545 0.00018227567001855016
4563 4.728074758348793e-05
4576 0.0001475693727081854
4577 3.9085797470059324e-05
4616 0.00023971321052336105
4628 0.00011566583790554528
4652 4.476354154013861e-05
4659 6.610917985376751e-05
4676 1.811794967986411e-05
4681 0.0002059351589452662
4682 0.0002462203859023654
4698 0.00023971321052336105
4699 3.676019862375966e-05
4703 0.00012069415303305452
4708 0.00017065756051371745
4709 0.0002734912621014559
4712 8.484211069037113e-05
4723 9.106007793564448e-05
4739 0.00013687950893562258
4751 0.00010856509334268535
4754 0.00013542473142615584
4755 0.0001376235146469122
4759 5.0810908270240366e-05
4762 0.0001399262151792957
4763 0.00015890538922556517
4768 0.00012176521653240713
4769 0.00012936752625714268
4829 8.383730339089555e-05
4834 1.7286007534181456e-05
4835 0.0001440237055098346
4837 0.00016508218077975113
4839 3.088397517794058e-05
4843 0.00020298083458234552
4844 0.00010734164596720007
4846 4.681329625334851e-05
4847 0.00021605372159664503
4853 8.535239208071232e-05
4869 0.00013614669170503938
4871 0.00015775871449691997
4878 6.969398876306011e-05
4888 0.00019756065060853997
4917 0.00020019542348213994
4918 0.00020298083458234552
4923 8.188778632745044e-05
4925 0.00020019542348213994
4933 2.564069103539461e-05
4940 0.0002059351589452662
4941 0.00021605372159664503
4942 6.804811807694473e-05
4972 4.681329625334851e-05
5018 0.00010982004923951138
5021 0.00017215710736717137
5024 6.025437603138515e-05
5031 6.913916575845257e-05
5107 0.00014944388948364012
5131 0.00020298083458234552
5149 0.0001376235146469122
5161 5.502814824397996e-05
5162 5.6001418804450566e-05
5163 0.00020019542348213994
5177 6.196989942762013e-05
5180 0.00010982004923951138
5191 0.00014849761844045535
5215 0.0001300045474523503
5217 7.159039254876493e-05
5222 2.3001954162320978e-05
5236 0.00010200632301179658
5242 6.786862826996617e-05
5245 0.0002734912621014559
5246 0.00030726931367955075
5254 5.9796800580258657e-05
5264 0.00011425323385392718
5305 0.00022883910672981793
5307 0.00013263932032595027
5308 0.00030726931367955075
5312 0.0002734912621014559
5319 0.0001664173719040451
5327 0.00014944388948364012
5334 9.719791862251607e-05
5335 9.852402568908913e-05
5341 0.00030726931367955075
5359 0.00014071861357331354
5369 7.562007790453742e-05
5371 0.0001300045474523503
5373 0.00016508218077975113
5378 0.00010347204034115494
5379 2.541525611908456e-05
5380 3.8298201700263376e-05
5395 3.215862746722012e-05
5409 0.00022419450561242282
5411 8.164949036359771e-05
5413 0.00030726931367955075
5416 0.00013332088986277624
5427 3.490353872923123e-05
5434 7.159039254876493e-05
5439 8.024367862190805e-05
5455 8.908229930004346e-05
5464 0.00020019542348213994
5469 1.1433598200043818e-05
5481 6.576478670658657e-05
5490 0.00015447220461114937
5518 0.0002537323685808453
5550 4.944160821510571e-05
5566 0.00018227567001855016
5569 9.527405980765772e-05
5611 0.00012122674224136485
5622 6.733409171295719e-05
5625 0.0001347133110905388
5626 0.00016007969731333051
5631 0.00015663840245623315
5635 0.00022883910672981793
5636 0.00010310145735752775
5669 0.0001300045474523503
5671 0.00021244233432427055
5687 2.724862948448243e-05
5702 3.9886331735258645e-05
5705 0.00011566583790554528
5729 9.106007793564448e-05
5762 0.0001391464957049546
5797 5.544288630052885e-05
5806 7.910237522724487e-05
5822 9.134928606937549e-05
5826 0.0001391464957049546
5834 6.804811807694473e-05
5858 6.663037655997976e-05
5868 7.256700694753944e-05
5869 0.00015554326811050196
5870 0.00015890538922556517
5894 1.5848029138067838e-05
5896 1.6219082409210568e-05
5909 6.663037655997976e-05
5911 7.47870417645905e-05
5925 0.00010734164596720007
5927 0.0001475693727081854
5928 0.0001504088997800851
5932 0.00015663840245623315
5934 5.434466680855229e-05
5938 5.91933076971794e-05
5955 0.00016378259903044513
5962 0.0002462203859023654
5982 0.0001376235146469122
5984 3.088397517794058e-05
5985 7.52017798211394e-05
5987 7.798719092134497e-05
5988 7.044371782011974e-05
6000 3.4631041686461846e-05
6001 0.00017215710736717137
6012 0.00014665847838343454
6013 0.00016128300357362823
6014 9.818910047034337e-05
6022 2.0770655001689466e-05
6035 9.818910047034337e-05
6036 0.00017370426675739054
6038 0.00011663084820199027
6043 0.0001504088997800851
6044 0.00020908021320920737
6047 0.0002059351589452662
6050 0.0001431761810607271
6064 0.00010498321344481378
6075 0.00016920278300425065
6079 0.0001251273376474703
6080 0.00014071861357331354
6081 0.00019041645403432799
6106 7.217400943451535e-05
6108 0.0001804365299615294
6111 0.00030726931367955075
6133 0.00013614669170503938
6159 7.101368253390731e-05
6160 7.955569410086921e-05
6171 0.00022419450561242282
6175 0.00015139340654708521
6177 0.00015447220461114937
6195 9.622649587425546e-05
6196 0.0001753021616311125
6197 5.5304247721948624e-05
6199 0.0001251273376474703
6229 7.458098891001271e-05
6242 3.105201474962982e-05
6249 0.00010897983139923425
6254 8.141235399539764e-05
6256 0.00019041645403432799
6257 0.00021605372159664503
6264 4.7398314413738584e-05
6265 0.0001275049519955334
6278 0.00011566583790554528
6292 8.853165584237468e-05
6297 9.164022082905678e-05
6299 0.0001431761810607271
6301 0.00023397347506023475
6302 8.509658347491132e-05
6305 0.00017215710736717137
6325 0.00015890538922556517
6327 0.00010384546306881737
6329 0.0002462203859023654
6330 0.00026261715830791277
6336 0.00015890538922556517
6337 0.00016007969731333051
6345 0.0001251273376474703
6356 6.733409171295719e-05
6408 4.3989132524856074e-05
6413 9.590694438493474e-05
6416 0.00023971321052336105
6429 5.815485137703107e-05
6434 0.00014576429866269
6452 8.63892700805903e-05
6461 0.00014849761844045535
6462 0.0001786642827461757
6470 0.0001263016457352357
6471 0.0002734912621014559
6475 8.691610145495967e-05
6476 0.00010774605847492284
6480 0.00014488623116808087
6481 0.00012936752625714268
6487 0.00012936752625714268
6490 2.724862948448243e-05
6491 7.604199766141655e-05
6502 0.0001423431449207802
6507 6.212889280683989e-05
6515 0.00020908021320920737
6516 9.818910047034337e-05
6536 7.499396958083494e-05
6540 6.040786096929821e-05
6547 0.0001475693727081854
6566 7.082295263288685e-05
6568 3.9584588186023764e-05
6569 4.981125419104163e-05
6571 0.00014849761844045535
6572 0.00011614595437539213
6578 6.025437603138515e-05
6586 5.24803957997587e-05
6588 6.576478670658657e-05
6589 5.9343481706634316e-05
6593 7.754816608258265e-05
6613 0.00014944388948364012
6638 9.282164663063054e-05
6642 0.00015342417653056774
6647 0.0001523982138465608
6650 9.785646144837983e-05
6653 0.0001423431449207802
6661 5.889434094657216e-05
6662 0.00021605372159664503
6665 0.00012936752625714268
6670 0.00010734164596720007
6679 9.527405980765772e-05
6680 9.558947467904783e-05
6684 0.0001251273376474703
6685 0.00019506105515172307
6686 0.00011333374567896404
6687 6.196989942762013e-05
6704 0.00010694056199521868
6706 7.910237522724487e-05
6724 0.00012936752625714268
6739 0.00020019542348213994
6760 1.9892587507080337e-05
6789 4.7516165565500014e-05
6796 8.260974660633398e-05
6833 2.7093186202753706e-05
6836 0.00013614669170503938
6851 0.0001275049519955334
6882 0.00023971321052336105
6883 0.0002462203859023654
6885 5.131853189681648e-05
6893 9.252359415714085e-05
6894 9.252359415714085e-05
6905 2.9805618738211806e-05
6929 5.904359505253569e-05
6931 0.0001196461249524729
6960 3.259102983841739e-05
6962 0.00010460100421098168
6965 0.00013332088986277624
6972 6.133906307779394e-05
6973 0.00011913044365880717
6975 0.0001440237055098346
6992 4.787143878550288e-05
6995 7.843020694973282e-05
7047 0.0002462203859023654
7049 0.00030726931367955075
7054 0.00018825025618924418
7067 3.508605365233e-05
7124 6.859058854884968e-05
7139 6.196989942762013e-05
7140 0.0001677901789526326
7165 6.628229345501092e-05
7167 0.00011243128604527755
7171 0.00012341728754011654
7174 7.256700694753944e-05
7178 3.714017269315804e-05
7197 0.00011198624708459517
7233 0.00017370426675739054
7321 3.8200641252257444e-05
7335 0.000126899584862824
7339 0.0001504088997800851
7341 0.00014071861357331354
7382 0.00015663840245623315
7392 5.274239335290522e-05
7406 6.698096388147314e-05
7408 8.691610145495967e-05
7418 0.00023971321052336105
7444 9.886126874785542e-05
7447 0.00012176521653240713
7450 0.00012936752625714268
7451 0.0001300045474523503
7455 0.00023397347506023475
7469 7.887728740211037e-05
7471 0.00019506105515172307
7475 0.0002734912621014559
7476 8.117636599183342e-05
7480 9.252359415714085e-05
7482 2.5340342303404983e-05
7496 0.00018227567001855016
7498 0.00026261715830791277
7502 9.68719546813797e-05
7503 3.173002815645075e-05
7504 0.00012571095453322076
7507 0.00017370426675739054
7512 0.00020908021320920737
7520 9.558947467904783e-05
7529 0.0002462203859023654
7531 0.00030726931367955075
7576 0.00020298083458234552
7587 0.00013687950893562258
7588 0.0002462203859023654
7627 7.887728740211037e-05
7637 0.00018418695135817993
7651 0.00011566583790554528
7694 6.804811807694473e-05
7695 0.00018617626542465564
7701 0.00011425323385392718
7775 0.00010536844412685977
7784 7.082295263288685e-05
7808 4.7398314413738584e-05
7818 2.996997446737178e-05
7831 0.00015139340654708521
7836 6.424444555902466e-05
7850 0.000126899584862824
7884 0.00010982004923951138
7886 7.910237522724487e-05
7890 9.233159952796689e-06
7891 6.932340577943291e-05
7904 6.056183085252843e-05
7911 0.00010774605847492284
7912 0.00011761535496899039
7957 0.00011379132113009053
7958 9.496067334174995e-05
8009 2.7093186202753706e-05
8010 3.97855428110104e-05
8016 3.6571316885345003e-05
8017 0.00012122674224136485
8042 6.663037655997976e-05
8047 9.312153328472917e-05
8054 2.9805618738211806e-05
8069 5.287392225192349e-05
8071 0.00013687950893562258
8077 0.0001300045474523503
8096 0.00013065000625947455
8098 0.0001300045474523503
8128 0.00013332088986277624
8144 1.8182537399726556e-05
8149 0.00011811516886331826
8166 0.0001376235146469122
8168 0.0001664173719040451
8204 5.1064059112276297e-05
8227 0.00018617626542465564
8247 0.00016378259903044513
8322 0.0002199543170027505
8367 0.0001786642827461757
8378 0.00020019542348213994
8442 8.001326955199571e-05
8444 5.815485137703107e-05
8447 4.100899018649567e-05
8449 0.00016251677649793962
8483 0.0001504088997800851
8486 0.00018418695135817993
8503 7.256700694753944e-05
8513 4.3335009582674306e-05
8516 8.024367862190805e-05
8520 5.874554257904601e-05
8521 6.610917985376751e-05
8539 7.955569410086921e-05
8550 0.00013542473142615584
8558 0.00017370426675739054
8565 0.0001786642827461757
8566 0.00018418695135817993
8621 0.000101646679848061
8626 0.0001263016457352357
8633 5.949411993323993e-05
8637 0.00022419450561242282
8638 6.491430390704548e-05
8639 3.69498153124238e-05
8642 9.164022082905678e-05
8661 7.843020694973282e-05
8663 8.001326955199571e-05
8678 4.409901177660094e-05
8690 0.0001677901789526326
8692 0.00023971321052336105
8700 0.00016508218077975113
8701 0.00019268344080366
8717 9.106007793564448e-05
8718 9.403242760948e-05
8738 8.853165584237468e-05
8746 0.00011811516886331826
8747 0.0002875104201589402
8753 0.00010614816360120087
8756 9.372690041743856e-05
8757 9.818910047034337e-05
8763 6.542281037332744e-05
8766 0.00021244233432427055
8781 8.63892700805903e-05
8797 0.00022883910672981793
8798 0.0002734912621014559
8800 0.00011379132113009053
8811 0.00011913044365880717
8813 4.431951634967444e-05
8832 0.00020019542348213994
8861 0.00015775871449691997
8866 3.8493910507496085e-05
8879 0.0001196461249524729
