208
158 1.722259642893919e-05
161 8.88061998220748e-05
290 5.516600244482883e-05
380 0.0001423431449207802
382 0.00023971321052336105
436 6.181142310095298e-05
443 5.859719717528758e-05
446 0.00010058340652177312
459 8.798716495431228e-05
463 2.104404381130732e-05
509 1.4811799641107606e-05
584 0.00021244233432427055
723 6.212889280683989e-05
726 6.4078409870285e-05
764 0.00017065756051371745
891 5.757123449128065e-05
897 0.00014488623116808087
977 0.00010384546306881737
990 0.00010939812948263226
1011 8.56095506062492e-05
1083 7.178415593526694e-05
1216 4.5550455969092306e-05
1222 0.0001786642827461757
1234 2.8271279696782107e-05
1249 0.0001147195668623605
1374 9.920086195142229e-05
1391 6.491430390704548e-05
1477 0.00016378259903044513
1582 0.00019041645403432799
1638 7.33626397641186e-05
1641 7.583058115843726e-05
1706 3.382257549850835e-05
1713 4.787143878550288e-05
1753 0.00022883910672981793
1773 0.0001002340757964429
1819 0.00014488623116808087
1922 7.334292682143156e-06
1929 4.2158123180710165e-05
1931 7.754816608258265e-05
1936 0.00011024565393173974
2040 4.7398314413738584e-05
2092 0.0001423431449207802
2108 0.0001376235146469122
2126 0.0001300045474523503
2162 0.0001263016457352357
2321 8.691610145495967e-05
2326 0.00011913044365880717
2328 0.00018617626542465564
2371 8.858094887998e-06
2379 0.00010939812948263226
2382 0.00011154523568104574
2384 3.364472337590274e-05
2417 8.63892700805903e-05
2469 0.00011110817958998604
2557 0.00012230970742046953
2606 0.00013196715204843822
2607 3.3290954653437934e-05
2612 8.001326955199571e-05
2773 0.00011067500849334801
2982 7.197869283035229e-05
3031 8.691610145495967e-05
3050 5.1064059112276297e-05
3051 7.910237522724487e-05
3182 0.00017215710736717137
3228 4.566391685271689e-05
3229 4.669713069773751e-05
3230 4.692973938522239e-05
3277 0.00017215710736717137
3372 6.542281037332744e-05
3375 0.00010236864012694453
3392 0.00020908021320920737
3511 0.00016007969731333051
3513 6.056183085252843e-05
3586 6.228840662358072e-05
3605 5.380470086849468e-05
3611 0.00018825025618924418
3627 6.491430390704548e-05
3628 7.733012801189119e-05
3634 0.00022419450561242282
3635 0.00026261715830791277
3641 0.0001228603508781383
3654 6.663037655997976e-05
3657 4.716346370617082e-05
3719 2.489326185102742e-05
3727 6.424444555902466e-05
3731 5.3138049876864844e-05
3732 0.00010654275221462514
3733 0.0001128804268053397
3746 1.903006184883404e-05
3832 3.3290954653437934e-05
3837 0.0001239806629188251
3838 0.00014665847838343454
3882 0.00012016732165868515
3932 4.895306850942043e-05
3943 7.689695691525318e-05
3977 0.0001128804268053397
4018 9.342327683396404e-05
4128 0.00016128300357362823
4220 4.3879500470736716e-05
4290 5.656642719180506e-05
4292 0.00011110817958998604
4298 0.00011614595437539213
4402 6.950834500520415e-05
4453 3.6854914742017664e-05
4495 3.207260550754382e-05
4499 9.312153328472917e-05
4652 4.476354154013861e-05
4676 1.811794967986411e-05
4699 3.676019862375966e-05
4723 9.106007793564448e-05
4797 9.988723143186235e-05
4810 0.00010856509334268535
4812 0.00020019542348213994
4821 8.691610145495967e-05
4824 0.00017370426675739054
4839 3.088397517794058e-05
4844 0.00010734164596720007
4908 9.372690041743856e-05
4933 2.564069103539461e-05
4948 0.00011110817958998604
4950 0.00011425323385392718
4951 0.00018825025618924418
4952 0.00022883910672981793
4972 4.681329625334851e-05
4974 0.00013263932032595027
5018 0.00010982004923951138
5254 5.9796800580258657e-05
5408 0.00010774605847492284
5469 1.1433598200043818e-05
5481 6.576478670658657e-05
5547 0.00017695423263882194
5612 0.0001415241100530177
5636 0.00010310145735752775
5702 3.9886331735258645e-05
5797 5.544288630052885e-05
6000 3.4631041686461846e-05
6012 0.00014665847838343454
6013 0.00016128300357362823
6141 0.00010982004923951138
6172 0.00012230970742046953
6254 8.141235399539764e-05
6277 0.00011067500849334801
6309 0.0001147195668623605
6348 9.590694438493474e-05
6429 5.815485137703107e-05
6431 0.00016251677649793962
6452 8.63892700805903e-05
6483 0.00010734164596720007
6484 0.00015139340654708521
6578 6.025437603138515e-05
6593 7.754816608258265e-05
6608 0.00016251677649793962
6614 8.484211069037113e-05
6633 0.00011811516886331826
6679 9.527405980765772e-05
6680 9.558947467904783e-05
6693 0.0001128804268053397
6696 0.0001399262151792957
6705 0.00016508218077975113
6760 1.9892587507080337e-05
6789 4.7516165565500014e-05
6796 8.260974660633398e-05
6834 0.00019506105515172307
6857 0.00014665847838343454
7174 7.256700694753944e-05
7260 0.0001664173719040451
7321 3.8200641252257444e-05
7392 5.274239335290522e-05
7482 2.5340342303404983e-05
7483 2.8590308184836374e-05
7559 8.509658347491132e-05
7577 8.853165584237468e-05
7578 8.88061998220748e-05
7718 9.527405980765772e-05
7719 0.00012016732165868515
7890 9.233159952796689e-06
7893 5.131853189681648e-05
7958 9.496067334174995e-05
8009 2.7093186202753706e-05
8016 3.6571316885345003e-05
8061 7.865323446718271e-05
8069 5.287392225192349e-05
8124 0.0001300045474523503
8137 8.63892700805903e-05
8140 0.00018825025618924418
8144 1.8182537399726556e-05
8442 8.001326955199571e-05
8444 5.815485137703107e-05
8487 0.00012571095453322076
8503 7.256700694753944e-05
8513 4.3335009582674306e-05
8530 0.0001147195668623605
8547 0.00015775871449691997
8548 0.00016920278300425065
8633 5.949411993323993e-05
8638 6.491430390704548e-05
8799 0.00012069415303305452
8813 4.431951634967444e-05
8814 9.988723143186235e-05
8818 7.139739654402146e-05
8819 7.139739654402146e-05
8824 0.00011712061541501202
8827 0.0001415241100530177
8834 0.0001391464957049546
8836 0.00016508218077975113
8837 0.00018617626542465564
8882 0.0001147195668623605
8883 0.00011519040557349246
