82
52 0.006813256128343445
62 0.010148839294389792
69 0.0072828449181896
93 0.00764622092830098
148 0.00739056589073361
430 0.0015035843293461969
480 0.004788303576652827
527 0.009968641606353124
549 0.009450706486592788
707 0.00661163688141934
1055 0.05660663451370673
1172 0.006320040607795807
1268 0.005871971790983681
1411 0.018951400884429107
1621 0.015781724085795742
1640 0.005279704213156195
1647 0.018284719647188426
1703 0.012690943525041555
1955 0.007859299716321776
1956 0.006183131662611957
2025 0.005942660298619595
2033 0.014132540607795806
2041 0.005837172248591102
2601 0.014791297527327336
2627 0.020017913003566208
2683 0.030085480732332817
2780 0.006744709844691062
2832 0.019376149526914927
2976 0.011063787724829974
3068 0.00918821296137251
3248 0.008366649770485953
3256 0.020944439294376848
3656 0.00985126848162643
3821 0.012824016488313278
3841 0.010540765930840808
3871 0.01669003228268901
4005 0.006421329491892429
4027 0.011403363457494741
4154 0.008752625209375494
4158 0.008020131988054412
4372 0.05541007606616572
4409 0.009530235809642722
4504 0.005429858167898644
4547 0.01592762430084959
4659 0.00580272600714536
4660 0.004602851647318563
4704 0.008403330404926421
4924 0.005701437123048737
5017 0.005651904482181402
5431 0.0044846192791228034
5448 0.022630461127338092
5456 0.006202355088765526
5612 0.04220205964277514
5623 0.0046881361355146445
5627 0.011145548925440637
5807 0.005507502875196924
5910 0.004639139967988591
5912 0.005207047782859613
5963 0.05142928310535657
5978 0.02139362596493872
5983 0.009582037207291262
5985 0.012901780630584676
5989 0.009809287706451673
6161 0.016617195605319057
6172 0.015609542453264938
6469 0.003251287724829974
6552 0.019041829123813865
6573 0.032346648293546706
6761 0.0027700428103609367
6921 0.013094015544620089
7409 0.0060515335638015675
7481 0.006441955243190932
7755 0.02139362596493872
7758 0.012824016488313278
7832 0.010540765930840808
7943 0.012720388085160536
7944 0.0053240568138725256
7996 0.006360194042580268
8145 0.0012659591664559615
8332 0.016290403201068844
8685 0.01433823544156416
8739 0.018492049614076012
