101
158 1.722259642893919e-05
196 8.935997200289977e-05
202 0.0002734912621014559
225 4.311890533715833e-05
412 6.391293797104737e-05
421 0.0002537323685808453
456 0.00016378259903044513
480 6.877276232176413e-05
1055 0.00011614595437539213
1083 7.178415593526694e-05
1089 0.00017215710736717137
1234 2.8271279696782107e-05
1265 6.576478670658657e-05
1269 8.433711728522342e-05
1298 0.00017370426675739054
1412 6.804811807694473e-05
1777 4.871062309639001e-05
1782 0.00014665847838343454
1929 4.2158123180710165e-05
1936 0.00011024565393173974
2040 4.7398314413738584e-05
2113 0.00016508218077975113
2264 0.00020019542348213994
2265 0.0002059351589452662
2321 8.691610145495967e-05
2323 0.00023971321052336105
2341 8.744869066327002e-05
2343 0.0001263016457352357
2384 3.364472337590274e-05
2501 0.00017065756051371745
2502 0.00017695423263882194
2586 9.502842032885344e-06
2624 0.00026261715830791277
2780 9.342327683396404e-05
2781 9.68719546813797e-05
2955 4.7516165565500014e-05
3519 8.586807337437805e-05
3572 5.234992335902794e-05
3586 6.228840662358072e-05
3657 4.716346370617082e-05
3723 6.859058854884968e-05
3724 5.7716484755306535e-05
3731 5.3138049876864844e-05
3746 1.903006184883404e-05
3819 6.424444555902466e-05
3827 0.00013614669170503938
3875 3.285232498188492e-05
4439 0.0002734912621014559
4443 0.00030726931367955075
4699 3.676019862375966e-05
4703 0.00012069415303305452
5254 5.9796800580258657e-05
5385 0.00011519040557349246
5430 6.441104889224853e-05
5550 4.944160821510571e-05
5611 0.00012122674224136485
5687 2.724862948448243e-05
5862 6.610917985376751e-05
5865 0.0001196461249524729
5934 5.434466680855229e-05
5938 5.91933076971794e-05
5977 0.00030726931367955075
5984 3.088397517794058e-05
5985 7.52017798211394e-05
5987 7.798719092134497e-05
6000 3.4631041686461846e-05
6012 0.00014665847838343454
6013 0.00016128300357362823
6022 2.0770655001689466e-05
6040 0.00014488623116808087
6041 0.0001475693727081854
6042 0.00019756065060853997
6242 3.105201474962982e-05
6249 0.00010897983139923425
6378 0.00021244233432427055
6470 0.0001263016457352357
6490 2.724862948448243e-05
6491 7.604199766141655e-05
6540 6.040786096929821e-05
6551 0.0002734912621014559
6572 0.00011614595437539213
6593 7.754816608258265e-05
6638 9.282164663063054e-05
6760 1.9892587507080337e-05
6833 2.7093186202753706e-05
7827 0.00015775871449691997
7938 4.907474504580058e-05
7942 9.134928606937549e-05
8009 2.7093186202753706e-05
8010 3.97855428110104e-05
8054 2.9805618738211806e-05
8058 8.853165584237468e-05
8059 0.00011425323385392718
8060 0.0001147195668623605
8144 1.8182537399726556e-05
8204 5.1064059112276297e-05
8313 0.0002462203859023654
8526 0.00010939812948263226
8738 8.853165584237468e-05
8754 0.00017695423263882194
8755 0.0002462203859023654
