138
68 3.241760820520544e-05
138 5.5304247721948624e-05
139 0.00010897983139923425
158 1.722259642893919e-05
196 8.935997200289977e-05
326 0.0002537323685808453
423 8.63892700805903e-05
430 2.1595466130645556e-05
463 2.104404381130732e-05
507 0.00018617626542465564
575 8.825864993225359e-05
711 0.0002875104201589402
837 0.0001128804268053397
838 0.00011614595437539213
941 9.719791862251607e-05
1020 0.00018418695135817993
1083 7.178415593526694e-05
1084 0.0002537323685808453
1306 4.5550455969092306e-05
1322 0.00023971321052336105
1350 6.374802604546662e-05
1504 0.0001239806629188251
1567 0.00016378259903044513
1706 3.382257549850835e-05
1713 4.787143878550288e-05
1922 7.334292682143156e-06
2108 0.0001376235146469122
2126 0.0001300045474523503
2162 0.0001263016457352357
2255 0.00014849761844045535
2371 8.858094887998e-06
2379 0.00010939812948263226
2382 0.00011154523568104574
2501 0.00017065756051371745
2502 0.00017695423263882194
2550 5.3403616896513294e-05
2586 9.502842032885344e-06
2589 0.0001228603508781383
2607 3.3290954653437934e-05
2635 0.00015554326811050196
2636 0.00016508218077975113
2929 0.0001251273376474703
2943 0.0001399262151792957
2976 5.461691012835996e-05
3050 5.1064059112276297e-05
3051 7.910237522724487e-05
3185 0.00010939812948263226
3341 0.00016251677649793962
3391 0.00021605372159664503
3395 7.541048004377448e-05
3401 0.0001504088997800851
3421 8.586807337437805e-05
3513 6.056183085252843e-05
3576 5.3536945098705395e-05
3719 2.489326185102742e-05
3727 6.424444555902466e-05
3746 1.903006184883404e-05
3832 3.3290954653437934e-05
3837 0.0001239806629188251
3838 0.00014665847838343454
3994 0.0001147195668623605
4105 9.988723143186235e-05
4220 4.3879500470736716e-05
4308 7.955569410086921e-05
4406 6.508321716976057e-05
4435 0.00010856509334268535
4436 0.0001128804268053397
4453 3.6854914742017664e-05
4519 0.00010128967145643295
4676 1.811794967986411e-05
4810 0.00010856509334268535
4812 0.00020019542348213994
4834 1.7286007534181456e-05
4839 3.088397517794058e-05
4933 2.564069103539461e-05
4942 6.804811807694473e-05
5016 8.117636599183342e-05
5080 0.00010575674440844711
5161 5.502814824397996e-05
5162 5.6001418804450566e-05
5222 2.3001954162320978e-05
5228 4.931901336427842e-05
5339 0.00023971321052336105
5369 7.562007790453742e-05
5469 1.1433598200043818e-05
5669 0.0001300045474523503
5702 3.9886331735258645e-05
5729 9.106007793564448e-05
5894 1.5848029138067838e-05
5896 1.6219082409210568e-05
5975 0.00010460100421098168
6000 3.4631041686461846e-05
6005 0.00010897983139923425
6141 0.00010982004923951138
6218 9.464928935894339e-05
6254 8.141235399539764e-05
6264 4.7398314413738584e-05
6292 8.853165584237468e-05
6408 4.3989132524856074e-05
6417 9.954283828468142e-05
6420 0.00013837905578907654
6467 4.669713069773751e-05
6468 4.669713069773751e-05
6483 0.00010734164596720007
6578 6.025437603138515e-05
6589 5.9343481706634316e-05
6760 1.9892587507080337e-05
6833 2.7093186202753706e-05
7035 0.0002734912621014559
7060 0.00019041645403432799
7067 3.508605365233e-05
7069 0.0001664173719040451
7073 5.516600244482883e-05
7321 3.8200641252257444e-05
7373 7.27647006365303e-05
7374 0.00010498321344481378
7503 3.173002815645075e-05
7523 8.935997200289977e-05
7550 0.00019756065060853997
7858 4.509923582401553e-05
7863 7.64676023536449e-05
7890 9.233159952796689e-06
7893 5.131853189681648e-05
8009 2.7093186202753706e-05
8054 2.9805618738211806e-05
8055 0.00016508218077975113
8084 0.00011333374567896404
8088 8.509658347491132e-05
8090 9.558947467904783e-05
8105 0.0001281179340087181
8124 0.0001300045474523503
8144 1.8182537399726556e-05
8466 0.00021605372159664503
8585 0.0001431761810607271
8597 0.0001753021616311125
8678 4.409901177660094e-05
8722 7.217400943451535e-05
8723 0.00010498321344481378
