61
44 0.013274705720677193
70 0.014518506301608726
96 0.020244424335889785
148 0.013323837098787353
479 0.021421129285890843
800 0.01400128366745746
1606 0.024798035467933917
1712 0.006008876936005657
1921 0.0009206086814543634
1980 0.012451803967761625
2019 0.016399335996963905
2024 0.015779380659155823
2122 0.028225003415084885
2317 0.024484283429748677
2438 0.006907195171131681
2491 0.021421129285890843
2780 0.012159476903105013
3213 0.010043355749963179
3413 0.012366846717481159
4268 0.014458829499591054
4319 0.036088631893753165
4349 0.01030870536990034
4393 0.01046125251992403
4468 0.0070117588060500885
4500 0.01168871978357051
4547 0.009571530096285199
4830 0.01052335278619241
4928 0.012849427053680699
5223 0.00577446240829872
5346 0.027119306575623947
5361 0.018186282988308967
5380 0.006380303169951594
5619 0.07065263572762649
5703 0.005006577301755282
5869 0.027326077433090342
5985 0.007753182726360744
5988 0.0097890400773384
6305 0.025128755127786354
6306 0.021609354096566637
6430 0.007299662471438041
6589 0.008254870128578866
6761 0.00249693999807183
6823 0.010713528425680397
6979 0.01718127019203195
7238 0.013225965831810904
7385 0.017563696192646246
7561 0.01863958838790617
7711 0.018186282988308967
7761 0.02221149466587579
7944 0.019196599216216432
7959 0.011919570715798248
7988 0.009844647948394632
8033 0.00760178924729202
8062 0.009872642613683553
8592 0.014763211880051301
8605 0.019389525175979763
8625 0.02106121232149101
8814 0.005563035629694346
8874 0.01708928614753959
8893 0.013034799533370429
8894 0.026243983945358533
