116
58 3.9886331735258645e-05
225 4.311890533715833e-05
232 0.0001245506276326127
327 0.0002875104201589402
328 5.502814824397996e-05
463 2.104404381130732e-05
509 1.4811799641107606e-05
597 0.00011198624708459517
688 0.00017695423263882194
861 7.316251041712385e-05
918 0.0001275049519955334
993 0.0002462203859023654
1350 6.374802604546662e-05
1922 7.334292682143156e-06
1985 9.496067334174995e-05
2108 0.0001376235146469122
2118 6.715720793434914e-05
2321 8.691610145495967e-05
2324 0.00021605372159664503
2348 0.00018227567001855016
2371 8.858094887998e-06
2379 0.00010939812948263226
2382 0.00011154523568104574
2714 8.691610145495967e-05
2798 0.00022419450561242282
2929 0.0001251273376474703
2943 0.0001399262151792957
3050 5.1064059112276297e-05
3051 7.910237522724487e-05
3137 0.00011379132113009053
3156 9.342327683396404e-05
3161 0.00010536844412685977
3228 4.566391685271689e-05
3229 4.669713069773751e-05
3230 4.692973938522239e-05
3341 0.00016251677649793962
3576 5.3536945098705395e-05
3600 0.0001002340757964429
3627 6.491430390704548e-05
3628 7.733012801189119e-05
3719 2.489326185102742e-05
3727 6.424444555902466e-05
3832 3.3290954653437934e-05
3837 0.0001239806629188251
3838 0.00014665847838343454
3884 8.433711728522342e-05
3887 5.5861184383926875e-05
3932 4.895306850942043e-05
3951 9.920086195142229e-05
3954 0.00010774605847492284
4018 9.342327683396404e-05
4059 0.00021244233432427055
4198 0.00013332088986277624
4345 5.131853189681648e-05
4453 3.6854914742017664e-05
4495 3.207260550754382e-05
4499 9.312153328472917e-05
4502 6.424444555902466e-05
4596 0.00017370426675739054
4597 0.00018617626542465564
4810 0.00010856509334268535
4933 2.564069103539461e-05
4942 6.804811807694473e-05
5016 8.117636599183342e-05
5222 2.3001954162320978e-05
5228 4.931901336427842e-05
5395 3.215862746722012e-05
5702 3.9886331735258645e-05
5834 6.804811807694473e-05
6141 0.00010982004923951138
6218 9.464928935894339e-05
6264 4.7398314413738584e-05
6408 4.3989132524856074e-05
6417 9.954283828468142e-05
6420 0.00013837905578907654
6483 0.00010734164596720007
6578 6.025437603138515e-05
6693 0.0001128804268053397
6696 0.0001399262151792957
6789 4.7516165565500014e-05
6804 0.00030726931367955075
6826 0.00013614669170503938
6833 2.7093186202753706e-05
6960 3.259102983841739e-05
6972 6.133906307779394e-05
7060 0.00019041645403432799
7067 3.508605365233e-05
7069 0.0001664173719040451
7073 5.516600244482883e-05
7373 7.27647006365303e-05
7374 0.00010498321344481378
7482 2.5340342303404983e-05
7483 2.8590308184836374e-05
7608 0.00015554326811050196
7660 0.00011913044365880717
7693 0.00014576429866269
7718 9.527405980765772e-05
7719 0.00012016732165868515
7890 9.233159952796689e-06
7922 0.00010774605847492284
8054 2.9805618738211806e-05
8058 8.853165584237468e-05
8105 0.0001281179340087181
8126 0.00022419450561242282
8170 0.00011425323385392718
8421 0.00020019542348213994
8513 4.3335009582674306e-05
8539 7.955569410086921e-05
8639 3.69498153124238e-05
8642 9.164022082905678e-05
8670 0.00010654275221462514
8813 4.431951634967444e-05
8814 9.988723143186235e-05
8818 7.139739654402146e-05
8819 7.139739654402146e-05
8866 3.8493910507496085e-05
