70
44 0.010026639427320006
68 0.0030734651523913925
156 0.018493448122469745
158 0.0032656974335043844
163 0.004191402657734524
338 0.013192272018325056
819 0.01590793696623257
975 0.013736447789041881
1129 0.008215344582692801
1164 0.00799587648133948
1487 0.018493448122469745
1506 0.01552798428254603
1509 0.019822583618302723
1568 0.009405085975649739
1611 0.019822583618302723
1709 0.0248983416472353
1712 0.00907723962673195
1717 0.015291001360086966
1759 0.0248983416472353
1921 0.0006953533657793596
2007 0.03848862122974177
2031 0.010452226253613452
2091 0.013495341569510563
2381 0.0317263129911536
2954 0.004504936888507831
2988 0.014448647678729254
3050 0.007499578383246875
3213 0.00758593891752538
3340 0.015407973533506786
3426 0.01805310040802054
3512 0.005741776984656738
3544 0.005756420908367411
3585 0.005905471062014376
3682 0.01646864282278579
3837 0.08228095399497856
3838 0.013904471908012432
4221 0.004160150087183038
4316 0.006879969850175228
4393 0.007901584350155384
4528 0.016620136855919943
4546 0.017281284800056584
4764 0.015065583284874859
5017 0.0076962103587151
5223 0.004361562031800097
5379 0.01962006007490155
5381 0.007261990926654196
5576 0.04853936742441222
5577 0.04545370494008922
5630 0.02913174599481017
5812 0.03909958246682073
6142 0.01041187530662261
6262 0.013819696060445674
6388 0.00906269572701781
6421 0.03935853654868882
6607 0.014168552585938306
6761 0.005657959782864892
6834 0.00256866463232916
6973 0.005815465214354251
7328 0.011150936632804706
7484 0.002710604537694274
7609 0.014746825589370143
7887 0.007499578383246875
7959 0.009003080008741228
8055 0.002825826321222804
8123 0.013819696060445674
8187 0.008772024160940844
8205 0.004841307391580918
8531 0.010876391275291029
8640 0.0035031569581310726
8814 0.004201867337322325
