494
44 0.00010575674440844711
50 0.00026261715830791277
53 0.00010200632301179658
56 0.0001027336712532598
58 3.9886331735258645e-05
68 3.241760820520544e-05
97 8.612797493712278e-05
109 0.00011913044365880717
145 5.786216925096193e-05
158 1.722259642893919e-05
160 3.6009024944890365e-05
208 0.00013614669170503938
209 0.00013687950893562258
225 4.311890533715833e-05
238 0.00012176521653240713
243 6.309390310328486e-05
278 5.558192042480493e-05
290 5.516600244482883e-05
310 8.408656954820681e-05
328 5.502814824397996e-05
344 9.164022082905678e-05
348 0.00030726931367955075
371 9.818910047034337e-05
375 8.334256383691721e-05
378 7.955569410086921e-05
397 0.00013614669170503938
430 2.1595466130645556e-05
443 5.859719717528758e-05
444 0.00030726931367955075
458 0.00011198624708459517
463 2.104404381130732e-05
473 4.858985121920245e-05
480 6.877276232176413e-05
494 0.00010815385522706535
509 1.4811799641107606e-05
527 0.0001431761810607271
535 8.236790279729728e-05
575 8.825864993225359e-05
632 6.4078409870285e-05
639 0.0001287387249198448
800 0.00011154523568104574
807 0.0001347133110905388
811 0.00026261715830791277
855 9.464928935894339e-05
956 0.0001523982138465608
988 0.00013263932032595027
1102 8.285279662389543e-05
1103 9.527405980765772e-05
1111 9.886126874785542e-05
1112 0.00020908021320920737
1174 0.00018418695135817993
1177 0.00010347204034115494
1183 0.00010310145735752775
1234 2.8271279696782107e-05
1258 0.00015890538922556517
1265 6.576478670658657e-05
1269 8.433711728522342e-05
1306 4.5550455969092306e-05
1310 8.285279662389543e-05
1350 6.374802604546662e-05
1378 0.0002875104201589402
1497 6.663037655997976e-05
1508 0.00011198624708459517
1539 0.00011198624708459517
1541 0.00014488623116808087
1543 0.0001664173719040451
1551 0.0002059351589452662
1583 8.88061998220748e-05
1587 9.954283828468142e-05
1588 0.00016251677649793962
1589 0.00015890538922556517
1604 0.0001804365299615294
1617 0.00019506105515172307
1618 0.00020019542348213994
1621 0.00011198624708459517
1622 0.00011333374567896404
1647 0.00014944388948364012
1649 8.744869066327002e-05
1667 0.0001376235146469122
1669 0.00019756065060853997
1693 0.0001281179340087181
1703 0.00015663840245623315
1706 3.382257549850835e-05
1713 4.787143878550288e-05
1722 8.117636599183342e-05
1746 0.00018418695135817993
1764 0.00015890538922556517
1777 4.871062309639001e-05
1779 0.00011333374567896404
1789 0.00020019542348213994
1793 0.00014665847838343454
1812 0.0002734912621014559
1829 0.0002734912621014559
1834 0.00014849761844045535
1848 6.508321716976057e-05
1881 8.408656954820681e-05
1882 9.496067334174995e-05
1901 0.00011243128604527755
1922 7.334292682143156e-06
1929 4.2158123180710165e-05
1936 0.00011024565393173974
2025 0.00012571095453322076
2040 4.7398314413738584e-05
2044 0.00010536844412685977
2073 0.00010939812948263226
2075 0.00021244233432427055
2153 0.00015447220461114937
2155 0.0002199543170027505
2159 0.00018617626542465564
2201 0.00017215710736717137
2225 0.0002059351589452662
2229 0.0002537323685808453
2234 0.00016251677649793962
2262 0.0001523982138465608
2263 0.00015342417653056774
2294 8.535239208071232e-05
2371 8.858094887998e-06
2384 3.364472337590274e-05
2398 0.0001027336712532598
2399 0.000126899584862824
2400 0.0002199543170027505
2439 5.502814824397996e-05
2440 0.0001275049519955334
2493 2.5565430128539482e-05
2506 0.00014488623116808087
2531 0.0002462203859023654
2559 7.604199766141655e-05
2563 2.4450245822639586e-05
2565 0.0002734912621014559
2580 8.992010952057247e-05
2586 9.502842032885344e-06
2607 3.3290954653437934e-05
2612 8.001326955199571e-05
2613 0.00015554326811050196
2618 4.846937791309118e-05
2633 0.0002199543170027505
2646 0.00030726931367955075
2678 0.0001664173719040451
2699 0.00013065000625947455
2701 0.00017065756051371745
2714 8.691610145495967e-05
2732 0.00012069415303305452
2744 7.52017798211394e-05
2768 0.0001415241100530177
2772 0.00011067500849334801
2773 0.00011067500849334801
2798 0.00022419450561242282
2799 0.00026261715830791277
2832 0.0001196461249524729
2833 0.0001391464957049546
2839 0.0001391464957049546
2873 0.00018418695135817993
2894 0.00013130412920165632
3023 0.00019506105515172307
3024 0.0001347133110905388
3026 0.0002875104201589402
3050 5.1064059112276297e-05
3052 0.00011379132113009053
3069 0.00013196715204843822
3070 0.0001399262151792957
3076 9.818910047034337e-05
3079 0.00011862016226846598
3149 7.541048004377448e-05
3150 7.604199766141655e-05
3228 4.566391685271689e-05
3229 4.669713069773751e-05
3230 4.692973938522239e-05
3246 0.0002734912621014559
3261 0.00020298083458234552
3295 0.00020019542348213994
3307 8.408656954820681e-05
3319 0.00019268344080366
3330 0.00020019542348213994
3395 7.541048004377448e-05
3517 0.0001523982138465608
3529 0.0002875104201589402
3582 0.00010815385522706535
3583 0.00011663084820199027
3586 6.228840662358072e-05
3675 0.00011519040557349246
3678 0.0002875104201589402
3719 2.489326185102742e-05
3723 6.859058854884968e-05
3724 5.7716484755306535e-05
3727 6.424444555902466e-05
3731 5.3138049876864844e-05
3743 3.233112827567267e-05
3746 1.903006184883404e-05
3748 0.0001523982138465608
3750 0.00022883910672981793
3756 0.00014576429866269
3757 0.00017370426675739054
3830 0.0002875104201589402
3832 3.3290954653437934e-05
3835 0.00011811516886331826
3840 0.00010774605847492284
3864 0.00022883910672981793
3869 0.0001523982138465608
3902 0.00012122674224136485
3914 0.00012936752625714268
3932 4.895306850942043e-05
3939 0.00018418695135817993
3969 6.0101372993599195e-05
3970 6.663037655997976e-05
3974 0.00010128967145643295
3977 0.0001128804268053397
3986 0.0001504088997800851
3988 0.00020298083458234552
4094 0.00010694056199521868
4120 0.0001431761810607271
4125 0.00016508218077975113
4136 0.00013196715204843822
4138 0.00016251677649793962
4139 0.00017215710736717137
4140 0.0002199543170027505
4189 4.981125419104163e-05
4213 0.00019506105515172307
4214 0.0002537323685808453
4247 4.846937791309118e-05
4250 8.612797493712278e-05
4290 5.656642719180506e-05
4292 0.00011110817958998604
4296 9.527405980765772e-05
4301 0.00011154523568104574
4314 3.1644758795232604e-05
4315 7.256700694753944e-05
4319 0.00015890538922556517
4329 3.676019862375966e-05
4345 5.131853189681648e-05
4348 8.212725328354177e-05
4357 0.00018825025618924418
4363 7.025520142447097e-05
4366 0.00016007969731333051
4375 7.541048004377448e-05
4381 4.3226837668107787e-05
4382 6.14960082295629e-05
4390 8.825864993225359e-05
4398 6.325661252824365e-05
4406 6.508321716976057e-05
4423 0.0001128804268053397
4432 6.4078409870285e-05
4435 0.00010856509334268535
4436 0.0001128804268053397
4451 0.00010200632301179658
4461 9.19329029551259e-05
4481 9.282164663063054e-05
4485 7.159039254876493e-05
4486 0.00012571095453322076
4492 6.969398876306011e-05
4495 3.207260550754382e-05
4502 6.424444555902466e-05
4503 7.798719092134497e-05
4504 0.00022883910672981793
4518 0.00015139340654708521
4566 9.68719546813797e-05
4639 0.0002875104201589402
4650 0.0001786642827461757
4659 6.610917985376751e-05
4676 1.811794967986411e-05
4683 0.00017695423263882194
4688 0.0001804365299615294
4699 3.676019862375966e-05
4756 0.00014071861357331354
4781 0.0001753021616311125
4818 9.048676041112919e-05
4829 8.383730339089555e-05
4834 1.7286007534181456e-05
4865 0.00017370426675739054
4866 0.00021244233432427055
4911 6.341986704442123e-05
4913 6.457822376461287e-05
4914 6.542281037332744e-05
4923 8.188778632745044e-05
4933 2.564069103539461e-05
4942 6.804811807694473e-05
4972 4.681329625334851e-05
5000 0.00013065000625947455
5002 0.00014665847838343454
5003 0.00018227567001855016
5016 8.117636599183342e-05
5018 0.00010982004923951138
5024 6.025437603138515e-05
5029 0.00016007969731333051
5038 0.00016251677649793962
5043 0.00010422176939821458
5149 0.0001376235146469122
5161 5.502814824397996e-05
5162 5.6001418804450566e-05
5185 0.00015447220461114937
5186 0.00016007969731333051
5216 0.00016378259903044513
5236 0.00010200632301179658
5267 0.0001677901789526326
5369 7.562007790453742e-05
5371 0.0001300045474523503
5378 0.00010347204034115494
5379 2.541525611908456e-05
5395 3.215862746722012e-05
5401 0.00021244233432427055
5403 0.00026261715830791277
5427 3.490353872923123e-05
5437 0.00013065000625947455
5439 8.024367862190805e-05
5440 8.586807337437805e-05
5449 0.00016128300357362823
5469 1.1433598200043818e-05
5481 6.576478670658657e-05
5550 4.944160821510571e-05
5569 9.527405980765772e-05
5588 6.913916575845257e-05
5594 0.0001677901789526326
5622 6.733409171295719e-05
5681 0.00021605372159664503
5687 2.724862948448243e-05
5691 8.383730339089555e-05
5698 0.0002875104201589402
5702 3.9886331735258645e-05
5734 0.0001391464957049546
5735 0.0001504088997800851
5797 5.544288630052885e-05
5808 0.00011913044365880717
5810 5.261121850249547e-05
5822 9.134928606937549e-05
5834 6.804811807694473e-05
5849 0.00019041645403432799
5850 0.00019268344080366
5868 7.256700694753944e-05
5894 1.5848029138067838e-05
5896 1.6219082409210568e-05
5909 6.663037655997976e-05
5911 7.47870417645905e-05
5934 5.434466680855229e-05
5938 5.91933076971794e-05
5984 3.088397517794058e-05
5985 7.52017798211394e-05
5987 7.798719092134497e-05
5991 0.0001664173719040451
6000 3.4631041686461846e-05
6001 0.00017215710736717137
6022 2.0770655001689466e-05
6035 9.818910047034337e-05
6038 0.00011663084820199027
6052 0.0002462203859023654
6057 0.00011024565393173974
6106 7.217400943451535e-05
6197 5.5304247721948624e-05
6218 9.464928935894339e-05
6220 0.00023397347506023475
6229 7.458098891001271e-05
6242 3.105201474962982e-05
6249 0.00010897983139923425
6264 4.7398314413738584e-05
6265 0.0001275049519955334
6284 0.00016920278300425065
6356 6.733409171295719e-05
6366 0.0001251273376474703
6393 0.00014944388948364012
6394 0.0001677901789526326
6408 4.3989132524856074e-05
6413 9.590694438493474e-05
6452 8.63892700805903e-05
6467 4.669713069773751e-05
6468 4.669713069773751e-05
6478 0.00016920278300425065
6479 0.0002734912621014559
6490 2.724862948448243e-05
6491 7.604199766141655e-05
6507 6.212889280683989e-05
6512 0.0001431761810607271
6517 0.0001391464957049546
6534 0.00018418695135817993
6540 6.040786096929821e-05
6541 0.00016920278300425065
6547 0.0001475693727081854
6566 7.082295263288685e-05
6571 0.00014849761844045535
6589 5.9343481706634316e-05
6595 7.66818067754729e-05
6661 5.889434094657216e-05
6665 0.00012936752625714268
6675 5.7716484755306535e-05
6678 0.00012230970742046953
6730 0.00013065000625947455
6748 0.00012016732165868515
6753 0.00011862016226846598
6760 1.9892587507080337e-05
6811 0.00014576429866269
6836 0.00013614669170503938
6848 0.00012122674224136485
6852 0.00023397347506023475
6873 0.00020298083458234552
6905 2.9805618738211806e-05
6929 5.904359505253569e-05
6934 0.00010200632301179658
6955 0.0002059351589452662
6978 0.00013687950893562258
6999 6.309390310328486e-05
7021 0.0001677901789526326
7110 0.00019506105515172307
7124 6.859058854884968e-05
7165 6.628229345501092e-05
7174 7.256700694753944e-05
7178 3.714017269315804e-05
7227 0.0001504088997800851
7233 0.00017370426675739054
7338 0.0002875104201589402
7339 0.0001504088997800851
7373 7.27647006365303e-05
7374 0.00010498321344481378
7389 0.0001300045474523503
7392 5.274239335290522e-05
7431 0.00019756065060853997
7468 0.00015775871449691997
7469 7.887728740211037e-05
7471 0.00019506105515172307
7476 8.117636599183342e-05
7480 9.252359415714085e-05
7482 2.5340342303404983e-05
7483 2.8590308184836374e-05
7487 0.0002734912621014559
7503 3.173002815645075e-05
7507 0.00017370426675739054
7513 0.00023971321052336105
7520 9.558947467904783e-05
7559 8.509658347491132e-05
7587 0.00013687950893562258
7614 0.00014665847838343454
7627 7.887728740211037e-05
7671 9.134928606937549e-05
7693 0.00014576429866269
7694 6.804811807694473e-05
7698 0.0001504088997800851
7710 0.00014488623116808087
7724 9.920086195142229e-05
7725 0.00018418695135817993
7745 0.00019041645403432799
7763 0.00017370426675739054
7792 0.000101646679848061
7795 0.00020019542348213994
7808 4.7398314413738584e-05
7816 0.00014071861357331354
7817 0.00019506105515172307
7818 2.996997446737178e-05
7830 0.0002734912621014559
7836 6.424444555902466e-05
7850 0.000126899584862824
7866 5.91933076971794e-05
7890 9.233159952796689e-06
7891 6.932340577943291e-05
7894 6.374802604546662e-05
7897 0.00013542473142615584
7898 0.00017695423263882194
7933 0.00017370426675739054
7957 0.00011379132113009053
7995 9.134928606937549e-05
8016 3.6571316885345003e-05
8024 0.00014488623116808087
8042 6.663037655997976e-05
8066 0.00018227567001855016
8069 5.287392225192349e-05
8071 0.00013687950893562258
8098 0.0001300045474523503
8144 1.8182537399726556e-05
8149 0.00011811516886331826
8179 0.00017370426675739054
8244 0.00023971321052336105
8355 0.00016378259903044513
8408 0.00030726931367955075
8420 0.00022883910672981793
8437 8.433711728522342e-05
8442 8.001326955199571e-05
8444 5.815485137703107e-05
8468 0.00016508218077975113
8503 7.256700694753944e-05
8513 4.3335009582674306e-05
8520 5.874554257904601e-05
8521 6.610917985376751e-05
8531 9.752607762356147e-05
8533 0.00013687950893562258
8539 7.955569410086921e-05
8559 0.00011379132113009053
8582 0.00010774605847492284
8583 0.00015890538922556517
8600 8.383730339089555e-05
8603 0.0001376235146469122
8613 0.00022419450561242282
8678 4.409901177660094e-05
8695 4.476354154013861e-05
8696 4.787143878550288e-05
8699 0.0001664173719040451
8738 8.853165584237468e-05
8754 0.00017695423263882194
8755 0.0002462203859023654
8866 3.8493910507496085e-05
