252
8 0.0031998497556577814
44 0.002293197338608469
55 0.004283845543122404
62 0.003160709074651809
135 0.003420792368848055
156 0.004229645069372643
158 0.0011203487545598982
163 0.000958617639481862
232 0.008102154696801783
277 0.0011932137643560813
326 0.016505568385346666
377 0.002583188598265911
423 0.003746477737022972
446 0.0021810202406862336
459 0.0019078871388633358
490 0.0066091137800513376
494 0.0023451755663834706
524 0.0030005696963315083
672 0.003420792368848055
707 0.0020590985908069963
708 0.002093521099471941
764 0.014801948217014596
780 0.0029521637870445518
819 0.010914934852743514
861 0.0031728676050482127
975 0.0031416693240144448
990 0.0023721560339397046
1011 0.003712663333347411
1127 0.003801199183592396
1129 0.0018789352573555314
1147 0.0047694230489744825
1181 0.004128932940033895
1192 0.006699057360070867
1216 0.00212910283063674
1309 0.001796555045041742
1363 0.0035514124636479975
1364 0.0014600521297953152
1390 0.0014075821810695603
1473 0.0026883592893736483
1478 0.003638311617581172
1487 0.004229645069372643
1506 0.0035514124636479975
1566 0.007102824927295995
1607 0.004229645069372643
1640 0.0016442874435133648
1664 0.002876111004245423
1705 0.0014667970454632915
1712 0.003114089506981034
1747 0.004340977163194236
1759 0.0056945112283214566
1776 0.0031686793652191806
1792 0.012720392791758333
1881 0.004118197181613993
1921 0.0001590345897402915
1930 0.006726124147230915
1940 0.0034799594349316037
1945 0.0066536071106589765
1984 0.004118197181613993
2002 0.006234289207923296
2007 0.00880275035424751
2031 0.004781066996786688
2075 0.0016627451629757045
2091 0.003086525809085141
2117 0.0014562166353063735
2124 0.0041780895971830125
2125 0.005637958768347182
2348 0.006662735093703543
2360 0.004861366019508302
2381 0.009674852947829486
2465 0.0023721560339397046
2468 0.004818472489080076
2551 0.003766550913240546
2556 0.01060850717791946
2588 0.013320333905425408
2674 0.002318866881998513
2738 0.0016442874435133648
2743 0.00163065270502675
2772 0.002399843493169629
2780 0.0021005422387359025
2785 0.0030341178337661397
2797 0.009722732039016604
2803 0.005930302014229135
2818 0.006173051618170282
2819 0.0044654358552803225
2829 0.001796555045041742
2890 0.00408196175950984
2954 0.0010303261983448566
2962 0.003690417284323161
2988 0.0033045568900256688
3050 0.0017152320389907695
3051 0.0024674166761833745
3095 0.005930302014229135
3160 0.002284777552453952
3169 0.0041780895971830125
3184 0.0023721560339397046
3213 0.0034699671934179353
3221 0.005338968562437665
3229 0.0020352206199567005
3253 0.011389022456642913
3268 0.0022356208953048353
3286 0.004962078148847049
3289 0.004036989969500076
3302 0.004362040481372467
3340 0.01409585899902324
3431 0.004684843715010463
3457 0.006234289207923296
3478 0.005401436464534523
3489 0.005401436464534523
3512 0.006566022342551501
3544 0.0026331073741437303
3557 0.003471119859991245
3585 0.0013506430166164267
3604 0.0011666849005840016
3627 0.0033536063301312616
3640 0.0026640667810850817
3653 0.00144479298273124
3656 0.0020453566352768584
3813 0.004283845543122404
3819 0.001393057174749459
3828 0.003801199183592396
3837 0.021506874314989186
3838 0.0063601963958791665
3878 0.005197868934754729
3884 0.00548622181931322
3885 0.0030172106319283584
3943 0.0016674104136952222
4108 0.002093521099471941
4198 0.002890889952450272
4316 0.004720563254864755
4357 0.0032404962118691015
4493 0.0015112234254413422
4510 0.0027780706274591134
4542 0.00298418677015397
4645 0.0032827689516973808
4646 0.004606535482963258
4653 0.0009706391294542951
4660 0.0014334915106004285
4756 0.00596837354030794
4811 0.002354092729610734
4819 0.001962087612613098
4924 0.005326890158760864
4943 0.005902139448192034
4944 0.003638311617581172
5017 0.001760203829000534
5032 0.0014991928108012878
5045 0.0021810202406862336
5057 0.0029521637870445518
5146 0.005501856128448889
5178 0.0026874732053476917
5193 0.0034699671934179353
5223 0.0014963023028803251
5255 0.0012966157828984554
5336 0.002136365248032025
5379 0.006730969514747246
5381 0.003321786603919681
5435 0.0031046889459590906
5510 0.0019376546727246783
5548 0.003837022192888519
5576 0.018502435271268245
5577 0.010395737869509458
5592 0.004606535482963258
5613 0.0030687661041179895
5630 0.006662735093703543
5703 0.0025946495505447084
5730 0.001974519256842977
5784 0.004401375177123755
5812 0.01341372537182901
5833 0.0029365090181749415
5892 0.0022356208953048353
5933 0.0033964998605594886
5989 0.0015274803241189954
6031 0.0030172106319283584
6115 0.004569555104907904
6129 0.005930302014229135
6142 0.007143914443960039
6250 0.002363085784501157
6262 0.003160709074651809
6357 0.007300260648976576
6388 0.0020727333292936113
6421 0.012002278785326033
6430 0.0012610122517569364
6444 0.005529557820847657
6462 0.0032199775560616496
6469 0.001012566493377705
6484 0.0023275638658386546
6485 0.0032827689516973808
6506 0.0028615359101111467
6599 0.002805166408768018
6607 0.006480992423738203
6634 0.002561173685912147
6697 0.0030341178337661397
6706 0.010738776606636073
6749 0.002605671947985893
6761 0.004744793524316543
6834 0.0005874804755205378
6895 0.004012507402084863
6909 0.0019376546727246783
6935 0.0022118743325574963
6969 0.002791531670281403
6973 0.001330057737589537
7000 0.0013681091592614954
7004 0.001902032954518133
7105 0.007674044385777038
7140 0.0013437366026738458
7193 0.004283845543122404
7209 0.004533632263066803
7224 0.0035795922022120244
7289 0.005930302014229135
7292 0.003668942097649348
7303 0.005122347371824294
7328 0.0025503358722229743
7409 0.0037693250421732393
7481 0.006018761103127294
7484 0.0024797744675743236
7489 0.003993854283464962
7552 0.004962078148847049
7586 0.004533632263066803
7652 0.0025080631323946946
7661 0.002583188598265911
7720 0.010422687791943571
7828 0.003420792368848055
7863 0.0019682851527928545
7887 0.003430464077981539
7899 0.007674044385777038
7958 0.0024674166761833745
7988 0.0017006569448564937
8011 0.0008626977068898411
8043 0.00288958596546248
8046 0.005477373561033677
8055 0.0006462960442699358
8091 0.006218199987880833
8102 0.0066091137800513376
8123 0.003160709074651809
8125 0.005637958768347182
8135 0.0026403202183377427
8187 0.01404377590729702
8205 0.0022145153032048968
8210 0.0034456565177086052
8235 0.0010431969734458811
8350 0.001066766967127467
8445 0.0012610122517569364
8531 0.0024875444765872427
8640 0.0008012086473584449
8671 0.004620481789473183
8695 0.001925646843830488
8724 0.002276424326569782
8780 0.0031998497556577814
8815 0.00433184918014967
8824 0.0031998497556577814
8838 0.008073979939000152
8849 0.006662735093703543
8906 0.005501856128448889
