451
15 6.0101372993599195e-05
32 0.00015775871449691997
58 3.9886331735258645e-05
68 3.241760820520544e-05
158 1.722259642893919e-05
161 8.88061998220748e-05
225 4.311890533715833e-05
238 0.00012176521653240713
243 6.309390310328486e-05
278 5.558192042480493e-05
290 5.516600244482883e-05
295 6.969398876306011e-05
378 7.955569410086921e-05
386 0.00012122674224136485
396 0.0002199543170027505
430 2.1595466130645556e-05
436 6.181142310095298e-05
463 2.104404381130732e-05
473 4.858985121920245e-05
480 6.877276232176413e-05
509 1.4811799641107606e-05
522 0.00011110817958998604
535 8.236790279729728e-05
551 0.0001431761810607271
552 0.0001804365299615294
588 0.00021244233432427055
619 0.00017695423263882194
620 0.00018418695135817993
645 6.341986704442123e-05
655 0.00022419450561242282
706 6.525271795805037e-05
707 9.496067334174995e-05
708 9.654815662959692e-05
722 0.00011663084820199027
765 7.499396958083494e-05
814 0.00014488623116808087
837 0.0001128804268053397
838 0.00011614595437539213
841 0.00014576429866269
846 0.00023397347506023475
941 9.719791862251607e-05
960 0.00012069415303305452
961 0.0001251273376474703
969 0.00010536844412685977
983 0.00010347204034115494
997 0.0002537323685808453
1041 0.00010734164596720007
1102 8.285279662389543e-05
1103 9.527405980765772e-05
1174 0.00018418695135817993
1175 0.0002875104201589402
1183 0.00010310145735752775
1234 2.8271279696782107e-05
1249 0.0001147195668623605
1258 0.00015890538922556517
1265 6.576478670658657e-05
1269 8.433711728522342e-05
1350 6.374802604546662e-05
1371 0.00011519040557349246
1372 0.00014849761844045535
1389 0.00017370426675739054
1529 0.00022883910672981793
1555 0.00015139340654708521
1573 0.0001347133110905388
1578 0.00010856509334268535
1579 0.00015447220461114937
1601 0.0002875104201589402
1610 9.590694438493474e-05
1611 0.0001786642827461757
1621 0.00011198624708459517
1622 0.00011333374567896404
1636 0.00015663840245623315
1638 7.33626397641186e-05
1641 7.583058115843726e-05
1649 8.744869066327002e-05
1671 7.64676023536449e-05
1674 0.00014944388948364012
1706 3.382257549850835e-05
1713 4.787143878550288e-05
1777 4.871062309639001e-05
1778 0.0001287387249198448
1789 0.00020019542348213994
1848 6.508321716976057e-05
1888 6.071628875522179e-05
1922 7.334292682143156e-06
1929 4.2158123180710165e-05
1936 0.00011024565393173974
1949 0.00012571095453322076
1981 9.920086195142229e-05
1987 0.00012571095453322076
2004 7.217400943451535e-05
2006 0.00016920278300425065
2020 0.00013065000625947455
2025 0.00012571095453322076
2026 8.535239208071232e-05
2032 0.00011024565393173974
2040 4.7398314413738584e-05
2044 0.00010536844412685977
2092 0.0001423431449207802
2124 0.00011663084820199027
2142 0.0002875104201589402
2148 8.383730339089555e-05
2149 8.408656954820681e-05
2150 0.00015663840245623315
2167 8.744869066327002e-05
2175 0.0002875104201589402
2176 0.00030726931367955075
2248 0.00020298083458234552
2276 0.00022419450561242282
2294 8.535239208071232e-05
2295 0.00019756065060853997
2321 8.691610145495967e-05
2371 8.858094887998e-06
2373 4.532432364915004e-05
2391 2.4157123570420575e-05
2398 0.0001027336712532598
2399 0.000126899584862824
2400 0.0002199543170027505
2402 8.825864993225359e-05
2417 8.63892700805903e-05
2439 5.502814824397996e-05
2462 0.00011712061541501202
2464 0.0002734912621014559
2493 2.5565430128539482e-05
2517 0.00030726931367955075
2586 9.502842032885344e-06
2593 0.00016920278300425065
2599 0.00012341728754011654
2600 0.00014849761844045535
2606 0.00013196715204843822
2607 3.3290954653437934e-05
2650 0.00019506105515172307
2667 8.358930576913648e-05
2675 0.00010694056199521868
2714 8.691610145495967e-05
2739 7.583058115843726e-05
2768 0.0001415241100530177
2776 9.222735356398462e-05
2843 7.33626397641186e-05
2850 9.252359415714085e-05
2903 8.718166847460814e-05
2940 7.910237522724487e-05
2955 4.7516165565500014e-05
2958 6.950834500520415e-05
2963 8.509658347491132e-05
2976 5.461691012835996e-05
2982 7.197869283035229e-05
3042 0.0001287387249198448
3050 5.1064059112276297e-05
3051 7.910237522724487e-05
3076 9.818910047034337e-05
3079 0.00011862016226846598
3104 0.00010939812948263226
3113 6.165346047478709e-05
3228 4.566391685271689e-05
3229 4.669713069773751e-05
3230 4.692973938522239e-05
3293 0.00020298083458234552
3307 8.408656954820681e-05
3367 0.00017065756051371745
3465 5.7716484755306535e-05
3498 0.00019756065060853997
3513 6.056183085252843e-05
3572 5.234992335902794e-05
3634 0.00022419450561242282
3657 4.716346370617082e-05
3666 0.0001804365299615294
3668 0.0002462203859023654
3669 0.00026261715830791277
3682 0.0001239806629188251
3683 0.00017370426675739054
3719 2.489326185102742e-05
3723 6.859058854884968e-05
3727 6.424444555902466e-05
3731 5.3138049876864844e-05
3743 3.233112827567267e-05
3746 1.903006184883404e-05
3766 5.131853189681648e-05
3786 0.00010058340652177312
3788 0.0001300045474523503
3806 0.00018227567001855016
3819 6.424444555902466e-05
3832 3.3290954653437934e-05
3835 0.00011811516886331826
3840 0.00010774605847492284
3841 0.00015139340654708521
3844 0.00026261715830791277
3845 0.0002734912621014559
3871 0.00023971321052336105
3875 3.285232498188492e-05
3883 0.00023971321052336105
3887 5.5861184383926875e-05
3932 4.895306850942043e-05
3943 7.689695691525318e-05
3994 0.0001147195668623605
3996 7.417147870601431e-05
4001 0.0001677901789526326
4005 9.222735356398462e-05
4035 0.0002199543170027505
4036 0.0002875104201589402
4046 9.312153328472917e-05
4103 0.00023397347506023475
4108 9.654815662959692e-05
4267 0.00011519040557349246
4290 5.656642719180506e-05
4291 7.843020694973282e-05
4308 7.955569410086921e-05
4314 3.1644758795232604e-05
4315 7.256700694753944e-05
4329 3.676019862375966e-05
4363 7.025520142447097e-05
4366 0.00016007969731333051
4375 7.541048004377448e-05
4381 4.3226837668107787e-05
4382 6.14960082295629e-05
4386 0.00016007969731333051
4398 6.325661252824365e-05
4406 6.508321716976057e-05
4408 0.00013687950893562258
4435 0.00010856509334268535
4436 0.0001128804268053397
4460 0.00011862016226846598
4467 5.5861184383926875e-05
4485 7.159039254876493e-05
4492 6.969398876306011e-05
4495 3.207260550754382e-05
4499 9.312153328472917e-05
4513 9.19329029551259e-05
4519 0.00010128967145643295
4533 5.685140711216779e-05
4563 4.728074758348793e-05
4577 3.9085797470059324e-05
4652 4.476354154013861e-05
4658 8.334256383691721e-05
4670 7.541048004377448e-05
4676 1.811794967986411e-05
4679 0.00012122674224136485
4699 3.676019862375966e-05
4723 9.106007793564448e-05
4797 9.988723143186235e-05
4799 0.0001664173719040451
4834 1.7286007534181456e-05
4905 0.00021605372159664503
4923 8.188778632745044e-05
4926 0.00010236864012694453
4927 0.00010236864012694453
4930 0.00021605372159664503
4931 0.00023397347506023475
4933 2.564069103539461e-05
4942 6.804811807694473e-05
4961 0.00022883910672981793
4995 0.0002875104201589402
5016 8.117636599183342e-05
5024 6.025437603138515e-05
5027 0.0002462203859023654
5028 0.00018825025618924418
5161 5.502814824397996e-05
5162 5.6001418804450566e-05
5192 8.001326955199571e-05
5194 0.00011712061541501202
5222 2.3001954162320978e-05
5236 0.00010200632301179658
5242 6.786862826996617e-05
5284 0.0002537323685808453
5302 0.00021244233432427055
5334 9.719791862251607e-05
5379 2.541525611908456e-05
5395 3.215862746722012e-05
5427 3.490353872923123e-05
5439 8.024367862190805e-05
5440 8.586807337437805e-05
5469 1.1433598200043818e-05
5484 0.00012936752625714268
5494 0.00023397347506023475
5502 0.0002875104201589402
5550 4.944160821510571e-05
5569 9.527405980765772e-05
5616 0.00013687950893562258
5618 0.00014071861357331354
5622 6.733409171295719e-05
5623 0.00022419450561242282
5627 0.0002199543170027505
5642 9.852402568908913e-05
5674 0.00010236864012694453
5687 2.724862948448243e-05
5691 8.383730339089555e-05
5702 3.9886331735258645e-05
5805 0.00030726931367955075
5806 7.910237522724487e-05
5831 0.00013401212737453773
5832 0.00013542473142615584
5854 7.178415593526694e-05
5858 6.663037655997976e-05
5862 6.610917985376751e-05
5864 0.00021244233432427055
5868 7.256700694753944e-05
5894 1.5848029138067838e-05
5896 1.6219082409210568e-05
5909 6.663037655997976e-05
5911 7.47870417645905e-05
5925 0.00010734164596720007
5927 0.0001475693727081854
5928 0.0001504088997800851
5934 5.434466680855229e-05
5938 5.91933076971794e-05
5984 3.088397517794058e-05
5985 7.52017798211394e-05
5987 7.798719092134497e-05
6000 3.4631041686461846e-05
6005 0.00010897983139923425
6022 2.0770655001689466e-05
6023 0.00016251677649793962
6024 0.0002199543170027505
6057 0.00011024565393173974
6059 0.00014849761844045535
6079 0.0001251273376474703
6080 0.00014071861357331354
6101 0.0002059351589452662
6120 0.0001504088997800851
6121 0.0001523982138465608
6197 5.5304247721948624e-05
6242 3.105201474962982e-05
6254 8.141235399539764e-05
6264 4.7398314413738584e-05
6399 8.212725328354177e-05
6429 5.815485137703107e-05
6461 0.00014849761844045535
6462 0.0001786642827461757
6475 8.691610145495967e-05
6490 2.724862948448243e-05
6491 7.604199766141655e-05
6519 0.00026261715830791277
6536 7.499396958083494e-05
6540 6.040786096929821e-05
6552 0.00020908021320920737
6560 0.0001504088997800851
6566 7.082295263288685e-05
6578 6.025437603138515e-05
6586 5.24803957997587e-05
6588 6.576478670658657e-05
6589 5.9343481706634316e-05
6590 8.691610145495967e-05
6598 0.00012936752625714268
6650 9.785646144837983e-05
6661 5.889434094657216e-05
6667 0.00012069415303305452
6670 0.00010734164596720007
6706 7.910237522724487e-05
6712 6.025437603138515e-05
6725 8.458895984833521e-05
6726 0.00023971321052336105
6760 1.9892587507080337e-05
6789 4.7516165565500014e-05
6794 0.00014849761844045535
6815 7.178415593526694e-05
6822 8.535239208071232e-05
6833 2.7093186202753706e-05
6856 0.0002462203859023654
6863 0.00020019542348213994
6868 0.00016508218077975113
6905 2.9805618738211806e-05
6931 0.0001196461249524729
6934 0.00010200632301179658
6977 0.00015342417653056774
6980 0.00011379132113009053
6982 0.0001147195668623605
6983 0.00013263932032595027
6998 0.00016251677649793962
6999 6.309390310328486e-05
7067 3.508605365233e-05
7091 9.464928935894339e-05
7124 6.859058854884968e-05
7174 7.256700694753944e-05
7178 3.714017269315804e-05
7236 0.00010536844412685977
7237 0.00010536844412685977
7251 7.689695691525318e-05
7252 0.00018418695135817993
7289 0.00013542473142615584
7290 0.00016508218077975113
7310 0.0001347133110905388
7365 0.00020019542348213994
7406 6.698096388147314e-05
7476 8.117636599183342e-05
7480 9.252359415714085e-05
7482 2.5340342303404983e-05
7483 2.8590308184836374e-05
7503 3.173002815645075e-05
7523 8.935997200289977e-05
7620 0.0001027336712532598
7677 6.988034244141115e-05
7678 8.260974660633398e-05
7679 8.260974660633398e-05
7702 0.0001677901789526326
7703 0.00017065756051371745
7713 0.00016920278300425065
7738 0.00022419450561242282
7739 0.00026261715830791277
7818 2.996997446737178e-05
7827 0.00015775871449691997
7836 6.424444555902466e-05
7839 0.00010614816360120087
7850 0.000126899584862824
7866 5.91933076971794e-05
7886 7.910237522724487e-05
7890 9.233159952796689e-06
7893 5.131853189681648e-05
7904 6.056183085252843e-05
7953 0.00030726931367955075
7989 0.00011862016226846598
8016 3.6571316885345003e-05
8054 2.9805618738211806e-05
8061 7.865323446718271e-05
8069 5.287392225192349e-05
8124 0.0001300045474523503
8144 1.8182537399726556e-05
8148 0.0001753021616311125
8204 5.1064059112276297e-05
8233 0.00017215710736717137
8346 0.0001399262151792957
8349 4.919672615455441e-05
8426 0.00015663840245623315
8429 0.00016128300357362823
8437 8.433711728522342e-05
8447 4.100899018649567e-05
8487 0.00012571095453322076
8492 0.0002734912621014559
8513 4.3335009582674306e-05
8531 9.752607762356147e-05
8532 0.0001002340757964429
8559 0.00011379132113009053
8591 0.00011761535496899039
8594 0.00020019542348213994
8600 8.383730339089555e-05
8602 0.00030726931367955075
8639 3.69498153124238e-05
8661 7.843020694973282e-05
8663 8.001326955199571e-05
8678 4.409901177660094e-05
8687 0.00013837905578907654
8688 0.00019506105515172307
8722 7.217400943451535e-05
8723 0.00010498321344481378
8752 0.0002462203859023654
8763 6.542281037332744e-05
8766 0.00021244233432427055
8866 3.8493910507496085e-05
8890 0.00010058340652177312
8891 0.00010058340652177312
8892 0.00010384546306881737
8911 0.00019506105515172307
