103
2 0.018627188015079732
146 0.012669583367914959
232 0.015524408300165656
294 0.013707922189709877
480 0.004286033970710223
764 0.01063566558949825
861 0.009119220878844862
907 0.016366742061819012
969 0.00656673828012989
1020 0.011478839933595102
1041 0.006689711530487323
1248 0.007149515943198299
1313 0.008351860693439723
1326 0.019952870803586036
1364 0.004196373603817304
1373 0.006182364207769758
1496 0.004152516894423354
1577 0.013531917648531632
1578 0.009626967045416525
1640 0.004725889085902048
1784 0.006689711530487323
1903 0.010729119866127491
1950 0.019149539325259833
1956 0.016603654254846095
1984 0.005918108537214514
2117 0.00837069981973314
2123 0.007268630204028932
2185 0.014581619648509176
2254 0.009254620807981385
2381 0.013903372592859856
2416 0.005383924300407138
2612 0.009693717520285269
2619 0.00644855121342918
2713 0.005416757315850354
2738 0.014177667257706146
2743 0.004686701131230729
2954 0.0029612871854527
3050 0.004929792783393051
3185 0.035836263838552096
3212 0.008102101586680741
3302 0.0062685267057485455
3307 0.007834517669930513
3478 0.007762204150082828
3512 0.00377431494096317
3604 0.0033531992597204516
3640 0.007656863265915864
3653 0.008305033788846708
3837 0.023180048977606352
3838 0.018280005025918443
3882 0.007489029165190224
3974 0.006312542321816296
4226 0.0067918059960138145
4248 0.0030206929787515288
4393 0.0051940484539482945
4403 0.004331876718086569
4407 0.008112190649187499
4504 0.014580877877434121
4577 0.009196770976051385
4660 0.01236010512286943
4677 0.0011291410317968457
4811 0.006765958824265816
4943 0.004240872925186933
4951 0.014240906574911874
5229 0.003073643686031114
5703 0.009943132543346155
5788 0.008530560724715164
6165 0.008102101586680741
6305 0.01247651478372609
6349 0.011954163473545991
6381 0.00689745227757145
6415 0.016366742061819012
6484 0.013379423060974645
6485 0.009435091182850514
6574 0.018747470137624032
6601 0.008142327662828231
6697 0.008720436571174009
6729 0.005937639307733186
6761 0.002479478879204195
6827 0.025454670975006522
6834 0.0016884928352373498
6895 0.005766225672226848
7085 0.009626967045416525
7117 0.01493932959569366
7172 0.00769157249340922
7181 0.007946322602686668
7328 0.007329986318067429
7719 0.005937639307733186
7840 0.0066153317063909235
7864 0.004765589315913869
7958 0.007091666111268299
7959 0.011836217074429028
8011 0.007438505402763455
8033 0.01509725976385268
8050 0.019149539325259833
8061 0.007149515943198299
8125 0.008102101586680741
8297 0.015344867686446715
8639 0.0040455683665705545
8671 0.019919769393078445
8679 0.002748324426245228
8701 0.010288198567196797
8815 0.006225139905739561
8884 0.007178859401894859
