557
58 3.9886331735258645e-05
77 8.691610145495967e-05
79 0.00013130412920165632
116 0.0001523982138465608
132 8.334256383691721e-05
134 0.0001376235146469122
135 0.00015775871449691997
138 5.5304247721948624e-05
139 0.00010897983139923425
153 0.00016007969731333051
156 0.00019506105515172307
158 1.722259642893919e-05
160 3.6009024944890365e-05
163 4.4209139343250144e-05
171 0.00015139340654708521
196 8.935997200289977e-05
200 0.00016920278300425065
225 4.311890533715833e-05
232 0.0001245506276326127
240 0.00010347204034115494
278 5.558192042480493e-05
283 0.00014488623116808087
284 0.00022883910672981793
290 5.516600244482883e-05
294 0.0002199543170027505
295 6.969398876306011e-05
318 9.719791862251607e-05
328 5.502814824397996e-05
330 6.358367031630664e-05
334 9.252359415714085e-05
344 9.164022082905678e-05
360 0.00020298083458234552
370 0.0001347133110905388
430 2.1595466130645556e-05
443 5.859719717528758e-05
446 0.00010058340652177312
459 8.798716495431228e-05
463 2.104404381130732e-05
473 4.858985121920245e-05
490 0.0001523982138465608
493 0.0001300045474523503
509 1.4811799641107606e-05
511 4.409901177660094e-05
524 0.00013837905578907654
549 6.786862826996617e-05
559 0.00015554326811050196
575 8.825864993225359e-05
597 0.00011198624708459517
615 0.00019268344080366
632 6.4078409870285e-05
633 0.00010058340652177312
645 6.341986704442123e-05
651 0.00012571095453322076
668 8.63892700805903e-05
690 0.00021244233432427055
706 6.525271795805037e-05
707 9.496067334174995e-05
708 9.654815662959692e-05
759 0.0002734912621014559
761 0.0002875104201589402
764 0.00017065756051371745
779 0.00013401212737453773
780 0.00013614669170503938
818 0.00016128300357362823
819 0.0001677901789526326
837 0.0001128804268053397
838 0.00011614595437539213
861 7.316251041712385e-05
891 5.757123449128065e-05
983 0.00010347204034115494
1011 8.56095506062492e-05
1020 0.00018418695135817993
1096 6.950834500520415e-05
1140 3.8493910507496085e-05
1145 9.920086195142229e-05
1148 0.0002199543170027505
1164 8.408656954820681e-05
1165 8.433711728522342e-05
1216 4.5550455969092306e-05
1234 2.8271279696782107e-05
1243 0.00012341728754011654
1249 0.0001147195668623605
1282 0.0002537323685808453
1306 4.5550455969092306e-05
1312 0.00011243128604527755
1314 0.00013401212737453773
1350 6.374802604546662e-05
1365 6.733409171295719e-05
1391 6.491430390704548e-05
1418 6.424444555902466e-05
1421 0.00017215710736717137
1423 0.00015447220461114937
1424 0.00018825025618924418
1454 0.00023397347506023475
1460 0.00021244233432427055
1467 0.00020019542348213994
1474 0.0001239806629188251
1517 9.106007793564448e-05
1567 0.00016378259903044513
1569 9.920086195142229e-05
1573 0.0001347133110905388
1647 0.00014944388948364012
1649 8.744869066327002e-05
1666 0.0001804365299615294
1682 0.00015447220461114937
1706 3.382257549850835e-05
1713 4.787143878550288e-05
1748 0.00020019542348213994
1757 0.00020019542348213994
1773 0.0001002340757964429
1777 4.871062309639001e-05
1782 0.00014665847838343454
1785 0.00010734164596720007
1798 0.00010498321344481378
1799 0.0002537323685808453
1800 0.00011333374567896404
1813 0.00019041645403432799
1819 0.00014488623116808087
1850 0.00021244233432427055
1881 8.408656954820681e-05
1882 9.496067334174995e-05
1888 6.071628875522179e-05
1895 0.00011519040557349246
1922 7.334292682143156e-06
1929 4.2158123180710165e-05
1931 7.754816608258265e-05
1936 0.00011024565393173974
1941 8.024367862190805e-05
1946 0.00015342417653056774
1985 9.496067334174995e-05
2004 7.217400943451535e-05
2009 0.00012176521653240713
2011 0.00023971321052336105
2028 0.00026261715830791277
2042 8.383730339089555e-05
2073 0.00010939812948263226
2076 7.66818067754729e-05
2108 0.0001376235146469122
2118 6.715720793434914e-05
2162 0.0001263016457352357
2167 8.744869066327002e-05
2178 0.0001523982138465608
2255 0.00014849761844045535
2259 0.00016378259903044513
2310 0.0001391464957049546
2312 0.00017065756051371745
2321 8.691610145495967e-05
2324 0.00021605372159664503
2355 0.0001504088997800851
2364 0.0002199543170027505
2365 0.00023971321052336105
2371 8.858094887998e-06
2373 4.532432364915004e-05
2379 0.00010939812948263226
2382 0.00011154523568104574
2384 3.364472337590274e-05
2391 2.4157123570420575e-05
2394 0.0001523982138465608
2402 8.825864993225359e-05
2417 8.63892700805903e-05
2469 0.00011110817958998604
2506 0.00014488623116808087
2550 5.3403616896513294e-05
2552 0.00017370426675739054
2580 8.992010952057247e-05
2586 9.502842032885344e-06
2589 0.0001228603508781383
2590 8.771718405598661e-05
2607 3.3290954653437934e-05
2638 0.00012176521653240713
2639 0.0001504088997800851
2664 0.00020019542348213994
2675 0.00010694056199521868
2685 7.754816608258265e-05
2714 8.691610145495967e-05
2728 0.00010939812948263226
2739 7.583058115843726e-05
2773 0.00011067500849334801
2783 8.718166847460814e-05
2784 0.00021244233432427055
2798 0.00022419450561242282
2827 0.0001196461249524729
2843 7.33626397641186e-05
2850 9.252359415714085e-05
2851 0.00022419450561242282
2890 0.0001415241100530177
2891 0.00018825025618924418
2896 0.00011379132113009053
2903 8.718166847460814e-05
2904 0.00015139340654708521
2929 0.0001251273376474703
2943 0.0001399262151792957
2958 6.950834500520415e-05
2963 8.509658347491132e-05
2982 7.197869283035229e-05
2989 0.0001523982138465608
3031 8.691610145495967e-05
3033 0.0001415241100530177
3076 9.818910047034337e-05
3083 0.00019756065060853997
3097 0.00012230970742046953
3113 6.165346047478709e-05
3114 0.00023971321052336105
3134 0.0001228603508781383
3149 7.541048004377448e-05
3150 7.604199766141655e-05
3156 9.342327683396404e-05
3161 0.00010536844412685977
3182 0.00017215710736717137
3185 0.00010939812948263226
3228 4.566391685271689e-05
3229 4.669713069773751e-05
3230 4.692973938522239e-05
3247 0.00013263932032595027
3290 0.00018617626542465564
3307 8.408656954820681e-05
3341 0.00016251677649793962
3372 6.542281037332744e-05
3383 0.00010815385522706535
3391 0.00021605372159664503
3395 7.541048004377448e-05
3401 0.0001504088997800851
3432 0.00021605372159664503
3436 0.00014665847838343454
3465 5.7716484755306535e-05
3474 0.00011862016226846598
3475 0.000126899584862824
3478 7.865323446718271e-05
3479 0.0001245506276326127
3487 0.00014849761844045535
3507 9.134928606937549e-05
3509 0.00018825025618924418
3511 0.00016007969731333051
3512 0.00022419450561242282
3519 8.586807337437805e-05
3545 6.071628875522179e-05
3557 0.00015775871449691997
3605 5.380470086849468e-05
3611 0.00018825025618924418
3627 6.491430390704548e-05
3628 7.733012801189119e-05
3641 0.0001228603508781383
3654 6.663037655997976e-05
3657 4.716346370617082e-05
3670 0.0002462203859023654
3682 0.0001239806629188251
3683 0.00017370426675739054
3704 0.00013130412920165632
3719 2.489326185102742e-05
3723 6.859058854884968e-05
3743 3.233112827567267e-05
3746 1.903006184883404e-05
3760 0.00010614816360120087
3819 6.424444555902466e-05
3827 0.00013614669170503938
3832 3.3290954653437934e-05
3837 0.0001239806629188251
3838 0.00014665847838343454
3887 5.5861184383926875e-05
3932 4.895306850942043e-05
3943 7.689695691525318e-05
4010 0.00014071861357331354
4018 9.342327683396404e-05
4111 0.00023971321052336105
4128 0.00016128300357362823
4130 0.0002875104201589402
4189 4.981125419104163e-05
4197 0.0002875104201589402
4215 0.0001504088997800851
4218 0.0002537323685808453
4232 0.00018825025618924418
4233 0.00022419450561242282
4246 0.00017695423263882194
4247 4.846937791309118e-05
4279 0.0002875104201589402
4286 0.0001228603508781383
4290 5.656642719180506e-05
4291 7.843020694973282e-05
4300 0.00020298083458234552
4314 3.1644758795232604e-05
4321 0.00010200632301179658
4326 0.00011024565393173974
4328 0.00011566583790554528
4329 3.676019862375966e-05
4332 8.117636599183342e-05
4392 8.334256383691721e-05
4398 6.325661252824365e-05
4399 9.282164663063054e-05
4402 6.950834500520415e-05
4406 6.508321716976057e-05
4453 3.6854914742017664e-05
4461 9.19329029551259e-05
4467 5.5861184383926875e-05
4485 7.159039254876493e-05
4495 3.207260550754382e-05
4502 6.424444555902466e-05
4503 7.798719092134497e-05
4509 0.0001281179340087181
4519 0.00010128967145643295
4533 5.685140711216779e-05
4546 7.625433537211054e-05
4563 4.728074758348793e-05
4567 6.341986704442123e-05
4569 0.00010422176939821458
4570 0.00015775871449691997
4577 3.9085797470059324e-05
4586 0.00016920278300425065
4596 0.00017370426675739054
4597 0.00018617626542465564
4598 0.0002875104201589402
4644 0.00015139340654708521
4652 4.476354154013861e-05
4654 0.0001523982138465608
4670 7.541048004377448e-05
4676 1.811794967986411e-05
4759 5.0810908270240366e-05
4821 8.691610145495967e-05
4824 0.00017370426675739054
4839 3.088397517794058e-05
4844 0.00010734164596720007
4853 8.535239208071232e-05
4911 6.341986704442123e-05
4913 6.457822376461287e-05
4914 6.542281037332744e-05
4933 2.564069103539461e-05
4942 6.804811807694473e-05
4972 4.681329625334851e-05
5059 0.00016508218077975113
5061 0.0002537323685808453
5105 0.0002462203859023654
5161 5.502814824397996e-05
5162 5.6001418804450566e-05
5192 8.001326955199571e-05
5198 0.00010654275221462514
5222 2.3001954162320978e-05
5228 4.931901336427842e-05
5289 0.0001300045474523503
5334 9.719791862251607e-05
5335 9.852402568908913e-05
5369 7.562007790453742e-05
5379 2.541525611908456e-05
5380 3.8298201700263376e-05
5395 3.215862746722012e-05
5408 0.00010774605847492284
5427 3.490353872923123e-05
5430 6.441104889224853e-05
5431 0.0002462203859023654
5434 7.159039254876493e-05
5457 0.0001423431449207802
5462 0.00010654275221462514
5469 1.1433598200043818e-05
5475 0.0002875104201589402
5481 6.576478670658657e-05
5504 0.00026261715830791277
5550 4.944160821510571e-05
5574 0.00013401212737453773
5575 0.00017065756051371745
5588 6.913916575845257e-05
5591 0.00021244233432427055
5612 0.0001415241100530177
5687 2.724862948448243e-05
5702 3.9886331735258645e-05
5781 0.00018617626542465564
5797 5.544288630052885e-05
5806 7.910237522724487e-05
5810 5.261121850249547e-05
5811 0.00010310145735752775
5817 0.00017695423263882194
5894 1.5848029138067838e-05
5896 1.6219082409210568e-05
5932 0.00015663840245623315
5982 0.0001376235146469122
5991 0.0001664173719040451
6022 2.0770655001689466e-05
6050 0.0001431761810607271
6055 0.0002875104201589402
6084 7.843020694973282e-05
6085 0.00011862016226846598
6114 0.00010536844412685977
6137 0.00023397347506023475
6141 0.00010982004923951138
6149 0.00023971321052336105
6150 0.0002462203859023654
6208 0.0001228603508781383
6210 0.0002875104201589402
6218 9.464928935894339e-05
6222 0.00010347204034115494
6223 0.00020298083458234552
6225 0.0002875104201589402
6229 7.458098891001271e-05
6230 0.0001239806629188251
6242 3.105201474962982e-05
6243 0.0002875104201589402
6254 8.141235399539764e-05
6264 4.7398314413738584e-05
6292 8.853165584237468e-05
6297 9.164022082905678e-05
6348 9.590694438493474e-05
6387 9.558947467904783e-05
6399 8.212725328354177e-05
6408 4.3989132524856074e-05
6417 9.954283828468142e-05
6420 0.00013837905578907654
6452 8.63892700805903e-05
6458 0.00015554326811050196
6467 4.669713069773751e-05
6468 4.669713069773751e-05
6481 0.00012936752625714268
6483 0.00010734164596720007
6484 0.00015139340654708521
6487 0.00012936752625714268
6517 0.0001391464957049546
6566 7.082295263288685e-05
6589 5.9343481706634316e-05
6614 8.484211069037113e-05
6650 9.785646144837983e-05
6665 0.00012936752625714268
6670 0.00010734164596720007
6675 5.7716484755306535e-05
6682 6.698096388147314e-05
6687 6.196989942762013e-05
6689 7.376538112671329e-05
6693 0.0001128804268053397
6696 0.0001399262151792957
6705 0.00016508218077975113
6712 6.025437603138515e-05
6718 0.0002462203859023654
6724 0.00012936752625714268
6725 8.458895984833521e-05
6727 8.612797493712278e-05
6728 9.527405980765772e-05
6732 0.00018227567001855016
6760 1.9892587507080337e-05
6789 4.7516165565500014e-05
6796 8.260974660633398e-05
6803 0.0002734912621014559
6851 0.0001275049519955334
6878 0.00020908021320920737
6905 2.9805618738211806e-05
6908 8.935997200289977e-05
6919 7.3968006896828e-05
6922 0.00020298083458234552
6940 0.00026261715830791277
6960 3.259102983841739e-05
6972 6.133906307779394e-05
6999 6.309390310328486e-05
7010 0.0001504088997800851
7054 0.00018825025618924418
7058 0.00022883910672981793
7060 0.00019041645403432799
7067 3.508605365233e-05
7080 0.0001263016457352357
7175 0.00019041645403432799
7208 0.00020908021320920737
7222 0.0002875104201589402
7232 0.00013401212737453773
7251 7.689695691525318e-05
7256 0.00018418695135817993
7263 0.0002462203859023654
7321 3.8200641252257444e-05
7373 7.27647006365303e-05
7374 0.00010498321344481378
7392 5.274239335290522e-05
7414 0.00010460100421098168
7422 0.00013401212737453773
7469 7.887728740211037e-05
7482 2.5340342303404983e-05
7483 2.8590308184836374e-05
7502 9.68719546813797e-05
7503 3.173002815645075e-05
7523 8.935997200289977e-05
7559 8.509658347491132e-05
7577 8.853165584237468e-05
7578 8.88061998220748e-05
7671 9.134928606937549e-05
7694 6.804811807694473e-05
7718 9.527405980765772e-05
7719 0.00012016732165868515
7756 0.00019506105515172307
7808 4.7398314413738584e-05
7818 2.996997446737178e-05
7820 0.00013614669170503938
7836 6.424444555902466e-05
7839 0.00010614816360120087
7852 0.00015447220461114937
7853 0.00021244233432427055
7886 7.910237522724487e-05
7887 0.0002875104201589402
7890 9.233159952796689e-06
7893 5.131853189681648e-05
7904 6.056183085252843e-05
7906 0.00018418695135817993
7920 0.0002734912621014559
7924 0.0002462203859023654
7938 4.907474504580058e-05
7943 7.64676023536449e-05
7958 9.496067334174995e-05
7968 0.0002537323685808453
7981 6.950834500520415e-05
7987 7.843020694973282e-05
8009 2.7093186202753706e-05
8031 5.5721352358276173e-05
8032 6.056183085252843e-05
8042 6.663037655997976e-05
8045 0.0001263016457352357
8054 2.9805618738211806e-05
8066 0.00018227567001855016
8068 0.00011379132113009053
8069 5.287392225192349e-05
8077 0.0001300045474523503
8088 8.509658347491132e-05
8090 9.558947467904783e-05
8105 0.0001281179340087181
8109 8.285279662389543e-05
8122 0.00014576429866269
8137 8.63892700805903e-05
8144 1.8182537399726556e-05
8149 0.00011811516886331826
8166 0.0001376235146469122
8170 0.00011425323385392718
8181 0.00019041645403432799
8186 9.252359415714085e-05
8233 0.00017215710736717137
8299 0.0002875104201589402
8321 0.00019268344080366
8349 4.919672615455441e-05
8403 0.0002734912621014559
8442 8.001326955199571e-05
8444 5.815485137703107e-05
8447 4.100899018649567e-05
8513 4.3335009582674306e-05
8558 0.00017370426675739054
8579 0.00030726931367955075
8630 0.0001275049519955334
8639 3.69498153124238e-05
8678 4.409901177660094e-05
8687 0.00013837905578907654
8693 8.484211069037113e-05
8694 8.88061998220748e-05
8722 7.217400943451535e-05
8723 0.00010498321344481378
8781 8.63892700805903e-05
8782 0.00019268344080366
8799 0.00012069415303305452
8803 0.0001281179340087181
8804 0.00013542473142615584
8813 4.431951634967444e-05
8814 9.988723143186235e-05
8818 7.139739654402146e-05
8819 7.139739654402146e-05
8834 0.0001391464957049546
8836 0.00016508218077975113
8837 0.00018617626542465564
8861 0.00015775871449691997
8862 0.0002537323685808453
8879 0.0001196461249524729
8910 0.0001786642827461757
