251
52 9.785646144837983e-05
68 3.241760820520544e-05
69 0.00010460100421098168
158 1.722259642893919e-05
278 5.558192042480493e-05
290 5.516600244482883e-05
327 0.0002875104201589402
412 6.391293797104737e-05
413 7.562007790453742e-05
430 2.1595466130645556e-05
436 6.181142310095298e-05
459 8.798716495431228e-05
461 0.00015890538922556517
463 2.104404381130732e-05
493 0.0001300045474523503
507 0.00018617626542465564
509 1.4811799641107606e-05
549 6.786862826996617e-05
597 0.00011198624708459517
599 0.00016251677649793962
645 6.341986704442123e-05
668 8.63892700805903e-05
764 0.00017065756051371745
776 0.00022883910672981793
841 0.00014576429866269
861 7.316251041712385e-05
891 5.757123449128065e-05
892 0.0001475693727081854
918 0.0001275049519955334
1011 8.56095506062492e-05
1083 7.178415593526694e-05
1234 2.8271279696782107e-05
1258 0.00015890538922556517
1265 6.576478670658657e-05
1269 8.433711728522342e-05
1365 6.733409171295719e-05
1423 0.00015447220461114937
1500 0.00010310145735752775
1536 0.0001475693727081854
1569 9.920086195142229e-05
1660 0.00021244233432427055
1671 7.64676023536449e-05
1729 0.00010200632301179658
1757 0.00020019542348213994
1777 4.871062309639001e-05
1798 0.00010498321344481378
1799 0.0002537323685808453
1881 8.408656954820681e-05
1882 9.496067334174995e-05
1901 0.00011243128604527755
1904 0.00017215710736717137
1922 7.334292682143156e-06
1929 4.2158123180710165e-05
1931 7.754816608258265e-05
1956 0.0001128804268053397
2032 0.00011024565393173974
2054 0.00015447220461114937
2076 7.66818067754729e-05
2118 6.715720793434914e-05
2319 0.0001228603508781383
2321 8.691610145495967e-05
2326 0.00011913044365880717
2355 0.0001504088997800851
2371 8.858094887998e-06
2379 0.00010939812948263226
2382 0.00011154523568104574
2557 0.00012230970742046953
2586 9.502842032885344e-06
2667 8.358930576913648e-05
2739 7.583058115843726e-05
2773 0.00011067500849334801
2830 8.285279662389543e-05
2839 0.0001391464957049546
2955 4.7516165565500014e-05
2958 6.950834500520415e-05
2963 8.509658347491132e-05
3050 5.1064059112276297e-05
3051 7.910237522724487e-05
3147 0.00012936752625714268
3182 0.00017215710736717137
3226 8.164949036359771e-05
3228 4.566391685271689e-05
3229 4.669713069773751e-05
3230 4.692973938522239e-05
3237 0.0002059351589452662
3341 0.00016251677649793962
3391 0.00021605372159664503
3513 6.056183085252843e-05
3605 5.380470086849468e-05
3627 6.491430390704548e-05
3654 6.663037655997976e-05
3727 6.424444555902466e-05
3743 3.233112827567267e-05
3760 0.00010614816360120087
3832 3.3290954653437934e-05
3837 0.0001239806629188251
3875 3.285232498188492e-05
3882 0.00012016732165868515
3903 0.00018227567001855016
3904 0.00021605372159664503
3908 0.0002059351589452662
4018 9.342327683396404e-05
4059 0.00021244233432427055
4198 0.00013332088986277624
4301 0.00011154523568104574
4314 3.1644758795232604e-05
4345 5.131853189681648e-05
4348 8.212725328354177e-05
4392 8.334256383691721e-05
4461 9.19329029551259e-05
4502 6.424444555902466e-05
4503 7.798719092134497e-05
4516 0.00011663084820199027
4567 6.341986704442123e-05
4676 1.811794967986411e-05
4834 1.7286007534181456e-05
4839 3.088397517794058e-05
4878 6.969398876306011e-05
4888 0.00019756065060853997
4933 2.564069103539461e-05
4942 6.804811807694473e-05
5044 0.00010058340652177312
5154 0.00016508218077975113
5155 0.0001664173719040451
5177 6.196989942762013e-05
5222 2.3001954162320978e-05
5228 4.931901336427842e-05
5233 0.0001431761810607271
5254 5.9796800580258657e-05
5379 2.541525611908456e-05
5380 3.8298201700263376e-05
5395 3.215862746722012e-05
5455 8.908229930004346e-05
5469 1.1433598200043818e-05
5509 8.935997200289977e-05
5550 4.944160821510571e-05
5554 0.0001440237055098346
5555 0.0001440237055098346
5558 9.68719546813797e-05
5561 0.00016007969731333051
5636 0.00010310145735752775
5669 0.0001300045474523503
5702 3.9886331735258645e-05
5808 0.00011913044365880717
5858 6.663037655997976e-05
5862 6.610917985376751e-05
5894 1.5848029138067838e-05
5896 1.6219082409210568e-05
6000 3.4631041686461846e-05
6005 0.00010897983139923425
6022 2.0770655001689466e-05
6059 0.00014849761844045535
6090 0.00020298083458234552
6114 0.00010536844412685977
6141 0.00010982004923951138
6172 0.00012230970742046953
6223 0.00020298083458234552
6224 0.0002734912621014559
6229 7.458098891001271e-05
6238 0.00017215710736717137
6261 0.00014576429866269
6264 4.7398314413738584e-05
6292 8.853165584237468e-05
6321 0.00020298083458234552
6387 9.558947467904783e-05
6399 8.212725328354177e-05
6400 0.00016920278300425065
6401 0.00019756065060853997
6467 4.669713069773751e-05
6468 4.669713069773751e-05
6483 0.00010734164596720007
6536 7.499396958083494e-05
6578 6.025437603138515e-05
6589 5.9343481706634316e-05
6687 6.196989942762013e-05
6689 7.376538112671329e-05
6693 0.0001128804268053397
6696 0.0001399262151792957
6712 6.025437603138515e-05
6724 0.00012936752625714268
6753 0.00011862016226846598
6760 1.9892587507080337e-05
6826 0.00013614669170503938
6831 0.00011198624708459517
6878 0.00020908021320920737
6885 5.131853189681648e-05
6893 9.252359415714085e-05
6894 9.252359415714085e-05
6905 2.9805618738211806e-05
6929 5.904359505253569e-05
6992 4.787143878550288e-05
7067 3.508605365233e-05
7087 0.0001376235146469122
7091 9.464928935894339e-05
7109 0.0002462203859023654
7165 6.628229345501092e-05
7167 0.00011243128604527755
7170 0.0002734912621014559
7178 3.714017269315804e-05
7301 0.00011024565393173974
7302 0.00011811516886331826
7406 6.698096388147314e-05
7408 8.691610145495967e-05
7468 0.00015775871449691997
7469 7.887728740211037e-05
7476 8.117636599183342e-05
7480 9.252359415714085e-05
7482 2.5340342303404983e-05
7483 2.8590308184836374e-05
7503 3.173002815645075e-05
7523 8.935997200289977e-05
7554 8.260974660633398e-05
7577 8.853165584237468e-05
7578 8.88061998220748e-05
7608 0.00015554326811050196
7718 9.527405980765772e-05
7719 0.00012016732165868515
7808 4.7398314413738584e-05
7818 2.996997446737178e-05
7836 6.424444555902466e-05
7839 0.00010614816360120087
7890 9.233159952796689e-06
7893 5.131853189681648e-05
7995 9.134928606937549e-05
8009 2.7093186202753706e-05
8010 3.97855428110104e-05
8061 7.865323446718271e-05
8062 0.00018825025618924418
8069 5.287392225192349e-05
8077 0.0001300045474523503
8088 8.509658347491132e-05
8090 9.558947467904783e-05
8137 8.63892700805903e-05
8140 0.00018825025618924418
8144 1.8182537399726556e-05
8170 0.00011425323385392718
8204 5.1064059112276297e-05
8466 0.00021605372159664503
8513 4.3335009582674306e-05
8571 9.496067334174995e-05
8621 0.000101646679848061
8678 4.409901177660094e-05
8717 9.106007793564448e-05
8718 9.403242760948e-05
8722 7.217400943451535e-05
8723 0.00010498321344481378
8813 4.431951634967444e-05
8817 0.0002875104201589402
8824 0.00011712061541501202
8827 0.0001415241100530177
8866 3.8493910507496085e-05
