52
278 5.558192042480493e-05
283 0.00014488623116808087
463 2.104404381130732e-05
509 1.4811799641107606e-05
511 4.409901177660094e-05
1234 2.8271279696782107e-05
1254 8.96392359620217e-05
1777 4.871062309639001e-05
1782 0.00014665847838343454
1922 7.334292682143156e-06
1929 4.2158123180710165e-05
1941 8.024367862190805e-05
2070 0.00016251677649793962
2371 8.858094887998e-06
2379 0.00010939812948263226
2382 0.00011154523568104574
2391 2.4157123570420575e-05
2586 9.502842032885344e-06
3050 5.1064059112276297e-05
3051 7.910237522724487e-05
3409 8.458895984833521e-05
3513 6.056183085252843e-05
3605 5.380470086849468e-05
3611 0.00018825025618924418
3657 4.716346370617082e-05
3727 6.424444555902466e-05
3746 1.903006184883404e-05
3832 3.3290954653437934e-05
3837 0.0001239806629188251
4018 9.342327683396404e-05
4821 8.691610145495967e-05
4824 0.00017370426675739054
4933 2.564069103539461e-05
5168 0.00014488623116808087
5379 2.541525611908456e-05
5380 3.8298201700263376e-05
6141 0.00010982004923951138
6578 6.025437603138515e-05
6789 4.7516165565500014e-05
6796 8.260974660633398e-05
7503 3.173002815645075e-05
7523 8.935997200289977e-05
7718 9.527405980765772e-05
7719 0.00012016732165868515
7890 9.233159952796689e-06
7893 5.131853189681648e-05
7958 9.496067334174995e-05
8045 0.0001263016457352357
8442 8.001326955199571e-05
8670 0.00010654275221462514
8722 7.217400943451535e-05
8723 0.00010498321344481378
