68
463 2.104404381130732e-05
509 1.4811799641107606e-05
511 4.409901177660094e-05
706 6.525271795805037e-05
707 9.496067334174995e-05
941 9.719791862251607e-05
1011 8.56095506062492e-05
1020 0.00018418695135817993
1306 4.5550455969092306e-05
1391 6.491430390704548e-05
1578 0.00010856509334268535
1922 7.334292682143156e-06
1929 4.2158123180710165e-05
1941 8.024367862190805e-05
1946 0.00015342417653056774
2371 8.858094887998e-06
2379 0.00010939812948263226
2382 0.00011154523568104574
2391 2.4157123570420575e-05
2394 0.0001523982138465608
2586 9.502842032885344e-06
2685 7.754816608258265e-05
2762 0.00010200632301179658
2764 0.00017215710736717137
2843 7.33626397641186e-05
2850 9.252359415714085e-05
3050 5.1064059112276297e-05
3051 7.910237522724487e-05
3113 6.165346047478709e-05
3727 6.424444555902466e-05
3832 3.3290954653437934e-05
3837 0.0001239806629188251
3884 8.433711728522342e-05
4018 9.342327683396404e-05
4619 0.00010856509334268535
4625 0.00017695423263882194
5379 2.541525611908456e-05
5380 3.8298201700263376e-05
6114 0.00010536844412685977
6141 0.00010982004923951138
6254 8.141235399539764e-05
6483 0.00010734164596720007
6578 6.025437603138515e-05
6693 0.0001128804268053397
6696 0.0001399262151792957
6885 5.131853189681648e-05
6887 0.00020019542348213994
7469 7.887728740211037e-05
7503 3.173002815645075e-05
7523 8.935997200289977e-05
7718 9.527405980765772e-05
7719 0.00012016732165868515
7808 4.7398314413738584e-05
7890 9.233159952796689e-06
7893 5.131853189681648e-05
8045 0.0001263016457352357
8124 0.0001300045474523503
8444 5.815485137703107e-05
8630 0.0001275049519955334
8693 8.484211069037113e-05
8694 8.88061998220748e-05
8722 7.217400943451535e-05
8723 0.00010498321344481378
8813 4.431951634967444e-05
8814 9.988723143186235e-05
8823 0.0001475693727081854
8834 0.0001391464957049546
8835 0.0002875104201589402
