361
14 0.0001275049519955334
15 6.0101372993599195e-05
32 0.00015775871449691997
52 9.785646144837983e-05
58 3.9886331735258645e-05
68 3.241760820520544e-05
70 0.00011566583790554528
71 0.00019756065060853997
74 0.00013614669170503938
153 0.00016007969731333051
156 0.00019506105515172307
158 1.722259642893919e-05
225 4.311890533715833e-05
243 6.309390310328486e-05
278 5.558192042480493e-05
330 6.358367031630664e-05
375 8.334256383691721e-05
412 6.391293797104737e-05
413 7.562007790453742e-05
418 0.0002059351589452662
419 0.00022419450561242282
420 0.0002734912621014559
423 8.63892700805903e-05
430 2.1595466130645556e-05
463 2.104404381130732e-05
466 0.00013401212737453773
473 4.858985121920245e-05
480 6.877276232176413e-05
522 0.00011110817958998604
524 0.00013837905578907654
573 0.00014576429866269
597 0.00011198624708459517
706 6.525271795805037e-05
708 9.654815662959692e-05
753 9.752607762356147e-05
757 0.00010815385522706535
785 9.134928606937549e-05
786 0.00023971321052336105
800 0.00011154523568104574
884 0.00012936752625714268
887 0.00023971321052336105
891 5.757123449128065e-05
958 0.0002199543170027505
1011 8.56095506062492e-05
1012 0.0002537323685808453
1014 0.00017695423263882194
1083 7.178415593526694e-05
1140 3.8493910507496085e-05
1145 9.920086195142229e-05
1164 8.408656954820681e-05
1165 8.433711728522342e-05
1183 0.00010310145735752775
1184 0.0002199543170027505
1216 4.5550455969092306e-05
1306 4.5550455969092306e-05
1356 0.00014488623116808087
1359 0.00016920278300425065
1365 6.733409171295719e-05
1391 6.491430390704548e-05
1418 6.424444555902466e-05
1420 0.00017695423263882194
1454 0.00023397347506023475
1474 0.0001239806629188251
1497 6.663037655997976e-05
1517 9.106007793564448e-05
1567 0.00016378259903044513
1623 0.0001664173719040451
1638 7.33626397641186e-05
1641 7.583058115843726e-05
1649 8.744869066327002e-05
1671 7.64676023536449e-05
1729 0.00010200632301179658
1881 8.408656954820681e-05
1882 9.496067334174995e-05
1901 0.00011243128604527755
1922 7.334292682143156e-06
2077 0.0001804365299615294
2092 0.0001423431449207802
2093 0.00011811516886331826
2124 0.00011663084820199027
2132 0.00026261715830791277
2162 0.0001263016457352357
2221 0.0002734912621014559
2371 8.858094887998e-06
2373 4.532432364915004e-05
2379 0.00010939812948263226
2382 0.00011154523568104574
2384 3.364472337590274e-05
2385 0.00011712061541501202
2388 0.00018418695135817993
2391 2.4157123570420575e-05
2417 8.63892700805903e-05
2434 0.00010536844412685977
2475 0.00015447220461114937
2503 0.00015342417653056774
2518 0.0001804365299615294
2552 0.00017370426675739054
2563 2.4450245822639586e-05
2582 7.458098891001271e-05
2585 0.00019756065060853997
2586 9.502842032885344e-06
2606 0.00013196715204843822
2607 3.3290954653437934e-05
2612 8.001326955199571e-05
2617 0.00022883910672981793
2675 0.00010694056199521868
2676 0.00023971321052336105
2708 0.0001300045474523503
2739 7.583058115843726e-05
2740 0.00019268344080366
2767 0.00017215710736717137
2794 0.00012341728754011654
2834 0.00014849761844045535
2839 0.0001391464957049546
2955 4.7516165565500014e-05
2976 5.461691012835996e-05
2982 7.197869283035229e-05
3050 5.1064059112276297e-05
3051 7.910237522724487e-05
3097 0.00012230970742046953
3104 0.00010939812948263226
3395 7.541048004377448e-05
3413 8.001326955199571e-05
3414 9.852402568908913e-05
3572 5.234992335902794e-05
3586 6.228840662358072e-05
3627 6.491430390704548e-05
3628 7.733012801189119e-05
3657 4.716346370617082e-05
3675 0.00011519040557349246
3676 0.00012936752625714268
3723 6.859058854884968e-05
3724 5.7716484755306535e-05
3727 6.424444555902466e-05
3743 3.233112827567267e-05
3746 1.903006184883404e-05
3762 0.00017695423263882194
3766 5.131853189681648e-05
3782 0.00013614669170503938
3796 0.0001399262151792957
3819 6.424444555902466e-05
3829 0.00019506105515172307
3832 3.3290954653437934e-05
3837 0.0001239806629188251
3875 3.285232498188492e-05
3887 5.5861184383926875e-05
3901 0.00010384546306881737
3932 4.895306850942043e-05
3943 7.689695691525318e-05
3977 0.0001128804268053397
4015 8.798716495431228e-05
4099 0.0001147195668623605
4108 9.654815662959692e-05
4109 0.00017215710736717137
4189 4.981125419104163e-05
4220 4.3879500470736716e-05
4221 0.00019268344080366
4224 8.236790279729728e-05
4225 0.00010897983139923425
4247 4.846937791309118e-05
4250 8.612797493712278e-05
4286 0.0001228603508781383
4288 0.0001423431449207802
4290 5.656642719180506e-05
4291 7.843020694973282e-05
4300 0.00020298083458234552
4326 0.00011024565393173974
4328 0.00011566583790554528
4329 3.676019862375966e-05
4332 8.117636599183342e-05
4381 4.3226837668107787e-05
4406 6.508321716976057e-05
4408 0.00013687950893562258
4429 0.00021244233432427055
4435 0.00010856509334268535
4436 0.0001128804268053397
4442 0.00017695423263882194
4453 3.6854914742017664e-05
4467 5.5861184383926875e-05
4495 3.207260550754382e-05
4499 9.312153328472917e-05
4516 0.00011663084820199027
4525 9.818910047034337e-05
4546 7.625433537211054e-05
4563 4.728074758348793e-05
4564 0.0001664173719040451
4567 6.341986704442123e-05
4577 3.9085797470059324e-05
4586 0.00016920278300425065
4652 4.476354154013861e-05
4659 6.610917985376751e-05
4670 7.541048004377448e-05
4676 1.811794967986411e-05
4689 0.00019041645403432799
4690 0.00020908021320920737
4797 9.988723143186235e-05
4834 1.7286007534181456e-05
4894 0.00014849761844045535
4933 2.564069103539461e-05
4951 0.00018825025618924418
4953 0.0002462203859023654
5168 0.00014488623116808087
5177 6.196989942762013e-05
5192 8.001326955199571e-05
5237 0.0001786642827461757
5291 0.00011067500849334801
5434 7.159039254876493e-05
5469 1.1433598200043818e-05
5550 4.944160821510571e-05
5568 0.0001753021616311125
5622 6.733409171295719e-05
5625 0.0001347133110905388
5626 0.00016007969731333051
5687 2.724862948448243e-05
5702 3.9886331735258645e-05
5806 7.910237522724487e-05
5834 6.804811807694473e-05
5884 0.00016251677649793962
5911 7.47870417645905e-05
5932 0.00015663840245623315
5982 0.0001376235146469122
5994 0.00015890538922556517
5996 0.0001431761810607271
6000 3.4631041686461846e-05
6018 0.0001431761810607271
6022 2.0770655001689466e-05
6030 0.0001391464957049546
6035 9.818910047034337e-05
6038 0.00011663084820199027
6043 0.0001504088997800851
6045 0.00016920278300425065
6064 0.00010498321344481378
6067 0.00016378259903044513
6069 0.0001786642827461757
6070 0.00026261715830791277
6141 0.00010982004923951138
6147 0.0002537323685808453
6159 7.101368253390731e-05
6160 7.955569410086921e-05
6162 0.0001128804268053397
6164 0.0001300045474523503
6218 9.464928935894339e-05
6229 7.458098891001271e-05
6242 3.105201474962982e-05
6254 8.141235399539764e-05
6256 0.00019041645403432799
6274 0.00021244233432427055
6302 8.509658347491132e-05
6306 0.00011425323385392718
6318 0.00019041645403432799
6338 0.00016920278300425065
6344 0.0002462203859023654
6348 9.590694438493474e-05
6349 0.0001523982138465608
6356 6.733409171295719e-05
6387 9.558947467904783e-05
6400 0.00016920278300425065
6401 0.00019756065060853997
6408 4.3989132524856074e-05
6409 0.00010575674440844711
6417 9.954283828468142e-05
6420 0.00013837905578907654
6487 0.00012936752625714268
6506 8.88061998220748e-05
6540 6.040786096929821e-05
6577 0.00010897983139923425
6578 6.025437603138515e-05
6590 8.691610145495967e-05
6600 0.00013065000625947455
6605 0.00010200632301179658
6619 5.7716484755306535e-05
6667 0.00012069415303305452
6668 0.00017695423263882194
6721 0.00021605372159664503
6748 0.00012016732165868515
6833 2.7093186202753706e-05
6885 5.131853189681648e-05
6898 0.0001263016457352357
6899 0.00022419450561242282
6956 0.00014944388948364012
6959 0.0002537323685808453
6960 3.259102983841739e-05
6972 6.133906307779394e-05
7067 3.508605365233e-05
7124 6.859058854884968e-05
7139 6.196989942762013e-05
7142 0.00015139340654708521
7143 0.0001523982138465608
7144 0.00023397347506023475
7161 0.0001423431449207802
7162 0.00015447220461114937
7178 3.714017269315804e-05
7181 0.0001263016457352357
7251 7.689695691525318e-05
7252 0.00018418695135817993
7310 0.0001347133110905388
7321 3.8200641252257444e-05
7335 0.000126899584862824
7469 7.887728740211037e-05
7471 0.00019506105515172307
7503 3.173002815645075e-05
7511 0.0001786642827461757
7523 8.935997200289977e-05
7581 0.00015775871449691997
7587 0.00013687950893562258
7594 0.00019268344080366
7595 0.00030726931367955075
7609 0.00018825025618924418
7627 7.887728740211037e-05
7651 0.00011566583790554528
7685 0.00016378259903044513
7691 0.00020019542348213994
7701 0.00011425323385392718
7724 9.920086195142229e-05
7792 0.000101646679848061
7799 9.403242760948e-05
7808 4.7398314413738584e-05
7818 2.996997446737178e-05
7829 0.00020019542348213994
7836 6.424444555902466e-05
7837 0.00018617626542465564
7843 0.00012571095453322076
7846 0.0002734912621014559
7847 0.00015775871449691997
7858 4.509923582401553e-05
7863 7.64676023536449e-05
7866 5.91933076971794e-05
7886 7.910237522724487e-05
7890 9.233159952796689e-06
7891 6.932340577943291e-05
7893 5.131853189681648e-05
7938 4.907474504580058e-05
7942 9.134928606937549e-05
7943 7.64676023536449e-05
8009 2.7093186202753706e-05
8010 3.97855428110104e-05
8016 3.6571316885345003e-05
8054 2.9805618738211806e-05
8084 0.00011333374567896404
8105 0.0001281179340087181
8109 8.285279662389543e-05
8115 0.0002537323685808453
8144 1.8182537399726556e-05
8332 0.0002734912621014559
8351 0.0001376235146469122
8434 0.0002059351589452662
8487 0.00012571095453322076
8489 0.00013837905578907654
8503 7.256700694753944e-05
8516 8.024367862190805e-05
8571 9.496067334174995e-05
8630 0.0001275049519955334
8639 3.69498153124238e-05
8661 7.843020694973282e-05
8663 8.001326955199571e-05
8676 0.0001423431449207802
8722 7.217400943451535e-05
8723 0.00010498321344481378
8813 4.431951634967444e-05
8815 0.0002734912621014559
8866 3.8493910507496085e-05
