451
5 0.0002875104201589402
44 0.00010575674440844711
56 0.0001027336712532598
58 3.9886331735258645e-05
64 0.00023971321052336105
65 0.0002875104201589402
68 3.241760820520544e-05
69 0.00010460100421098168
82 8.334256383691721e-05
84 0.00020908021320920737
92 0.00010774605847492284
93 0.00010982004923951138
97 8.612797493712278e-05
99 0.00020298083458234552
125 0.00015554326811050196
130 0.00011862016226846598
138 5.5304247721948624e-05
139 0.00010897983139923425
141 0.00012571095453322076
158 1.722259642893919e-05
160 3.6009024944890365e-05
161 8.88061998220748e-05
163 4.4209139343250144e-05
225 4.311890533715833e-05
243 6.309390310328486e-05
270 0.00022883910672981793
271 0.00030726931367955075
276 4.8109734749355606e-05
277 5.502814824397996e-05
278 5.558192042480493e-05
283 0.00014488623116808087
328 5.502814824397996e-05
344 9.164022082905678e-05
346 0.0002059351589452662
375 8.334256383691721e-05
376 0.0002462203859023654
393 0.00015139340654708521
430 2.1595466130645556e-05
463 2.104404381130732e-05
473 4.858985121920245e-05
491 0.00022419450561242282
493 0.0001300045474523503
509 1.4811799641107606e-05
521 6.165346047478709e-05
522 0.00011110817958998604
527 0.0001431761810607271
549 6.786862826996617e-05
632 6.4078409870285e-05
639 0.0001287387249198448
645 6.341986704442123e-05
659 0.0001263016457352357
745 0.00023971321052336105
785 9.134928606937549e-05
800 0.00011154523568104574
872 6.593667904531496e-05
969 0.00010536844412685977
974 0.00016508218077975113
977 0.00010384546306881737
981 0.00023397347506023475
990 0.00010939812948263226
998 0.0002059351589452662
1055 0.00011614595437539213
1173 9.077257605451787e-05
1234 2.8271279696782107e-05
1265 6.576478670658657e-05
1269 8.433711728522342e-05
1356 0.00014488623116808087
1359 0.00016920278300425065
1371 0.00011519040557349246
1412 6.804811807694473e-05
1418 6.424444555902466e-05
1422 0.00021244233432427055
1467 0.00020019542348213994
1469 6.358367031630664e-05
1494 0.00014576429866269
1495 0.00019041645403432799
1530 0.0002875104201589402
1581 0.00016251677649793962
1617 0.00019506105515172307
1618 0.00020019542348213994
1638 7.33626397641186e-05
1641 7.583058115843726e-05
1658 0.00010654275221462514
1665 0.00013263932032595027
1671 7.64676023536449e-05
1674 0.00014944388948364012
1699 0.00013130412920165632
1706 3.382257549850835e-05
1707 0.00015554326811050196
1711 0.00022883910672981793
1713 4.787143878550288e-05
1722 8.117636599183342e-05
1725 0.0002462203859023654
1773 0.0001002340757964429
1777 4.871062309639001e-05
1779 0.00011333374567896404
1808 0.00020019542348213994
1822 0.00023397347506023475
1848 6.508321716976057e-05
1901 0.00011243128604527755
1922 7.334292682143156e-06
1929 4.2158123180710165e-05
1931 7.754816608258265e-05
1932 0.0001275049519955334
1936 0.00011024565393173974
1937 0.0002537323685808453
1942 0.0001376235146469122
1970 0.00012122674224136485
1973 0.0001275049519955334
1979 0.00018825025618924418
1984 0.00010734164596720007
2004 7.217400943451535e-05
2029 0.00012122674224136485
2030 0.0001228603508781383
2042 8.383730339089555e-05
2054 0.00015447220461114937
2076 7.66818067754729e-05
2081 0.00019756065060853997
2083 0.00010422176939821458
2085 0.0001147195668623605
2124 0.00011663084820199027
2167 8.744869066327002e-05
2242 0.00013614669170503938
2384 3.364472337590274e-05
2389 8.070779096331723e-05
2391 2.4157123570420575e-05
2449 0.0002199543170027505
2450 0.0001504088997800851
2455 0.00010128967145643295
2466 0.00010939812948263226
2493 2.5565430128539482e-05
2503 0.00015342417653056774
2550 5.3403616896513294e-05
2563 2.4450245822639586e-05
2564 4.692973938522239e-05
2569 0.00023971321052336105
2571 6.593667904531496e-05
2582 7.458098891001271e-05
2586 9.502842032885344e-06
2618 4.846937791309118e-05
2620 0.00010347204034115494
2675 0.00010694056199521868
2714 8.691610145495967e-05
2725 0.00010536844412685977
2739 7.583058115843726e-05
2744 7.52017798211394e-05
2797 0.00010347204034115494
2903 8.718166847460814e-05
2904 0.00015139340654708521
2955 4.7516165565500014e-05
2958 6.950834500520415e-05
2965 0.00019268344080366
3047 0.0001786642827461757
3050 5.1064059112276297e-05
3064 0.00016128300357362823
3113 6.165346047478709e-05
3149 7.541048004377448e-05
3150 7.604199766141655e-05
3177 0.00016378259903044513
3228 4.566391685271689e-05
3229 4.669713069773751e-05
3230 4.692973938522239e-05
3303 0.00010058340652177312
3337 0.00015775871449691997
3338 0.00016007969731333051
3372 6.542281037332744e-05
3395 7.541048004377448e-05
3572 5.234992335902794e-05
3576 5.3536945098705395e-05
3634 0.00022419450561242282
3719 2.489326185102742e-05
3723 6.859058854884968e-05
3742 0.00023397347506023475
3743 3.233112827567267e-05
3746 1.903006184883404e-05
3766 5.131853189681648e-05
3782 0.00013614669170503938
3783 0.0002059351589452662
3788 0.0001300045474523503
3789 0.00016508218077975113
3832 3.3290954653437934e-05
3847 0.0001677901789526326
3875 3.285232498188492e-05
3887 5.5861184383926875e-05
3905 0.0002199543170027505
3912 0.00013263932032595027
3926 0.00011110817958998604
3931 0.0001664173719040451
3932 4.895306850942043e-05
3943 7.689695691525318e-05
3969 6.0101372993599195e-05
3970 6.663037655997976e-05
3974 0.00010128967145643295
3977 0.0001128804268053397
3996 7.417147870601431e-05
3997 0.0001347133110905388
4005 9.222735356398462e-05
4136 0.00013196715204843822
4158 0.00011519040557349246
4189 4.981125419104163e-05
4207 0.00015663840245623315
4210 0.0002875104201589402
4220 4.3879500470736716e-05
4295 0.00012176521653240713
4308 7.955569410086921e-05
4314 3.1644758795232604e-05
4315 7.256700694753944e-05
4363 7.025520142447097e-05
4372 0.00018825025618924418
4381 4.3226837668107787e-05
4382 6.14960082295629e-05
4402 6.950834500520415e-05
4448 0.0002734912621014559
4449 0.0002875104201589402
4457 0.00010058340652177312
4460 0.00011862016226846598
4461 9.19329029551259e-05
4467 5.5861184383926875e-05
4473 0.00016128300357362823
4484 0.00012176521653240713
4495 3.207260550754382e-05
4499 9.312153328472917e-05
4519 0.00010128967145643295
4520 0.0002734912621014559
4521 0.00030726931367955075
4533 5.685140711216779e-05
4544 0.0002734912621014559
4563 4.728074758348793e-05
4652 4.476354154013861e-05
4659 6.610917985376751e-05
4699 3.676019862375966e-05
4756 0.00014071861357331354
4757 0.00015663840245623315
4758 0.00017065756051371745
4759 5.0810908270240366e-05
4768 0.00012176521653240713
4769 0.00012936752625714268
4829 8.383730339089555e-05
4834 1.7286007534181456e-05
4839 3.088397517794058e-05
4846 4.681329625334851e-05
4911 6.341986704442123e-05
4913 6.457822376461287e-05
4914 6.542281037332744e-05
4933 2.564069103539461e-05
4935 0.00011862016226846598
4942 6.804811807694473e-05
4972 4.681329625334851e-05
4973 0.00014576429866269
4992 0.00017695423263882194
5086 0.00017370426675739054
5089 0.0002875104201589402
5091 0.00026261715830791277
5111 0.00014849761844045535
5161 5.502814824397996e-05
5162 5.6001418804450566e-05
5171 7.52017798211394e-05
5217 7.159039254876493e-05
5218 0.00020908021320920737
5222 2.3001954162320978e-05
5369 7.562007790453742e-05
5371 0.0001300045474523503
5379 2.541525611908456e-05
5380 3.8298201700263376e-05
5416 0.00013332088986277624
5427 3.490353872923123e-05
5430 6.441104889224853e-05
5434 7.159039254876493e-05
5443 0.00011712061541501202
5447 0.00016251677649793962
5455 8.908229930004346e-05
5462 0.00010654275221462514
5473 0.0001251273376474703
5481 6.576478670658657e-05
5490 0.00015447220461114937
5550 4.944160821510571e-05
5570 0.0001347133110905388
5588 6.913916575845257e-05
5620 0.0002059351589452662
5636 0.00010310145735752775
5638 0.00026261715830791277
5687 2.724862948448243e-05
5691 8.383730339089555e-05
5702 3.9886331735258645e-05
5723 0.00023971321052336105
5738 9.19329029551259e-05
5834 6.804811807694473e-05
5868 7.256700694753944e-05
5911 7.47870417645905e-05
5934 5.434466680855229e-05
5938 5.91933076971794e-05
5939 0.00030726931367955075
5984 3.088397517794058e-05
6000 3.4631041686461846e-05
6022 2.0770655001689466e-05
6035 9.818910047034337e-05
6038 0.00011663084820199027
6079 0.0001251273376474703
6092 0.00014576429866269
6093 0.0002199543170027505
6120 0.0001504088997800851
6121 0.0001523982138465608
6131 0.00016378259903044513
6132 0.00016508218077975113
6159 7.101368253390731e-05
6160 7.955569410086921e-05
6173 0.00013196715204843822
6264 4.7398314413738584e-05
6301 0.00023397347506023475
6302 8.509658347491132e-05
6345 0.0001251273376474703
6408 4.3989132524856074e-05
6411 0.0002199543170027505
6417 9.954283828468142e-05
6419 0.0002875104201589402
6429 5.815485137703107e-05
6470 0.0001263016457352357
6490 2.724862948448243e-05
6505 0.00013196715204843822
6506 8.88061998220748e-05
6516 9.818910047034337e-05
6540 6.040786096929821e-05
6550 0.00020019542348213994
6565 0.00011333374567896404
6568 3.9584588186023764e-05
6569 4.981125419104163e-05
6586 5.24803957997587e-05
6588 6.576478670658657e-05
6589 5.9343481706634316e-05
6590 8.691610145495967e-05
6593 7.754816608258265e-05
6595 7.66818067754729e-05
6602 0.0001300045474523503
6613 0.00014944388948364012
6614 8.484211069037113e-05
6619 5.7716484755306535e-05
6620 0.0001281179340087181
6621 0.0001399262151792957
6622 0.00014576429866269
6623 0.00010460100421098168
6624 0.00011663084820199027
6625 0.00011811516886331826
6661 5.889434094657216e-05
6662 0.00021605372159664503
6665 0.00012936752625714268
6670 0.00010734164596720007
6679 9.527405980765772e-05
6680 9.558947467904783e-05
6682 6.698096388147314e-05
6686 0.00011333374567896404
6689 7.376538112671329e-05
6691 0.0001804365299615294
6706 7.910237522724487e-05
6730 0.00013065000625947455
6760 1.9892587507080337e-05
6762 7.139739654402146e-05
6763 7.27647006365303e-05
6784 9.68719546813797e-05
6785 0.0001228603508781383
6789 4.7516165565500014e-05
6794 0.00014849761844045535
6815 7.178415593526694e-05
6820 0.0002059351589452662
6868 0.00016508218077975113
6869 0.00026261715830791277
6870 0.00022419450561242282
6905 2.9805618738211806e-05
6908 8.935997200289977e-05
6929 5.904359505253569e-05
6960 3.259102983841739e-05
6967 0.00010536844412685977
6968 0.0001287387249198448
6972 6.133906307779394e-05
6973 0.00011913044365880717
6992 4.787143878550288e-05
6995 7.843020694973282e-05
6996 0.00018617626542465564
6999 6.309390310328486e-05
7067 3.508605365233e-05
7073 5.516600244482883e-05
7124 6.859058854884968e-05
7211 0.00010498321344481378
7317 0.00026261715830791277
7389 0.0001300045474523503
7392 5.274239335290522e-05
7403 0.00018825025618924418
7411 0.00018825025618924418
7412 0.00030726931367955075
7469 7.887728740211037e-05
7471 0.00019506105515172307
7482 2.5340342303404983e-05
7483 2.8590308184836374e-05
7503 3.173002815645075e-05
7504 0.00012571095453322076
7587 0.00013687950893562258
7590 0.0001239806629188251
7651 0.00011566583790554528
7666 0.00014944388948364012
7685 0.00016378259903044513
7688 0.0002734912621014559
7724 9.920086195142229e-05
7725 0.00018418695135817993
7792 0.000101646679848061
7808 4.7398314413738584e-05
7818 2.996997446737178e-05
7836 6.424444555902466e-05
7858 4.509923582401553e-05
7863 7.64676023536449e-05
7866 5.91933076971794e-05
7886 7.910237522724487e-05
7890 9.233159952796689e-06
7891 6.932340577943291e-05
7892 0.0001002340757964429
7893 5.131853189681648e-05
7894 6.374802604546662e-05
7902 7.376538112671329e-05
7903 8.141235399539764e-05
7960 9.954283828468142e-05
8009 2.7093186202753706e-05
8010 3.97855428110104e-05
8016 3.6571316885345003e-05
8054 2.9805618738211806e-05
8071 0.00013687950893562258
8144 1.8182537399726556e-05
8145 0.0001263016457352357
8158 0.00010939812948263226
8234 4.8109734749355606e-05
8285 0.00021244233432427055
8297 0.00021244233432427055
8349 4.919672615455441e-05
8358 0.00017370426675739054
8444 5.815485137703107e-05
8447 4.100899018649567e-05
8509 0.00018617626542465564
8513 4.3335009582674306e-05
8520 5.874554257904601e-05
8521 6.610917985376751e-05
8526 0.00010939812948263226
8530 0.0001147195668623605
8539 7.955569410086921e-05
8541 0.00018825025618924418
8661 7.843020694973282e-05
8663 8.001326955199571e-05
8685 0.00012571095453322076
8693 8.484211069037113e-05
8694 8.88061998220748e-05
8700 0.00016508218077975113
8756 9.372690041743856e-05
8757 9.818910047034337e-05
8861 0.00015775871449691997
8879 0.0001196461249524729
