222
2 0.00014944388948364012
56 0.0001027336712532598
58 3.9886331735258645e-05
145 5.786216925096193e-05
158 1.722259642893919e-05
378 7.955569410086921e-05
430 2.1595466130645556e-05
436 6.181142310095298e-05
494 0.00010815385522706535
509 1.4811799641107606e-05
521 6.165346047478709e-05
722 0.00011663084820199027
765 7.499396958083494e-05
859 0.00017065756051371745
900 0.00020019542348213994
1011 8.56095506062492e-05
1048 0.00014849761844045535
1226 0.00011110817958998604
1306 4.5550455969092306e-05
1355 0.00019506105515172307
1497 6.663037655997976e-05
1511 9.312153328472917e-05
1649 8.744869066327002e-05
1693 0.0001281179340087181
1706 3.382257549850835e-05
1713 4.787143878550288e-05
1777 4.871062309639001e-05
1778 0.0001287387249198448
1779 0.00011333374567896404
1786 0.00021244233432427055
1787 0.00021244233432427055
1789 0.00020019542348213994
1888 6.071628875522179e-05
1922 7.334292682143156e-06
2137 0.00015342417653056774
2138 0.00017370426675739054
2310 0.0001391464957049546
2312 0.00017065756051371745
2371 8.858094887998e-06
2398 0.0001027336712532598
2399 0.000126899584862824
2439 5.502814824397996e-05
2493 2.5565430128539482e-05
2586 9.502842032885344e-06
2599 0.00012341728754011654
2600 0.00014849761844045535
2625 0.00016251677649793962
2662 0.00018418695135817993
2699 0.00013065000625947455
2701 0.00017065756051371745
2780 9.342327683396404e-05
2781 9.68719546813797e-05
2839 0.0001391464957049546
2894 0.00013130412920165632
2955 4.7516165565500014e-05
2958 6.950834500520415e-05
2963 8.509658347491132e-05
3024 0.0001347133110905388
3042 0.0001287387249198448
3050 5.1064059112276297e-05
3052 0.00011379132113009053
3228 4.566391685271689e-05
3229 4.669713069773751e-05
3230 4.692973938522239e-05
3260 0.0002462203859023654
3367 0.00017065756051371745
3746 1.903006184883404e-05
3887 5.5861184383926875e-05
3996 7.417147870601431e-05
4136 0.00013196715204843822
4189 4.981125419104163e-05
4220 4.3879500470736716e-05
4247 4.846937791309118e-05
4266 0.00015342417653056774
4267 0.00011519040557349246
4290 5.656642719180506e-05
4291 7.843020694973282e-05
4381 4.3226837668107787e-05
4382 6.14960082295629e-05
4392 8.334256383691721e-05
4398 6.325661252824365e-05
4457 0.00010058340652177312
4460 0.00011862016226846598
4467 5.5861184383926875e-05
4513 9.19329029551259e-05
4533 5.685140711216779e-05
4546 7.625433537211054e-05
4563 4.728074758348793e-05
4566 9.68719546813797e-05
4619 0.00010856509334268535
4625 0.00017695423263882194
4652 4.476354154013861e-05
4676 1.811794967986411e-05
4699 3.676019862375966e-05
4723 9.106007793564448e-05
4726 0.0002059351589452662
4759 5.0810908270240366e-05
4797 9.988723143186235e-05
4808 0.0001245506276326127
4834 1.7286007534181456e-05
4926 0.00010236864012694453
4927 0.00010236864012694453
4933 2.564069103539461e-05
4942 6.804811807694473e-05
4997 0.00015342417653056774
5161 5.502814824397996e-05
5162 5.6001418804450566e-05
5222 2.3001954162320978e-05
5228 4.931901336427842e-05
5242 6.786862826996617e-05
5291 0.00011067500849334801
5292 0.0001347133110905388
5379 2.541525611908456e-05
5395 3.215862746722012e-05
5427 3.490353872923123e-05
5439 8.024367862190805e-05
5440 8.586807337437805e-05
5457 0.0001423431449207802
5458 0.00017695423263882194
5469 1.1433598200043818e-05
5509 8.935997200289977e-05
5550 4.944160821510571e-05
5618 0.00014071861357331354
5806 7.910237522724487e-05
5894 1.5848029138067838e-05
5896 1.6219082409210568e-05
5909 6.663037655997976e-05
5934 5.434466680855229e-05
5938 5.91933076971794e-05
5984 3.088397517794058e-05
5988 7.044371782011974e-05
5989 0.00013130412920165632
6000 3.4631041686461846e-05
6022 2.0770655001689466e-05
6084 7.843020694973282e-05
6085 0.00011862016226846598
6159 7.101368253390731e-05
6160 7.955569410086921e-05
6166 0.0001786642827461757
6197 5.5304247721948624e-05
6229 7.458098891001271e-05
6230 0.0001239806629188251
6380 0.00011067500849334801
6399 8.212725328354177e-05
6429 5.815485137703107e-05
6467 4.669713069773751e-05
6468 4.669713069773751e-05
6490 2.724862948448243e-05
6536 7.499396958083494e-05
6540 6.040786096929821e-05
6553 0.00016508218077975113
6565 0.00011333374567896404
6589 5.9343481706634316e-05
6661 5.889434094657216e-05
6667 0.00012069415303305452
6675 5.7716484755306535e-05
6687 6.196989942762013e-05
6725 8.458895984833521e-05
6727 8.612797493712278e-05
6760 1.9892587507080337e-05
6789 4.7516165565500014e-05
6794 0.00014849761844045535
6848 0.00012122674224136485
6960 3.259102983841739e-05
6965 0.00013332088986277624
6980 0.00011379132113009053
6982 0.0001147195668623605
7139 6.196989942762013e-05
7178 3.714017269315804e-05
7180 0.0001275049519955334
7236 0.00010536844412685977
7237 0.00010536844412685977
7321 3.8200641252257444e-05
7327 0.00011761535496899039
7448 0.00023971321052336105
7469 7.887728740211037e-05
7482 2.5340342303404983e-05
7483 2.8590308184836374e-05
7484 0.0002734912621014559
7503 3.173002815645075e-05
7602 9.654815662959692e-05
7620 0.0001027336712532598
7694 6.804811807694473e-05
7718 9.527405980765772e-05
7799 9.403242760948e-05
7808 4.7398314413738584e-05
7890 9.233159952796689e-06
7938 4.907474504580058e-05
7943 7.64676023536449e-05
7989 0.00011862016226846598
8009 2.7093186202753706e-05
8010 3.97855428110104e-05
8031 5.5721352358276173e-05
8032 6.056183085252843e-05
8047 9.312153328472917e-05
8053 0.00016007969731333051
8084 0.00011333374567896404
8085 0.0002199543170027505
8098 0.0001300045474523503
8144 1.8182537399726556e-05
8145 0.0001263016457352357
8204 5.1064059112276297e-05
8346 0.0001399262151792957
8426 0.00015663840245623315
8447 4.100899018649567e-05
8513 4.3335009582674306e-05
8539 7.955569410086921e-05
8591 0.00011761535496899039
8633 5.949411993323993e-05
8638 6.491430390704548e-05
8639 3.69498153124238e-05
8678 4.409901177660094e-05
8680 0.00015663840245623315
8681 0.00023971321052336105
8722 7.217400943451535e-05
8803 0.0001281179340087181
8804 0.00013542473142615584
8810 0.00023971321052336105
8873 0.00013614669170503938
8890 0.00010058340652177312
8891 0.00010058340652177312
8892 0.00010384546306881737
