65
17 0.00012016732165868515
430 2.1595466130645556e-05
459 8.798716495431228e-05
480 6.877276232176413e-05
535 8.236790279729728e-05
537 0.00017215710736717137
645 6.341986704442123e-05
651 0.00012571095453322076
652 0.0001664173719040451
706 6.525271795805037e-05
708 9.654815662959692e-05
855 9.464928935894339e-05
861 7.316251041712385e-05
1350 6.374802604546662e-05
1773 0.0001002340757964429
1922 7.334292682143156e-06
1970 0.00012122674224136485
1973 0.0001275049519955334
2118 6.715720793434914e-05
2238 0.00011913044365880717
2239 0.0001251273376474703
2532 0.00015554326811050196
2685 7.754816608258265e-05
3290 0.00018617626542465564
3719 2.489326185102742e-05
4189 4.981125419104163e-05
4281 0.00014576429866269
4699 3.676019862375966e-05
4712 8.484211069037113e-05
4718 0.0001147195668623605
4834 1.7286007534181456e-05
5242 6.786862826996617e-05
5302 0.00021244233432427055
6218 9.464928935894339e-05
6452 8.63892700805903e-05
6483 0.00010734164596720007
6534 0.00018418695135817993
6586 5.24803957997587e-05
6589 5.9343481706634316e-05
6725 8.458895984833521e-05
6727 8.612797493712278e-05
6728 9.527405980765772e-05
6885 5.131853189681648e-05
6960 3.259102983841739e-05
6972 6.133906307779394e-05
7627 7.887728740211037e-05
7634 0.0001391464957049546
7677 6.988034244141115e-05
7681 0.00017215710736717137
7682 0.00018418695135817993
7827 0.00015775871449691997
7836 6.424444555902466e-05
7839 0.00010614816360120087
7843 0.00012571095453322076
7844 0.00016378259903044513
7845 0.00020908021320920737
8031 5.5721352358276173e-05
8032 6.056183085252843e-05
8105 0.0001281179340087181
8144 1.8182537399726556e-05
8447 4.100899018649567e-05
8678 4.409901177660094e-05
8695 4.476354154013861e-05
8696 4.787143878550288e-05
8811 0.00011913044365880717
