499
39 0.00022419450561242282
56 0.0001027336712532598
58 3.9886331735258645e-05
68 3.241760820520544e-05
81 0.00020908021320920737
97 8.612797493712278e-05
112 0.00021244233432427055
148 0.00010614816360120087
158 1.722259642893919e-05
160 3.6009024944890365e-05
163 4.4209139343250144e-05
225 4.311890533715833e-05
243 6.309390310328486e-05
278 5.558192042480493e-05
290 5.516600244482883e-05
310 8.408656954820681e-05
339 0.0001523982138465608
344 9.164022082905678e-05
352 0.00019506105515172307
370 0.0001347133110905388
371 9.818910047034337e-05
375 8.334256383691721e-05
378 7.955569410086921e-05
400 0.00015890538922556517
412 6.391293797104737e-05
413 7.562007790453742e-05
430 2.1595466130645556e-05
449 6.628229345501092e-05
458 0.00011198624708459517
463 2.104404381130732e-05
480 6.877276232176413e-05
671 0.00014576429866269
706 6.525271795805037e-05
707 9.496067334174995e-05
722 0.00011663084820199027
723 6.212889280683989e-05
725 0.00019268344080366
726 6.4078409870285e-05
751 0.00011614595437539213
765 7.499396958083494e-05
872 6.593667904531496e-05
884 0.00012936752625714268
886 0.0001677901789526326
891 5.757123449128065e-05
897 0.00014488623116808087
900 0.00020019542348213994
902 0.00026261715830791277
959 0.00019506105515172307
1083 7.178415593526694e-05
1102 8.285279662389543e-05
1103 9.527405980765772e-05
1111 9.886126874785542e-05
1126 4.895306850942043e-05
1130 8.665197383001834e-05
1131 0.00030726931367955075
1183 0.00010310145735752775
1216 4.5550455969092306e-05
1220 0.0001251273376474703
1234 2.8271279696782107e-05
1254 8.96392359620217e-05
1265 6.576478670658657e-05
1269 8.433711728522342e-05
1306 4.5550455969092306e-05
1312 0.00011243128604527755
1314 0.00013401212737453773
1331 0.00020019542348213994
1350 6.374802604546662e-05
1365 6.733409171295719e-05
1367 0.0001275049519955334
1389 0.00017370426675739054
1390 0.0002537323685808453
1391 6.491430390704548e-05
1438 0.00014071861357331354
1439 0.0001677901789526326
1473 0.0002875104201589402
1511 9.312153328472917e-05
1512 0.0001275049519955334
1517 9.106007793564448e-05
1519 0.0001376235146469122
1541 0.00014488623116808087
1543 0.0001664173719040451
1551 0.0002059351589452662
1555 0.00015139340654708521
1568 0.00018617626542465564
1621 0.00011198624708459517
1622 0.00011333374567896404
1646 0.00026261715830791277
1655 0.00020019542348213994
1667 0.0001376235146469122
1668 0.00022419450561242282
1686 0.00017215710736717137
1687 0.0002537323685808453
1693 0.0001281179340087181
1739 0.00015775871449691997
1752 0.00030726931367955075
1777 4.871062309639001e-05
1778 0.0001287387249198448
1785 0.00010734164596720007
1786 0.00021244233432427055
1787 0.00021244233432427055
1788 0.0002875104201589402
1828 0.00016128300357362823
1888 6.071628875522179e-05
1922 7.334292682143156e-06
1929 4.2158123180710165e-05
1956 0.0001128804268053397
1957 8.88061998220748e-05
1970 0.00012122674224136485
1973 0.0001275049519955334
1981 9.920086195142229e-05
1984 0.00010734164596720007
2000 0.00017695423263882194
2002 0.00018617626542465564
2026 8.535239208071232e-05
2032 0.00011024565393173974
2040 4.7398314413738584e-05
2044 0.00010536844412685977
2059 0.00014071861357331354
2073 0.00010939812948263226
2083 0.00010422176939821458
2085 0.0001147195668623605
2095 0.00020908021320920737
2190 0.00023397347506023475
2225 0.0002059351589452662
2248 0.00020298083458234552
2255 0.00014849761844045535
2259 0.00016378259903044513
2315 0.0002734912621014559
2321 8.691610145495967e-05
2326 0.00011913044365880717
2371 8.858094887998e-06
2373 4.532432364915004e-05
2377 0.0001228603508781383
2391 2.4157123570420575e-05
2417 8.63892700805903e-05
2439 5.502814824397996e-05
2448 8.825864993225359e-05
2493 2.5565430128539482e-05
2509 0.00020019542348213994
2559 7.604199766141655e-05
2575 0.00012016732165868515
2580 8.992010952057247e-05
2586 9.502842032885344e-06
2593 0.00016920278300425065
2599 0.00012341728754011654
2618 4.846937791309118e-05
2626 0.0001287387249198448
2699 0.00013065000625947455
2701 0.00017065756051371745
2710 0.00021605372159664503
2714 8.691610145495967e-05
2739 7.583058115843726e-05
2776 9.222735356398462e-05
2780 9.342327683396404e-05
2781 9.68719546813797e-05
2797 0.00010347204034115494
2830 8.285279662389543e-05
2958 6.950834500520415e-05
2963 8.509658347491132e-05
2976 5.461691012835996e-05
2982 7.197869283035229e-05
3019 0.0002875104201589402
3024 0.0001347133110905388
3031 8.691610145495967e-05
3033 0.0001415241100530177
3034 0.00016128300357362823
3042 0.0001287387249198448
3050 5.1064059112276297e-05
3051 7.910237522724487e-05
3104 0.00010939812948263226
3113 6.165346047478709e-05
3147 0.00012936752625714268
3168 0.0001275049519955334
3226 8.164949036359771e-05
3228 4.566391685271689e-05
3241 0.00026261715830791277
3247 0.00013263932032595027
3340 0.00017370426675739054
3367 0.00017065756051371745
3395 7.541048004377448e-05
3409 8.458895984833521e-05
3436 0.00014665847838343454
3513 6.056183085252843e-05
3545 6.071628875522179e-05
3557 0.00015775871449691997
3582 0.00010815385522706535
3583 0.00011663084820199027
3596 8.285279662389543e-05
3684 0.00023971321052336105
3719 2.489326185102742e-05
3723 6.859058854884968e-05
3727 6.424444555902466e-05
3729 0.00012936752625714268
3731 5.3138049876864844e-05
3743 3.233112827567267e-05
3756 0.00014576429866269
3766 5.131853189681648e-05
3786 0.00010058340652177312
3819 6.424444555902466e-05
3826 0.0002875104201589402
3832 3.3290954653437934e-05
3833 0.0002875104201589402
3835 0.00011811516886331826
3840 0.00010774605847492284
3841 0.00015139340654708521
3856 0.00030726931367955075
3891 8.334256383691721e-05
3905 0.0002199543170027505
3914 0.00012936752625714268
3915 0.0002734912621014559
3917 0.00022419450561242282
3924 0.00019268344080366
3925 0.00026261715830791277
3996 7.417147870601431e-05
4007 0.00020298083458234552
4099 0.0001147195668623605
4108 9.654815662959692e-05
4110 0.0002059351589452662
4138 0.00016251677649793962
4139 0.00017215710736717137
4140 0.0002199543170027505
4172 0.0002875104201589402
4189 4.981125419104163e-05
4198 0.00013332088986277624
4243 0.00014665847838343454
4266 0.00015342417653056774
4267 0.00011519040557349246
4286 0.0001228603508781383
4288 0.0001423431449207802
4296 9.527405980765772e-05
4314 3.1644758795232604e-05
4315 7.256700694753944e-05
4329 3.676019862375966e-05
4363 7.025520142447097e-05
4371 0.00013263932032595027
4381 4.3226837668107787e-05
4382 6.14960082295629e-05
4386 0.00016007969731333051
4397 0.00030726931367955075
4402 6.950834500520415e-05
4406 6.508321716976057e-05
4408 0.00013687950893562258
4417 0.00019506105515172307
4444 0.00014665847838343454
4453 3.6854914742017664e-05
4467 5.5861184383926875e-05
4492 6.969398876306011e-05
4495 3.207260550754382e-05
4502 6.424444555902466e-05
4503 7.798719092134497e-05
4513 9.19329029551259e-05
4516 0.00011663084820199027
4533 5.685140711216779e-05
4551 0.00017065756051371745
4563 4.728074758348793e-05
4619 0.00010856509334268535
4652 4.476354154013861e-05
4670 7.541048004377448e-05
4676 1.811794967986411e-05
4699 3.676019862375966e-05
4703 0.00012069415303305452
4705 0.00014071861357331354
4756 0.00014071861357331354
4757 0.00015663840245623315
4808 0.0001245506276326127
4829 8.383730339089555e-05
4834 1.7286007534181456e-05
4911 6.341986704442123e-05
4913 6.457822376461287e-05
4914 6.542281037332744e-05
4926 0.00010236864012694453
4927 0.00010236864012694453
4933 2.564069103539461e-05
4994 0.00030726931367955075
5161 5.502814824397996e-05
5162 5.6001418804450566e-05
5166 0.0001347133110905388
5194 0.00011712061541501202
5197 0.0001391464957049546
5217 7.159039254876493e-05
5218 0.00020908021320920737
5222 2.3001954162320978e-05
5228 4.931901336427842e-05
5242 6.786862826996617e-05
5254 5.9796800580258657e-05
5291 0.00011067500849334801
5292 0.0001347133110905388
5327 0.00014944388948364012
5364 0.0001804365299615294
5365 0.00020019542348213994
5369 7.562007790453742e-05
5378 0.00010347204034115494
5379 2.541525611908456e-05
5380 3.8298201700263376e-05
5395 3.215862746722012e-05
5412 0.00010856509334268535
5427 3.490353872923123e-05
5436 0.00018825025618924418
5439 8.024367862190805e-05
5440 8.586807337437805e-05
5443 0.00011712061541501202
5445 0.0002059351589452662
5448 9.954283828468142e-05
5469 1.1433598200043818e-05
5507 0.00019268344080366
5513 0.0002734912621014559
5521 0.00021605372159664503
5569 9.527405980765772e-05
5600 0.00018227567001855016
5607 0.00022883910672981793
5622 6.733409171295719e-05
5676 9.312153328472917e-05
5687 2.724862948448243e-05
5691 8.383730339089555e-05
5711 0.00020019542348213994
5737 0.0002875104201589402
5787 0.00013687950893562258
5797 5.544288630052885e-05
5834 6.804811807694473e-05
5858 6.663037655997976e-05
5862 6.610917985376751e-05
5865 0.0001196461249524729
5868 7.256700694753944e-05
5872 0.00013130412920165632
5888 8.358930576913648e-05
5891 0.00010310145735752775
5892 0.00011712061541501202
5894 1.5848029138067838e-05
5896 1.6219082409210568e-05
5909 6.663037655997976e-05
5912 0.00010498321344481378
5941 0.00016251677649793962
5984 3.088397517794058e-05
5985 7.52017798211394e-05
5987 7.798719092134497e-05
6000 3.4631041686461846e-05
6001 0.00017215710736717137
6006 0.0001664173719040451
6008 0.00018418695135817993
6009 0.00019756065060853997
6012 0.00014665847838343454
6013 0.00016128300357362823
6022 2.0770655001689466e-05
6043 0.0001504088997800851
6045 0.00016920278300425065
6050 0.0001431761810607271
6056 0.00019506105515172307
6057 0.00011024565393173974
6159 7.101368253390731e-05
6160 7.955569410086921e-05
6195 9.622649587425546e-05
6197 5.5304247721948624e-05
6205 0.0002462203859023654
6206 0.0002875104201589402
6227 0.00010536844412685977
6229 7.458098891001271e-05
6242 3.105201474962982e-05
6249 0.00010897983139923425
6264 4.7398314413738584e-05
6270 0.00030726931367955075
6302 8.509658347491132e-05
6327 0.00010384546306881737
6366 0.0001251273376474703
6367 0.00023397347506023475
6380 0.00011067500849334801
6386 0.00013837905578907654
6399 8.212725328354177e-05
6400 0.00016920278300425065
6403 0.00026261715830791277
6408 4.3989132524856074e-05
6427 0.00020908021320920737
6429 5.815485137703107e-05
6475 8.691610145495967e-05
6490 2.724862948448243e-05
6491 7.604199766141655e-05
6507 6.212889280683989e-05
6522 0.00030726931367955075
6540 6.040786096929821e-05
6552 0.00020908021320920737
6565 0.00011333374567896404
6566 7.082295263288685e-05
6568 3.9584588186023764e-05
6571 0.00014849761844045535
6578 6.025437603138515e-05
6581 0.00017370426675739054
6586 5.24803957997587e-05
6588 6.576478670658657e-05
6589 5.9343481706634316e-05
6593 7.754816608258265e-05
6661 5.889434094657216e-05
6682 6.698096388147314e-05
6706 7.910237522724487e-05
6712 6.025437603138515e-05
6730 0.00013065000625947455
6760 1.9892587507080337e-05
6833 2.7093186202753706e-05
6857 0.00014665847838343454
6867 0.00030726931367955075
6905 2.9805618738211806e-05
6924 0.0001677901789526326
6926 0.00019756065060853997
6934 0.00010200632301179658
6946 0.00015890538922556517
6948 0.0002734912621014559
6960 3.259102983841739e-05
6967 0.00010536844412685977
6968 0.0001287387249198448
6980 0.00011379132113009053
6982 0.0001147195668623605
6983 0.00013263932032595027
6997 0.00030726931367955075
7025 0.00016007969731333051
7039 0.0001753021616311125
7178 3.714017269315804e-05
7194 0.00022883910672981793
7215 0.00015139340654708521
7236 0.00010536844412685977
7237 0.00010536844412685977
7251 7.689695691525318e-05
7327 0.00011761535496899039
7369 9.372690041743856e-05
7384 0.0001399262151792957
7392 5.274239335290522e-05
7403 0.00018825025618924418
7406 6.698096388147314e-05
7407 0.0001786642827461757
7468 0.00015775871449691997
7469 7.887728740211037e-05
7503 3.173002815645075e-05
7518 0.00019756065060853997
7523 8.935997200289977e-05
7552 0.000126899584862824
7559 8.509658347491132e-05
7620 0.0001027336712532598
7694 6.804811807694473e-05
7786 0.00017695423263882194
7808 4.7398314413738584e-05
7818 2.996997446737178e-05
7827 0.00015775871449691997
7858 4.509923582401553e-05
7862 9.077257605451787e-05
7863 7.64676023536449e-05
7866 5.91933076971794e-05
7886 7.910237522724487e-05
7890 9.233159952796689e-06
7891 6.932340577943291e-05
7892 0.0001002340757964429
7893 5.131853189681648e-05
7933 0.00017370426675739054
7989 0.00011862016226846598
8009 2.7093186202753706e-05
8010 3.97855428110104e-05
8016 3.6571316885345003e-05
8026 0.00023971321052336105
8061 7.865323446718271e-05
8069 5.287392225192349e-05
8098 0.0001300045474523503
8109 8.285279662389543e-05
8117 0.00019268344080366
8144 1.8182537399726556e-05
8145 0.0001263016457352357
8148 0.0001753021616311125
8179 0.00017370426675739054
8185 0.0002875104201589402
8204 5.1064059112276297e-05
8234 4.8109734749355606e-05
8286 0.00023971321052336105
8301 0.00014488623116808087
8302 0.00020908021320920737
8351 0.0001376235146469122
8369 0.00030726931367955075
8444 5.815485137703107e-05
8474 8.408656954820681e-05
8516 8.024367862190805e-05
8531 9.752607762356147e-05
8532 0.0001002340757964429
8591 0.00011761535496899039
8600 8.383730339089555e-05
8603 0.0001376235146469122
8607 0.0002537323685808453
8626 0.0001263016457352357
8633 5.949411993323993e-05
8638 6.491430390704548e-05
8639 3.69498153124238e-05
8640 0.0002734912621014559
8678 4.409901177660094e-05
8717 9.106007793564448e-05
8718 9.403242760948e-05
8722 7.217400943451535e-05
8723 0.00010498321344481378
8753 0.00010614816360120087
8801 0.00015890538922556517
8802 0.00016007969731333051
8845 0.0001431761810607271
8866 3.8493910507496085e-05
8890 0.00010058340652177312
8891 0.00010058340652177312
8892 0.00010384546306881737
8911 0.00019506105515172307
