88
145 0.004158610099714296
334 0.006649760251035801
571 0.012968148024331853
722 0.025147115786519448
914 0.013100328800042894
969 0.007572932048859469
1242 0.00887011989159289
1424 0.019656081676194957
1648 0.006285022025734373
1688 0.013100328800042894
1712 0.0034405666327129167
1914 0.01769609741259581
1921 0.0005271227127682242
2383 0.0024180788284358487
2397 0.00738356837265364
2398 0.009120395970141028
2438 0.0039549262673415275
2492 0.0018374122040769666
2599 0.02134533508937642
2606 0.004785306255990949
2666 0.012015288597008778
2700 0.012265324026598788
2713 0.0062467443239241985
2849 0.006649760251035801
3102 0.00871268328108906
3294 0.014388238823167991
3512 0.004352637391594623
3556 0.011338271480617343
3786 0.007229026765500339
3852 0.012840774901886433
3914 0.009297769306481091
4001 0.012059242538918238
4203 0.008347522140270118
4268 0.04967307553891765
4349 0.005902565171475195
4383 0.017679110494898852
4461 0.01705069171188014
4468 0.004014797380883518
4689 0.012968148024331853
4819 0.00650337103858051
4928 0.022071999697048296
5017 0.005834223981606608
5081 0.03040335826348647
5223 0.0016531727056016494
5229 0.0035446052185681394
5380 0.0018266190526877546
5381 0.005505057637947536
5441 0.006171421531552074
5485 0.009297769306481091
5619 0.0101135829368175
5624 0.01611307608078961
5811 0.007562438375713542
5863 0.004751330732715936
5869 0.005215461015455415
5893 0.00841757197240796
5939 0.012762840924127326
5985 0.0022196611837565034
5990 0.00943695483423517
6027 0.016446888057872075
6039 0.008382371928839815
6128 0.020663652132713504
6134 0.009784994487704118
6252 0.008830092314725552
6430 0.004179645447355653
6444 0.009163904291808012
6469 0.003356167974018038
6795 0.03201800263406463
6834 0.007788854046417452
6930 0.004243520315388694
6983 0.008245006289333522
6996 0.005636854873677571
7238 0.015145864097718937
7308 0.022083742931549643
7571 0.022083742931549643
7695 0.014672052297622534
7828 0.011338271480617343
7905 0.004352637391594623
8033 0.004352637391594623
8095 0.015268436157241121
8308 0.016815900078522676
8347 0.02011326499480457
8427 0.01125775357008024
8586 0.020580421380858062
8592 0.008453129382932599
8724 0.007545245146936938
8812 0.008562020273284591
8892 0.014458053531000678
8893 0.022390421779095976
