373
44 0.00010575674440844711
49 0.00017065756051371745
58 3.9886331735258645e-05
68 3.241760820520544e-05
69 0.00010460100421098168
109 0.00011913044365880717
158 1.722259642893919e-05
161 8.88061998220748e-05
225 4.311890533715833e-05
238 0.00012176521653240713
243 6.309390310328486e-05
247 0.00030726931367955075
290 5.516600244482883e-05
328 5.502814824397996e-05
330 6.358367031630664e-05
334 9.252359415714085e-05
344 9.164022082905678e-05
352 0.00019506105515172307
386 0.00012122674224136485
387 0.0002875104201589402
430 2.1595466130645556e-05
436 6.181142310095298e-05
461 0.00015890538922556517
463 2.104404381130732e-05
472 0.0002734912621014559
473 4.858985121920245e-05
480 6.877276232176413e-05
509 1.4811799641107606e-05
519 0.00022883910672981793
551 0.0001431761810607271
552 0.0001804365299615294
565 0.0002537323685808453
575 8.825864993225359e-05
588 0.00021244233432427055
619 0.00017695423263882194
620 0.00018418695135817993
632 6.4078409870285e-05
639 0.0001287387249198448
641 0.00023971321052336105
645 6.341986704442123e-05
653 0.00015775871449691997
765 7.499396958083494e-05
785 9.134928606937549e-05
847 0.00016508218077975113
969 0.00010536844412685977
1072 0.00015775871449691997
1073 0.00016920278300425065
1074 0.00017215710736717137
1174 0.00018418695135817993
1175 0.0002875104201589402
1216 4.5550455969092306e-05
1220 0.0001251273376474703
1234 2.8271279696782107e-05
1265 6.576478670658657e-05
1269 8.433711728522342e-05
1306 4.5550455969092306e-05
1310 8.285279662389543e-05
1350 6.374802604546662e-05
1391 6.491430390704548e-05
1458 0.0001786642827461757
1459 0.00030726931367955075
1511 9.312153328472917e-05
1521 0.00011110817958998604
1573 0.0001347133110905388
1634 0.00018617626542465564
1635 0.0002734912621014559
1649 8.744869066327002e-05
1693 0.0001281179340087181
1706 3.382257549850835e-05
1713 4.787143878550288e-05
1722 8.117636599183342e-05
1777 4.871062309639001e-05
1778 0.0001287387249198448
1789 0.00020019542348213994
1848 6.508321716976057e-05
1881 8.408656954820681e-05
1882 9.496067334174995e-05
1888 6.071628875522179e-05
1922 7.334292682143156e-06
1949 0.00012571095453322076
1981 9.920086195142229e-05
2020 0.00013065000625947455
2026 8.535239208071232e-05
2040 4.7398314413738584e-05
2118 6.715720793434914e-05
2142 0.0002875104201589402
2148 8.383730339089555e-05
2149 8.408656954820681e-05
2150 0.00015663840245623315
2201 0.00017215710736717137
2266 0.0001347133110905388
2276 0.00022419450561242282
2371 8.858094887998e-06
2373 4.532432364915004e-05
2374 8.586807337437805e-05
2384 3.364472337590274e-05
2391 2.4157123570420575e-05
2398 0.0001027336712532598
2399 0.000126899584862824
2439 5.502814824397996e-05
2441 0.0001431761810607271
2443 0.00022419450561242282
2448 8.825864993225359e-05
2462 0.00011712061541501202
2463 0.00017370426675739054
2493 2.5565430128539482e-05
2550 5.3403616896513294e-05
2586 9.502842032885344e-06
2599 0.00012341728754011654
2600 0.00014849761844045535
2607 3.3290954653437934e-05
2612 8.001326955199571e-05
2618 4.846937791309118e-05
2667 8.358930576913648e-05
2675 0.00010694056199521868
2714 8.691610145495967e-05
2718 8.88061998220748e-05
2720 0.00021605372159664503
2776 9.222735356398462e-05
2780 9.342327683396404e-05
2781 9.68719546813797e-05
2817 0.0001275049519955334
2819 0.0001423431449207802
2955 4.7516165565500014e-05
2958 6.950834500520415e-05
2963 8.509658347491132e-05
2976 5.461691012835996e-05
3001 0.0002462203859023654
3076 9.818910047034337e-05
3079 0.00011862016226846598
3168 0.0001275049519955334
3228 4.566391685271689e-05
3229 4.669713069773751e-05
3230 4.692973938522239e-05
3247 0.00013263932032595027
3307 8.408656954820681e-05
3367 0.00017065756051371745
3465 5.7716484755306535e-05
3576 5.3536945098705395e-05
3682 0.0001239806629188251
3683 0.00017370426675739054
3698 0.0002734912621014559
3719 2.489326185102742e-05
3731 5.3138049876864844e-05
3746 1.903006184883404e-05
3766 5.131853189681648e-05
3782 0.00013614669170503938
3783 0.0002059351589452662
3788 0.0001300045474523503
3819 6.424444555902466e-05
3832 3.3290954653437934e-05
3840 0.00010774605847492284
3841 0.00015139340654708521
3844 0.00026261715830791277
3845 0.0002734912621014559
3875 3.285232498188492e-05
3883 0.00023971321052336105
3887 5.5861184383926875e-05
3932 4.895306850942043e-05
3943 7.689695691525318e-05
3974 0.00010128967145643295
3996 7.417147870601431e-05
4005 9.222735356398462e-05
4035 0.0002199543170027505
4036 0.0002875104201589402
4046 9.312153328472917e-05
4103 0.00023397347506023475
4266 0.00015342417653056774
4267 0.00011519040557349246
4314 3.1644758795232604e-05
4315 7.256700694753944e-05
4329 3.676019862375966e-05
4363 7.025520142447097e-05
4375 7.541048004377448e-05
4381 4.3226837668107787e-05
4382 6.14960082295629e-05
4383 0.00016920278300425065
4392 8.334256383691721e-05
4402 6.950834500520415e-05
4406 6.508321716976057e-05
4435 0.00010856509334268535
4436 0.0001128804268053397
4453 3.6854914742017664e-05
4460 0.00011862016226846598
4467 5.5861184383926875e-05
4485 7.159039254876493e-05
4492 6.969398876306011e-05
4495 3.207260550754382e-05
4513 9.19329029551259e-05
4533 5.685140711216779e-05
4563 4.728074758348793e-05
4577 3.9085797470059324e-05
4652 4.476354154013861e-05
4658 8.334256383691721e-05
4659 6.610917985376751e-05
4676 1.811794967986411e-05
4699 3.676019862375966e-05
4722 0.00030726931367955075
4723 9.106007793564448e-05
4797 9.988723143186235e-05
4799 0.0001664173719040451
4818 9.048676041112919e-05
4834 1.7286007534181456e-05
4905 0.00021605372159664503
4923 8.188778632745044e-05
4926 0.00010236864012694453
4927 0.00010236864012694453
4930 0.00021605372159664503
4931 0.00023397347506023475
4933 2.564069103539461e-05
4942 6.804811807694473e-05
4956 0.00030726931367955075
4961 0.00022883910672981793
4972 4.681329625334851e-05
4995 0.0002875104201589402
5016 8.117636599183342e-05
5154 0.00016508218077975113
5155 0.0001664173719040451
5156 0.00023397347506023475
5177 6.196989942762013e-05
5217 7.159039254876493e-05
5218 0.00020908021320920737
5222 2.3001954162320978e-05
5242 6.786862826996617e-05
5302 0.00021244233432427055
5378 0.00010347204034115494
5385 0.00011519040557349246
5395 3.215862746722012e-05
5412 0.00010856509334268535
5427 3.490353872923123e-05
5448 9.954283828468142e-05
5455 8.908229930004346e-05
5484 0.00012936752625714268
5550 4.944160821510571e-05
5588 6.913916575845257e-05
5597 0.00021244233432427055
5618 0.00014071861357331354
5622 6.733409171295719e-05
5705 0.00011566583790554528
5762 0.0001391464957049546
5763 0.00030726931367955075
5810 5.261121850249547e-05
5822 9.134928606937549e-05
5834 6.804811807694473e-05
5854 7.178415593526694e-05
5862 6.610917985376751e-05
5868 7.256700694753944e-05
5888 8.358930576913648e-05
5891 0.00010310145735752775
5892 0.00011712061541501202
5912 0.00010498321344481378
5934 5.434466680855229e-05
5938 5.91933076971794e-05
5984 3.088397517794058e-05
5985 7.52017798211394e-05
5987 7.798719092134497e-05
5996 0.0001431761810607271
6000 3.4631041686461846e-05
6005 0.00010897983139923425
6022 2.0770655001689466e-05
6023 0.00016251677649793962
6026 0.00022883910672981793
6033 0.00011519040557349246
6050 0.0001431761810607271
6079 0.0001251273376474703
6080 0.00014071861357331354
6120 0.0001504088997800851
6121 0.0001523982138465608
6133 0.00013614669170503938
6159 7.101368253390731e-05
6214 0.0001664173719040451
6229 7.458098891001271e-05
6238 0.00017215710736717137
6240 0.00022883910672981793
6254 8.141235399539764e-05
6264 4.7398314413738584e-05
6297 9.164022082905678e-05
6372 0.0001523982138465608
6386 0.00013837905578907654
6399 8.212725328354177e-05
6429 5.815485137703107e-05
6475 8.691610145495967e-05
6480 0.00014488623116808087
6490 2.724862948448243e-05
6491 7.604199766141655e-05
6540 6.040786096929821e-05
6566 7.082295263288685e-05
6586 5.24803957997587e-05
6588 6.576478670658657e-05
6589 5.9343481706634316e-05
6590 8.691610145495967e-05
6619 5.7716484755306535e-05
6661 5.889434094657216e-05
6667 0.00012069415303305452
6670 0.00010734164596720007
6687 6.196989942762013e-05
6706 7.910237522724487e-05
6712 6.025437603138515e-05
6730 0.00013065000625947455
6745 0.0002875104201589402
6760 1.9892587507080337e-05
6789 4.7516165565500014e-05
6794 0.00014849761844045535
6905 2.9805618738211806e-05
6931 0.0001196461249524729
6975 0.0001440237055098346
6977 0.00015342417653056774
6980 0.00011379132113009053
6982 0.0001147195668623605
6983 0.00013263932032595027
7067 3.508605365233e-05
7073 5.516600244482883e-05
7236 0.00010536844412685977
7237 0.00010536844412685977
7289 0.00013542473142615584
7290 0.00016508218077975113
7373 7.27647006365303e-05
7376 0.00013263932032595027
7377 0.00019756065060853997
7422 0.00013401212737453773
7469 7.887728740211037e-05
7476 8.117636599183342e-05
7480 9.252359415714085e-05
7482 2.5340342303404983e-05
7483 2.8590308184836374e-05
7537 0.00030726931367955075
7594 0.00019268344080366
7620 0.0001027336712532598
7660 0.00011913044365880717
7677 6.988034244141115e-05
7678 8.260974660633398e-05
7679 8.260974660633398e-05
7760 0.00017695423263882194
7808 4.7398314413738584e-05
7818 2.996997446737178e-05
7858 4.509923582401553e-05
7862 9.077257605451787e-05
7886 7.910237522724487e-05
7890 9.233159952796689e-06
7891 6.932340577943291e-05
7893 5.131853189681648e-05
7953 0.00030726931367955075
8016 3.6571316885345003e-05
8018 0.0001281179340087181
8042 6.663037655997976e-05
8124 0.0001300045474523503
8144 1.8182537399726556e-05
8148 0.0001753021616311125
8179 0.00017370426675739054
8204 5.1064059112276297e-05
8233 0.00017215710736717137
8346 0.0001399262151792957
8391 0.00023397347506023475
8392 0.0002537323685808453
8426 0.00015663840245623315
8503 7.256700694753944e-05
8513 4.3335009582674306e-05
8591 0.00011761535496899039
8600 8.383730339089555e-05
8602 0.00030726931367955075
8639 3.69498153124238e-05
8678 4.409901177660094e-05
8695 4.476354154013861e-05
8696 4.787143878550288e-05
8746 0.00011811516886331826
8750 0.00020019542348213994
8822 0.00016378259903044513
8845 0.0001431761810607271
8846 0.00023971321052336105
8866 3.8493910507496085e-05
8890 0.00010058340652177312
8891 0.00010058340652177312
8892 0.00010384546306881737
