477
1 0.00016251677649793962
44 0.00010575674440844711
53 0.00010200632301179658
58 3.9886331735258645e-05
60 0.00017215710736717137
68 3.241760820520544e-05
70 0.00011566583790554528
71 0.00019756065060853997
72 0.00013837905578907654
92 0.00010774605847492284
93 0.00010982004923951138
97 8.612797493712278e-05
138 5.5304247721948624e-05
139 0.00010897983139923425
145 5.786216925096193e-05
148 0.00010614816360120087
158 1.722259642893919e-05
160 3.6009024944890365e-05
163 4.4209139343250144e-05
225 4.311890533715833e-05
240 0.00010347204034115494
243 6.309390310328486e-05
246 0.0001002340757964429
295 6.969398876306011e-05
320 0.00017370426675739054
330 6.358367031630664e-05
334 9.252359415714085e-05
375 8.334256383691721e-05
377 0.00011913044365880717
378 7.955569410086921e-05
400 0.00015890538922556517
430 2.1595466130645556e-05
443 5.859719717528758e-05
446 0.00010058340652177312
463 2.104404381130732e-05
509 1.4811799641107606e-05
521 6.165346047478709e-05
522 0.00011110817958998604
535 8.236790279729728e-05
549 6.786862826996617e-05
551 0.0001431761810607271
552 0.0001804365299615294
632 6.4078409870285e-05
633 0.00010058340652177312
675 0.0002537323685808453
695 0.00011519040557349246
696 0.00017215710736717137
722 0.00011663084820199027
732 0.00011614595437539213
742 0.00020908021320920737
765 7.499396958083494e-05
837 0.0001128804268053397
838 0.00011614595437539213
847 0.00016508218077975113
864 0.00022883910672981793
922 0.0002875104201589402
933 0.0002734912621014559
1011 8.56095506062492e-05
1015 0.0002462203859023654
1070 0.00013130412920165632
1083 7.178415593526694e-05
1093 0.00016378259903044513
1096 6.950834500520415e-05
1140 3.8493910507496085e-05
1193 0.00015447220461114937
1216 4.5550455969092306e-05
1234 2.8271279696782107e-05
1254 8.96392359620217e-05
1306 4.5550455969092306e-05
1350 6.374802604546662e-05
1365 6.733409171295719e-05
1418 6.424444555902466e-05
1500 0.00010310145735752775
1517 9.106007793564448e-05
1519 0.0001376235146469122
1521 0.00011110817958998604
1550 0.0002875104201589402
1569 9.920086195142229e-05
1612 0.00020908021320920737
1621 0.00011198624708459517
1622 0.00011333374567896404
1634 0.00018617626542465564
1635 0.0002734912621014559
1638 7.33626397641186e-05
1641 7.583058115843726e-05
1649 8.744869066327002e-05
1682 0.00015447220461114937
1684 0.00020908021320920737
1703 0.00015663840245623315
1706 3.382257549850835e-05
1713 4.787143878550288e-05
1759 0.0001391464957049546
1777 4.871062309639001e-05
1778 0.0001287387249198448
1828 0.00016128300357362823
1834 0.00014849761844045535
1872 0.00017695423263882194
1888 6.071628875522179e-05
1911 0.00016920278300425065
1922 7.334292682143156e-06
1929 4.2158123180710165e-05
1938 0.00022419450561242282
1942 0.0001376235146469122
1948 0.0001523982138465608
1956 0.0001128804268053397
1957 8.88061998220748e-05
1981 9.920086195142229e-05
1985 9.496067334174995e-05
2020 0.00013065000625947455
2025 0.00012571095453322076
2026 8.535239208071232e-05
2040 4.7398314413738584e-05
2148 8.383730339089555e-05
2149 8.408656954820681e-05
2151 0.00011566583790554528
2159 0.00018617626542465564
2236 0.00030726931367955075
2237 0.00026261715830791277
2248 0.00020298083458234552
2249 0.0002875104201589402
2304 0.00016920278300425065
2306 0.00023971321052336105
2371 8.858094887998e-06
2391 2.4157123570420575e-05
2392 0.0001281179340087181
2398 0.0001027336712532598
2417 8.63892700805903e-05
2439 5.502814824397996e-05
2462 0.00011712061541501202
2493 2.5565430128539482e-05
2498 0.0002199543170027505
2500 0.00015447220461114937
2550 5.3403616896513294e-05
2586 9.502842032885344e-06
2599 0.00012341728754011654
2600 0.00014849761844045535
2607 3.3290954653437934e-05
2612 8.001326955199571e-05
2661 0.00018227567001855016
2667 8.358930576913648e-05
2675 0.00010694056199521868
2687 0.00019041645403432799
2695 0.00030726931367955075
2718 8.88061998220748e-05
2721 0.0001475693727081854
2722 0.00014944388948364012
2723 0.00018227567001855016
2728 0.00010939812948263226
2732 0.00012069415303305452
2733 0.0001786642827461757
2744 7.52017798211394e-05
2762 0.00010200632301179658
2764 0.00017215710736717137
2776 9.222735356398462e-05
2780 9.342327683396404e-05
2781 9.68719546813797e-05
2896 0.00011379132113009053
2940 7.910237522724487e-05
2945 0.0001196461249524729
2949 0.0002537323685808453
2955 4.7516165565500014e-05
2958 6.950834500520415e-05
2963 8.509658347491132e-05
2976 5.461691012835996e-05
2977 0.00015890538922556517
2982 7.197869283035229e-05
3001 0.0002462203859023654
3031 8.691610145495967e-05
3147 0.00012936752625714268
3149 7.541048004377448e-05
3150 7.604199766141655e-05
3185 0.00010939812948263226
3228 4.566391685271689e-05
3229 4.669713069773751e-05
3230 4.692973938522239e-05
3293 0.00020298083458234552
3313 0.00030726931367955075
3321 0.00011761535496899039
3409 8.458895984833521e-05
3436 0.00014665847838343454
3465 5.7716484755306535e-05
3507 9.134928606937549e-05
3576 5.3536945098705395e-05
3596 8.285279662389543e-05
3698 0.0002734912621014559
3719 2.489326185102742e-05
3731 5.3138049876864844e-05
3743 3.233112827567267e-05
3746 1.903006184883404e-05
3766 5.131853189681648e-05
3781 0.00022883910672981793
3786 0.00010058340652177312
3817 0.0002462203859023654
3819 6.424444555902466e-05
3832 3.3290954653437934e-05
3840 0.00010774605847492284
3841 0.00015139340654708521
3869 0.0001523982138465608
3875 3.285232498188492e-05
3902 0.00012122674224136485
3914 0.00012936752625714268
3974 0.00010128967145643295
3996 7.417147870601431e-05
4005 9.222735356398462e-05
4010 0.00014071861357331354
4046 9.312153328472917e-05
4142 0.00020298083458234552
4189 4.981125419104163e-05
4203 0.00011614595437539213
4267 0.00011519040557349246
4290 5.656642719180506e-05
4291 7.843020694973282e-05
4292 0.00011110817958998604
4293 0.0002875104201589402
4296 9.527405980765772e-05
4314 3.1644758795232604e-05
4329 3.676019862375966e-05
4332 8.117636599183342e-05
4336 0.00012571095453322076
4342 0.0002875104201589402
4345 5.131853189681648e-05
4348 8.212725328354177e-05
4363 7.025520142447097e-05
4366 0.00016007969731333051
4381 4.3226837668107787e-05
4382 6.14960082295629e-05
4383 0.00016920278300425065
4399 9.282164663063054e-05
4406 6.508321716976057e-05
4411 0.0001504088997800851
4412 0.00019756065060853997
4413 0.0001786642827461757
4414 0.00022419450561242282
4460 0.00011862016226846598
4467 5.5861184383926875e-05
4485 7.159039254876493e-05
4492 6.969398876306011e-05
4495 3.207260550754382e-05
4513 9.19329029551259e-05
4519 0.00010128967145643295
4533 5.685140711216779e-05
4563 4.728074758348793e-05
4566 9.68719546813797e-05
4577 3.9085797470059324e-05
4588 0.00016508218077975113
4589 0.00020298083458234552
4611 0.0002875104201589402
4619 0.00010856509334268535
4652 4.476354154013861e-05
4658 8.334256383691721e-05
4659 6.610917985376751e-05
4676 1.811794967986411e-05
4679 0.00012122674224136485
4699 3.676019862375966e-05
4722 0.00030726931367955075
4751 0.00010856509334268535
4754 0.00013542473142615584
4755 0.0001376235146469122
4759 5.0810908270240366e-05
4834 1.7286007534181456e-05
4839 3.088397517794058e-05
4905 0.00021605372159664503
4911 6.341986704442123e-05
4913 6.457822376461287e-05
4914 6.542281037332744e-05
4923 8.188778632745044e-05
4926 0.00010236864012694453
4927 0.00010236864012694453
4930 0.00021605372159664503
4931 0.00023397347506023475
4933 2.564069103539461e-05
4942 6.804811807694473e-05
4956 0.00030726931367955075
4997 0.00015342417653056774
5011 0.00010310145735752775
5014 0.00026261715830791277
5016 8.117636599183342e-05
5024 6.025437603138515e-05
5027 0.0002462203859023654
5028 0.00018825025618924418
5031 6.913916575845257e-05
5079 0.0001415241100530177
5161 5.502814824397996e-05
5162 5.6001418804450566e-05
5177 6.196989942762013e-05
5179 0.00013687950893562258
5194 0.00011712061541501202
5207 0.0002462203859023654
5222 2.3001954162320978e-05
5228 4.931901336427842e-05
5236 0.00010200632301179658
5242 6.786862826996617e-05
5269 0.00030726931367955075
5336 0.00018825025618924418
5364 0.0001804365299615294
5365 0.00020019542348213994
5379 2.541525611908456e-05
5380 3.8298201700263376e-05
5390 0.0002875104201589402
5395 3.215862746722012e-05
5408 0.00010774605847492284
5427 3.490353872923123e-05
5437 0.00013065000625947455
5448 9.954283828468142e-05
5469 1.1433598200043818e-05
5484 0.00012936752625714268
5550 4.944160821510571e-05
5588 6.913916575845257e-05
5618 0.00014071861357331354
5622 6.733409171295719e-05
5665 0.00018418695135817993
5702 3.9886331735258645e-05
5705 0.00011566583790554528
5806 7.910237522724487e-05
5810 5.261121850249547e-05
5868 7.256700694753944e-05
5888 8.358930576913648e-05
5891 0.00010310145735752775
5892 0.00011712061541501202
5894 1.5848029138067838e-05
5896 1.6219082409210568e-05
5909 6.663037655997976e-05
5912 0.00010498321344481378
5934 5.434466680855229e-05
5938 5.91933076971794e-05
5984 3.088397517794058e-05
5985 7.52017798211394e-05
5987 7.798719092134497e-05
5995 0.00019268344080366
5996 0.0001431761810607271
6000 3.4631041686461846e-05
6005 0.00010897983139923425
6022 2.0770655001689466e-05
6023 0.00016251677649793962
6024 0.0002199543170027505
6026 0.00022883910672981793
6029 0.0002462203859023654
6033 0.00011519040557349246
6034 0.0002734912621014559
6092 0.00014576429866269
6093 0.0002199543170027505
6127 0.0002875104201589402
6133 0.00013614669170503938
6197 5.5304247721948624e-05
6199 0.0001251273376474703
6204 0.0002875104201589402
6211 7.356359438910525e-05
6227 0.00010536844412685977
6242 3.105201474962982e-05
6264 4.7398314413738584e-05
6318 0.00019041645403432799
6334 0.00014944388948364012
6352 0.00011519040557349246
6366 0.0001251273376474703
6372 0.0001523982138465608
6386 0.00013837905578907654
6399 8.212725328354177e-05
6429 5.815485137703107e-05
6452 8.63892700805903e-05
6465 0.00015663840245623315
6475 8.691610145495967e-05
6490 2.724862948448243e-05
6491 7.604199766141655e-05
6493 0.0001251273376474703
6523 0.00020298083458234552
6540 6.040786096929821e-05
6589 5.9343481706634316e-05
6619 5.7716484755306535e-05
6661 5.889434094657216e-05
6667 0.00012069415303305452
6686 0.00011333374567896404
6704 0.00010694056199521868
6706 7.910237522724487e-05
6712 6.025437603138515e-05
6753 0.00011862016226846598
6755 0.00015890538922556517
6760 1.9892587507080337e-05
6789 4.7516165565500014e-05
6794 0.00014849761844045535
6811 0.00014576429866269
6815 7.178415593526694e-05
6822 8.535239208071232e-05
6826 0.00013614669170503938
6857 0.00014665847838343454
6863 0.00020019542348213994
6975 0.0001440237055098346
6977 0.00015342417653056774
6980 0.00011379132113009053
6982 0.0001147195668623605
6983 0.00013263932032595027
6998 0.00016251677649793962
7025 0.00016007969731333051
7026 0.00021605372159664503
7039 0.0001753021616311125
7067 3.508605365233e-05
7073 5.516600244482883e-05
7139 6.196989942762013e-05
7174 7.256700694753944e-05
7178 3.714017269315804e-05
7215 0.00015139340654708521
7236 0.00010536844412685977
7237 0.00010536844412685977
7271 0.00023971321052336105
7289 0.00013542473142615584
7290 0.00016508218077975113
7469 7.887728740211037e-05
7482 2.5340342303404983e-05
7483 2.8590308184836374e-05
7488 0.00018418695135817993
7491 0.0001147195668623605
7499 0.0002537323685808453
7503 3.173002815645075e-05
7520 9.558947467904783e-05
7523 8.935997200289977e-05
7560 0.00014849761844045535
7602 9.654815662959692e-05
7607 0.00023971321052336105
7610 0.00013263932032595027
7620 0.0001027336712532598
7677 6.988034244141115e-05
7678 8.260974660633398e-05
7679 8.260974660633398e-05
7694 6.804811807694473e-05
7698 0.0001504088997800851
7745 0.00019041645403432799
7760 0.00017695423263882194
7808 4.7398314413738584e-05
7811 0.00021605372159664503
7818 2.996997446737178e-05
7866 5.91933076971794e-05
7886 7.910237522724487e-05
7890 9.233159952796689e-06
7891 6.932340577943291e-05
7893 5.131853189681648e-05
7911 0.00010774605847492284
7913 0.00018825025618924418
7914 0.0002734912621014559
8009 2.7093186202753706e-05
8016 3.6571316885345003e-05
8069 5.287392225192349e-05
8071 0.00013687950893562258
8096 0.00013065000625947455
8109 8.285279662389543e-05
8116 0.00015447220461114937
8144 1.8182537399726556e-05
8161 0.00020908021320920737
8166 0.0001376235146469122
8346 0.0001399262151792957
8351 0.0001376235146469122
8426 0.00015663840245623315
8437 8.433711728522342e-05
8503 7.256700694753944e-05
8513 4.3335009582674306e-05
8516 8.024367862190805e-05
8543 0.0002462203859023654
8582 0.00010774605847492284
8591 0.00011761535496899039
8600 8.383730339089555e-05
8633 5.949411993323993e-05
8638 6.491430390704548e-05
8639 3.69498153124238e-05
8676 0.0001423431449207802
8678 4.409901177660094e-05
8695 4.476354154013861e-05
8696 4.787143878550288e-05
8699 0.0001664173719040451
8722 7.217400943451535e-05
8723 0.00010498321344481378
8763 6.542281037332744e-05
8813 4.431951634967444e-05
8814 9.988723143186235e-05
8822 0.00016378259903044513
8866 3.8493910507496085e-05
8890 0.00010058340652177312
8891 0.00010058340652177312
8892 0.00010384546306881737
8911 0.00019506105515172307
