425
7 0.00030726931367955075
21 0.00017695423263882194
35 0.00015139340654708521
37 0.00017695423263882194
53 0.00010200632301179658
56 0.0001027336712532598
58 3.9886331735258645e-05
112 0.00021244233432427055
138 5.5304247721948624e-05
139 0.00010897983139923425
145 5.786216925096193e-05
158 1.722259642893919e-05
160 3.6009024944890365e-05
204 0.00019506105515172307
205 0.00019756065060853997
206 0.00020019542348213994
225 4.311890533715833e-05
278 5.558192042480493e-05
289 0.00030726931367955075
290 5.516600244482883e-05
295 6.969398876306011e-05
377 0.00011913044365880717
378 7.955569410086921e-05
397 0.00013614669170503938
410 0.0002734912621014559
411 0.0002875104201589402
430 2.1595466130645556e-05
443 5.859719717528758e-05
446 0.00010058340652177312
458 0.00011198624708459517
463 2.104404381130732e-05
466 0.00013401212737453773
472 0.0002734912621014559
509 1.4811799641107606e-05
519 0.00022883910672981793
521 6.165346047478709e-05
535 8.236790279729728e-05
536 0.00017065756051371745
559 0.00015554326811050196
632 6.4078409870285e-05
645 6.341986704442123e-05
647 0.00017215710736717137
648 0.00018227567001855016
649 0.00018617626542465564
722 0.00011663084820199027
765 7.499396958083494e-05
800 0.00011154523568104574
891 5.757123449128065e-05
913 0.00015139340654708521
1018 0.00023397347506023475
1096 6.950834500520415e-05
1102 8.285279662389543e-05
1103 9.527405980765772e-05
1173 9.077257605451787e-05
1193 0.00015447220461114937
1194 0.0001027336712532598
1208 0.00012571095453322076
1216 4.5550455969092306e-05
1234 2.8271279696782107e-05
1254 8.96392359620217e-05
1265 6.576478670658657e-05
1269 8.433711728522342e-05
1508 0.00011198624708459517
1510 0.00020908021320920737
1511 9.312153328472917e-05
1541 0.00014488623116808087
1543 0.0001664173719040451
1553 0.0002462203859023654
1610 9.590694438493474e-05
1706 3.382257549850835e-05
1713 4.787143878550288e-05
1722 8.117636599183342e-05
1725 0.0002462203859023654
1758 0.00017370426675739054
1777 4.871062309639001e-05
1778 0.0001287387249198448
1782 0.00014665847838343454
1785 0.00010734164596720007
1810 0.00019268344080366
1872 0.00017695423263882194
1888 6.071628875522179e-05
1889 0.0002462203859023654
1918 0.0001376235146469122
1922 7.334292682143156e-06
1957 8.88061998220748e-05
2026 8.535239208071232e-05
2029 0.00012122674224136485
2030 0.0001228603508781383
2032 0.00011024565393173974
2040 4.7398314413738584e-05
2059 0.00014071861357331354
2070 0.00016251677649793962
2079 0.00017215710736717137
2118 6.715720793434914e-05
2120 0.00030726931367955075
2144 0.0001263016457352357
2146 0.0001347133110905388
2159 0.00018617626542465564
2252 0.00015554326811050196
2299 0.00010982004923951138
2300 0.00011024565393173974
2341 8.744869066327002e-05
2343 0.0001263016457352357
2371 8.858094887998e-06
2384 3.364472337590274e-05
2385 0.00011712061541501202
2439 5.502814824397996e-05
2493 2.5565430128539482e-05
2509 0.00020019542348213994
2549 0.0002462203859023654
2563 2.4450245822639586e-05
2586 9.502842032885344e-06
2593 0.00016920278300425065
2599 0.00012341728754011654
2600 0.00014849761844045535
2607 3.3290954653437934e-05
2685 7.754816608258265e-05
2714 8.691610145495967e-05
2725 0.00010536844412685977
2739 7.583058115843726e-05
2762 0.00010200632301179658
2764 0.00017215710736717137
2773 0.00011067500849334801
2783 8.718166847460814e-05
2785 0.00010856509334268535
2790 0.00011425323385392718
2791 0.00015663840245623315
2825 0.00011614595437539213
2929 0.0001251273376474703
2940 7.910237522724487e-05
2958 6.950834500520415e-05
2963 8.509658347491132e-05
3014 0.0001263016457352357
3031 8.691610145495967e-05
3033 0.0001415241100530177
3104 0.00010939812948263226
3307 8.408656954820681e-05
3409 8.458895984833521e-05
3421 8.586807337437805e-05
3427 0.00019041645403432799
3513 6.056183085252843e-05
3545 6.071628875522179e-05
3576 5.3536945098705395e-05
3605 5.380470086849468e-05
3627 6.491430390704548e-05
3628 7.733012801189119e-05
3675 0.00011519040557349246
3682 0.0001239806629188251
3719 2.489326185102742e-05
3731 5.3138049876864844e-05
3732 0.00010654275221462514
3733 0.0001128804268053397
3743 3.233112827567267e-05
3746 1.903006184883404e-05
3766 5.131853189681648e-05
3792 0.0002199543170027505
3827 0.00013614669170503938
3828 0.0001753021616311125
3832 3.3290954653437934e-05
3840 0.00010774605847492284
3841 0.00015139340654708521
3869 0.0001523982138465608
3875 3.285232498188492e-05
3887 5.5861184383926875e-05
3897 0.00017370426675739054
3901 0.00010384546306881737
3914 0.00012936752625714268
3932 4.895306850942043e-05
3943 7.689695691525318e-05
3944 0.00020019542348213994
3951 9.920086195142229e-05
3954 0.00010774605847492284
3974 0.00010128967145643295
3996 7.417147870601431e-05
4005 9.222735356398462e-05
4015 8.798716495431228e-05
4016 0.00017370426675739054
4037 0.0001391464957049546
4038 0.00014488623116808087
4097 0.00022419450561242282
4125 0.00016508218077975113
4158 0.00011519040557349246
4215 0.0001504088997800851
4216 0.0001677901789526326
4220 4.3879500470736716e-05
4247 4.846937791309118e-05
4250 8.612797493712278e-05
4266 0.00015342417653056774
4267 0.00011519040557349246
4290 5.656642719180506e-05
4291 7.843020694973282e-05
4314 3.1644758795232604e-05
4329 3.676019862375966e-05
4363 7.025520142447097e-05
4371 0.00013263932032595027
4381 4.3226837668107787e-05
4382 6.14960082295629e-05
4383 0.00016920278300425065
4390 8.825864993225359e-05
4398 6.325661252824365e-05
4406 6.508321716976057e-05
4408 0.00013687950893562258
4457 0.00010058340652177312
4484 0.00012176521653240713
4486 0.00012571095453322076
4492 6.969398876306011e-05
4495 3.207260550754382e-05
4513 9.19329029551259e-05
4533 5.685140711216779e-05
4546 7.625433537211054e-05
4548 0.00023397347506023475
4563 4.728074758348793e-05
4577 3.9085797470059324e-05
4652 4.476354154013861e-05
4658 8.334256383691721e-05
4676 1.811794967986411e-05
4759 5.0810908270240366e-05
4808 0.0001245506276326127
4834 1.7286007534181456e-05
4837 0.00016508218077975113
4911 6.341986704442123e-05
4913 6.457822376461287e-05
4914 6.542281037332744e-05
4926 0.00010236864012694453
4927 0.00010236864012694453
4933 2.564069103539461e-05
4942 6.804811807694473e-05
4957 0.0002734912621014559
4972 4.681329625334851e-05
4974 0.00013263932032595027
5011 0.00010310145735752775
5012 0.00010774605847492284
5024 6.025437603138515e-05
5028 0.00018825025618924418
5031 6.913916575845257e-05
5038 0.00016251677649793962
5111 0.00014849761844045535
5151 0.0001431761810607271
5161 5.502814824397996e-05
5162 5.6001418804450566e-05
5194 0.00011712061541501202
5198 0.00010654275221462514
5216 0.00016378259903044513
5217 7.159039254876493e-05
5222 2.3001954162320978e-05
5228 4.931901336427842e-05
5236 0.00010200632301179658
5242 6.786862826996617e-05
5261 0.00026261715830791277
5262 0.0002875104201589402
5366 0.00013542473142615584
5369 7.562007790453742e-05
5370 0.00011154523568104574
5379 2.541525611908456e-05
5411 8.164949036359771e-05
5427 3.490353872923123e-05
5439 8.024367862190805e-05
5440 8.586807337437805e-05
5449 0.00016128300357362823
5455 8.908229930004346e-05
5469 1.1433598200043818e-05
5481 6.576478670658657e-05
5506 0.00019268344080366
5509 8.935997200289977e-05
5550 4.944160821510571e-05
5569 9.527405980765772e-05
5622 6.733409171295719e-05
5624 0.0001415241100530177
5625 0.0001347133110905388
5626 0.00016007969731333051
5642 9.852402568908913e-05
5674 0.00010236864012694453
5687 2.724862948448243e-05
5691 8.383730339089555e-05
5699 8.260974660633398e-05
5716 0.00015775871449691997
5806 7.910237522724487e-05
5810 5.261121850249547e-05
5834 6.804811807694473e-05
5862 6.610917985376751e-05
5868 7.256700694753944e-05
5894 1.5848029138067838e-05
5896 1.6219082409210568e-05
5909 6.663037655997976e-05
5934 5.434466680855229e-05
5938 5.91933076971794e-05
5984 3.088397517794058e-05
5985 7.52017798211394e-05
5987 7.798719092134497e-05
5988 7.044371782011974e-05
6000 3.4631041686461846e-05
6014 9.818910047034337e-05
6022 2.0770655001689466e-05
6035 9.818910047034337e-05
6036 0.00017370426675739054
6040 0.00014488623116808087
6041 0.0001475693727081854
6081 0.00019041645403432799
6084 7.843020694973282e-05
6087 0.00010236864012694453
6106 7.217400943451535e-05
6109 0.00016920278300425065
6197 5.5304247721948624e-05
6202 0.00013196715204843822
6211 7.356359438910525e-05
6242 3.105201474962982e-05
6264 4.7398314413738584e-05
6309 0.0001147195668623605
6328 9.920086195142229e-05
6366 0.0001251273376474703
6386 0.00013837905578907654
6399 8.212725328354177e-05
6408 4.3989132524856074e-05
6413 9.590694438493474e-05
6429 5.815485137703107e-05
6467 4.669713069773751e-05
6468 4.669713069773751e-05
6470 0.0001263016457352357
6472 0.00023397347506023475
6490 2.724862948448243e-05
6491 7.604199766141655e-05
6507 6.212889280683989e-05
6516 9.818910047034337e-05
6532 0.00030726931367955075
6540 6.040786096929821e-05
6541 0.00016920278300425065
6565 0.00011333374567896404
6566 7.082295263288685e-05
6586 5.24803957997587e-05
6588 6.576478670658657e-05
6589 5.9343481706634316e-05
6590 8.691610145495967e-05
6593 7.754816608258265e-05
6638 9.282164663063054e-05
6665 0.00012936752625714268
6667 0.00012069415303305452
6675 5.7716484755306535e-05
6691 0.0001804365299615294
6706 7.910237522724487e-05
6708 0.00017370426675739054
6760 1.9892587507080337e-05
6811 0.00014576429866269
6833 2.7093186202753706e-05
6960 3.259102983841739e-05
6972 6.133906307779394e-05
6973 0.00011913044365880717
6980 0.00011379132113009053
6982 0.0001147195668623605
6983 0.00013263932032595027
6992 4.787143878550288e-05
6995 7.843020694973282e-05
7003 8.771718405598661e-05
7067 3.508605365233e-05
7073 5.516600244482883e-05
7139 6.196989942762013e-05
7165 6.628229345501092e-05
7167 0.00011243128604527755
7171 0.00012341728754011654
7174 7.256700694753944e-05
7178 3.714017269315804e-05
7236 0.00010536844412685977
7237 0.00010536844412685977
7308 0.00030726931367955075
7321 3.8200641252257444e-05
7346 8.070779096331723e-05
7349 0.00013614669170503938
7389 0.0001300045474523503
7390 0.00013065000625947455
7392 5.274239335290522e-05
7465 0.00030726931367955075
7482 2.5340342303404983e-05
7483 2.8590308184836374e-05
7559 8.509658347491132e-05
7594 0.00019268344080366
7620 0.0001027336712532598
7656 0.00016508218077975113
7657 0.00020298083458234552
7698 0.0001504088997800851
7716 0.00020298083458234552
7724 9.920086195142229e-05
7818 2.996997446737178e-05
7890 9.233159952796689e-06
7893 5.131853189681648e-05
7904 6.056183085252843e-05
7957 0.00011379132113009053
7981 6.950834500520415e-05
7987 7.843020694973282e-05
8009 2.7093186202753706e-05
8010 3.97855428110104e-05
8061 7.865323446718271e-05
8069 5.287392225192349e-05
8088 8.509658347491132e-05
8090 9.558947467904783e-05
8144 1.8182537399726556e-05
8145 0.0001263016457352357
8186 9.252359415714085e-05
8233 0.00017215710736717137
8341 0.00020908021320920737
8349 4.919672615455441e-05
8355 0.00016378259903044513
8474 8.408656954820681e-05
8496 0.00017695423263882194
8530 0.0001147195668623605
8539 7.955569410086921e-05
8554 0.00026261715830791277
8555 0.00030726931367955075
8558 0.00017370426675739054
8568 0.00022883910672981793
8591 0.00011761535496899039
8626 0.0001263016457352357
8633 5.949411993323993e-05
8638 6.491430390704548e-05
8639 3.69498153124238e-05
8695 4.476354154013861e-05
8696 4.787143878550288e-05
8733 0.00018825025618924418
8753 0.00010614816360120087
8781 8.63892700805903e-05
8834 0.0001391464957049546
8839 0.00026261715830791277
8847 0.00016007969731333051
8866 3.8493910507496085e-05
8890 0.00010058340652177312
8891 0.00010058340652177312
8892 0.00010384546306881737
