1048
12 0.0007112714751508509
14 0.0008926348249679447
15 0.0009817659211397466
23 0.0005340178369144115
25 0.0007170421899743797
32 0.0033133047845951705
37 0.0004129395447177746
44 0.00024679342921395147
47 0.000670932931253332
51 0.0016020535107432344
52 0.00022835736696202175
53 0.0007141243917369451
60 0.0008034899925929464
68 0.00045389744591483255
69 0.00073228919837256
70 0.0005398344841132337
74 0.0009531337914181546
80 0.0006423151414157013
85 0.0006382178915549031
93 0.005381786293603832
103 0.00044964514910767687
112 0.0009915088156574492
116 0.00035563573757542547
117 0.0008107108799905025
119 0.0005340178369144115
130 0.0019376800740916421
133 0.0019830176313148985
138 0.00012905772602723388
139 0.0005086296189735405
145 0.00040508063814970364
148 0.003220188961031874
149 0.0014131636964101843
152 0.00034436717716034254
158 0.0002009528402392067
163 0.00010316623457110377
238 0.00028415072263336276
243 0.0005889425131777687
246 0.0009356230253971188
276 0.0012349550973942993
277 0.001155720794541279
317 0.0009915088156574492
367 0.0009915088156574492
368 0.0005459993741128076
370 0.00031436633371010263
389 0.0014417078841478495
394 0.0004253576253483423
396 0.0005132843344143788
401 0.00025529094787882136
402 0.0021511265699231392
405 0.0002780022293499056
407 0.0009611385894318997
423 0.0010079879221762513
458 0.0007839916999355163
460 0.001341865862506664
478 0.000467175075693331
480 0.00032097557361171085
487 0.00041693010940924797
491 0.000523179218124617
493 0.0006067559711418413
519 0.0005340178369144115
524 0.0003229206978769966
532 0.00048056929471594986
533 0.0006128421353338881
546 0.00030952647885437777
549 0.0001583779039387113
559 0.0003629750210528394
575 0.0006178798807511736
590 0.0012764357831098062
597 0.0002613305666451721
609 0.0005340178369144115
620 0.0025789066936435187
632 0.0002990661370850903
639 0.0006008481364156359
640 0.0005340178369144115
668 0.0012095855066115017
671 0.0003401548650646487
672 0.0007362899521322601
708 0.00022530431314034244
726 0.0014953306854254514
738 0.00047367509761661776
751 0.001355188197687215
757 0.0017667112082967384
773 0.001037126050281179
774 0.0005593935931354265
775 0.0011377450998818837
780 0.0006354225276121031
795 0.004467525240884321
807 0.00031436633371010263
838 0.000542075279074886
850 0.000523179218124617
872 0.00015386951653622596
881 0.0009473501952332355
886 0.0015662174127529318
900 0.002335875378466655
903 0.0005340178369144115
904 0.000934350151386662
909 0.001068035673828823
910 0.0005745787062482013
917 0.00047367509761661776
918 0.00029754494165598155
941 0.0006804617837893662
954 0.0006382178915549031
969 0.0014753237612860554
985 0.002298314824992805
1006 0.0005459993741128076
1011 0.003995560696532564
1014 0.0004129395447177746
1034 0.0005745787062482013
1055 0.001355188197687215
1065 0.0007259500421056788
1092 0.0003822022839903972
1095 0.00016220433901188253
1102 0.000666993260805849
1110 0.0016149152630443079
1127 0.0008181685595477742
1129 0.00020221062863920488
1138 0.0003302599813544105
1143 0.00035563573757542547
1144 0.00023149465349857958
1158 0.0024513685413355525
1164 0.0005904260716778564
1172 0.00148278512296021
1176 0.0004829237096205147
1193 0.0011986940013210938
1195 0.00044964514910767687
1221 0.0008338602188184959
1225 0.00025928151257029473
1226 0.0013524232439590855
1227 0.00048056929471594986
1239 0.0003401548650646487
1248 0.0005354180570187781
1253 0.0012550901349466417
1257 0.0003708208506882003
1260 0.0006382178915549031
1265 0.0004344600359949021
1276 0.0005459993741128076
1286 0.0017664546205127304
1297 0.0012160663199857536
1300 0.0007170421899743797
1309 0.00019334488701548992
1311 0.001574214644517696
1313 0.0015636502738437816
1326 0.0007471224207679506
1358 0.0003948507991971411
1366 0.0011901797666239262
1369 0.0006382178915549031
1370 0.0018816544282002495
1389 0.0011842172656677107
1390 0.0006059348273575169
1411 0.00015879676048749186
1417 0.0005996821145033022
1419 0.0004129395447177746
1438 0.001174663059564699
1467 0.0003629750210528394
1484 0.001046358436249234
1485 0.000670932931253332
1491 0.0005593935931354265
1496 0.003576231491426659
1498 0.00040535543999525126
1503 0.0008679620329399602
1507 0.0002613305666451721
1510 0.0008692318456491294
1511 0.0011901797666239262
1518 0.0009634727121235519
1527 0.000670932931253332
1530 0.0003883507772738544
1538 0.0002613305666451721
1553 0.0005340178369144115
1555 0.000523179218124617
1558 0.0010664831841908343
1568 0.00023149465349857958
1571 0.0006930666538577314
1573 0.0005340178369144115
1575 0.0012846302828314025
1578 0.0018023779621557517
1586 0.0013937561269333557
1593 0.000296132259831759
1606 0.0018441063296394955
1607 0.00045519353849493484
1609 0.0002238079833355691
1628 0.0003604755924311504
1637 0.0003423974053824692
1640 0.0005308736365153126
1646 0.0003487415404760934
1648 0.0006122095296080616
1649 0.0007897015983942822
1654 0.000934350151386662
1658 0.0016677204376369919
1673 0.0006974830809521868
1685 0.0012052349888894197
1686 0.0005921086328338553
1688 0.0004253576253483423
1692 0.0008969261805857782
1694 0.0003401548650646487
1706 0.0003629750210528394
1712 0.0022342511780906087
1717 0.0011291077202263745
1718 0.00035099348385444313
1720 0.0016326557078788734
1729 0.0013830797472296217
1758 0.0006494231839343051
1763 0.0014832834027528011
1764 0.0003948507991971411
1777 0.004806785091325087
1778 0.0010579003314908904
1780 0.0004957544078287246
1781 0.0006844830371056133
1783 0.0007170421899743797
1833 0.0006930666538577314
1834 0.0012764357831098062
1845 0.0005041819237678189
1847 0.00015187788201542453
1886 0.0007170421899743797
1894 0.00026880777545717854
1901 0.00044435491970514033
1921 3.4230540132631475e-05
1922 0.0007170421899743797
1935 0.002572687268498729
1940 0.0013107938327177563
1941 0.004496205989909909
1946 0.0019830176313148985
1948 0.0002933584778214358
1955 0.00026341722013333
1956 0.0024868526404220916
1959 0.0005466242076871365
1967 0.0010919987482256152
1984 0.00022159976978834134
1990 0.000523179218124617
1991 0.001046358436249234
2024 0.0020535093447500504
2025 0.00039835586186085794
2041 0.00019564232726359287
2043 0.0007376618806430277
2062 0.00046102658240987387
2076 0.0004210658169722833
2084 0.00026770902850938906
2092 0.0011025319559150482
2093 0.0004879085781933637
2094 0.0004879085781933637
2101 0.0007170421899743797
2104 0.001118787186270853
2112 0.0003852349816991731
2113 0.0011377450998818837
2117 0.000783588684355747
2122 0.00393553661129424
2123 0.00027216918543496654
2144 0.001118787186270853
2145 0.0009430990011303078
2148 0.0003924480271346526
2149 0.0003655306212856638
2156 0.0010919987482256152
2157 0.0027969679656771325
2182 0.002868168759897519
2183 0.0006128213665593931
2232 0.0004253576253483423
2239 0.0005459993741128076
2241 0.00031771126380605153
2242 0.0008507152506966846
2262 0.0003580299191517203
2264 0.00048056929471594986
2327 0.0008689200719898042
2328 0.00033217127717569865
2357 0.0004210658169722833
2372 0.00021153724658875365
2373 0.0006011439669383011
2378 0.00025529094787882136
2384 0.00027331210384356824
2388 0.0026367503699688826
2397 0.000958955201056875
2398 0.001480661299158795
2410 0.0019375241872619797
2414 0.0011901797666239262
2416 0.00020159758443525028
2420 0.0003604755924311504
2438 0.00025682684323139534
2450 0.0006803097301292974
2468 0.00025928151257029473
2474 0.0003604755924311504
2484 0.0003160265007776646
2486 0.0007170421899743797
2488 0.000523179218124617
2491 0.0007964913219681853
2492 0.0005965936457332911
2498 0.000467175075693331
2501 0.0008258790894355492
2502 0.003580299191517203
2503 0.0004298177822739198
2512 0.0012256842706677763
2517 0.0008421316339445666
2532 0.0007170421899743797
2542 0.0007170421899743797
2543 0.00044435491970514033
2544 0.00046102658240987387
2555 0.00045519353849493484
2578 0.00030641068327969656
2584 0.00046102658240987387
2592 0.0015794031967885645
2598 0.0011520239503090008
2599 0.0006930666538577314
2602 0.0015695376543738509
2611 0.0001867185803213893
2615 0.0009103870769898697
2619 0.00024146185481025735
2635 0.0007704699633983462
2636 0.0006382178915549031
2639 0.005269169361056414
2642 0.0005921086328338553
2646 0.0004392998908506269
2652 0.0005459993741128076
2653 0.000622233972483405
2655 0.0008887098394102807
2659 0.00036814497606613004
2660 0.0004253576253483423
2678 0.0005041819237678189
2688 0.00030337798557092063
2690 0.0003948507991971411
2691 0.0004210658169722833
2698 0.00030488422513339544
2707 0.00030337798557092063
2713 0.0002028269955921971
2717 0.0014506640402462197
2721 0.0003487415404760934
2724 0.0002458872935476759
2725 0.00048056929471594986
2731 0.0005633025880233475
2732 0.001250790328227744
2738 0.0005308736365153126
2743 0.00035098102213458723
2767 0.0003302599813544105
2772 0.00025827066658620513
2780 0.0027127191205670257
2784 0.0017734288512935537
2793 0.0008640179627317507
2795 0.0005340178369144115
2824 0.0008131129186123288
2826 0.000837616862196731
2829 0.00019334488701548992
2832 0.0009741347759014575
2833 0.0006930666538577314
2838 0.00032471159196715253
2857 0.000467175075693331
2860 0.00044964514910767687
2861 0.0002854213439463798
2894 0.0007170421899743797
2903 0.0007065818482050922
2916 0.0005132843344143788
2928 0.00029199655226872363
2930 0.0007170421899743797
2938 0.00030488422513339544
2939 0.00018459292171385343
2954 0.001330601940360522
2962 0.0015886478176033718
2963 0.000670932931253332
2967 0.00046102658240987387
2971 0.0005593935931354265
2975 0.0010196300666435066
2977 0.0021839974964512304
2984 0.00039824566098409263
2986 0.0003283802786502671
2990 0.0005340178369144115
3030 0.0012169619735531826
3033 0.002634584680528207
3035 0.0004957544078287246
3051 0.0023898859086677934
3053 0.0005921086328338553
3074 0.0015054769603018328
3080 0.0008785997817012538
3096 0.0011416853757855192
3111 0.00033609302526934953
3116 0.00039824566098409263
3136 0.0002655428787408659
3137 0.0025209096188390945
3149 0.0012421586755982743
3150 0.0014340843799487595
3151 0.0019146536746647092
3160 0.0004917745870953518
3184 0.0010211637915152855
3201 0.0013830797472296217
3203 0.001194736982952278
3213 0.00261406012449945
3222 0.003513634988210776
3225 0.005335032005072196
3229 0.0008761201097692631
3234 0.008111449841611084
3268 0.0012029853207256968
3269 0.0004090842797738871
3270 0.0014210252928498533
3273 0.000670932931253332
3276 0.0004017449962964732
3281 0.0021511265699231392
3302 0.0007041628585404887
3306 0.0003924480271346526
3320 0.0002744666256830695
3330 0.0022759676924746742
3332 0.0007471224207679506
3337 0.0007471224207679506
3342 0.0008131129186123288
3344 0.007778445377108841
3353 0.0003852349816991731
3382 0.00025238731547096263
3386 0.00044435491970514033
3394 0.0010558651974078841
3398 0.0015398530032431363
3400 0.0010529804515633295
3413 0.0011495759582890316
3414 0.0003655306212856638
3417 0.0006128421353338881
3420 0.0016030505785021361
3433 0.0004344600359949021
3449 0.0002613305666451721
3451 0.007272116710760543
3453 0.0005593935931354265
3477 0.0001835448090001394
3478 0.000581301489113299
3481 0.00034224151855280667
3506 0.00042634450769849403
3509 0.0005745787062482013
3512 0.001978575153654953
3517 0.0019146536746647092
3529 0.00041693010940924797
3535 0.0018385264060016642
3559 0.0003604755924311504
3561 0.00046102658240987387
3577 0.000523179218124617
3580 0.0005593935931354265
3581 0.00025238731547096263
3582 0.0010886767417398662
3595 0.00038668977403097984
3604 0.0003766751721445598
3618 0.0017985805964307075
3624 0.001002345738894894
3627 0.001985029355658999
3631 0.000670932931253332
3632 0.0005593935931354265
3653 0.00031097665142840517
3656 0.00011006043167043582
3681 0.0005786413552933069
3682 0.0012160663199857536
3683 0.0033563615588125587
3685 0.000523179218124617
3696 0.001046358436249234
3729 0.0015094571798948094
3739 0.0004392998908506269
3748 0.0010669072127262764
3757 0.0008107108799905025
3759 0.0043022531398462785
3760 0.000247706843156298
3767 0.00039824566098409263
3786 0.005163860962630251
3791 0.000467175075693331
3814 0.0003401548650646487
3846 0.000670932931253332
3869 0.0014225429503017019
3882 0.0002804218828547269
3886 0.0007170421899743797
3887 0.00013035739073829702
3894 0.0005921086328338553
3902 0.0002828941416221638
3904 0.0005041819237678189
3909 0.0009103870769898697
3911 0.0004879085781933637
3914 0.0006037828719579238
3916 0.0004879085781933637
3924 0.00044964514910767687
3926 0.00025928151257029473
3928 0.0003487415404760934
3930 0.0004879085781933637
3931 0.0003883507772738544
3942 0.0006128421353338881
3943 0.00017944636816672854
3952 0.0008421316339445666
3953 0.002478772039143623
3962 0.000670932931253332
3969 0.0002805045488970705
3970 0.00015548832571420258
3974 0.002600059982251122
3980 0.0006128421353338881
3982 0.00041693010940924797
3983 0.0005593935931354265
4002 0.0005894738239289975
4003 0.002730401870138286
4005 0.0023674343871653678
4044 0.001014317432969314
4080 0.00046102658240987387
4094 0.0034937837232310665
4099 0.0021416722280751125
4103 0.0005459993741128076
4108 0.0004506086262806849
4116 0.0005132843344143788
4125 0.0003852349816991731
4137 0.0005459993741128076
4139 0.0008034899925929464
4147 0.0009220531648197477
4154 0.0002933584778214358
4191 0.00044435491970514033
4193 0.001068035673828823
4221 0.00010239699088641152
4226 0.004831981380248635
4238 0.0007170421899743797
4248 0.003619453016697302
4267 0.0014321196766068811
4284 0.00048056929471594986
4288 0.0011491574124964025
4290 0.0005132843344143788
4293 0.00025928151257029473
4301 0.0009473501952332355
4303 0.0008689200719898042
4316 0.0005080260533515094
4335 0.0007964913219681853
4346 0.00023951335756188975
4349 0.00019165176257211948
4364 0.006066046383480166
4382 0.00020174788022947192
4383 0.0008610407310948382
4384 0.0015794031967885645
4389 0.000660519962708821
4390 0.0007170421899743797
4393 0.00019448780542409168
4397 0.0020531373376575152
4398 0.0007170421899743797
4400 0.00021660814736113626
4403 0.0004866130170356476
4412 0.00035099348385444313
4414 0.00041693010940924797
4415 0.000523179218124617
4418 0.0013655806154848045
4425 0.00048056929471594986
4430 0.002478772039143623
4433 0.0023925290966807225
4437 0.00105366888053332
4451 0.003688212659278991
4455 0.0008421316339445666
4458 0.00046944190569365914
4468 0.003258934768457425
4482 0.00021660814736113626
4486 0.0003341259902563986
4493 0.0003252751127815615
4494 0.0004129395447177746
4497 0.00048056929471594986
4500 0.0004346159228245647
4504 0.0018199053299058038
4512 0.0008887098394102807
4517 0.0016330151126097993
4520 0.0007091072678866696
4527 0.0006128421353338881
4528 0.0004090842797738871
4534 0.0005306726789040475
4542 0.00032115757070785064
4547 0.002135360995557735
4551 0.0007170421899743797
4566 0.0003229206978769966
4568 0.0022199444426546817
4587 0.0003948507991971411
4655 0.0010669072127262764
4659 0.0007779512216963667
4660 0.004936706034935018
4672 0.000670932931253332
4677 0.00016911984032149665
4683 0.0005745787062482013
4718 0.0006382178915549031
4725 0.0011291077202263745
4735 0.0036770528120033284
4737 0.0005041819237678189
4752 0.000253346978756222
4753 0.0006128421353338881
4770 0.0015094571798948094
4771 0.0005593935931354265
4780 0.0015169934665091784
4798 0.004428830878212722
4800 0.0007767015545477088
4802 0.001571831668550513
4812 0.0005041819237678189
4819 0.0004223189362576503
4830 0.00039128465452718575
4835 4.033854389751902e-05
4838 0.0026966448718942116
4854 0.00019917793093042897
4865 0.0007897015983942822
4875 0.000467175075693331
4886 0.0031166044034348435
4915 0.004580110652373088
4916 0.001118787186270853
4924 0.0001910929436371402
4928 0.0016722087577060241
4951 0.0010664831841908343
4960 0.000670932931253332
4969 0.0006382178915549031
4973 0.00010924328258964177
4974 0.0003401548650646487
4975 0.003095264788543778
4982 0.0007704699633983462
4986 0.0020127987937599958
4987 0.0006382178915549031
5002 0.0010265686688287576
5003 0.0006844830371056133
5013 0.0010057427317397354
5019 0.0020502043023252693
5039 0.0003792483666272946
5081 0.001480760575283709
5112 0.0013861333077154628
5163 0.006011493490893458
5167 0.004086762338231333
5169 0.0003381058109897714
5171 0.00026341722013333
5181 0.00025627553779065867
5187 0.0003735612103839753
5188 0.0016781807794062794
5193 0.0054148388293202895
5198 0.00032471159196715253
5199 0.000248627653243451
5221 0.0006382178915549031
5223 0.0009661904893696994
5229 0.0005754530598356236
5254 0.002298314824992805
5255 0.00027908305146439656
5277 0.0004957544078287246
5293 0.00031436633371010263
5295 0.0009042397068556753
5312 0.00045519353849493484
5336 0.00022991519165780632
5350 0.0021839974964512304
5361 0.0003381058109897714
5362 0.0014419023697246015
5367 0.0006320530015553291
5378 0.00048056929471594986
5380 0.00023723567691362303
5381 0.00035748999586566874
5393 0.001118787186270853
5437 0.0004392998908506269
5438 0.00030488422513339544
5440 0.00018725626181682236
5441 0.00020038132231276702
5456 0.0006236460733401314
5466 0.0006128421353338881
5482 0.0018416206728329916
5510 0.00020853000012826468
5537 0.0008596355645478396
5543 0.0010265686688287576
5552 0.000523179218124617
5569 0.0004090842797738871
5583 0.00034436717716034254
5591 0.0013033801079847063
5623 0.0012570440960374433
5625 0.0003302599813544105
5626 0.0009430990011303078
5627 0.0007471224207679506
5637 0.0007217911924354181
5643 0.00045983038331561264
5655 0.00045519353849493484
5675 0.002627756619252324
5676 0.0005745787062482013
5691 0.0018441063296394955
5692 0.0005869269817907787
5695 0.0007362899521322601
5703 0.005119320336044613
5712 0.000467175075693331
5717 0.0014725799042645202
5723 0.00044964514910767687
5727 0.0009531337914181546
5728 0.0007170421899743797
5730 0.0016999788731342522
5732 0.0003302599813544105
5761 0.000670932931253332
5766 0.001088925063158518
5768 0.0011842172656677107
5771 0.0006190529577087555
5807 0.0025843009039939477
5811 0.00012277328601577366
5812 0.00024059706414513937
5823 0.0008526890153969881
5829 0.0008507152506966846
5851 0.0008992902982153537
5855 0.0005025454813001563
5863 0.0012341765087337546
5866 0.002233644965857949
5869 0.0010160521067030187
5873 0.00030641068327969656
5885 0.0003792483666272946
5910 0.0009329299542852155
5912 0.00017452268033674536
5913 0.0002449883210841007
5929 0.0007019869677088863
5939 0.0023482647000140004
5942 0.0007584967332545892
5968 0.001341865862506664
5982 0.0007767015545477088
5985 0.0029548985227070075
5988 0.0012739337309340625
5990 0.00030641068327969656
5992 0.0007767015545477088
5995 0.0003708208506882003
5996 0.0008992902982153537
5997 0.001002345738894894
5999 0.001014317432969314
6002 0.0004017449962964732
6003 0.0005041819237678189
6010 0.00046102658240987387
6014 0.002258215440452749
6019 0.000334115246298298
6034 0.0034945010809433207
6037 0.00040535543999525126
6042 0.00034436717716034254
6046 0.0007897015983942822
6047 0.004458909839947764
6051 0.000334115246298298
6054 0.0017014305013933692
6059 0.0008258790894355492
6071 0.0006128421353338881
6076 0.0015794031967885645
6080 0.00029199655226872363
6083 0.00040535543999525126
6086 0.0005536228783118979
6087 0.0007170421899743797
6091 0.00047367509761661776
6095 0.001097866502732278
6099 0.0006382178915549031
6107 0.0006736996827236458
6115 0.0002458872935476759
6122 0.0014225429503017019
6125 0.00044435491970514033
6134 0.0012708450552242061
6135 0.0003111169862417025
6161 0.004084317257971412
6164 0.000670932931253332
6165 0.00030337798557092063
6167 0.00041693010940924797
6174 0.00030795791020049265
6194 0.001996447841846324
6195 0.007658614698658837
6199 0.0005459993741128076
6216 0.00031771126380605153
6219 0.0002208731256263167
6223 0.0007243855644307721
6258 0.0005041819237678189
6266 0.00029754494165598155
6293 0.00020659704552690317
6295 0.00039824566098409263
6298 0.0008554047112108447
6300 0.001002345738894894
6303 0.00039716195440084296
6306 0.0004017449962964732
6307 0.0026662079604770858
6310 0.0024093812565845014
6311 0.0007170421899743797
6319 0.0008887098394102807
6328 0.00024233327228837404
6329 0.0011574732674928978
6335 0.0003487415404760934
6346 0.0008759896568061708
6349 0.0002238079833355691
6372 0.0003883507772738544
6373 0.002489450163027978
6387 0.0003229206978769966
6388 0.00022306713755948526
6389 0.0003883507772738544
6390 0.0011842172656677107
6395 0.00039155435318823296
6410 0.0012339671460697575
6411 0.0007471224207679506
6414 0.0002238079833355691
6421 0.0003229206978769966
6435 0.0003401548650646487
6437 0.0004210658169722833
6444 0.00029754494165598155
6462 0.0003465333269288657
6469 0.0002179443984175107
6471 0.0014736845598224935
6477 0.0005028713658698677
6488 0.0006037828719579238
6496 0.0004017449962964732
6497 0.0009758171563867274
6498 0.0007767015545477088
6503 0.0026573702174055892
6506 0.00030795791020049265
6507 0.0004144754400703486
6508 0.0004349510547482774
6513 0.000668230492596596
6516 0.0004879085781933637
6517 0.000687400835343048
6528 0.0007170421899743797
6536 0.0012256842706677763
6537 0.00035001113218350406
6547 0.0008338602188184959
6548 0.00034436717716034254
6574 0.00035099348385444313
6579 0.00014060932160034158
6585 0.00045519353849493484
6589 0.006752609133720969
6599 0.0003018914359789619
6600 0.0005593935931354265
6601 0.0009146526754001864
6631 0.0007170421899743797
6654 0.0013286851087027946
6662 0.00013743555027909168
6683 0.0001563064545985045
6686 0.00045519353849493484
6707 0.0005537787651415603
6713 0.0005624372864013663
6728 0.0010049391367368923
6729 0.00022233108693528298
6737 0.0033546646562666598
6747 0.0008992902982153537
6754 0.0008304343174678467
6756 0.0007416417013764006
6761 0.0008820036809109449
6767 0.0007170421899743797
6774 0.0003160265007776646
6795 0.0024257332885020597
6824 0.00028415072263336276
6827 0.00031771126380605153
6832 0.0005226611332903442
6834 0.0016438377484714497
6858 0.0013689660742112267
6880 0.0009915088156574492
6909 0.0008341200005130587
6919 0.0031910894577745156
6920 0.0001726113845154572
6921 0.00021943362001981823
6930 0.0006889192447082982
6935 0.0007141243917369451
6947 0.0003708208506882003
6956 0.0009611385894318997
6963 0.00097638559783008
6966 0.0009333509587251075
6968 0.0002458872935476759
6969 0.0015021203410390898
6971 0.0007170421899743797
6973 0.00014314054206580247
6975 0.00044435491970514033
6976 0.00033609302526934953
6983 0.0010708361140375562
6984 0.00030952647885437777
6993 0.0005585627945226522
6999 0.0003792483666272946
7000 0.00029447125658888434
7002 0.00036814497606613004
7003 0.0005593935931354265
7015 0.0013489354473230307
7026 0.0003735612103839753
7035 0.0008338602188184959
7037 0.0003792483666272946
7068 8.187664575793793e-05
7070 0.0003883507772738544
7081 0.00029473691196449874
7092 0.0002208731256263167
7102 0.00027681143915594893
7117 0.0005593935931354265
7132 0.0006382178915549031
7140 0.0004338379761971333
7158 0.0003465333269288657
7162 0.00033217127717569865
7163 0.0003604755924311504
7172 0.002880059875772502
7177 0.0008596355645478396
7179 8.667012805483751e-05
7182 0.00471579059143198
7252 0.00017944636816672854
7290 0.0003160265007776646
7292 0.0015794031967885645
7302 0.0002572687268498729
7303 0.00027563298897876205
7306 0.0003852349816991731
7311 0.00031436633371010263
7312 0.00034436717716034254
7314 0.0016781807794062794
7317 0.002666129518230842
7319 0.0007170421899743797
7320 0.0010919987482256152
7328 0.0008233998770492085
7336 0.000296132259831759
7342 0.0003283802786502671
7356 0.0004017449962964732
7370 0.0004374412864730099
7375 0.0012249416054205032
7377 0.00030952647885437777
7380 0.0005745787062482013
7389 0.0005921086328338553
7390 0.00030337798557092063
7391 0.0006097684502667909
7400 0.0006128421353338881
7404 0.0004392998908506269
7412 0.0004392998908506269
7426 0.000670932931253332
7435 0.0007170421899743797
7447 0.0003629750210528394
7455 0.0003487415404760934
7464 0.0007170421899743797
7470 0.0011044059470975767
7472 0.00045519353849493484
7481 0.0010795630677251104
7484 0.0018013915466530681
7492 0.0008031270855281672
7497 0.0004253576253483423
7499 0.0024513685413355525
7503 0.00045211985342783764
7521 0.0004461342751189705
7555 0.0007711108266621088
7560 0.00019858097720042148
7572 0.0014832834027528011
7573 0.0008596355645478396
7577 0.0009473501952332355
7580 0.0014725799042645202
7603 0.003154260383964794
7604 0.00047367509761661776
7605 0.001068035673828823
7607 0.0034153600473535457
7610 0.0008785997817012538
7633 0.001896241833136473
7640 0.0005593935931354265
7651 0.0004017449962964732
7652 0.0005398344841132337
7665 0.000837616862196731
7695 0.005081496335599739
7702 0.006132278309097297
7710 0.000670932931253332
7711 0.0003381058109897714
7767 0.0005459993741128076
7770 0.0005340178369144115
7776 0.0004917745870953518
7793 0.00023720220235818793
7800 0.0017554689601585458
7839 0.00048056929471594986
7840 0.0007431205294688941
7863 0.0002118264461371729
7864 0.0010706665705823776
7885 0.00025627553779065867
7886 0.0012894533468217593
7892 0.0006470910629026511
7899 0.0004129395447177746
7905 0.0002826535933792791
7913 0.004940399262295251
7923 0.00025143568293493386
7943 0.003197583807738705
7944 0.019450442698913193
7958 0.004248686059853854
7961 0.00046458537564445185
7962 0.00035563573757542547
7963 0.00048056929471594986
7978 0.0006930666538577314
7980 0.00041693010940924797
7983 0.0005459993741128076
7996 0.00042634450769849403
7997 0.0005921086328338553
8011 0.0013926502652463655
8013 0.0024513685413355525
8020 0.0007170421899743797
8029 0.00044964514910767687
8033 0.0002826535933792791
8043 0.00015548832571420258
8045 0.002478772039143623
8061 0.0010708361140375562
8062 0.0009177240450006969
8063 0.0017571995634025077
8078 0.00030337798557092063
8082 0.0007767015545477088
8083 0.0007170421899743797
8091 0.00022306713755948526
8097 0.0009146526754001864
8102 0.00035563573757542547
8106 0.001195901574114371
8135 0.0005683014452667255
8140 0.001118787186270853
8145 0.0005515988617393872
8150 0.00027563298897876205
8155 0.001317899672551881
8162 0.0009758171563867274
8163 0.005911222738592347
8167 0.0006423151414157013
8170 0.000670932931253332
8175 0.0003852349816991731
8178 0.0006128421353338881
8180 0.00040535543999525126
8205 0.00011916284231699563
8210 0.0003708208506882003
8235 0.0005613432260883178
8246 0.0006382178915549031
8248 0.0007644045679807944
8275 0.0006382178915549031
8279 0.0004210658169722833
8302 0.002028634865938628
8327 0.00048056929471594986
8328 0.0006382178915549031
8337 0.0009473501952332355
8347 0.000979593424727324
8349 0.0005593935931354265
8350 0.0021812996193501934
8352 0.0009634727121235519
8358 0.0004957544078287246
8372 0.0005593935931354265
8445 0.0028499075006321335
8473 0.0022932137039423832
8474 0.0005593935931354265
8518 0.000934350151386662
8527 0.00382936421818232
8528 0.007658614698658837
8529 0.0007170421899743797
8531 0.00026770902850938906
8532 0.0002275863848602199
8533 0.0004678115126985594
8534 0.000319421362564616
8540 0.0018565078445324599
8559 0.00040535543999525126
8560 0.0010621715149634636
8567 0.0004298177822739198
8576 0.000467175075693331
8586 0.0016705762314914898
8590 0.00039155435318823296
8601 0.0007825693090543715
8622 0.00047440440471637586
8627 0.00029473691196449874
8633 0.0011842172656677107
8639 0.00393857637782386
8640 0.0007760331988947074
8653 0.00025627553779065867
8657 0.00048056929471594986
8664 0.0005601557409641678
8667 0.00052683444026666
8671 0.000497255306486902
8679 0.0034989142080136936
8681 0.0003655306212856638
8684 0.0008689200719898042
8686 0.0011734339112857432
8690 0.00035563573757542547
8697 0.00044685023561812174
8705 0.0010598727723076383
8719 0.0008777344800792729
8753 0.0005745787062482013
8754 0.000247706843156298
8764 0.00045801106523730886
8769 0.0030642106766694405
8778 0.0005745787062482013
8780 0.00034436717716034254
8784 0.0013033801079847063
8800 0.0008449538820350212
8801 0.0002655428787408659
8803 0.0007471224207679506
8814 0.0016547809571439585
8820 0.007997405787906605
8824 0.00034436717716034254
8825 0.00027331210384356824
8828 0.0003302599813544105
8830 0.00027216918543496654
8846 0.0023388067240880856
8866 0.0030250915426069135
8867 0.0007186336327683793
8888 0.0004879085781933637
8893 0.00024233327228837404
8911 0.00041693010940924797
