206
4 0.008504298520224086
17 0.003325873200690068
52 0.0027083751069191335
68 0.0017944454927005644
79 0.003634106830575034
80 0.003809008579295905
82 0.016146715845969696
109 0.003297175508966737
114 0.007268459983975523
141 0.003479304431056097
210 0.004246323792672111
217 0.0038727404648381467
225 0.0011934027464743945
273 0.006205035509372398
277 0.004569045252953566
356 0.00647568822899631
375 0.0023066736922813854
378 0.00440372885606799
406 0.008670567967018322
407 0.005699671231429231
446 0.0027838488165280806
459 0.004870444807905782
480 0.0019034250242595087
521 0.001706383974382927
527 0.003962689831096894
605 0.00928786381879417
646 0.005979722878476088
726 0.001773499343987515
744 0.01019549136959068
858 0.014966881332043576
872 0.001824930694570953
1043 0.005398708458112285
1095 0.0019237837598955877
1107 0.005332903181497571
1164 0.004668399933204417
1262 0.006205035509372398
1373 0.0027455841046927806
1380 0.004059069438984995
1381 0.0032830524414179155
1411 0.0018833690319929545
1430 0.004643931909397085
1460 0.004010018919782412
1468 0.008799032140666532
1503 0.00343141511780301
1515 0.007268459983975523
1610 0.00494489468271403
1628 0.004275330085386842
1772 0.0027741803835338477
1871 0.004897565594028513
1902 0.006814646208577268
1921 0.0002029913552275149
1960 0.004217928204349533
1984 0.005256456651066307
2001 0.005152803967281152
2029 0.003400408220577542
2041 0.006961099824406781
2075 0.006366971384934918
2183 0.003634106830575034
2408 0.005979722878476088
2422 0.006634546994360849
2465 0.0030278140681652753
2684 0.00643890611299357
2771 0.0030631542723376314
2896 0.0036899247529722412
2902 0.0024129286628748687
2909 0.004430528765392551
2939 0.0021893179131217584
2944 0.003311448029740492
2975 0.0030232664786580365
3066 0.002793587058307145
3149 0.002104615786206659
3184 0.0030278140681652753
3342 0.006429147486916115
3413 0.008180553884544991
3472 0.004059069438984995
3478 0.00344719004180697
3506 0.002528275892702715
3545 0.007957431256076007
3599 0.005548360767067695
3604 0.002978307417018786
3640 0.003400408220577542
3653 0.0018441301736103713
3656 0.0013053440638179949
3663 0.003962689831096894
3760 0.0029378647019065282
3814 0.01613728484076886
3884 0.007002599899806626
3885 0.0038511601544178736
3907 0.005044847115544469
4002 0.006991306004921866
4003 0.0035981382822836824
4004 0.006634546994360849
4005 0.002552578183112518
4040 0.00509774568479534
4051 0.005540812466064692
4158 0.0031881270014626232
4221 0.002428907504318047
4248 0.002682975751313469
4251 0.002383765567203845
4333 0.0022467197941590665
4383 0.001702026165657964
4485 0.00337009816688451
4493 0.0019289218256409678
4517 0.006455988317864206
4592 0.004084280278184311
4630 0.004398027418565952
4659 0.0023066736922813854
4681 0.007569422757292468
4811 0.003004758111397552
4943 0.0018833690319929545
4973 0.0025913049454027444
4975 0.0036710609402014556
5017 0.0022467197941590665
5140 0.004993945201916614
5163 0.003099904623510953
5172 0.008325444245540301
5218 0.0019814086285546368
5223 0.0006366255139583991
5291 0.0037681345232152504
5312 0.005398708458112285
5362 0.004275330085386842
5381 0.0031799401262678313
5556 0.0039861467810672225
5583 0.012252840834552933
5685 0.020443938625731805
5695 0.008732581761469257
5702 0.002927031385615157
5727 0.0037681345232152504
5763 0.0038511601544178736
5807 0.0021893179131217584
5811 0.001456121674826831
5897 0.002693375076351886
5912 0.002069882348465933
5939 0.001638294280115723
5985 0.0034191054259106383
6006 0.003016236824316694
6029 0.007569422757292468
6228 0.002916284391486255
6230 0.004128358839540579
6329 0.0027455841046927806
6357 0.0037272138220240648
6378 0.005919591854045893
6388 0.002645631671862342
6391 0.008504298520224086
6430 0.0016095529051928597
6444 0.0035289569322490477
6451 0.004897565594028513
6469 0.0012924373564541511
6507 0.0024578908472494736
6596 0.0021223237949783056
6685 0.006926303311268667
6695 0.005044847115544469
6725 0.0035805074347939605
6761 0.008258512726541923
6763 0.001976067074535153
6764 0.004027819950762472
6799 0.00509774568479534
6832 0.0030994454472605963
6849 0.003355194803897651
6886 0.002840687927108251
6921 0.005205074502209228
6930 0.0016341506804602424
6935 0.0028232309027364315
7074 0.01068781334322423
7134 0.015458411901843458
7197 0.005879770445645649
7252 0.00638483552821804
7332 0.005270159746440779
7350 0.0037681345232152504
7366 0.005540812466064692
7409 0.009622314238094417
7484 0.0015825889847407562
7555 0.0022863914961355537
7609 0.004304973929816129
7660 0.005540812466064692
7661 0.003297175508966737
7750 0.004497979851396391
7800 0.002602537251104614
7840 0.0058757294038130565
7842 0.0035981382822836824
7902 0.005270159746440779
7903 0.002041605827954251
7904 0.009013004954124021
7988 0.004341428598360365
8011 0.001101145209725853
8019 0.0035459224468499862
8056 0.004568982593506652
8078 0.0035981382822836824
8117 0.004275330085386842
8167 0.003809008579295905
8235 0.010652272200900799
8356 0.0045330140452153
8438 0.0023341999666022083
8448 0.0022700131710686293
8458 0.0045330140452153
8560 0.003149404515252692
8561 0.004764795468497612
8639 0.0017966343988186
8687 0.00647568822899631
8697 0.0013249387032807504
8739 0.0024502922884075875
8758 0.002717581563328261
8814 0.0012266320798394366
8822 0.005270159746440779
8865 0.005879770445645649
8872 0.007777818075712861
