171
53 0.00010200632301179658
58 3.9886331735258645e-05
68 3.241760820520544e-05
82 8.334256383691721e-05
138 5.5304247721948624e-05
141 0.00012571095453322076
145 5.786216925096193e-05
146 0.000101646679848061
160 3.6009024944890365e-05
216 0.00013837905578907654
217 0.0001399262151792957
250 0.00016251677649793962
278 5.558192042480493e-05
328 5.502814824397996e-05
378 7.955569410086921e-05
509 1.4811799641107606e-05
511 4.409901177660094e-05
521 6.165346047478709e-05
524 0.00013837905578907654
605 0.0001677901789526326
723 6.212889280683989e-05
726 6.4078409870285e-05
829 0.00015890538922556517
855 9.464928935894339e-05
858 0.00010815385522706535
1140 3.8493910507496085e-05
1145 9.920086195142229e-05
1412 6.804811807694473e-05
1469 6.358367031630664e-05
1629 0.00015447220461114937
1706 3.382257549850835e-05
1733 0.00011243128604527755
1734 0.00020298083458234552
1735 0.00020908021320920737
1881 8.408656954820681e-05
1882 9.496067334174995e-05
1922 7.334292682143156e-06
2000 0.00017695423263882194
2002 0.00018617626542465564
2071 0.0002199543170027505
2076 7.66818067754729e-05
2083 0.00010422176939821458
2253 0.00015342417653056774
2299 0.00010982004923951138
2300 0.00011024565393173974
2371 8.858094887998e-06
2384 3.364472337590274e-05
2389 8.070779096331723e-05
2571 6.593667904531496e-05
2580 8.992010952057247e-05
2582 7.458098891001271e-05
2586 9.502842032885344e-06
2618 4.846937791309118e-05
2620 0.00010347204034115494
2682 0.00015342417653056774
2685 7.754816608258265e-05
2725 0.00010536844412685977
2739 7.583058115843726e-05
2772 0.00011067500849334801
2823 0.00016508218077975113
2828 0.00016128300357362823
2896 0.00011379132113009053
2897 0.00013332088986277624
2910 0.00016007969731333051
2920 0.0001399262151792957
2922 0.00015663840245623315
2945 0.0001196461249524729
3067 0.00010093525951244397
3134 0.0001228603508781383
3212 7.356359438910525e-05
3413 8.001326955199571e-05
3414 9.852402568908913e-05
3513 6.056183085252843e-05
3545 6.071628875522179e-05
3557 0.00015775871449691997
3576 5.3536945098705395e-05
3596 8.285279662389543e-05
3600 0.0001002340757964429
3681 0.0001287387249198448
3743 3.233112827567267e-05
3746 1.903006184883404e-05
3884 8.433711728522342e-05
3931 0.0001664173719040451
4108 9.654815662959692e-05
4220 4.3879500470736716e-05
4290 5.656642719180506e-05
4291 7.843020694973282e-05
4399 9.282164663063054e-05
4453 3.6854914742017664e-05
4492 6.969398876306011e-05
4533 5.685140711216779e-05
4577 3.9085797470059324e-05
4670 7.541048004377448e-05
4810 0.00010856509334268535
4834 1.7286007534181456e-05
4878 6.969398876306011e-05
4885 0.0001027336712532598
4972 4.681329625334851e-05
4974 0.00013263932032595027
5171 7.52017798211394e-05
5310 0.00019268344080366
5311 0.00019506105515172307
5395 3.215862746722012e-05
5427 3.490353872923123e-05
5455 8.908229930004346e-05
5469 1.1433598200043818e-05
5674 0.00010236864012694453
5687 2.724862948448243e-05
5699 8.260974660633398e-05
5700 0.00010575674440844711
5701 0.00010575674440844711
5729 9.106007793564448e-05
5731 0.0001415241100530177
5806 7.910237522724487e-05
5894 1.5848029138067838e-05
5896 1.6219082409210568e-05
5984 3.088397517794058e-05
6022 2.0770655001689466e-05
6058 0.00017695423263882194
6114 0.00010536844412685977
6218 9.464928935894339e-05
6377 0.00010694056199521868
6490 2.724862948448243e-05
6506 8.88061998220748e-05
6586 5.24803957997587e-05
6588 6.576478670658657e-05
6684 0.0001251273376474703
6689 7.376538112671329e-05
6762 7.139739654402146e-05
6763 7.27647006365303e-05
6833 2.7093186202753706e-05
6848 0.00012122674224136485
6885 5.131853189681648e-05
6905 2.9805618738211806e-05
6929 5.904359505253569e-05
7067 3.508605365233e-05
7073 5.516600244482883e-05
7174 7.256700694753944e-05
7251 7.689695691525318e-05
7321 3.8200641252257444e-05
7392 5.274239335290522e-05
7482 2.5340342303404983e-05
7483 2.8590308184836374e-05
7503 3.173002815645075e-05
7520 9.558947467904783e-05
7552 0.000126899584862824
7559 8.509658347491132e-05
7665 0.00010422176939821458
7784 7.082295263288685e-05
7886 7.910237522724487e-05
7890 9.233159952796689e-06
7894 6.374802604546662e-05
7902 7.376538112671329e-05
7903 8.141235399539764e-05
7922 0.00010774605847492284
8009 2.7093186202753706e-05
8031 5.5721352358276173e-05
8032 6.056183085252843e-05
8042 6.663037655997976e-05
8054 2.9805618738211806e-05
8069 5.287392225192349e-05
8234 4.8109734749355606e-05
8447 4.100899018649567e-05
8453 0.00018418695135817993
8454 0.00021244233432427055
8530 0.0001147195668623605
8533 0.00013687950893562258
8639 3.69498153124238e-05
8642 9.164022082905678e-05
8829 0.00011663084820199027
8871 7.025520142447097e-05
