76
53 0.009276330108991131
68 0.005896035190301854
217 0.012724718670182482
250 0.014779076654588141
277 0.0050041924199015235
375 0.0075790707032102654
378 0.007234697406397411
406 0.014244504517244384
521 0.022426760806175613
549 0.006171889950427943
668 0.007856134438349191
858 0.009835379161057206
872 0.005996200853590274
1373 0.009021204915419136
1411 0.012376425067382273
1468 0.005782221121009436
1664 0.012062057374947638
1734 0.019013498572657713
1984 0.008635607355323219
2041 0.015248123424891041
2070 0.02000237625641339
2075 0.006973349612071576
2082 0.00947780009058049
2206 0.01579645331981494
2252 0.01395220674735122
2299 0.010025604773874127
2388 0.007339467684337582
2684 0.007052135266612004
2724 0.00958207728631198
2771 0.010064649751966503
3501 0.016092001237522257
3595 0.00753453187257302
3656 0.004288987638259125
3884 0.007669514175978684
3931 0.0151337920245801
3970 0.006059284856148363
4221 0.00399034804280822
4393 0.0075790707032102654
4853 0.014244504517244384
4886 0.009342474267439298
4915 0.005949470265786674
4973 0.004257143838875937
4975 0.012062057374947638
5172 0.01367751554624478
5381 0.003482791566864767
5456 0.008101035217979462
5675 0.009309278783789076
5695 0.01434638432241378
5702 0.009617388838449802
5833 0.02463071849938573
5897 0.0014749434941926994
5954 0.0151337920245801
5985 0.0056171017711389055
6059 0.016092001237522257
6115 0.01916415457262396
6388 0.008692789778976267
6469 0.004246579885492211
6507 0.024227781208601955
6756 0.014450661518145272
6761 0.010854045297740813
6930 0.005369352235797939
7074 0.010033457424251317
7252 0.006992915102334043
7484 0.00519993523557677
7666 0.00947780009058049
7903 0.006708133434706824
7904 0.007403539783744731
7988 0.0071323469830206
8043 0.006059284856148363
8069 0.010348043407258844
8155 0.017119247787332082
8235 0.013125121104681342
8448 0.0037293073524698912
8455 0.01931924574997856
8739 0.008050960376196358
8872 0.01277784398152827
