255
53 0.00010200632301179658
68 3.241760820520544e-05
109 0.00011913044365880717
132 8.334256383691721e-05
134 0.0001376235146469122
158 1.722259642893919e-05
160 3.6009024944890365e-05
210 0.00015342417653056774
225 4.311890533715833e-05
235 0.00021605372159664503
255 0.00016508218077975113
256 0.00019506105515172307
276 4.8109734749355606e-05
277 5.502814824397996e-05
310 8.408656954820681e-05
322 0.00022883910672981793
328 5.502814824397996e-05
375 8.334256383691721e-05
378 7.955569410086921e-05
401 0.00010939812948263226
404 0.00011913044365880717
405 0.00011913044365880717
406 0.00015663840245623315
407 0.0002059351589452662
430 2.1595466130645556e-05
463 2.104404381130732e-05
509 1.4811799641107606e-05
521 6.165346047478709e-05
632 6.4078409870285e-05
639 0.0001287387249198448
744 0.00018418695135817993
765 7.499396958083494e-05
841 0.00014576429866269
846 0.00023397347506023475
872 6.593667904531496e-05
941 9.719791862251607e-05
963 0.00013614669170503938
965 0.0001391464957049546
977 0.00010384546306881737
979 0.0001415241100530177
1083 7.178415593526694e-05
1093 0.00016378259903044513
1096 6.950834500520415e-05
1098 0.00017695423263882194
1177 0.00010347204034115494
1181 0.00018617626542465564
1182 0.00019041645403432799
1201 0.00018418695135817993
1202 0.0002462203859023654
1216 4.5550455969092306e-05
1217 9.818910047034337e-05
1412 6.804811807694473e-05
1548 0.0001753021616311125
1568 0.00018617626542465564
1581 0.00016251677649793962
1624 0.00017215710736717137
1626 0.00019506105515172307
1706 3.382257549850835e-05
1733 0.00011243128604527755
1734 0.00020298083458234552
1735 0.00020908021320920737
1777 4.871062309639001e-05
1782 0.00014665847838343454
1922 7.334292682143156e-06
1929 4.2158123180710165e-05
1931 7.754816608258265e-05
1985 9.496067334174995e-05
2004 7.217400943451535e-05
2040 4.7398314413738584e-05
2042 8.383730339089555e-05
2071 0.0002199543170027505
2076 7.66818067754729e-05
2083 0.00010422176939821458
2104 0.00022419450561242282
2105 0.00023971321052336105
2118 6.715720793434914e-05
2253 0.00015342417653056774
2299 0.00010982004923951138
2300 0.00011024565393173974
2371 8.858094887998e-06
2384 3.364472337590274e-05
2389 8.070779096331723e-05
2448 8.825864993225359e-05
2526 8.070779096331723e-05
2550 5.3403616896513294e-05
2559 7.604199766141655e-05
2563 2.4450245822639586e-05
2564 4.692973938522239e-05
2571 6.593667904531496e-05
2580 8.992010952057247e-05
2582 7.458098891001271e-05
2586 9.502842032885344e-06
2590 8.771718405598661e-05
2618 4.846937791309118e-05
2708 0.0001300045474523503
2725 0.00010536844412685977
2762 0.00010200632301179658
2783 8.718166847460814e-05
2785 0.00010856509334268535
2843 7.33626397641186e-05
2937 0.0002059351589452662
3067 0.00010093525951244397
3123 0.00021605372159664503
3340 0.00017370426675739054
3576 5.3536945098705395e-05
3586 6.228840662358072e-05
3596 8.285279662389543e-05
3657 4.716346370617082e-05
3717 0.0002537323685808453
3719 2.489326185102742e-05
3731 5.3138049876864844e-05
3746 1.903006184883404e-05
3760 0.00010614816360120087
3884 8.433711728522342e-05
3931 0.0001664173719040451
4002 0.0001263016457352357
4003 0.0001300045474523503
4159 0.00018825025618924418
4220 4.3879500470736716e-05
4345 5.131853189681648e-05
4349 0.0001415241100530177
4392 8.334256383691721e-05
4402 6.950834500520415e-05
4431 0.00013196715204843822
4525 9.818910047034337e-05
4533 5.685140711216779e-05
4541 0.0001376235146469122
4565 0.00013837905578907654
4628 0.00011566583790554528
4629 0.00015890538922556517
4670 7.541048004377448e-05
4839 3.088397517794058e-05
4843 0.00020298083458234552
4846 4.681329625334851e-05
4878 6.969398876306011e-05
4885 0.0001027336712532598
4972 4.681329625334851e-05
4974 0.00013263932032595027
4997 0.00015342417653056774
5111 0.00014849761844045535
5161 5.502814824397996e-05
5162 5.6001418804450566e-05
5171 7.52017798211394e-05
5222 2.3001954162320978e-05
5264 0.00011425323385392718
5289 0.0001300045474523503
5366 0.00013542473142615584
5395 3.215862746722012e-05
5427 3.490353872923123e-05
5488 0.0002537323685808453
5580 0.0001431761810607271
5581 0.00014488623116808087
5582 0.0001475693727081854
5583 0.0002734912621014559
5674 0.00010236864012694453
5687 2.724862948448243e-05
5694 0.00015775871449691997
5702 3.9886331735258645e-05
5858 6.663037655997976e-05
5862 6.610917985376751e-05
5911 7.47870417645905e-05
5925 0.00010734164596720007
5931 0.00014665847838343454
5984 3.088397517794058e-05
6022 2.0770655001689466e-05
6035 9.818910047034337e-05
6038 0.00011663084820199027
6058 0.00017695423263882194
6229 7.458098891001271e-05
6230 0.0001239806629188251
6232 0.0002734912621014559
6377 0.00010694056199521868
6490 2.724862948448243e-05
6491 7.604199766141655e-05
6506 8.88061998220748e-05
6507 6.212889280683989e-05
6512 0.0001431761810607271
6525 0.00017695423263882194
6536 7.499396958083494e-05
6568 3.9584588186023764e-05
6569 4.981125419104163e-05
6586 5.24803957997587e-05
6588 6.576478670658657e-05
6614 8.484211069037113e-05
6633 0.00011811516886331826
6634 0.0002059351589452662
6661 5.889434094657216e-05
6670 0.00010734164596720007
6689 7.376538112671329e-05
6760 1.9892587507080337e-05
6789 4.7516165565500014e-05
6796 8.260974660633398e-05
6798 0.00018418695135817993
6905 2.9805618738211806e-05
6919 7.3968006896828e-05
6920 9.403242760948e-05
6929 5.904359505253569e-05
7067 3.508605365233e-05
7073 5.516600244482883e-05
7124 6.859058854884968e-05
7174 7.256700694753944e-05
7301 0.00011024565393173974
7302 0.00011811516886331826
7392 5.274239335290522e-05
7406 6.698096388147314e-05
7469 7.887728740211037e-05
7482 2.5340342303404983e-05
7483 2.8590308184836374e-05
7494 0.00010694056199521868
7554 8.260974660633398e-05
7602 9.654815662959692e-05
7606 0.00020908021320920737
7660 0.00011913044365880717
7665 0.00010422176939821458
7808 4.7398314413738584e-05
7818 2.996997446737178e-05
7858 4.509923582401553e-05
7862 9.077257605451787e-05
7886 7.910237522724487e-05
7890 9.233159952796689e-06
7893 5.131853189681648e-05
7894 6.374802604546662e-05
7902 7.376538112671329e-05
7904 6.056183085252843e-05
7981 6.950834500520415e-05
7987 7.843020694973282e-05
8009 2.7093186202753706e-05
8010 3.97855428110104e-05
8016 3.6571316885345003e-05
8017 0.00012122674224136485
8031 5.5721352358276173e-05
8032 6.056183085252843e-05
8054 2.9805618738211806e-05
8068 0.00011379132113009053
8088 8.509658347491132e-05
8090 9.558947467904783e-05
8204 5.1064059112276297e-05
8234 4.8109734749355606e-05
8247 0.00016378259903044513
8301 0.00014488623116808087
8303 0.00022419450561242282
8334 0.0002199543170027505
8437 8.433711728522342e-05
8453 0.00018418695135817993
8454 0.00021244233432427055
8559 0.00011379132113009053
8639 3.69498153124238e-05
8642 9.164022082905678e-05
8695 4.476354154013861e-05
8696 4.787143878550288e-05
8717 9.106007793564448e-05
8718 9.403242760948e-05
8722 7.217400943451535e-05
8738 8.853165584237468e-05
8864 0.00021244233432427055
