35
82 0.02063191469207239
277 0.013622523809731927
521 0.015262656659758402
639 0.031869986569046015
1181 0.04713865106538696
1705 0.008372966467852955
1780 0.05259128009716386
1921 0.0018156448995349944
1940 0.019864768441067902
2075 0.018983007277305956
2388 0.01997966202958564
2684 0.019197479336888233
2743 0.01861661838238873
3302 0.024899981081167834
4002 0.03126667407756724
4003 0.032183347969315164
4886 0.025432291061362536
5863 0.016365694746021557
5897 0.0040151239564134595
6213 0.03444648804784876
6498 0.041197544955801385
7303 0.029240066247497004
7495 0.026473730236149687
7591 0.030692101887015814
7621 0.025432291061362536
7657 0.04086701097525394
7904 0.020154080522416216
8061 0.028399466107704354
8103 0.051758968336679326
8323 0.05445091314245867
8560 0.056339347439520376
8723 0.017867077002233354
8828 0.03503507968868037
8872 0.01739206541930237
8906 0.06281285746645815
