257
17 0.00012016732165868515
68 3.241760820520544e-05
82 8.334256383691721e-05
145 5.786216925096193e-05
146 0.000101646679848061
216 0.00013837905578907654
217 0.0001399262151792957
328 5.502814824397996e-05
371 9.818910047034337e-05
423 8.63892700805903e-05
449 6.628229345501092e-05
473 4.858985121920245e-05
509 1.4811799641107606e-05
511 4.409901177660094e-05
521 6.165346047478709e-05
524 0.00013837905578907654
706 6.525271795805037e-05
708 9.654815662959692e-05
807 0.0001347133110905388
810 0.0002734912621014559
821 0.00011243128604527755
855 9.464928935894339e-05
858 0.00010815385522706535
861 7.316251041712385e-05
891 5.757123449128065e-05
1005 0.00018825025618924418
1033 0.0002462203859023654
1181 0.00018617626542465564
1182 0.00019041645403432799
1418 6.424444555902466e-05
1469 6.358367031630664e-05
1559 0.00011425323385392718
1583 8.88061998220748e-05
1587 9.954283828468142e-05
1610 9.590694438493474e-05
1773 0.0001002340757964429
1808 0.00020019542348213994
1929 4.2158123180710165e-05
1931 7.754816608258265e-05
1941 8.024367862190805e-05
1960 0.00011712061541501202
2070 0.00016251677649793962
2076 7.66818067754729e-05
2207 0.00017370426675739054
2371 8.858094887998e-06
2384 3.364472337590274e-05
2391 2.4157123570420575e-05
2403 0.0001431761810607271
2518 0.0001804365299615294
2550 5.3403616896513294e-05
2571 6.593667904531496e-05
2582 7.458098891001271e-05
2586 9.502842032885344e-06
2607 3.3290954653437934e-05
2616 0.00019506105515172307
2618 4.846937791309118e-05
2620 0.00010347204034115494
2635 0.00015554326811050196
2643 0.0002537323685808453
2685 7.754816608258265e-05
2744 7.52017798211394e-05
2825 0.00011614595437539213
2827 0.0001196461249524729
2903 8.718166847460814e-05
2940 7.910237522724487e-05
2976 5.461691012835996e-05
3067 0.00010093525951244397
3103 0.00012122674224136485
3117 0.00017065756051371745
3118 0.0002059351589452662
3129 0.00026261715830791277
3177 0.00016378259903044513
3212 7.356359438910525e-05
3343 0.00011614595437539213
3419 0.00011712061541501202
3501 0.00016508218077975113
3502 0.00017695423263882194
3513 6.056183085252843e-05
3545 6.071628875522179e-05
3556 0.00030726931367955075
3576 5.3536945098705395e-05
3578 0.00022419450561242282
3582 0.00010815385522706535
3583 0.00011663084820199027
3600 0.0001002340757964429
3675 0.00011519040557349246
3676 0.00012936752625714268
3719 2.489326185102742e-05
3723 6.859058854884968e-05
3868 0.00020298083458234552
3887 5.5861184383926875e-05
3994 0.0001147195668623605
4018 9.342327683396404e-05
4094 0.00010694056199521868
4189 4.981125419104163e-05
4290 5.656642719180506e-05
4292 0.00011110817958998604
4329 3.676019862375966e-05
4345 5.131853189681648e-05
4349 0.0001415241100530177
4461 9.19329029551259e-05
4481 9.282164663063054e-05
4509 0.0001281179340087181
4563 4.728074758348793e-05
4577 3.9085797470059324e-05
4670 7.541048004377448e-05
4676 1.811794967986411e-05
4810 0.00010856509334268535
4834 1.7286007534181456e-05
4878 6.969398876306011e-05
4885 0.0001027336712532598
4900 0.00014944388948364012
4903 0.00021244233432427055
4972 4.681329625334851e-05
4973 0.00014576429866269
5000 0.00013065000625947455
5002 0.00014665847838343454
5003 0.00018227567001855016
5033 0.0001347133110905388
5036 0.0001677901789526326
5151 0.0001431761810607271
5171 7.52017798211394e-05
5176 0.0001347133110905388
5192 8.001326955199571e-05
5222 2.3001954162320978e-05
5236 0.00010200632301179658
5254 5.9796800580258657e-05
5291 0.00011067500849334801
5292 0.0001347133110905388
5379 2.541525611908456e-05
5380 3.8298201700263376e-05
5381 0.00022419450561242282
5427 3.490353872923123e-05
5434 7.159039254876493e-05
5455 8.908229930004346e-05
5469 1.1433598200043818e-05
5506 0.00019268344080366
5550 4.944160821510571e-05
5636 0.00010310145735752775
5644 7.711306116076915e-05
5645 0.0001677901789526326
5687 2.724862948448243e-05
5699 8.260974660633398e-05
5700 0.00010575674440844711
5701 0.00010575674440844711
5713 0.0001786642827461757
5726 0.00013614669170503938
5776 0.00018227567001855016
5894 1.5848029138067838e-05
5896 1.6219082409210568e-05
5934 5.434466680855229e-05
5938 5.91933076971794e-05
5947 0.00015342417653056774
5948 0.00019506105515172307
5964 0.0001440237055098346
5975 0.00010460100421098168
5991 0.0001664173719040451
6000 3.4631041686461846e-05
6001 0.00017215710736717137
6022 2.0770655001689466e-05
6094 0.00011761535496899039
6114 0.00010536844412685977
6120 0.0001504088997800851
6121 0.0001523982138465608
6211 7.356359438910525e-05
6254 8.141235399539764e-05
6278 0.00011566583790554528
6309 0.0001147195668623605
6356 6.733409171295719e-05
6377 0.00010694056199521868
6467 4.669713069773751e-05
6468 4.669713069773751e-05
6506 8.88061998220748e-05
6517 0.0001391464957049546
6536 7.499396958083494e-05
6571 0.00014849761844045535
6598 0.00012936752625714268
6684 0.0001251273376474703
6685 0.00019506105515172307
6689 7.376538112671329e-05
6724 0.00012936752625714268
6826 0.00013614669170503938
6833 2.7093186202753706e-05
6885 5.131853189681648e-05
6900 0.00026261715830791277
6905 2.9805618738211806e-05
6929 5.904359505253569e-05
6944 0.00014665847838343454
6960 3.259102983841739e-05
6968 0.0001287387249198448
6969 0.0002734912621014559
7067 3.508605365233e-05
7073 5.516600244482883e-05
7178 3.714017269315804e-05
7197 0.00011198624708459517
7229 0.0001664173719040451
7230 0.0002875104201589402
7251 7.689695691525318e-05
7270 0.00022419450561242282
7321 3.8200641252257444e-05
7367 0.0001664173719040451
7392 5.274239335290522e-05
7482 2.5340342303404983e-05
7483 2.8590308184836374e-05
7503 3.173002815645075e-05
7510 0.0002462203859023654
7554 8.260974660633398e-05
7559 8.509658347491132e-05
7656 0.00016508218077975113
7657 0.00020298083458234552
7671 9.134928606937549e-05
7685 0.00016378259903044513
7686 0.0002734912621014559
7687 0.00030726931367955075
7701 0.00011425323385392718
7718 9.527405980765772e-05
7719 0.00012016732165868515
7727 0.00015342417653056774
7728 0.0001664173719040451
7784 7.082295263288685e-05
7799 9.403242760948e-05
7836 6.424444555902466e-05
7839 0.00010614816360120087
7841 0.0001300045474523503
7886 7.910237522724487e-05
7890 9.233159952796689e-06
7894 6.374802604546662e-05
7902 7.376538112671329e-05
7903 8.141235399539764e-05
7904 6.056183085252843e-05
7922 0.00010774605847492284
7938 4.907474504580058e-05
7943 7.64676023536449e-05
7960 9.954283828468142e-05
7995 9.134928606937549e-05
8016 3.6571316885345003e-05
8045 0.0001263016457352357
8054 2.9805618738211806e-05
8058 8.853165584237468e-05
8059 0.00011425323385392718
8060 0.0001147195668623605
8069 5.287392225192349e-05
8124 0.0001300045474523503
8204 5.1064059112276297e-05
8234 4.8109734749355606e-05
8447 4.100899018649567e-05
8541 0.00018825025618924418
8633 5.949411993323993e-05
8638 6.491430390704548e-05
8639 3.69498153124238e-05
8652 0.00010982004923951138
8670 0.00010654275221462514
8678 4.409901177660094e-05
8824 0.00011712061541501202
8827 0.0001415241100530177
8829 0.00011663084820199027
8871 7.025520142447097e-05
