279
53 0.00010200632301179658
58 3.9886331735258645e-05
68 3.241760820520544e-05
82 8.334256383691721e-05
122 0.0001523982138465608
124 0.00015447220461114937
130 0.00011862016226846598
145 5.786216925096193e-05
158 1.722259642893919e-05
216 0.00013837905578907654
217 0.0001399262151792957
225 4.311890533715833e-05
229 0.00026261715830791277
278 5.558192042480493e-05
311 0.00012016732165868515
312 0.00021244233432427055
318 9.719791862251607e-05
330 6.358367031630664e-05
363 0.0002734912621014559
378 7.955569410086921e-05
430 2.1595466130645556e-05
449 6.628229345501092e-05
473 4.858985121920245e-05
486 0.00019268344080366
521 6.165346047478709e-05
632 6.4078409870285e-05
645 6.341986704442123e-05
659 0.0001263016457352357
660 0.0001677901789526326
668 8.63892700805903e-05
785 9.134928606937549e-05
829 0.00015890538922556517
869 0.0002734912621014559
872 6.593667904531496e-05
1096 6.950834500520415e-05
1173 9.077257605451787e-05
1209 0.00016007969731333051
1216 4.5550455969092306e-05
1226 0.00011110817958998604
1227 0.00014488623116808087
1306 4.5550455969092306e-05
1427 0.0001804365299615294
1469 6.358367031630664e-05
1567 0.00016378259903044513
1572 0.00014849761844045535
1706 3.382257549850835e-05
1713 4.787143878550288e-05
1733 0.00011243128604527755
1734 0.00020298083458234552
1735 0.00020908021320920737
1777 4.871062309639001e-05
1785 0.00010734164596720007
1822 0.00023397347506023475
1888 6.071628875522179e-05
1895 0.00011519040557349246
1922 7.334292682143156e-06
2040 4.7398314413738584e-05
2071 0.0002199543170027505
2077 0.0001804365299615294
2118 6.715720793434914e-05
2252 0.00015554326811050196
2341 8.744869066327002e-05
2343 0.0001263016457352357
2371 8.858094887998e-06
2384 3.364472337590274e-05
2389 8.070779096331723e-05
2421 0.00015447220461114937
2422 0.00017370426675739054
2455 0.00010128967145643295
2466 0.00010939812948263226
2566 0.00017695423263882194
2571 6.593667904531496e-05
2580 8.992010952057247e-05
2582 7.458098891001271e-05
2586 9.502842032885344e-06
2618 4.846937791309118e-05
2620 0.00010347204034115494
2675 0.00010694056199521868
2685 7.754816608258265e-05
2739 7.583058115843726e-05
2958 6.950834500520415e-05
2965 0.00019268344080366
2976 5.461691012835996e-05
3031 8.691610145495967e-05
3036 0.00021244233432427055
3050 5.1064059112276297e-05
3067 0.00010093525951244397
3214 8.001326955199571e-05
3228 4.566391685271689e-05
3229 4.669713069773751e-05
3230 4.692973938522239e-05
3307 8.408656954820681e-05
3389 0.00023397347506023475
3413 8.001326955199571e-05
3414 9.852402568908913e-05
3537 0.0002734912621014559
3572 5.234992335902794e-05
3586 6.228840662358072e-05
3596 8.285279662389543e-05
3627 6.491430390704548e-05
3628 7.733012801189119e-05
3657 4.716346370617082e-05
3696 0.0001391464957049546
3697 0.00022419450561242282
3719 2.489326185102742e-05
3731 5.3138049876864844e-05
3732 0.00010654275221462514
3733 0.0001128804268053397
3743 3.233112827567267e-05
3746 1.903006184883404e-05
3872 9.164022082905678e-05
3875 3.285232498188492e-05
3901 0.00010384546306881737
3926 0.00011110817958998604
3969 6.0101372993599195e-05
3970 6.663037655997976e-05
3974 0.00010128967145643295
3996 7.417147870601431e-05
3997 0.0001347133110905388
4002 0.0001263016457352357
4003 0.0001300045474523503
4010 0.00014071861357331354
4091 0.00019041645403432799
4099 0.0001147195668623605
4108 9.654815662959692e-05
4109 0.00017215710736717137
4215 0.0001504088997800851
4216 0.0001677901789526326
4220 4.3879500470736716e-05
4247 4.846937791309118e-05
4290 5.656642719180506e-05
4291 7.843020694973282e-05
4295 0.00012176521653240713
4300 0.00020298083458234552
4308 7.955569410086921e-05
4314 3.1644758795232604e-05
4396 0.0002199543170027505
4431 0.00013196715204843822
4492 6.969398876306011e-05
4533 5.685140711216779e-05
4541 0.0001376235146469122
4546 7.625433537211054e-05
4551 0.00017065756051371745
4676 1.811794967986411e-05
4689 0.00019041645403432799
4690 0.00020908021320920737
4699 3.676019862375966e-05
4712 8.484211069037113e-05
4718 0.0001147195668623605
4834 1.7286007534181456e-05
4853 8.535239208071232e-05
4860 0.00020019542348213994
4878 6.969398876306011e-05
4885 0.0001027336712532598
4988 0.0002199543170027505
4989 0.0002462203859023654
5024 6.025437603138515e-05
5031 6.913916575845257e-05
5058 0.00019756065060853997
5151 0.0001431761810607271
5161 5.502814824397996e-05
5162 5.6001418804450566e-05
5176 0.0001347133110905388
5222 2.3001954162320978e-05
5228 4.931901336427842e-05
5254 5.9796800580258657e-05
5379 2.541525611908456e-05
5380 3.8298201700263376e-05
5395 3.215862746722012e-05
5427 3.490353872923123e-05
5434 7.159039254876493e-05
5469 1.1433598200043818e-05
5473 0.0001251273376474703
5530 0.00018418695135817993
5580 0.0001431761810607271
5581 0.00014488623116808087
5687 2.724862948448243e-05
5806 7.910237522724487e-05
5810 5.261121850249547e-05
5894 1.5848029138067838e-05
5896 1.6219082409210568e-05
5911 7.47870417645905e-05
5984 3.088397517794058e-05
6000 3.4631041686461846e-05
6022 2.0770655001689466e-05
6043 0.0001504088997800851
6044 0.00020908021320920737
6114 0.00010536844412685977
6159 7.101368253390731e-05
6160 7.955569410086921e-05
6195 9.622649587425546e-05
6218 9.464928935894339e-05
6328 9.920086195142229e-05
6365 0.00020298083458234552
6377 0.00010694056199521868
6481 0.00012936752625714268
6490 2.724862948448243e-05
6506 8.88061998220748e-05
6516 9.818910047034337e-05
6525 0.00017695423263882194
6568 3.9584588186023764e-05
6586 5.24803957997587e-05
6587 0.00017215710736717137
6617 0.0002199543170027505
6666 0.0002199543170027505
6748 0.00012016732165868515
6749 0.0002734912621014559
6784 9.68719546813797e-05
6785 0.0001228603508781383
6833 2.7093186202753706e-05
6848 0.00012122674224136485
6851 0.0001275049519955334
6905 2.9805618738211806e-05
6908 8.935997200289977e-05
6960 3.259102983841739e-05
6972 6.133906307779394e-05
7067 3.508605365233e-05
7091 9.464928935894339e-05
7100 0.00015342417653056774
7124 6.859058854884968e-05
7165 6.628229345501092e-05
7174 7.256700694753944e-05
7178 3.714017269315804e-05
7195 0.00018418695135817993
7196 0.00021244233432427055
7211 0.00010498321344481378
7301 0.00011024565393173974
7302 0.00011811516886331826
7373 7.27647006365303e-05
7376 0.00013263932032595027
7392 5.274239335290522e-05
7620 0.0001027336712532598
7665 0.00010422176939821458
7724 9.920086195142229e-05
7808 4.7398314413738584e-05
7858 4.509923582401553e-05
7863 7.64676023536449e-05
7890 9.233159952796689e-06
7894 6.374802604546662e-05
7902 7.376538112671329e-05
7903 8.141235399539764e-05
7938 4.907474504580058e-05
7942 9.134928606937549e-05
7989 0.00011862016226846598
8009 2.7093186202753706e-05
8010 3.97855428110104e-05
8016 3.6571316885345003e-05
8031 5.5721352358276173e-05
8032 6.056183085252843e-05
8054 2.9805618738211806e-05
8058 8.853165584237468e-05
8059 0.00011425323385392718
8060 0.0001147195668623605
8084 0.00011333374567896404
8085 0.0002199543170027505
8095 0.00015342417653056774
8105 0.0001281179340087181
8106 0.00021244233432427055
8144 1.8182537399726556e-05
8154 0.00018825025618924418
8234 4.8109734749355606e-05
8513 4.3335009582674306e-05
8520 5.874554257904601e-05
8521 6.610917985376751e-05
8559 0.00011379132113009053
8571 9.496067334174995e-05
8639 3.69498153124238e-05
8642 9.164022082905678e-05
8652 0.00010982004923951138
8661 7.843020694973282e-05
8663 8.001326955199571e-05
8666 0.0001128804268053397
8678 4.409901177660094e-05
8695 4.476354154013861e-05
8696 4.787143878550288e-05
8715 0.00030726931367955075
8738 8.853165584237468e-05
8866 3.8493910507496085e-05
8871 7.025520142447097e-05
