474
15 6.0101372993599195e-05
17 0.00012016732165868515
53 0.00010200632301179658
58 3.9886331735258645e-05
68 3.241760820520544e-05
77 8.691610145495967e-05
132 8.334256383691721e-05
138 5.5304247721948624e-05
139 0.00010897983139923425
158 1.722259642893919e-05
160 3.6009024944890365e-05
163 4.4209139343250144e-05
164 0.0001804365299615294
216 0.00013837905578907654
217 0.0001399262151792957
243 6.309390310328486e-05
246 0.0001002340757964429
252 0.00026261715830791277
278 5.558192042480493e-05
290 5.516600244482883e-05
330 6.358367031630664e-05
336 0.00020019542348213994
340 0.00030726931367955075
365 0.00021605372159664503
430 2.1595466130645556e-05
436 6.181142310095298e-05
473 4.858985121920245e-05
475 0.00030726931367955075
492 0.00018617626542465564
509 1.4811799641107606e-05
511 4.409901177660094e-05
521 6.165346047478709e-05
569 0.0001415241100530177
571 0.0001804365299615294
575 8.825864993225359e-05
632 6.4078409870285e-05
633 0.00010058340652177312
668 8.63892700805903e-05
706 6.525271795805037e-05
707 9.496067334174995e-05
708 9.654815662959692e-05
772 0.00011712061541501202
785 9.134928606937549e-05
855 9.464928935894339e-05
861 7.316251041712385e-05
891 5.757123449128065e-05
892 0.0001475693727081854
911 0.00017065756051371745
963 0.00013614669170503938
969 0.00010536844412685977
1021 0.0002059351589452662
1023 0.0002875104201589402
1096 6.950834500520415e-05
1140 3.8493910507496085e-05
1145 9.920086195142229e-05
1146 0.0001504088997800851
1152 0.0001677901789526326
1164 8.408656954820681e-05
1165 8.433711728522342e-05
1166 0.00019506105515172307
1181 0.00018617626542465564
1182 0.00019041645403432799
1183 0.00010310145735752775
1189 0.0002875104201589402
1195 0.00018825025618924418
1208 0.00012571095453322076
1216 4.5550455969092306e-05
1217 9.818910047034337e-05
1226 0.00011110817958998604
1228 0.0002059351589452662
1234 2.8271279696782107e-05
1249 0.0001147195668623605
1254 8.96392359620217e-05
1306 4.5550455969092306e-05
1312 0.00011243128604527755
1314 0.00013401212737453773
1334 9.886126874785542e-05
1336 0.00017065756051371745
1337 0.0001804365299615294
1418 6.424444555902466e-05
1440 0.00010815385522706535
1441 0.00022883910672981793
1469 6.358367031630664e-05
1497 6.663037655997976e-05
1517 9.106007793564448e-05
1539 0.00011198624708459517
1638 7.33626397641186e-05
1641 7.583058115843726e-05
1661 0.00019506105515172307
1674 0.00014944388948364012
1704 0.00018227567001855016
1705 0.00030726931367955075
1706 3.382257549850835e-05
1721 0.0001399262151792957
1742 0.00015775871449691997
1773 0.0001002340757964429
1777 4.871062309639001e-05
1857 0.00030726931367955075
1922 7.334292682143156e-06
1929 4.2158123180710165e-05
1936 0.00011024565393173974
1942 0.0001376235146469122
1967 0.00019268344080366
1968 0.00023397347506023475
2040 4.7398314413738584e-05
2047 0.00019041645403432799
2052 0.0002875104201589402
2059 0.00014071861357331354
2076 7.66818067754729e-05
2118 6.715720793434914e-05
2148 8.383730339089555e-05
2149 8.408656954820681e-05
2150 0.00015663840245623315
2151 0.00011566583790554528
2253 0.00015342417653056774
2321 8.691610145495967e-05
2326 0.00011913044365880717
2329 0.0001423431449207802
2358 0.0001804365299615294
2367 0.0002462203859023654
2371 8.858094887998e-06
2384 3.364472337590274e-05
2389 8.070779096331723e-05
2391 2.4157123570420575e-05
2468 0.00019506105515172307
2475 0.00015447220461114937
2481 0.00020908021320920737
2493 2.5565430128539482e-05
2526 8.070779096331723e-05
2550 5.3403616896513294e-05
2559 7.604199766141655e-05
2563 2.4450245822639586e-05
2571 6.593667904531496e-05
2582 7.458098891001271e-05
2586 9.502842032885344e-06
2607 3.3290954653437934e-05
2616 0.00019506105515172307
2647 0.00018825025618924418
2673 0.00014849761844045535
2691 0.00016920278300425065
2699 0.00013065000625947455
2739 7.583058115843726e-05
2773 0.00011067500849334801
2830 8.285279662389543e-05
2843 7.33626397641186e-05
2850 9.252359415714085e-05
2851 0.00022419450561242282
2877 0.00014944388948364012
2896 0.00011379132113009053
2897 0.00013332088986277624
2939 0.00013065000625947455
2976 5.461691012835996e-05
3050 5.1064059112276297e-05
3052 0.00011379132113009053
3056 0.00019268344080366
3113 6.165346047478709e-05
3177 0.00016378259903044513
3211 0.00026261715830791277
3214 8.001326955199571e-05
3216 0.00026261715830791277
3238 0.0002462203859023654
3321 0.00011761535496899039
3372 6.542281037332744e-05
3375 0.00010236864012694453
3409 8.458895984833521e-05
3421 8.586807337437805e-05
3438 0.0002462203859023654
3501 0.00016508218077975113
3502 0.00017695423263882194
3513 6.056183085252843e-05
3545 6.071628875522179e-05
3572 5.234992335902794e-05
3576 5.3536945098705395e-05
3605 5.380470086849468e-05
3608 0.0002537323685808453
3625 0.0001431761810607271
3627 6.491430390704548e-05
3647 8.094151528426567e-05
3654 6.663037655997976e-05
3666 0.0001804365299615294
3675 0.00011519040557349246
3704 0.00013130412920165632
3718 0.0002875104201589402
3719 2.489326185102742e-05
3724 5.7716484755306535e-05
3731 5.3138049876864844e-05
3732 0.00010654275221462514
3733 0.0001128804268053397
3743 3.233112827567267e-05
3746 1.903006184883404e-05
3756 0.00014576429866269
3757 0.00017370426675739054
3832 3.3290954653437934e-05
3872 9.164022082905678e-05
3875 3.285232498188492e-05
3887 5.5861184383926875e-05
3909 0.00019506105515172307
3911 0.00020908021320920737
3920 0.00017370426675739054
4099 0.0001147195668623605
4105 9.988723143186235e-05
4189 4.981125419104163e-05
4220 4.3879500470736716e-05
4224 8.236790279729728e-05
4247 4.846937791309118e-05
4298 0.00011614595437539213
4329 3.676019862375966e-05
4332 8.117636599183342e-05
4381 4.3226837668107787e-05
4382 6.14960082295629e-05
4390 8.825864993225359e-05
4399 9.282164663063054e-05
4432 6.4078409870285e-05
4433 0.00030726931367955075
4435 0.00010856509334268535
4436 0.0001128804268053397
4444 0.00014665847838343454
4446 0.00023971321052336105
4467 5.5861184383926875e-05
4481 9.282164663063054e-05
4495 3.207260550754382e-05
4533 5.685140711216779e-05
4546 7.625433537211054e-05
4558 0.0002199543170027505
4563 4.728074758348793e-05
4566 9.68719546813797e-05
4567 6.341986704442123e-05
4577 3.9085797470059324e-05
4586 0.00016920278300425065
4650 0.0001786642827461757
4652 4.476354154013861e-05
4659 6.610917985376751e-05
4670 7.541048004377448e-05
4676 1.811794967986411e-05
4759 5.0810908270240366e-05
4762 0.0001399262151792957
4797 9.988723143186235e-05
4829 8.383730339089555e-05
4834 1.7286007534181456e-05
4869 0.00013614669170503938
4871 0.00015775871449691997
4873 0.00026261715830791277
4878 6.969398876306011e-05
4879 0.0001753021616311125
4885 0.0001027336712532598
4911 6.341986704442123e-05
4913 6.457822376461287e-05
4914 6.542281037332744e-05
4933 2.564069103539461e-05
4935 0.00011862016226846598
4967 0.00030726931367955075
4972 4.681329625334851e-05
4973 0.00014576429866269
5011 0.00010310145735752775
5012 0.00010774605847492284
5024 6.025437603138515e-05
5031 6.913916575845257e-05
5044 0.00010058340652177312
5055 0.00013065000625947455
5056 0.00013614669170503938
5079 0.0001415241100530177
5170 0.0001128804268053397
5171 7.52017798211394e-05
5215 0.0001300045474523503
5217 7.159039254876493e-05
5219 0.00014071861357331354
5222 2.3001954162320978e-05
5228 4.931901336427842e-05
5290 0.00013614669170503938
5310 0.00019268344080366
5311 0.00019506105515172307
5379 2.541525611908456e-05
5380 3.8298201700263376e-05
5395 3.215862746722012e-05
5411 8.164949036359771e-05
5427 3.490353872923123e-05
5455 8.908229930004346e-05
5469 1.1433598200043818e-05
5509 8.935997200289977e-05
5515 0.0002734912621014559
5550 4.944160821510571e-05
5558 9.68719546813797e-05
5561 0.00016007969731333051
5570 0.0001347133110905388
5616 0.00013687950893562258
5676 9.312153328472917e-05
5683 0.0002875104201589402
5702 3.9886331735258645e-05
5717 0.00022883910672981793
5718 0.00023397347506023475
5729 9.106007793564448e-05
5731 0.0001415241100530177
5776 0.00018227567001855016
5840 0.00012230970742046953
5854 7.178415593526694e-05
5867 0.0002734912621014559
5894 1.5848029138067838e-05
5896 1.6219082409210568e-05
5912 0.00010498321344481378
5941 0.00016251677649793962
5959 0.00019756065060853997
5975 0.00010460100421098168
5988 7.044371782011974e-05
6022 2.0770655001689466e-05
6043 0.0001504088997800851
6044 0.00020908021320920737
6100 0.00030726931367955075
6166 0.0001786642827461757
6168 0.00021605372159664503
6193 0.00010694056199521868
6195 9.622649587425546e-05
6208 0.0001228603508781383
6211 7.356359438910525e-05
6212 0.0001391464957049546
6227 0.00010536844412685977
6242 3.105201474962982e-05
6249 0.00010897983139923425
6297 9.164022082905678e-05
6299 0.0001431761810607271
6352 0.00011519040557349246
6408 4.3989132524856074e-05
6413 9.590694438493474e-05
6429 5.815485137703107e-05
6436 0.0001804365299615294
6490 2.724862948448243e-05
6494 0.00026261715830791277
6506 8.88061998220748e-05
6522 0.00030726931367955075
6528 0.00011913044365880717
6566 7.082295263288685e-05
6577 0.00010897983139923425
6586 5.24803957997587e-05
6588 6.576478670658657e-05
6590 8.691610145495967e-05
6595 7.66818067754729e-05
6600 0.00013065000625947455
6614 8.484211069037113e-05
6619 5.7716484755306535e-05
6628 0.0002537323685808453
6629 0.00030726931367955075
6666 0.0002199543170027505
6675 5.7716484755306535e-05
6676 0.0002734912621014559
6684 0.0001251273376474703
6685 0.00019506105515172307
6687 6.196989942762013e-05
6689 7.376538112671329e-05
6748 0.00012016732165868515
6760 1.9892587507080337e-05
6762 7.139739654402146e-05
6763 7.27647006365303e-05
6826 0.00013614669170503938
6841 0.00017065756051371745
6843 0.0002199543170027505
6868 0.00016508218077975113
6885 5.131853189681648e-05
6896 0.00019268344080366
6905 2.9805618738211806e-05
6929 5.904359505253569e-05
6934 0.00010200632301179658
6992 4.787143878550288e-05
6995 7.843020694973282e-05
6999 6.309390310328486e-05
7060 0.00019041645403432799
7067 3.508605365233e-05
7073 5.516600244482883e-05
7087 0.0001376235146469122
7101 0.00011862016226846598
7139 6.196989942762013e-05
7165 6.628229345501092e-05
7174 7.256700694753944e-05
7178 3.714017269315804e-05
7251 7.689695691525318e-05
7321 3.8200641252257444e-05
7327 0.00011761535496899039
7369 9.372690041743856e-05
7378 0.00026261715830791277
7392 5.274239335290522e-05
7397 0.00019268344080366
7398 0.0002875104201589402
7418 0.00023971321052336105
7450 0.00012936752625714268
7451 0.0001300045474523503
7482 2.5340342303404983e-05
7483 2.8590308184836374e-05
7503 3.173002815645075e-05
7545 0.0002875104201589402
7559 8.509658347491132e-05
7577 8.853165584237468e-05
7578 8.88061998220748e-05
7585 0.00020908021320920737
7627 7.887728740211037e-05
7646 0.0001664173719040451
7647 0.00022419450561242282
7718 9.527405980765772e-05
7775 0.00010536844412685977
7776 0.0002875104201589402
7786 0.00017695423263882194
7789 0.00018227567001855016
7800 0.00017065756051371745
7802 0.00020908021320920737
7808 4.7398314413738584e-05
7814 0.0001275049519955334
7818 2.996997446737178e-05
7884 0.00010982004923951138
7890 9.233159952796689e-06
7894 6.374802604546662e-05
7897 0.00013542473142615584
7898 0.00017695423263882194
7902 7.376538112671329e-05
7903 8.141235399539764e-05
7938 4.907474504580058e-05
7942 9.134928606937549e-05
7943 7.64676023536449e-05
7952 0.0002734912621014559
7960 9.954283828468142e-05
7981 6.950834500520415e-05
7987 7.843020694973282e-05
7989 0.00011862016226846598
8000 0.00016378259903044513
8004 0.0002734912621014559
8009 2.7093186202753706e-05
8010 3.97855428110104e-05
8016 3.6571316885345003e-05
8054 2.9805618738211806e-05
8069 5.287392225192349e-05
8084 0.00011333374567896404
8088 8.509658347491132e-05
8090 9.558947467904783e-05
8095 0.00015342417653056774
8101 0.0001523982138465608
8137 8.63892700805903e-05
8144 1.8182537399726556e-05
8150 0.00012176521653240713
8158 0.00010939812948263226
8159 0.00026261715830791277
8170 0.00011425323385392718
8177 0.00026261715830791277
8204 5.1064059112276297e-05
8208 0.00020298083458234552
8247 0.00016378259903044513
8269 0.00018227567001855016
8270 0.0002199543170027505
8272 0.0002537323685808453
8349 4.919672615455441e-05
8429 0.00016128300357362823
8435 0.00019756065060853997
8474 8.408656954820681e-05
8520 5.874554257904601e-05
8522 0.0001523982138465608
8523 0.00016007969731333051
8541 0.00018825025618924418
8571 9.496067334174995e-05
8572 0.0002537323685808453
8590 0.00013614669170503938
8597 0.0001753021616311125
8621 0.000101646679848061
8639 3.69498153124238e-05
8642 9.164022082905678e-05
8647 0.0002462203859023654
8678 4.409901177660094e-05
8695 4.476354154013861e-05
8696 4.787143878550288e-05
8697 0.0001376235146469122
8753 0.00010614816360120087
8793 0.0002875104201589402
8811 0.00011913044365880717
8813 4.431951634967444e-05
8818 7.139739654402146e-05
8819 7.139739654402146e-05
8823 0.0001475693727081854
8865 0.00021605372159664503
8882 0.0001147195668623605
8883 0.00011519040557349246
