139
82 8.334256383691721e-05
94 0.00016128300357362823
145 5.786216925096193e-05
146 0.000101646679848061
152 0.0001475693727081854
160 3.6009024944890365e-05
219 0.00018825025618924418
371 9.818910047034337e-05
375 8.334256383691721e-05
436 6.181142310095298e-05
443 5.859719717528758e-05
449 6.628229345501092e-05
493 0.0001300045474523503
521 6.165346047478709e-05
549 6.786862826996617e-05
723 6.212889280683989e-05
724 0.0002875104201589402
829 0.00015890538922556517
858 0.00010815385522706535
872 6.593667904531496e-05
878 0.0001440237055098346
891 5.757123449128065e-05
960 0.00012069415303305452
961 0.0001251273376474703
1216 4.5550455969092306e-05
1306 4.5550455969092306e-05
1310 8.285279662389543e-05
1380 0.00015890538922556517
1469 6.358367031630664e-05
1480 0.0002734912621014559
1559 0.00011425323385392718
1773 0.0001002340757964429
1901 0.00011243128604527755
1918 0.0001376235146469122
1919 0.00014071861357331354
1922 7.334292682143156e-06
1959 0.00015447220461114937
2076 7.66818067754729e-05
2371 8.858094887998e-06
2384 3.364472337590274e-05
2389 8.070779096331723e-05
2391 2.4157123570420575e-05
2579 0.00013130412920165632
2586 9.502842032885344e-06
2667 8.358930576913648e-05
2685 7.754816608258265e-05
2773 0.00011067500849334801
3067 0.00010093525951244397
3117 0.00017065756051371745
3118 0.0002059351589452662
3149 7.541048004377448e-05
3150 7.604199766141655e-05
3212 7.356359438910525e-05
3213 0.0001300045474523503
3321 0.00011761535496899039
3419 0.00011712061541501202
3465 5.7716484755306535e-05
3576 5.3536945098705395e-05
3600 0.0001002340757964429
3727 6.424444555902466e-05
3746 1.903006184883404e-05
3814 0.00014576429866269
4220 4.3879500470736716e-05
4329 3.676019862375966e-05
4451 0.00010200632301179658
4452 0.0001664173719040451
4509 0.0001281179340087181
4670 7.541048004377448e-05
4676 1.811794967986411e-05
4801 0.0001347133110905388
4834 1.7286007534181456e-05
4878 6.969398876306011e-05
5033 0.0001347133110905388
5036 0.0001677901789526326
5170 0.0001128804268053397
5222 2.3001954162320978e-05
5228 4.931901336427842e-05
5355 0.00015447220461114937
5434 7.159039254876493e-05
5469 1.1433598200043818e-05
5687 2.724862948448243e-05
5699 8.260974660633398e-05
5700 0.00010575674440844711
5701 0.00010575674440844711
5894 1.5848029138067838e-05
5896 1.6219082409210568e-05
5912 0.00010498321344481378
6022 2.0770655001689466e-05
6035 9.818910047034337e-05
6038 0.00011663084820199027
6114 0.00010536844412685977
6309 0.0001147195668623605
6328 9.920086195142229e-05
6377 0.00010694056199521868
6467 4.669713069773751e-05
6468 4.669713069773751e-05
6684 0.0001251273376474703
6685 0.00019506105515172307
6689 7.376538112671329e-05
6753 0.00011862016226846598
6755 0.00015890538922556517
6762 7.139739654402146e-05
6763 7.27647006365303e-05
6831 0.00011198624708459517
6833 2.7093186202753706e-05
6905 2.9805618738211806e-05
6929 5.904359505253569e-05
6960 3.259102983841739e-05
6972 6.133906307779394e-05
6992 4.787143878550288e-05
7067 3.508605365233e-05
7073 5.516600244482883e-05
7178 3.714017269315804e-05
7251 7.689695691525318e-05
7321 3.8200641252257444e-05
7373 7.27647006365303e-05
7469 7.887728740211037e-05
7471 0.00019506105515172307
7554 8.260974660633398e-05
7665 0.00010422176939821458
7694 6.804811807694473e-05
7784 7.082295263288685e-05
7808 4.7398314413738584e-05
7836 6.424444555902466e-05
7841 0.0001300045474523503
7960 9.954283828468142e-05
7981 6.950834500520415e-05
7987 7.843020694973282e-05
8016 3.6571316885345003e-05
8166 0.0001376235146469122
8447 4.100899018649567e-05
8513 4.3335009582674306e-05
8571 9.496067334174995e-05
8585 0.0001431761810607271
8639 3.69498153124238e-05
8652 0.00010982004923951138
8659 0.00012936752625714268
8829 0.00011663084820199027
8871 7.025520142447097e-05
