371
15 6.0101372993599195e-05
32 0.00015775871449691997
58 3.9886331735258645e-05
68 3.241760820520544e-05
69 0.00010460100421098168
70 0.00011566583790554528
77 8.691610145495967e-05
96 0.00016128300357362823
145 5.786216925096193e-05
152 0.0001475693727081854
158 1.722259642893919e-05
160 3.6009024944890365e-05
161 8.88061998220748e-05
163 4.4209139343250144e-05
169 0.00021244233432427055
216 0.00013837905578907654
217 0.0001399262151792957
243 6.309390310328486e-05
276 4.8109734749355606e-05
277 5.502814824397996e-05
278 5.558192042480493e-05
318 9.719791862251607e-05
328 5.502814824397996e-05
375 8.334256383691721e-05
423 8.63892700805903e-05
430 2.1595466130645556e-05
463 2.104404381130732e-05
490 0.0001523982138465608
491 0.00022419450561242282
509 1.4811799641107606e-05
521 6.165346047478709e-05
549 6.786862826996617e-05
717 0.00023397347506023475
723 6.212889280683989e-05
726 6.4078409870285e-05
728 0.00017370426675739054
751 0.00011614595437539213
847 0.00016508218077975113
848 0.00022419450561242282
858 0.00010815385522706535
861 7.316251041712385e-05
872 6.593667904531496e-05
955 0.00020908021320920737
977 0.00010384546306881737
979 0.0001415241100530177
990 0.00010939812948263226
1033 0.0002462203859023654
1083 7.178415593526694e-05
1086 0.0002199543170027505
1126 4.895306850942043e-05
1127 0.00018418695135817993
1177 0.00010347204034115494
1183 0.00010310145735752775
1209 0.00016007969731333051
1226 0.00011110817958998604
1326 0.00015890538922556517
1327 0.00016007969731333051
1350 6.374802604546662e-05
1374 9.920086195142229e-05
1469 6.358367031630664e-05
1497 6.663037655997976e-05
1500 0.00010310145735752775
1524 0.0001300045474523503
1535 0.0002734912621014559
1539 0.00011198624708459517
1706 3.382257549850835e-05
1713 4.787143878550288e-05
1721 0.0001399262151792957
1765 0.00016920278300425065
1888 6.071628875522179e-05
1895 0.00011519040557349246
1922 7.334292682143156e-06
1929 4.2158123180710165e-05
1931 7.754816608258265e-05
1936 0.00011024565393173974
1956 0.0001128804268053397
1957 8.88061998220748e-05
1959 0.00015447220461114937
2076 7.66818067754729e-05
2077 0.0001804365299615294
2123 0.00011243128604527755
2148 8.383730339089555e-05
2149 8.408656954820681e-05
2253 0.00015342417653056774
2358 0.0001804365299615294
2384 3.364472337590274e-05
2385 0.00011712061541501202
2391 2.4157123570420575e-05
2404 0.00012341728754011654
2458 0.00017065756051371745
2475 0.00015447220461114937
2493 2.5565430128539482e-05
2500 0.00015447220461114937
2532 0.00015554326811050196
2550 5.3403616896513294e-05
2563 2.4450245822639586e-05
2564 4.692973938522239e-05
2571 6.593667904531496e-05
2582 7.458098891001271e-05
2586 9.502842032885344e-06
2588 0.00019756065060853997
2607 3.3290954653437934e-05
2618 4.846937791309118e-05
2620 0.00010347204034115494
2714 8.691610145495967e-05
2716 0.0001523982138465608
2718 8.88061998220748e-05
2739 7.583058115843726e-05
2740 0.00019268344080366
2827 0.0001196461249524729
2910 0.00016007969731333051
2945 0.0001196461249524729
2955 4.7516165565500014e-05
2976 5.461691012835996e-05
3002 0.0001440237055098346
3050 5.1064059112276297e-05
3052 0.00011379132113009053
3053 0.00019756065060853997
3067 0.00010093525951244397
3149 7.541048004377448e-05
3150 7.604199766141655e-05
3185 0.00010939812948263226
3204 0.00017065756051371745
3214 8.001326955199571e-05
3226 8.164949036359771e-05
3228 4.566391685271689e-05
3229 4.669713069773751e-05
3230 4.692973938522239e-05
3269 0.00010310145735752775
3290 0.00018617626542465564
3303 0.00010058340652177312
3307 8.408656954820681e-05
3331 0.00019506105515172307
3343 0.00011614595437539213
3413 8.001326955199571e-05
3414 9.852402568908913e-05
3421 8.586807337437805e-05
3450 0.00011198624708459517
3452 0.00023971321052336105
3465 5.7716484755306535e-05
3501 0.00016508218077975113
3502 0.00017695423263882194
3572 5.234992335902794e-05
3576 5.3536945098705395e-05
3600 0.0001002340757964429
3654 6.663037655997976e-05
3681 0.0001287387249198448
3682 0.0001239806629188251
3710 0.00017065756051371745
3719 2.489326185102742e-05
3723 6.859058854884968e-05
3743 3.233112827567267e-05
3746 1.903006184883404e-05
3756 0.00014576429866269
3757 0.00017370426675739054
3814 0.00014576429866269
3832 3.3290954653437934e-05
3864 0.00022883910672981793
3872 9.164022082905678e-05
3875 3.285232498188492e-05
3887 5.5861184383926875e-05
3931 0.0001664173719040451
4001 0.0001677901789526326
4108 9.654815662959692e-05
4220 4.3879500470736716e-05
4224 8.236790279729728e-05
4225 0.00010897983139923425
4247 4.846937791309118e-05
4290 5.656642719180506e-05
4291 7.843020694973282e-05
4300 0.00020298083458234552
4314 3.1644758795232604e-05
4321 0.00010200632301179658
4385 0.0002059351589452662
4432 6.4078409870285e-05
4435 0.00010856509334268535
4436 0.0001128804268053397
4442 0.00017695423263882194
4453 3.6854914742017664e-05
4467 5.5861184383926875e-05
4473 0.00016128300357362823
4495 3.207260550754382e-05
4502 6.424444555902466e-05
4503 7.798719092134497e-05
4516 0.00011663084820199027
4518 0.00015139340654708521
4533 5.685140711216779e-05
4567 6.341986704442123e-05
4577 3.9085797470059324e-05
4658 8.334256383691721e-05
4659 6.610917985376751e-05
4670 7.541048004377448e-05
4676 1.811794967986411e-05
4699 3.676019862375966e-05
4712 8.484211069037113e-05
4718 0.0001147195668623605
4759 5.0810908270240366e-05
4768 0.00012176521653240713
4769 0.00012936752625714268
4834 1.7286007534181456e-05
4839 3.088397517794058e-05
4846 4.681329625334851e-05
4911 6.341986704442123e-05
4913 6.457822376461287e-05
4914 6.542281037332744e-05
4915 0.00023971321052336105
4933 2.564069103539461e-05
4935 0.00011862016226846598
4972 4.681329625334851e-05
4974 0.00013263932032595027
5168 0.00014488623116808087
5171 7.52017798211394e-05
5192 8.001326955199571e-05
5242 6.786862826996617e-05
5244 0.0002199543170027505
5254 5.9796800580258657e-05
5291 0.00011067500849334801
5293 0.00019756065060853997
5334 9.719791862251607e-05
5335 9.852402568908913e-05
5360 0.00014488623116808087
5361 0.00015447220461114937
5379 2.541525611908456e-05
5380 3.8298201700263376e-05
5411 8.164949036359771e-05
5427 3.490353872923123e-05
5430 6.441104889224853e-05
5434 7.159039254876493e-05
5469 1.1433598200043818e-05
5481 6.576478670658657e-05
5550 4.944160821510571e-05
5557 0.0001786642827461757
5588 6.913916575845257e-05
5687 2.724862948448243e-05
5702 3.9886331735258645e-05
5726 0.00013614669170503938
5775 0.00014576429866269
5786 0.00017695423263882194
5787 0.00013687950893562258
5806 7.910237522724487e-05
5810 5.261121850249547e-05
5811 0.00010310145735752775
5854 7.178415593526694e-05
5894 1.5848029138067838e-05
5896 1.6219082409210568e-05
5909 6.663037655997976e-05
5975 0.00010460100421098168
6022 2.0770655001689466e-05
6030 0.0001391464957049546
6159 7.101368253390731e-05
6160 7.955569410086921e-05
6175 0.00015139340654708521
6177 0.00015447220461114937
6242 3.105201474962982e-05
6251 0.0001228603508781383
6302 8.509658347491132e-05
6306 0.00011425323385392718
6309 0.0001147195668623605
6356 6.733409171295719e-05
6377 0.00010694056199521868
6384 0.00015663840245623315
6436 0.0001804365299615294
6506 8.88061998220748e-05
6528 0.00011913044365880717
6566 7.082295263288685e-05
6568 3.9584588186023764e-05
6569 4.981125419104163e-05
6586 5.24803957997587e-05
6588 6.576478670658657e-05
6589 5.9343481706634316e-05
6593 7.754816608258265e-05
6614 8.484211069037113e-05
6619 5.7716484755306535e-05
6679 9.527405980765772e-05
6680 9.558947467904783e-05
6682 6.698096388147314e-05
6689 7.376538112671329e-05
6732 0.00018227567001855016
6760 1.9892587507080337e-05
6762 7.139739654402146e-05
6763 7.27647006365303e-05
6833 2.7093186202753706e-05
6847 0.0002199543170027505
6861 0.00030726931367955075
6885 5.131853189681648e-05
6905 2.9805618738211806e-05
6929 5.904359505253569e-05
6934 0.00010200632301179658
6960 3.259102983841739e-05
6967 0.00010536844412685977
6992 4.787143878550288e-05
6995 7.843020694973282e-05
6996 0.00018617626542465564
6999 6.309390310328486e-05
7067 3.508605365233e-05
7073 5.516600244482883e-05
7091 9.464928935894339e-05
7174 7.256700694753944e-05
7178 3.714017269315804e-05
7251 7.689695691525318e-05
7254 0.00023397347506023475
7280 0.0002059351589452662
7310 0.0001347133110905388
7316 0.00019041645403432799
7321 3.8200641252257444e-05
7335 0.000126899584862824
7359 0.00016378259903044513
7373 7.27647006365303e-05
7374 0.00010498321344481378
7482 2.5340342303404983e-05
7483 2.8590308184836374e-05
7554 8.260974660633398e-05
7563 0.00017695423263882194
7590 0.0001239806629188251
7656 0.00016508218077975113
7795 0.00020019542348213994
7818 2.996997446737178e-05
7858 4.509923582401553e-05
7863 7.64676023536449e-05
7877 8.853165584237468e-05
7879 0.0002734912621014559
7886 7.910237522724487e-05
7890 9.233159952796689e-06
7894 6.374802604546662e-05
7897 0.00013542473142615584
7898 0.00017695423263882194
7902 7.376538112671329e-05
7903 8.141235399539764e-05
7904 6.056183085252843e-05
7922 0.00010774605847492284
7938 4.907474504580058e-05
7942 9.134928606937549e-05
7943 7.64676023536449e-05
7957 0.00011379132113009053
7960 9.954283828468142e-05
7995 9.134928606937549e-05
8009 2.7093186202753706e-05
8010 3.97855428110104e-05
8054 2.9805618738211806e-05
8058 8.853165584237468e-05
8059 0.00011425323385392718
8060 0.0001147195668623605
8081 0.0001664173719040451
8088 8.509658347491132e-05
8089 0.00019268344080366
8144 1.8182537399726556e-05
8181 0.00019041645403432799
8204 5.1064059112276297e-05
8234 4.8109734749355606e-05
8349 4.919672615455441e-05
8513 4.3335009582674306e-05
8526 0.00010939812948263226
8575 0.00020019542348213994
8604 0.00015447220461114937
8605 0.00026261715830791277
8608 0.0001677901789526326
8621 0.000101646679848061
8624 0.0001677901789526326
8639 3.69498153124238e-05
8670 0.00010654275221462514
8678 4.409901177660094e-05
8685 0.00012571095453322076
8729 0.0002875104201589402
8800 0.00011379132113009053
8818 7.139739654402146e-05
8819 7.139739654402146e-05
8824 0.00011712061541501202
8827 0.0001415241100530177
8865 0.00021605372159664503
8882 0.0001147195668623605
8883 0.00011519040557349246
