203
41 0.008179040697477095
53 0.006101210407255913
68 0.0009694822963919157
69 0.0031282018440545933
93 0.006568565629681378
109 0.007125439690518721
116 0.009115254240272146
139 0.0032591552262750856
148 0.003174471255080208
276 0.0014387716647189838
277 0.004937022051849154
318 0.002906804868335111
378 0.0023791957913655917
389 0.006158705156108096
393 0.004527577312575917
407 0.018476115468324287
443 0.0017524101383428285
480 0.004113441998735314
521 0.007375243486594665
620 0.005508302384241944
639 0.0038500654915626063
707 0.0028398977208781056
744 0.005508302384241944
961 0.0037420631983699844
969 0.0031511529330824637
1011 0.002560242667794943
1050 0.009189208468161597
1055 0.02778772470855019
1092 0.004898089001876936
1102 0.005698539738294266
1108 0.004898089001876936
1110 0.0029565490841640518
1172 0.0027146483147579303
1216 0.005872894385179195
1219 0.0037420631983699844
1289 0.004976884625533053
1309 0.002477799072188443
1390 0.001941329786642917
1411 0.004070099518803567
1420 0.005148537385423595
1510 0.0027848963242735106
1578 0.004619651971458265
1606 0.011816513545122873
1712 0.0014316451760281936
1780 0.006353309005026507
1799 0.003389363562050092
1849 0.006353309005026507
1885 0.008598298202874076
1921 0.0006580189568784543
1941 0.008231548741834105
1948 0.003759516868456588
1959 0.003502613840867742
1971 0.006843671540859521
1983 0.0064203271735549464
2019 0.003907224348269923
2024 0.003759516868456588
2066 0.008598298202874076
2075 0.0022932492012852834
2084 0.0034308079861656267
2122 0.0033623745679044075
2319 0.004385974360245532
2388 0.004827300893054249
2394 0.005292000406970407
2416 0.002583560989792687
2438 0.0016456740172830515
2492 0.001529121565809019
2611 0.004785760122465676
2691 0.005396142130930033
2826 0.0035781418307934175
2929 0.004557627120136073
2962 0.007634705556326271
3003 0.0073634767757110075
3133 0.0036742666007582836
3149 0.002274115044156189
3160 0.0031511529330824637
3184 0.003271664865601405
3222 0.020467620530776318
3227 0.001365626936212795
3506 0.005463790855370968
3507 0.005451143527534627
3627 0.002312637922288504
3656 0.0014104724447966254
3819 0.0019212969759128445
3872 0.0027405961343240064
3916 0.006252761275571999
3926 0.009968417078919014
3930 0.006252761275571999
3943 0.004599366980058633
3954 0.006444515927036995
4002 0.00755436420666054
4003 0.0077758424623848715
4005 0.0027581549495376873
4221 0.002624524216075205
4226 0.0032591552262750856
4248 0.0014495271676559349
4316 0.004340383663868936
4333 0.004855327340397446
4349 0.002456100943835316
4382 0.0012927435479804584
4383 0.0036782041969252647
4403 0.0020787193647193937
4724 0.00272324635759216
4886 0.006144714618852694
4915 0.001956537201500316
4933 0.007588130432189575
5013 0.009666773890555492
5135 0.008179040697477095
5163 0.006699122743426355
5172 0.00449797491118117
5187 0.00478734987401477
5229 0.0014749363996726485
5255 0.001788285526078071
5277 0.012706618010053013
5381 0.001145347562257541
5435 0.0021409851623979633
5456 0.002664098830073783
5537 0.005508302384241944
5557 0.005987052396217553
5562 0.00478734987401477
5583 0.017652862410407356
5617 0.004093524106155263
5675 0.0030614406738635217
5703 0.0011928422430356545
5724 0.014337745853585191
5807 0.002365638818876531
5866 0.010734425492380252
5949 0.0058335037701750195
5985 0.000923617405321498
5988 0.009329152288470153
5999 0.004332973463657506
6039 0.0034879668428729436
6052 0.0050179398484089316
6058 0.0032970109659049146
6083 0.005194806796449209
6194 0.006396337506720731
6328 0.0031056066002325515
6409 0.0013155407686628096
6469 0.0027930525421358166
6471 0.00377718210333027
6477 0.0032222579635184977
6507 0.002655841787967552
6508 0.0018580291701159634
6509 0.009189208468161597
6517 0.0029364471925895975
6526 0.010584000813940814
6537 0.002242772674175842
6572 0.0044409757568501275
6634 0.0035323569963419204
6752 0.006997220166902054
6761 0.00356945113818322
6764 0.006528312202074745
6789 0.0071688729267925955
6909 0.002672402921106855
6930 0.001765760131235564
6966 0.003987099900862623
6976 0.004307178736589415
7141 0.0050179398484089316
7147 0.011816513545122873
7303 0.0035323569963419204
7370 0.005606000916243035
7385 0.004184639025764709
7407 0.0020031354030593577
7455 0.0044692749767724855
7470 0.0023589073333141193
7481 0.0027670143326457694
7484 0.0017100458157265888
7493 0.008598298202874076
7591 0.0037077706977602996
7609 0.004651683239599978
7675 0.005629819742142766
7695 0.0020350497594017834
7702 0.003416861812436909
7751 0.006252761275571999
7821 0.0040716084445480225
7886 0.005508302384241944
7903 0.002206030458393519
7904 0.007304163410808561
7958 0.003403047831917338
7961 0.0029769321301781233
7988 0.011727684636510383
8011 0.004759312181633888
8043 0.0039853014490103325
8045 0.006353309005026507
8099 0.0038879212311924358
8163 0.003987099900862623
8167 0.004115774370917052
8187 0.0027670143326457694
8350 0.0029425585469086504
8527 0.003271664865601405
8531 0.0034308079861656267
8560 0.013612191327669353
8590 0.010035879696817863
8639 0.001941329786642917
8660 0.003868870449676696
8664 0.002392880061232838
8697 0.0014316451760281936
8723 0.0021584388324845665
8739 0.0026476312646551785
8769 0.007853839311544021
8812 0.0035627198452593606
8820 0.004270426832216907
8865 0.006353309005026507
8872 0.006303164648606228
