277
27 0.005603112937582011
32 0.0032320589967736795
68 0.0006641510904018182
69 0.002142998044892572
76 0.005380331298483031
116 0.0031222365098863216
149 0.00620330132941436
158 0.0010585364094807316
243 0.0012926272746125855
276 0.0009856412783592118
277 0.0011273812808054008
297 0.003355472465653625
320 0.007117482415364894
375 0.0034149376042050855
384 0.003466517706054901
406 0.003209106764804482
407 0.016876267922024943
443 0.001200501657991179
521 0.0037893492396641553
639 0.005275032259704169
685 0.004911089959044123
738 0.008317081369185577
757 0.004431573139234972
858 0.002215786569617486
872 0.0013508682382801077
926 0.005603112937582011
1055 0.03807237684205957
1088 0.0035270440019683474
1095 0.001424042231462941
1102 0.013663395280553837
1110 0.006076218117799224
1144 0.0020323634062323574
1164 0.001727844572979106
1172 0.0018596901098801453
1192 0.003164727097688651
1200 0.0037735037023082746
1239 0.0029863251257055017
1297 0.003558741207682447
1309 0.0016974347666946115
1411 0.0013941260420729457
1496 0.0013650802664426198
1499 0.0021122762941845684
1547 0.003591477849325229
1564 0.0031432557729664822
1606 0.004047495444191513
1609 0.0019648797433529618
1625 0.003996285341407255
1657 0.002182779328130435
1712 0.000980759224037705
1763 0.006511102661049364
1780 0.004352381801144596
1784 0.008796586196410916
1847 0.00133338306072852
1921 0.00030052053509544736
1941 0.01973679387984591
1956 0.0018194042593432885
1983 0.002199146549102729
1984 0.0019454931513141966
2019 0.0026766732316883613
2025 0.005245934608436608
2053 0.003164727097688651
2066 0.005890328424037873
2075 0.0015710074988115276
2112 0.003382097460021016
2229 0.004911089959044123
2328 0.0029162347299632025
2346 0.005603112937582011
2388 0.0033069785428279683
2414 0.002612239384331479
2439 0.002612239384331479
2468 0.002276312865530932
2492 0.0005237680765644686
2611 0.004917781091361281
2634 0.0031866703572432033
2663 0.0041014749748800716
2684 0.0015887569106390264
2713 0.001780681140612875
2829 0.0016974347666946115
2928 0.002563528351986794
2954 0.0029204418449636973
2962 0.010460424164529787
3050 0.001620598547184382
3072 0.005890328424037873
3102 0.002483615464034583
3139 0.004219066980506236
3160 0.0021587208599047683
3201 0.004047495444191513
3217 0.007802259486684739
3222 0.0448687883635593
3225 0.0016727822025755926
3234 0.005275032259704169
3353 0.003382097460021016
3474 0.002599837012178132
3506 0.0018715053734489064
3507 0.0037343466004719976
3512 0.0024815036163573947
3560 0.0045931527218802575
3599 0.0020535312264319517
3627 0.0031685797739860887
3656 0.0009662546863204468
3786 0.0020606880894759585
3795 0.005380331298483031
3814 0.0029863251257055017
3819 0.0013161988478667304
3831 0.003591477849325229
3835 0.0024198675515169936
3916 0.004283500827863117
3974 0.0020751575908499547
4002 0.002587586820212461
4003 0.005326898974231475
4005 0.007557978620342353
4094 0.0021909293988537676
4121 0.003255551330524682
4148 0.0032796097987503486
4175 0.006295135916119899
4221 0.0017979499227365773
4248 0.000993009416003376
4389 0.0028994548707873416
4393 0.0017074688021025428
4433 0.001312797215549379
4455 0.0036966674827980457
4468 0.00457779195613385
4567 0.0019846502531504734
4573 0.0027455542049698396
4577 0.003023306320862869
4680 0.002483615464034583
4699 0.004911089959044123
4724 0.0018655802633619851
4763 0.005733436458289119
4770 0.002650398606904955
4798 0.004092850604693137
4819 0.0018538345029516857
4835 0.0003541445957347704
4854 0.0017486448694788693
4875 0.012304424924640213
4886 0.00420948265843242
4902 0.0039011297433423696
4936 0.002430213531348434
4980 0.005890328424037873
4981 0.006295135916119899
4998 0.0031432557729664822
5081 0.002166676106133519
5112 0.0030423236219341105
5157 0.004793497953417959
5163 0.0011473210215753183
5172 0.0046220569776965125
5187 0.0032796097987503486
5277 0.004352381801144596
5336 0.002018496820554396
5482 0.001347346618687585
5513 0.005890328424037873
5538 0.009376616639890286
5567 0.0037343466004719976
5583 0.009069918962588608
5627 0.0032796097987503486
5695 0.0032320589967736795
5697 0.003625324416729152
5698 0.0073933349655960915
5703 0.0008171654906313219
5714 0.007320717645213415
5724 0.004911089959044123
5811 0.005389323899933789
5823 0.0018715053734489064
5866 0.009804931177714377
5869 0.007433530642718063
5873 0.0026900744814831287
5897 0.0003322861205307691
5902 0.004352381801144596
5914 0.005890328424037873
5985 0.0025309240164212085
5988 0.0031955027378897764
6014 0.003304262362869367
6046 0.003466517706054901
6115 0.0021587208599047683
6159 0.005603112937582011
6161 0.0016298858524757388
6165 0.0026634494871157375
6194 0.006572788196561302
6233 0.005603112937582011
6262 0.0029863251257055017
6295 0.003496322251260344
6306 0.0035270440019683474
6346 0.002563528351986794
6430 0.0011914391620048296
6469 0.0009567007558120384
6477 0.0022074318922494537
6492 0.0015578995015138948
6501 0.004506282466962097
6506 0.00540731613358934
6507 0.005458212778029866
6526 0.003625324416729152
6527 0.005603112937582011
6534 0.006295135916119899
6537 0.0015364281767917263
6599 0.002650398606904955
6634 0.0024198675515169936
6635 0.004219066980506236
6687 0.0023219088310136265
6713 0.0024689057434101355
6752 0.004793497953417959
6761 0.006113197926313791
6764 0.0014907563495925472
6823 0.0017486448694788693
6834 0.0005550677596297494
6835 0.003996285341407255
6864 0.0041014749748800716
6909 0.0036614991746659435
6921 0.0019264758502429557
6962 0.0029162347299632025
6976 0.0029506649735715996
7070 0.0034094519963421836
7074 0.0033906166468159623
7092 0.0019391137167055251
7226 0.004911089959044123
7252 0.0015754153563878994
7303 0.0024198675515169936
7370 0.0019202164057935916
7444 0.0029863251257055017
7470 0.0016159870927071438
7472 0.003996285341407255
7484 0.0046859186490714804
7559 0.0027892857850007145
7574 0.005044404779682483
7598 0.0036603588226067074
7603 0.0019780164870872824
7695 0.0013941260420729457
7751 0.004283500827863117
7776 0.0021587208599047683
7782 0.004219066980506236
7821 0.0027892857850007145
7864 0.0015666190164958236
7903 0.0015112576473592385
7904 0.001667923905303411
7913 0.007228883058507878
7944 0.003133238032991647
7988 0.004820482788524268
8001 0.003355472465653625
8011 0.0008151005920269533
8043 0.0013650802664426198
8069 0.0023312833423249813
8082 0.0034094519963421836
8091 0.0019583756283670668
8159 0.0022412784596533763
8179 0.005603112937582011
8187 0.001895563841674573
8205 0.0020923351485453165
8235 0.0019712825567184235
8290 0.004793497953417959
8321 0.006295135916119899
8350 0.003023732575788889
8352 0.00281954198283513
8358 0.004352381801144596
8379 0.0041014749748800716
8438 0.003455689145958212
8527 0.004482556919306753
8560 0.0046625666846499625
8565 0.0028829523773916555
8572 0.0019454931513141966
8576 0.0041014749748800716
8590 0.0034375771835077275
8601 0.0017176047076314048
8604 0.00281954198283513
8639 0.0013299224745277913
8679 0.0009034721677082013
8690 0.0031222365098863216
8695 0.0018194042593432885
8697 0.000980759224037705
8723 0.004435963945382074
8739 0.0018137795790051567
8764 0.0013403404276944692
8766 0.003209106764804482
8772 0.004158540684592788
8775 0.004283500827863117
8814 0.0009079897234673531
8820 0.0014627439034490097
8830 0.002389457745232499
8884 0.0047198937676825965
