213
68 0.0010208682838331834
96 0.005078989851053621
109 0.0037515565861741674
145 0.0018221471815002568
158 0.0005423596444335903
163 0.0013921973492121741
171 0.004767554908648846
256 0.006142700083081824
290 0.0017372417448350338
316 0.007548848523619058
332 0.006803783628513429
333 0.006584179717740127
334 0.0029136758697117997
377 0.0037515565861741674
378 0.0025053015753602344
406 0.004932725945900883
407 0.012970276583181714
521 0.003883078726157615
572 0.009676268987675462
602 0.004220198159582616
632 0.0020179038472225436
646 0.006803783628513429
673 0.007548848523619058
813 0.006584179717740127
858 0.0034058910169032027
961 0.00394040577072175
975 0.004562636368091649
1095 0.00218889883634763
1201 0.007753767064176255
1207 0.00395878454699669
1262 0.007060146409957287
1411 0.023572060464024894
1434 0.007753767064176255
1460 0.004562636368091649
1468 0.00400464784352597
1517 0.008270120547138228
1518 0.004333924955947991
1547 0.005520469485711925
1609 0.003020221513634411
1921 0.0006928962867483371
1930 0.002442082177130659
1931 0.004015279619025419
1965 0.009054038390305564
1984 0.002990422335058924
2024 0.00395878454699669
2075 0.0024147995123074716
2082 0.003282065049034941
2149 0.004932725945900883
2183 0.004134920139382194
2252 0.009663012446928762
2299 0.003471764197313302
2372 0.00285463160679311
2373 0.002704085759407976
2388 0.005083164897986453
2422 0.007548848523619058
2462 0.0054701499128687785
2492 0.0016101704120533133
2548 0.007753767064176255
2611 0.002519711159884755
2681 0.004831506223464381
2707 0.008187989589366403
2724 0.0033181751733518524
2775 0.0029043469079937487
2789 0.003597967562212717
2903 0.009535109817297691
2954 0.0014963394612004808
2962 0.005359581285713142
3079 0.0062214152587396045
3122 0.006803783628513429
3149 0.0023946511772386723
3199 0.01810807678061113
3210 0.008270120547138228
3290 0.009054038390305564
3394 0.002374763951060488
3414 0.004932725945900883
3464 0.0018175594068526213
3507 0.005740073396485227
3544 0.001912026732814617
3564 0.0044825516167278905
3581 0.0034058910169032027
3582 0.003672841410516386
3604 0.0016943727708128077
3634 0.008270120547138228
3653 0.002098268254072578
3656 0.005940929873489673
3716 0.007990328158277361
3824 0.009676268987675462
3912 0.004176966864822857
3930 0.006584179717740127
3931 0.00524067709685106
4001 0.005283908391610818
4002 0.011932158305220007
4003 0.004093994794683201
4040 0.00580026187457279
4109 0.005421428059562654
4115 0.009676268987675462
4221 0.0013818166367321751
4224 0.0056263466001198505
4253 0.006803783628513429
4263 0.020070170496444162
4264 0.014736195121814925
4297 0.0030002912403033414
4349 0.005172565945321019
4357 0.004706162343032511
4383 0.0019365810082751396
4461 0.003735487230164554
4493 0.002194744974757568
4542 0.004333924955947991
4547 0.0024013379393507035
4552 0.005374205580559187
4828 0.009054038390305564
4838 0.005198630371410396
4844 0.006392103172430612
4854 0.002687846354145965
4886 0.006470406206424391
4943 0.004285829175277253
4973 0.001474205286960572
4975 0.004176966864822857
4998 0.004831506223464381
5045 0.0031674887594418445
5131 0.009676268987675462
5140 0.005682156731509363
5163 0.007054199920639766
5172 0.0023681917376890257
5229 0.0015531132406446972
5255 0.0018830709779903362
5295 0.012202443252585949
5362 0.00486450984980411
5380 0.0008003560513543519
5386 0.0036274801924769074
5518 0.008612558755647261
5583 0.004647131623941159
5675 0.009671123542169572
5695 0.004968005878433041
5698 0.005682156731509363
5763 0.0043818854053800545
5811 0.0016567886194142742
5823 0.002876695538693549
5866 0.007535591982872357
5976 0.00329400759550625
5985 0.0038902895658771224
5989 0.002218354817006739
6006 0.006863803939434456
6039 0.003672841410516386
6059 0.005572495128187919
6082 0.01199287235585817
6334 0.009054038390305564
6414 0.003020221513634411
6444 0.008030559238050837
6492 0.0023946511772386723
6526 0.005572495128187919
6537 0.0023616475508989434
6542 0.010656785880804818
6635 0.006485138291590857
6643 0.004831506223464381
6651 0.0030816140792507456
6655 0.005117842799115329
6671 0.003380313600210908
6683 0.0021093086576384756
6725 0.004073934254429878
6749 0.0037842090834706785
6761 0.00187932233070424
6764 0.0022914452723419012
6795 0.00935272632891405
6921 0.0059223815890861176
6930 0.005578054972878425
6935 0.003212298058943926
6983 0.0036126529324288226
7074 0.0017372417448350338
7088 0.004333924955947991
7092 0.002980616490342415
7134 0.005862907694220958
7252 0.002421574841090941
7303 0.003719584398974884
7375 0.0033060438099653013
7385 0.004406439680840577
7390 0.004093994794683201
7409 0.0027370893857477053
7412 0.005928220081832311
7429 0.009676268987675462
7484 0.0009003421432624089
7521 0.0060204480448033506
7696 0.005862907694220958
7903 0.0046459157356980125
7943 0.002876695538693549
7988 0.007409576017696313
8000 0.009676268987675462
8033 0.001907162673348881
8059 0.0027879650772694104
8112 0.007990328158277361
8179 0.008612558755647261
8235 0.0015150316469479052
8238 0.009676268987675462
8335 0.00692661792624916
8350 0.0015492622738140951
8422 0.006304387328879261
8448 0.002582841841286568
8455 0.006690056832148053
8531 0.0036126529324288226
8560 0.0035834213919129568
8572 0.008971267005176774
8664 0.00503942231976951
8694 0.0026717769981363516
8695 0.0027966107873297896
8697 0.0015075274291745642
8719 0.0059223815890861176
8739 0.011151860309077642
8758 0.003092089269935336
8812 0.0037515565861741674
8814 0.0013956732498526451
8865 0.006690056832148053
8872 0.002212418215882987
8893 0.00981064417175937
