540
8 0.0001475693727081854
10 0.00016128300357362823
15 6.0101372993599195e-05
52 9.785646144837983e-05
56 0.0001027336712532598
68 3.241760820520544e-05
72 0.00013837905578907654
82 8.334256383691721e-05
94 0.00016128300357362823
122 0.0001523982138465608
124 0.00015447220461114937
130 0.00011862016226846598
145 5.786216925096193e-05
146 0.000101646679848061
158 1.722259642893919e-05
160 3.6009024944890365e-05
163 4.4209139343250144e-05
216 0.00013837905578907654
217 0.0001399262151792957
223 0.0002537323685808453
224 0.00026261715830791277
225 4.311890533715833e-05
243 6.309390310328486e-05
246 0.0001002340757964429
276 4.8109734749355606e-05
277 5.502814824397996e-05
278 5.558192042480493e-05
283 0.00014488623116808087
295 6.969398876306011e-05
307 0.0002734912621014559
318 9.719791862251607e-05
320 0.00017370426675739054
328 5.502814824397996e-05
342 0.0001804365299615294
344 9.164022082905678e-05
354 0.00021244233432427055
355 0.00023971321052336105
378 7.955569410086921e-05
397 0.00013614669170503938
401 0.00010939812948263226
404 0.00011913044365880717
405 0.00011913044365880717
406 0.00015663840245623315
423 8.63892700805903e-05
430 2.1595466130645556e-05
431 0.0002537323685808453
436 6.181142310095298e-05
443 5.859719717528758e-05
446 0.00010058340652177312
449 6.628229345501092e-05
463 2.104404381130732e-05
473 4.858985121920245e-05
480 6.877276232176413e-05
509 1.4811799641107606e-05
511 4.409901177660094e-05
521 6.165346047478709e-05
549 6.786862826996617e-05
596 0.00020019542348213994
597 0.00011198624708459517
632 6.4078409870285e-05
639 0.0001287387249198448
692 0.00015342417653056774
706 6.525271795805037e-05
707 9.496067334174995e-05
723 6.212889280683989e-05
726 6.4078409870285e-05
732 0.00011614595437539213
741 0.00030726931367955075
753 9.752607762356147e-05
757 0.00010815385522706535
765 7.499396958083494e-05
785 9.134928606937549e-05
858 0.00010815385522706535
872 6.593667904531496e-05
891 5.757123449128065e-05
934 0.00023397347506023475
952 0.00030726931367955075
969 0.00010536844412685977
975 0.00014488623116808087
1005 0.00018825025618924418
1096 6.950834500520415e-05
1126 4.895306850942043e-05
1130 8.665197383001834e-05
1173 9.077257605451787e-05
1195 0.00018825025618924418
1216 4.5550455969092306e-05
1217 9.818910047034337e-05
1220 0.0001251273376474703
1222 0.0001786642827461757
1234 2.8271279696782107e-05
1239 0.00013196715204843822
1306 4.5550455969092306e-05
1310 8.285279662389543e-05
1365 6.733409171295719e-05
1371 0.00011519040557349246
1380 0.00015890538922556517
1412 6.804811807694473e-05
1432 0.00015139340654708521
1461 0.00014488623116808087
1469 6.358367031630664e-05
1487 0.00018825025618924418
1488 0.00019506105515172307
1497 6.663037655997976e-05
1500 0.00010310145735752775
1508 0.00011198624708459517
1624 0.00017215710736717137
1626 0.00019506105515172307
1649 8.744869066327002e-05
1671 7.64676023536449e-05
1703 0.00015663840245623315
1706 3.382257549850835e-05
1713 4.787143878550288e-05
1717 0.0001251273376474703
1718 0.00016128300357362823
1828 0.00016128300357362823
1834 0.00014849761844045535
1888 6.071628875522179e-05
1897 0.00018227567001855016
1922 7.334292682143156e-06
1956 0.0001128804268053397
1957 8.88061998220748e-05
1970 0.00012122674224136485
1973 0.0001275049519955334
1985 9.496067334174995e-05
2029 0.00012122674224136485
2030 0.0001228603508781383
2032 0.00011024565393173974
2042 8.383730339089555e-05
2061 0.0001677901789526326
2073 0.00010939812948263226
2076 7.66818067754729e-05
2144 0.0001263016457352357
2146 0.0001347133110905388
2167 8.744869066327002e-05
2184 0.00013130412920165632
2225 0.0002059351589452662
2266 0.0001347133110905388
2329 0.0001423431449207802
2350 0.00016007969731333051
2371 8.858094887998e-06
2373 4.532432364915004e-05
2384 3.364472337590274e-05
2385 0.00011712061541501202
2389 8.070779096331723e-05
2391 2.4157123570420575e-05
2421 0.00015447220461114937
2422 0.00017370426675739054
2434 0.00010536844412685977
2445 0.00018825025618924418
2455 0.00010128967145643295
2466 0.00010939812948263226
2469 0.00011110817958998604
2479 0.00013542473142615584
2493 2.5565430128539482e-05
2503 0.00015342417653056774
2526 8.070779096331723e-05
2550 5.3403616896513294e-05
2563 2.4450245822639586e-05
2564 4.692973938522239e-05
2571 6.593667904531496e-05
2580 8.992010952057247e-05
2582 7.458098891001271e-05
2586 9.502842032885344e-06
2587 0.00014944388948364012
2590 8.771718405598661e-05
2593 0.00016920278300425065
2607 3.3290954653437934e-05
2661 0.00018227567001855016
2675 0.00010694056199521868
2684 0.00021605372159664503
2685 7.754816608258265e-05
2739 7.583058115843726e-05
2794 0.00012341728754011654
2797 0.00010347204034115494
2817 0.0001275049519955334
2818 0.00030726931367955075
2823 0.00016508218077975113
2896 0.00011379132113009053
2897 0.00013332088986277624
2940 7.910237522724487e-05
2955 4.7516165565500014e-05
2958 6.950834500520415e-05
2963 8.509658347491132e-05
2976 5.461691012835996e-05
2989 0.0001523982138465608
3050 5.1064059112276297e-05
3063 0.00023397347506023475
3067 0.00010093525951244397
3113 6.165346047478709e-05
3140 0.0002059351589452662
3147 0.00012936752625714268
3149 7.541048004377448e-05
3150 7.604199766141655e-05
3212 7.356359438910525e-05
3228 4.566391685271689e-05
3229 4.669713069773751e-05
3230 4.692973938522239e-05
3307 8.408656954820681e-05
3343 0.00011614595437539213
3368 0.00010058340652177312
3370 0.00011811516886331826
3389 0.00023397347506023475
3413 8.001326955199571e-05
3414 9.852402568908913e-05
3478 7.865323446718271e-05
3482 0.00014665847838343454
3513 6.056183085252843e-05
3519 8.586807337437805e-05
3545 6.071628875522179e-05
3558 0.00016007969731333051
3572 5.234992335902794e-05
3574 0.00021605372159664503
3575 0.0002875104201589402
3576 5.3536945098705395e-05
3586 6.228840662358072e-05
3596 8.285279662389543e-05
3657 4.716346370617082e-05
3719 2.489326185102742e-05
3724 5.7716484755306535e-05
3743 3.233112827567267e-05
3746 1.903006184883404e-05
3766 5.131853189681648e-05
3790 0.00020298083458234552
3796 0.0001399262151792957
3819 6.424444555902466e-05
3869 0.0001523982138465608
3875 3.285232498188492e-05
3887 5.5861184383926875e-05
3891 8.334256383691721e-05
3914 0.00012936752625714268
3926 0.00011110817958998604
3932 4.895306850942043e-05
3935 0.0002537323685808453
3943 7.689695691525318e-05
3974 0.00010128967145643295
3977 0.0001128804268053397
3982 0.0001786642827461757
3983 0.00023971321052336105
3996 7.417147870601431e-05
3997 0.0001347133110905388
4002 0.0001263016457352357
4003 0.0001300045474523503
4042 0.00012571095453322076
4045 0.0002734912621014559
4079 0.00023397347506023475
4091 0.00019041645403432799
4099 0.0001147195668623605
4108 9.654815662959692e-05
4189 4.981125419104163e-05
4192 0.00019041645403432799
4247 4.846937791309118e-05
4250 8.612797493712278e-05
4295 0.00012176521653240713
4308 7.955569410086921e-05
4314 3.1644758795232604e-05
4315 7.256700694753944e-05
4329 3.676019862375966e-05
4332 8.117636599183342e-05
4375 7.541048004377448e-05
4399 9.282164663063054e-05
4402 6.950834500520415e-05
4431 0.00013196715204843822
4435 0.00010856509334268535
4436 0.0001128804268053397
4448 0.0002734912621014559
4453 3.6854914742017664e-05
4467 5.5861184383926875e-05
4473 0.00016128300357362823
4485 7.159039254876493e-05
4492 6.969398876306011e-05
4495 3.207260550754382e-05
4577 3.9085797470059324e-05
4652 4.476354154013861e-05
4658 8.334256383691721e-05
4670 7.541048004377448e-05
4676 1.811794967986411e-05
4699 3.676019862375966e-05
4746 0.00022419450561242282
4751 0.00010856509334268535
4754 0.00013542473142615584
4755 0.0001376235146469122
4759 5.0810908270240366e-05
4801 0.0001347133110905388
4829 8.383730339089555e-05
4834 1.7286007534181456e-05
4839 3.088397517794058e-05
4844 0.00010734164596720007
4846 4.681329625334851e-05
4853 8.535239208071232e-05
4878 6.969398876306011e-05
4879 0.0001753021616311125
4885 0.0001027336712532598
4911 6.341986704442123e-05
4913 6.457822376461287e-05
4914 6.542281037332744e-05
4923 8.188778632745044e-05
4933 2.564069103539461e-05
4972 4.681329625334851e-05
4974 0.00013263932032595027
4992 0.00017695423263882194
5024 6.025437603138515e-05
5031 6.913916575845257e-05
5058 0.00019756065060853997
5065 0.0001287387249198448
5066 0.00015890538922556517
5161 5.502814824397996e-05
5162 5.6001418804450566e-05
5170 0.0001128804268053397
5171 7.52017798211394e-05
5198 0.00010654275221462514
5217 7.159039254876493e-05
5222 2.3001954162320978e-05
5236 0.00010200632301179658
5242 6.786862826996617e-05
5264 0.00011425323385392718
5294 9.68719546813797e-05
5360 0.00014488623116808087
5361 0.00015447220461114937
5362 0.00017370426675739054
5364 0.0001804365299615294
5365 0.00020019542348213994
5376 0.00021605372159664503
5379 2.541525611908456e-05
5380 3.8298201700263376e-05
5385 0.00011519040557349246
5395 3.215862746722012e-05
5412 0.00010856509334268535
5427 3.490353872923123e-05
5434 7.159039254876493e-05
5448 9.954283828468142e-05
5462 0.00010654275221462514
5469 1.1433598200043818e-05
5473 0.0001251273376474703
5481 6.576478670658657e-05
5580 0.0001431761810607271
5581 0.00014488623116808087
5582 0.0001475693727081854
5644 7.711306116076915e-05
5648 0.00016378259903044513
5687 2.724862948448243e-05
5694 0.00015775871449691997
5699 8.260974660633398e-05
5700 0.00010575674440844711
5701 0.00010575674440844711
5702 3.9886331735258645e-05
5770 0.00013263932032595027
5797 5.544288630052885e-05
5810 5.261121850249547e-05
5858 6.663037655997976e-05
5888 8.358930576913648e-05
5891 0.00010310145735752775
5894 1.5848029138067838e-05
5896 1.6219082409210568e-05
5911 7.47870417645905e-05
5925 0.00010734164596720007
5953 0.0001664173719040451
5954 0.0002537323685808453
5975 0.00010460100421098168
5982 0.0001376235146469122
5984 3.088397517794058e-05
5988 7.044371782011974e-05
6000 3.4631041686461846e-05
6022 2.0770655001689466e-05
6197 5.5304247721948624e-05
6201 0.00017215710736717137
6218 9.464928935894339e-05
6264 4.7398314413738584e-05
6265 0.0001275049519955334
6302 8.509658347491132e-05
6306 0.00011425323385392718
6309 0.0001147195668623605
6328 9.920086195142229e-05
6366 0.0001251273376474703
6377 0.00010694056199521868
6380 0.00011067500849334801
6387 9.558947467904783e-05
6399 8.212725328354177e-05
6408 4.3989132524856074e-05
6409 0.00010575674440844711
6410 0.00016007969731333051
6429 5.815485137703107e-05
6441 0.00020019542348213994
6452 8.63892700805903e-05
6467 4.669713069773751e-05
6468 4.669713069773751e-05
6487 0.00012936752625714268
6490 2.724862948448243e-05
6493 0.0001251273376474703
6500 0.0002199543170027505
6506 8.88061998220748e-05
6528 0.00011913044365880717
6536 7.499396958083494e-05
6566 7.082295263288685e-05
6568 3.9584588186023764e-05
6569 4.981125419104163e-05
6572 0.00011614595437539213
6578 6.025437603138515e-05
6590 8.691610145495967e-05
6600 0.00013065000625947455
6633 0.00011811516886331826
6636 0.0002462203859023654
6661 5.889434094657216e-05
6689 7.376538112671329e-05
6753 0.00011862016226846598
6760 1.9892587507080337e-05
6762 7.139739654402146e-05
6763 7.27647006365303e-05
6773 0.00013542473142615584
6774 0.00016378259903044513
6784 9.68719546813797e-05
6785 0.0001228603508781383
6789 4.7516165565500014e-05
6791 0.00022883910672981793
6794 0.00014849761844045535
6796 8.260974660633398e-05
6833 2.7093186202753706e-05
6855 0.00030726931367955075
6885 5.131853189681648e-05
6905 2.9805618738211806e-05
6908 8.935997200289977e-05
6910 0.0002462203859023654
6919 7.3968006896828e-05
6920 9.403242760948e-05
6929 5.904359505253569e-05
6960 3.259102983841739e-05
6972 6.133906307779394e-05
6992 4.787143878550288e-05
7067 3.508605365233e-05
7073 5.516600244482883e-05
7091 9.464928935894339e-05
7094 0.0002059351589452662
7124 6.859058854884968e-05
7139 6.196989942762013e-05
7174 7.256700694753944e-05
7178 3.714017269315804e-05
7181 0.0001263016457352357
7211 0.00010498321344481378
7221 0.00021605372159664503
7251 7.689695691525318e-05
7321 3.8200641252257444e-05
7344 8.96392359620217e-05
7345 0.00011425323385392718
7346 8.070779096331723e-05
7349 0.00013614669170503938
7355 0.00017215710736717137
7373 7.27647006365303e-05
7376 0.00013263932032595027
7382 0.00015663840245623315
7392 5.274239335290522e-05
7406 6.698096388147314e-05
7408 8.691610145495967e-05
7415 0.0001475693727081854
7444 9.886126874785542e-05
7447 0.00012176521653240713
7468 0.00015775871449691997
7469 7.887728740211037e-05
7482 2.5340342303404983e-05
7483 2.8590308184836374e-05
7494 0.00010694056199521868
7503 3.173002815645075e-05
7520 9.558947467904783e-05
7554 8.260974660633398e-05
7571 0.00015890538922556517
7572 0.00018418695135817993
7602 9.654815662959692e-05
7605 0.0001804365299615294
7664 0.0001196461249524729
7701 0.00011425323385392718
7724 9.920086195142229e-05
7765 0.00019756065060853997
7775 0.00010536844412685977
7784 7.082295263288685e-05
7792 0.000101646679848061
7808 4.7398314413738584e-05
7818 2.996997446737178e-05
7820 0.00013614669170503938
7858 4.509923582401553e-05
7863 7.64676023536449e-05
7890 9.233159952796689e-06
7893 5.131853189681648e-05
7894 6.374802604546662e-05
7897 0.00013542473142615584
7901 0.00019041645403432799
7902 7.376538112671329e-05
7903 8.141235399539764e-05
7938 4.907474504580058e-05
7943 7.64676023536449e-05
7958 9.496067334174995e-05
7960 9.954283828468142e-05
7981 6.950834500520415e-05
7987 7.843020694973282e-05
7989 0.00011862016226846598
7995 9.134928606937549e-05
8009 2.7093186202753706e-05
8010 3.97855428110104e-05
8016 3.6571316885345003e-05
8017 0.00012122674224136485
8018 0.0001281179340087181
8042 6.663037655997976e-05
8054 2.9805618738211806e-05
8069 5.287392225192349e-05
8084 0.00011333374567896404
8085 0.0002199543170027505
8105 0.0001281179340087181
8144 1.8182537399726556e-05
8146 0.00022883910672981793
8166 0.0001376235146469122
8200 0.00019506105515172307
8202 0.00030726931367955075
8204 5.1064059112276297e-05
8234 4.8109734749355606e-05
8291 0.00023971321052336105
8301 0.00014488623116808087
8318 0.00023971321052336105
8346 0.0001399262151792957
8349 4.919672615455441e-05
8442 8.001326955199571e-05
8447 4.100899018649567e-05
8513 4.3335009582674306e-05
8519 0.00014488623116808087
8531 9.752607762356147e-05
8532 0.0001002340757964429
8535 0.00012341728754011654
8558 0.00017370426675739054
8571 9.496067334174995e-05
8572 0.0002537323685808453
8639 3.69498153124238e-05
8652 0.00010982004923951138
8661 7.843020694973282e-05
8663 8.001326955199571e-05
8680 0.00015663840245623315
8722 7.217400943451535e-05
8738 8.853165584237468e-05
8756 9.372690041743856e-05
8757 9.818910047034337e-05
8813 4.431951634967444e-05
8866 3.8493910507496085e-05
8871 7.025520142447097e-05
8872 0.00010422176939821458
8906 0.00020019542348213994
