87
158 1.722259642893919e-05
240 0.00010347204034115494
310 8.408656954820681e-05
463 2.104404381130732e-05
837 0.0001128804268053397
838 0.00011614595437539213
1111 9.886126874785542e-05
1234 2.8271279696782107e-05
1243 0.00012341728754011654
1438 0.00014071861357331354
1521 0.00011110817958998604
1555 0.00015139340654708521
1888 6.071628875522179e-05
1922 7.334292682143156e-06
1981 9.920086195142229e-05
2321 8.691610145495967e-05
2326 0.00011913044365880717
2391 2.4157123570420575e-05
2439 5.502814824397996e-05
2441 0.0001431761810607271
2776 9.222735356398462e-05
3228 4.566391685271689e-05
3229 4.669713069773751e-05
3372 6.542281037332744e-05
3383 0.00010815385522706535
3657 4.716346370617082e-05
4099 0.0001147195668623605
4375 7.541048004377448e-05
4513 9.19329029551259e-05
4519 0.00010128967145643295
4563 4.728074758348793e-05
4834 1.7286007534181456e-05
4926 0.00010236864012694453
4927 0.00010236864012694453
4933 2.564069103539461e-05
4936 0.00019506105515172307
5254 5.9796800580258657e-05
5439 8.024367862190805e-05
5440 8.586807337437805e-05
5550 4.944160821510571e-05
5588 6.913916575845257e-05
5822 9.134928606937549e-05
5909 6.663037655997976e-05
5934 5.434466680855229e-05
5938 5.91933076971794e-05
6022 2.0770655001689466e-05
6084 7.843020694973282e-05
6327 0.00010384546306881737
6380 0.00011067500849334801
6612 0.0002875104201589402
6614 8.484211069037113e-05
6675 5.7716484755306535e-05
6706 7.910237522724487e-05
6712 6.025437603138515e-05
6717 0.00017215710736717137
6760 1.9892587507080337e-05
6789 4.7516165565500014e-05
6796 8.260974660633398e-05
6833 2.7093186202753706e-05
7178 3.714017269315804e-05
7236 0.00010536844412685977
7237 0.00010536844412685977
7476 8.117636599183342e-05
7480 9.252359415714085e-05
7590 0.0001239806629188251
7677 6.988034244141115e-05
7678 8.260974660633398e-05
7679 8.260974660633398e-05
7818 2.996997446737178e-05
7890 9.233159952796689e-06
7958 9.496067334174995e-05
8054 2.9805618738211806e-05
8058 8.853165584237468e-05
8059 0.00011425323385392718
8060 0.0001147195668623605
8144 1.8182537399726556e-05
8204 5.1064059112276297e-05
8442 8.001326955199571e-05
8600 8.383730339089555e-05
8626 0.0001263016457352357
8695 4.476354154013861e-05
8696 4.787143878550288e-05
8813 4.431951634967444e-05
8814 9.988723143186235e-05
8890 0.00010058340652177312
8891 0.00010058340652177312
8892 0.00010384546306881737
