247
10 0.0037825108627583546
52 0.0022949915379683185
53 0.002392316712318766
68 0.0007602782219073445
82 0.003909204889024243
91 0.0036735827439209204
102 0.003210184693774391
116 0.007148278325266052
128 0.00506702833386658
163 0.0010368206574395927
193 0.0067428759590959855
217 0.009844913918509605
225 0.0010112518009598817
273 0.0052579511421524
277 0.005162219548951046
339 0.003574139162633026
346 0.004829721411895296
375 0.003909204889024243
405 0.002793922404966551
423 0.002026055723574265
439 0.006414089810126775
459 0.0020635305633495554
497 0.005774515997794422
521 0.00867561536449425
549 0.0015916979345840486
554 0.004633317153219232
660 0.003935121249541741
668 0.002026055723574265
780 0.003192998201250818
785 0.0021423811511849323
814 0.003397963400447202
858 0.0025364925204831744
872 0.006185554564756284
878 0.0033777349039569625
983 0.0024266916408430864
1035 0.0036735827439209204
1164 0.0019779273401208186
1181 0.00893153388607332
1184 0.004829721411895296
1309 0.0019431161145056735
1366 0.0029903266636426146
1379 0.014906998197665649
1390 0.0015224112537357611
1411 0.0031918148857985862
1460 0.003397963400447202
1468 0.008947226366193549
1558 0.0026795390002794708
1577 0.002546137136500031
1610 0.004190147599562942
1627 0.0038411329541034917
1664 0.006221482224972993
1672 0.0053668792609898345
1712 0.0022454224339810615
1741 0.0036998570094646066
1744 0.00506702833386658
1772 0.007052258553930782
1779 0.0037825108627583546
1825 0.0059506917599802455
1921 0.00017200846416647316
1930 0.0018187085687578328
1932 0.004829721411895296
1952 0.003004702704962357
1956 0.0020827390863535013
1959 0.002746786643627861
1984 0.00445415537274566
2001 0.004366323361748766
2041 0.005898616166997325
2075 0.001798390163113196
2078 0.004037537212779556
2082 0.0024442747602023375
2145 0.003159381653786531
2157 0.005621905611011035
2206 0.004073822171952275
2330 0.00446576694303666
2388 0.003785620174026753
2389 0.0034185563938997194
2432 0.004366323361748766
2462 0.004073822171952275
2465 0.002565674026182154
2674 0.005016075202638888
2684 0.009093542843789163
2704 0.0038411329541034917
2715 0.003574139162633026
2724 0.004942334600308285
2738 0.003556853364652594
2766 0.004037537212779556
2939 0.0037103177264484538
2944 0.005612032976718097
2954 0.004457516500207748
2986 0.0033002218004351846
3046 0.004190147599562942
3050 0.0018551588632242269
3066 0.002367197454670791
3122 0.00506702833386658
3184 0.002565674026182154
3213 0.0018765217322299623
3229 0.002201251775795273
3333 0.006414089810126775
3342 0.005447856554702603
3365 0.007206274009242516
3418 0.005493573287255722
3501 0.004150042424413635
3512 0.004261002920192632
3595 0.0019431161145056735
3599 0.002350752851310261
3640 0.0028813985448051804
3648 0.003159381653786531
3653 0.0031253153468554715
3663 0.006715716450595789
3680 0.00301926188548857
3814 0.0034185563938997194
3819 0.0015067013126895464
3827 0.003192998201250818
3884 0.005933782020362457
3926 0.005211558402662924
3931 0.003902925311602237
3970 0.004687973020283208
3982 0.004190147599562942
4004 0.005621905611011035
4005 0.0021629741446374494
4055 0.00446576694303666
4221 0.0030872692752253075
4244 0.003439527261455707
4296 0.0028557147624652954
4346 0.001203554621748496
4393 0.0019546024445121213
4437 0.002647343062339967
4482 0.0021769118809794193
4493 0.003269014883454693
4517 0.0027353003136214135
4653 0.001049822847909777
4830 0.003932410777998216
4835 0.00040540236617006613
4885 0.0052579511421524
4886 0.004818749885310797
4915 0.006137348274179938
4973 0.0021957899800517993
4975 0.0031107411124864964
5037 0.003935121249541741
5171 0.002647343062339967
5172 0.007054718544905203
5178 0.0014533572202603962
5218 0.0016789831010384027
5229 0.0011566606502696032
5255 0.002804784667217185
5291 0.003192998201250818
5312 0.0045746950618740945
5336 0.0023106476761609535
5381 0.002694580843837478
5431 0.0015106085992834706
5435 0.0016789831010384027
5456 0.0020892143456894404
5463 0.002498707915096682
5474 0.0029345653503006722
5510 0.0020957265012890598
5567 0.00427484413475084
5613 0.0033191128126118254
5675 0.0024008140021350775
5702 0.004960547927200424
5703 0.0018708788864453948
5727 0.003192998201250818
5732 0.0033191128126118254
5811 0.0012338715244585253
5863 0.001550434239096779
5866 0.0028060164883590487
5897 0.0015215206571672058
5912 0.0017539529373842907
5985 0.0014486209830831915
5997 0.0033578582252978945
6058 0.0025855507048412225
6059 0.004150042424413635
6070 0.004190147599562942
6115 0.0024711673001541427
6161 0.003731580767510244
6310 0.0026904757365193597
6329 0.0023265212676607245
6378 0.005016075202638888
6388 0.004483649464945653
6414 0.0022492702325224694
6507 0.0020827390863535013
6596 0.001798390163113196
6671 0.002517444075946545
6685 0.0029345653503006722
6707 0.0018551588632242269
6725 0.0030340089315885666
6749 0.0028182399226900053
6761 0.006531469363377366
6764 0.0034130474319618844
6775 0.0038411329541034917
6824 0.0028557147624652954
6834 0.0012708130286260054
6852 0.0029903266636426146
6921 0.0022053078811991728
6930 0.0041541830455910375
6970 0.006414089810126775
6973 0.0014385624477613148
6975 0.00446576694303666
7074 0.005175151724087521
7081 0.0029621059652432118
7181 0.0029903266636426146
7234 0.004073822171952275
7252 0.0036068720001512433
7269 0.0067428759590959855
7322 0.0008959055653687324
7346 0.0026795390002794708
7375 0.002462132626895211
7377 0.0031107411124864964
7397 0.006414089810126775
7484 0.0033525898229376542
7503 0.002271902263474884
7555 0.0038748319039770963
7580 0.0036998570094646066
7666 0.0024442747602023375
7725 0.004653042535321449
7821 0.003192998201250818
7903 0.001729992306845444
7904 0.0019093339442289045
7944 0.0035867330114509647
7961 0.0023345415126133705
7988 0.0055181842447580435
7996 0.0021423811511849323
8046 0.0029621059652432118
8102 0.003574139162633026
8145 0.0008528567016124372
8204 0.004829721411895296
8228 0.004366323361748766
8234 0.004037537212779556
8235 0.01015469895993767
8350 0.0023075853867862576
8448 0.0009617687382685509
8455 0.004982331798678682
8458 0.0038411329541034917
8514 0.0010163200142126142
8520 0.003397963400447202
8559 0.004073822171952275
8560 0.0026687059313457023
8572 0.00222707768637283
8660 0.006068017863177133
8745 0.0061590634601055745
8758 0.004605585596798421
8760 0.006414089810126775
8801 0.0026687059313457023
8814 0.002078818577412098
8820 0.0033489136736858907
8822 0.00446576694303666
8872 0.008238346777564281
8873 0.00977709904080935
