219
24 0.009319794193953086
68 0.001017273677199968
82 0.0026153131299810075
121 0.00964219761800055
131 0.009501535486955094
148 0.0066619185493936766
246 0.003145373533443307
268 0.009628987755214223
276 0.006038788113890946
277 0.008633993963914602
282 0.00964219761800055
378 0.002496480090939952
397 0.004272321536884898
405 0.003738346879884822
447 0.006121070857437169
460 0.018044315946876582
521 0.0019347029568707835
563 0.008582232844535827
569 0.004441066439410189
651 0.003944845164788956
660 0.0052653030803727525
666 0.006902228426508846
712 0.006121070857437169
717 0.00734215355541131
773 0.0034866059736125194
821 0.0035281254268856106
841 0.009148249504802065
847 0.005180325334891345
858 0.006787796885800045
872 0.008276446248617562
992 0.006282188781946588
1055 0.0036446927654700517
1061 0.008241000404366615
1095 0.004362382892157601
1110 0.0031022944615524206
1144 0.0031129509919404063
1225 0.006973211947225039
1257 0.004986495875979707
1354 0.006121070857437169
1358 0.005309630993429162
1364 0.002112962765302375
1417 0.0020160087986691114
1468 0.001995273485418749
1473 0.0038905481265231316
1496 0.0020908799855723225
1513 0.004880991568312653
1547 0.005501031212874911
1566 0.005139544093518757
1712 0.004506657702004243
1750 0.007962193199973568
1753 0.00772646506747141
1823 0.0056621491373843305
1941 0.00431866465680733
2001 0.0058422636530441234
2038 0.007522268071071104
2041 0.005261676393096205
2075 0.004812593394246581
2226 0.007522268071071104
2327 0.0058422636530441234
2465 0.010298832358618507
2554 0.00964219761800055
2611 0.0025108389374907947
2691 0.0056621491373843305
2698 0.004099833999240976
2876 0.004689591348866904
2902 0.002735785314949675
2912 0.005139544093518757
2920 0.007522268071071104
2954 0.001491070660280761
2970 0.006902228426508846
3117 0.006462303297606382
3131 0.00964219761800055
3160 0.003306491457952726
3189 0.005501031212874911
3222 0.004295317548007988
3267 0.036088631893753165
3274 0.005907346067459663
3280 0.006779826643905987
3330 0.006121070857437169
3408 0.0026544253879167727
3429 0.006462303297606382
3512 0.00380089462364601
3595 0.002599944096873789
3599 0.006290747066886614
3604 0.001688406669507129
3653 0.0020908799855723225
3656 0.002960005553164749
3663 0.004492908893004225
3680 0.004039857452414284
3683 0.015044536142142208
3685 0.007035286739499691
3686 0.014362071261803784
3745 0.006121070857437169
3756 0.004574124752401033
3843 0.00772646506747141
3847 0.0052653030803727525
3872 0.002875695943762514
3884 0.0026465224973447575
4035 0.006902228426508846
4195 0.005099822225879007
4211 0.015044536142142208
4221 0.0013769510851943858
4349 0.007731529027425256
4380 0.006369595766893885
4393 0.0026153131299810075
4468 0.0017529397015125221
4476 0.006902228426508846
4493 0.00656105099848301
4500 0.0029221799458926277
4504 0.0024472600193346
4542 0.00431866465680733
4567 0.006079738451552507
4660 0.0041490493722308175
4719 0.0035999323235118195
4724 0.002857490896346703
4798 0.003134489459580131
4802 0.004227341649432683
4844 0.006369595766893885
4886 0.0032238115429896173
4915 0.0020529862184756834
4936 0.003722334106114679
5032 0.0021696064973215816
5036 0.008582232844535827
5037 0.0052653030803727525
5052 0.004020376858752449
5067 0.004986495875979707
5147 0.007962193199973568
5163 0.005272020891393628
5178 0.0019446329003484177
5255 0.0018764404463776942
5510 0.005608282186548188
5537 0.005779838417267956
5596 0.00604646064944443
5632 0.004915357192570246
5643 0.0030917116793702897
5668 0.008582232844535827
5698 0.0056621491373843305
5703 0.0012516443254388205
5778 0.007035286739499691
5807 0.007446764450970488
5855 0.0022526070341376725
5862 0.00734215355541131
5897 0.0005089593747566358
5933 0.004915357192570246
5939 0.0037150053394173436
5960 0.006199508866983479
5965 0.004519504448956499
5985 0.000969147840795093
5988 0.0024472600193346
6073 0.00964219761800055
6103 0.00964219761800055
6148 0.007962193199973568
6307 0.003585298662345771
6310 0.0035999323235118195
6357 0.002112962765302375
6385 0.004915357192570246
6447 0.007035286739499691
6488 0.012178768246517487
6599 0.004059589415505829
6636 0.008582232844535827
6697 0.008781848096323123
6713 0.0018907992929285368
6756 0.004986495875979707
6761 0.0018727049985538726
6816 0.0022526070341376725
6824 0.007642053589695861
6886 0.0016103899868465791
6901 0.008241000404366615
6935 0.0032009871502856726
7021 0.00964219761800055
7040 0.005501031212874911
7050 0.00964219761800055
7172 0.003872869248441967
7193 0.006199508866983479
7265 0.011105747332937895
7307 0.007962193199973568
7317 0.005975321966034968
7460 0.008582232844535827
7468 0.008582232844535827
7475 0.007962193199973568
7484 0.002691515773344314
7512 0.005606535520541964
7555 0.002592317118857917
7579 0.002786763566247643
7603 0.006059416703401182
7609 0.004880991568312653
7666 0.006541016963921748
7667 0.004689591348866904
7691 0.00964219761800055
7702 0.003585298662345771
7764 0.01635266646487885
7800 0.005901528132786519
7899 0.005552873666468948
7903 0.002314778438736862
8036 0.009022157973438291
8055 0.0009353087119540268
8090 0.01209292129888886
8100 0.004847381293994941
8129 0.004183647079074162
8171 0.003585298662345771
8205 0.003204809118370467
8235 0.00452909108541821
8350 0.001543807124962637
8445 0.0018249156178595102
8448 0.0012868736638804556
8527 0.0034329441195395023
8609 0.0052653030803727525
8631 0.004001141310507723
8653 0.0034461840803610053
8671 0.003343341576537814
8679 0.001383839411806576
8691 0.0052653030803727525
8705 0.004750767743477547
8719 0.0029507640663932596
8739 0.0027781482988283213
8780 0.0046307684844202395
8820 0.002240470415494082
8869 0.00734215355541131
8872 0.004409256021794967
