373
8 0.0001475693727081854
9 0.00022419450561242282
10 0.00016128300357362823
56 0.0001027336712532598
58 3.9886331735258645e-05
68 3.241760820520544e-05
82 8.334256383691721e-05
102 0.00013687950893562258
145 5.786216925096193e-05
153 0.00016007969731333051
158 1.722259642893919e-05
161 8.88061998220748e-05
183 0.00022419450561242282
191 0.00030726931367955075
225 4.311890533715833e-05
238 0.00012176521653240713
276 4.8109734749355606e-05
277 5.502814824397996e-05
278 5.558192042480493e-05
281 0.00014665847838343454
290 5.516600244482883e-05
295 6.969398876306011e-05
318 9.719791862251607e-05
320 0.00017370426675739054
328 5.502814824397996e-05
344 9.164022082905678e-05
346 0.0002059351589452662
356 0.00023397347506023475
371 9.818910047034337e-05
378 7.955569410086921e-05
401 0.00010939812948263226
404 0.00011913044365880717
405 0.00011913044365880717
406 0.00015663840245623315
412 6.391293797104737e-05
413 7.562007790453742e-05
430 2.1595466130645556e-05
436 6.181142310095298e-05
473 4.858985121920245e-05
494 0.00010815385522706535
509 1.4811799641107606e-05
521 6.165346047478709e-05
632 6.4078409870285e-05
636 0.0002059351589452662
645 6.341986704442123e-05
647 0.00017215710736717137
648 0.00018227567001855016
668 8.63892700805903e-05
765 7.499396958083494e-05
783 0.00021605372159664503
785 9.134928606937549e-05
821 0.00011243128604527755
872 6.593667904531496e-05
891 5.757123449128065e-05
973 0.0002875104201589402
983 0.00010347204034115494
1011 8.56095506062492e-05
1014 0.00017695423263882194
1057 9.988723143186235e-05
1096 6.950834500520415e-05
1102 8.285279662389543e-05
1140 3.8493910507496085e-05
1216 4.5550455969092306e-05
1217 9.818910047034337e-05
1374 9.920086195142229e-05
1381 0.00014665847838343454
1440 0.00010815385522706535
1469 6.358367031630664e-05
1476 0.00018825025618924418
1492 0.00023971321052336105
1497 6.663037655997976e-05
1610 9.590694438493474e-05
1628 0.00016378259903044513
1665 0.00013263932032595027
1706 3.382257549850835e-05
1713 4.787143878550288e-05
1773 0.0001002340757964429
1777 4.871062309639001e-05
1785 0.00010734164596720007
1828 0.00016128300357362823
1922 7.334292682143156e-06
1929 4.2158123180710165e-05
1931 7.754816608258265e-05
1949 0.00012571095453322076
1953 0.0001281179340087181
1957 8.88061998220748e-05
1970 0.00012122674224136485
1973 0.0001275049519955334
2068 0.0002537323685808453
2076 7.66818067754729e-05
2079 0.00017215710736717137
2294 8.535239208071232e-05
2320 0.00014665847838343454
2350 0.00016007969731333051
2371 8.858094887998e-06
2384 3.364472337590274e-05
2389 8.070779096331723e-05
2431 0.0001391464957049546
2445 0.00018825025618924418
2448 8.825864993225359e-05
2466 0.00010939812948263226
2504 0.00018418695135817993
2526 8.070779096331723e-05
2563 2.4450245822639586e-05
2564 4.692973938522239e-05
2571 6.593667904531496e-05
2572 0.00020019542348213994
2582 7.458098891001271e-05
2586 9.502842032885344e-06
2618 4.846937791309118e-05
2685 7.754816608258265e-05
2716 0.0001523982138465608
2762 0.00010200632301179658
2764 0.00017215710736717137
2783 8.718166847460814e-05
2786 0.0001399262151792957
2806 0.00026261715830791277
2940 7.910237522724487e-05
3047 0.0001786642827461757
3067 0.00010093525951244397
3100 0.00016920278300425065
3113 6.165346047478709e-05
3117 0.00017065756051371745
3118 0.0002059351589452662
3203 0.00016251677649793962
3332 0.00021244233432427055
3419 0.00011712061541501202
3440 0.00019756065060853997
3576 5.3536945098705395e-05
3586 6.228840662358072e-05
3600 0.0001002340757964429
3604 0.00026261715830791277
3605 5.380470086849468e-05
3626 0.00015342417653056774
3647 8.094151528426567e-05
3649 0.0001347133110905388
3719 2.489326185102742e-05
3729 0.00012936752625714268
3743 3.233112827567267e-05
3746 1.903006184883404e-05
3760 0.00010614816360120087
3819 6.424444555902466e-05
3832 3.3290954653437934e-05
3884 8.433711728522342e-05
3901 0.00010384546306881737
3969 6.0101372993599195e-05
3970 6.663037655997976e-05
4002 0.0001263016457352357
4003 0.0001300045474523503
4004 0.00023971321052336105
4125 0.00016508218077975113
4173 0.0002199543170027505
4189 4.981125419104163e-05
4195 0.00016251677649793962
4220 4.3879500470736716e-05
4247 4.846937791309118e-05
4250 8.612797493712278e-05
4290 5.656642719180506e-05
4291 7.843020694973282e-05
4295 0.00012176521653240713
4340 0.00012936752625714268
4384 0.0001753021616311125
4396 0.0002199543170027505
4402 6.950834500520415e-05
4406 6.508321716976057e-05
4431 0.00013196715204843822
4444 0.00014665847838343454
4492 6.969398876306011e-05
4495 3.207260550754382e-05
4546 7.625433537211054e-05
4563 4.728074758348793e-05
4569 0.00010422176939821458
4570 0.00015775871449691997
4577 3.9085797470059324e-05
4652 4.476354154013861e-05
4670 7.541048004377448e-05
4676 1.811794967986411e-05
4679 0.00012122674224136485
4699 3.676019862375966e-05
4703 0.00012069415303305452
4705 0.00014071861357331354
4756 0.00014071861357331354
4757 0.00015663840245623315
4758 0.00017065756051371745
4808 0.0001245506276326127
4829 8.383730339089555e-05
4834 1.7286007534181456e-05
4839 3.088397517794058e-05
4846 4.681329625334851e-05
4878 6.969398876306011e-05
4887 0.00018418695135817993
4911 6.341986704442123e-05
4913 6.457822376461287e-05
4914 6.542281037332744e-05
4933 2.564069103539461e-05
4935 0.00011862016226846598
4942 6.804811807694473e-05
4972 4.681329625334851e-05
5007 0.00018617626542465564
5074 0.00022883910672981793
5142 0.00021244233432427055
5161 5.502814824397996e-05
5162 5.6001418804450566e-05
5171 7.52017798211394e-05
5198 0.00010654275221462514
5217 7.159039254876493e-05
5219 0.00014071861357331354
5264 0.00011425323385392718
5307 0.00013263932032595027
5334 9.719791862251607e-05
5335 9.852402568908913e-05
5348 0.0001664173719040451
5364 0.0001804365299615294
5379 2.541525611908456e-05
5380 3.8298201700263376e-05
5381 0.00022419450561242282
5395 3.215862746722012e-05
5430 6.441104889224853e-05
5434 7.159039254876493e-05
5462 0.00010654275221462514
5469 1.1433598200043818e-05
5473 0.0001251273376474703
5481 6.576478670658657e-05
5509 8.935997200289977e-05
5529 0.00023971321052336105
5539 0.0001391464957049546
5545 0.00019756065060853997
5546 0.0002059351589452662
5580 0.0001431761810607271
5581 0.00014488623116808087
5582 0.0001475693727081854
5616 0.00013687950893562258
5636 0.00010310145735752775
5642 9.852402568908913e-05
5687 2.724862948448243e-05
5694 0.00015775871449691997
5702 3.9886331735258645e-05
5729 9.106007793564448e-05
5731 0.0001415241100530177
5806 7.910237522724487e-05
5862 6.610917985376751e-05
5894 1.5848029138067838e-05
5896 1.6219082409210568e-05
5898 0.0002734912621014559
5904 0.00022419450561242282
5984 3.088397517794058e-05
5988 7.044371782011974e-05
6000 3.4631041686461846e-05
6005 0.00010897983139923425
6022 2.0770655001689466e-05
6084 7.843020694973282e-05
6087 0.00010236864012694453
6159 7.101368253390731e-05
6160 7.955569410086921e-05
6173 0.00013196715204843822
6197 5.5304247721948624e-05
6202 0.00013196715204843822
6278 0.00011566583790554528
6328 9.920086195142229e-05
6356 6.733409171295719e-05
6377 0.00010694056199521868
6387 9.558947467904783e-05
6405 0.00014071861357331354
6429 5.815485137703107e-05
6490 2.724862948448243e-05
6506 8.88061998220748e-05
6568 3.9584588186023764e-05
6569 4.981125419104163e-05
6589 5.9343481706634316e-05
6593 7.754816608258265e-05
6594 0.00016251677649793962
6595 7.66818067754729e-05
6633 0.00011811516886331826
6650 9.785646144837983e-05
6675 5.7716484755306535e-05
6689 7.376538112671329e-05
6691 0.0001804365299615294
6706 7.910237522724487e-05
6739 0.00020019542348213994
6752 0.00026261715830791277
6760 1.9892587507080337e-05
6773 0.00013542473142615584
6774 0.00016378259903044513
6784 9.68719546813797e-05
6785 0.0001228603508781383
6831 0.00011198624708459517
6833 2.7093186202753706e-05
6885 5.131853189681648e-05
6999 6.309390310328486e-05
7001 0.00015775871449691997
7024 0.00023397347506023475
7067 3.508605365233e-05
7073 5.516600244482883e-05
7084 0.00015447220461114937
7110 0.00019506105515172307
7178 3.714017269315804e-05
7188 0.0002875104201589402
7251 7.689695691525318e-05
7264 0.00017695423263882194
7321 3.8200641252257444e-05
7346 8.070779096331723e-05
7349 0.00013614669170503938
7365 0.00020019542348213994
7482 2.5340342303404983e-05
7483 2.8590308184836374e-05
7502 9.68719546813797e-05
7503 3.173002815645075e-05
7554 8.260974660633398e-05
7559 8.509658347491132e-05
7577 8.853165584237468e-05
7578 8.88061998220748e-05
7664 0.0001196461249524729
7724 9.920086195142229e-05
7808 4.7398314413738584e-05
7815 0.00016508218077975113
7818 2.996997446737178e-05
7852 0.00015447220461114937
7858 4.509923582401553e-05
7862 9.077257605451787e-05
7890 9.233159952796689e-06
7891 6.932340577943291e-05
7892 0.0001002340757964429
7894 6.374802604546662e-05
7902 7.376538112671329e-05
7903 8.141235399539764e-05
7904 6.056183085252843e-05
7922 0.00010774605847492284
7957 0.00011379132113009053
8009 2.7093186202753706e-05
8010 3.97855428110104e-05
8016 3.6571316885345003e-05
8017 0.00012122674224136485
8018 0.0001281179340087181
8031 5.5721352358276173e-05
8032 6.056183085252843e-05
8042 6.663037655997976e-05
8069 5.287392225192349e-05
8130 0.00019756065060853997
8137 8.63892700805903e-05
8144 1.8182537399726556e-05
8204 5.1064059112276297e-05
8212 0.00019268344080366
8234 4.8109734749355606e-05
8235 0.0002199543170027505
8349 4.919672615455441e-05
8447 4.100899018649567e-05
8474 8.408656954820681e-05
8520 5.874554257904601e-05
8521 6.610917985376751e-05
8571 9.496067334174995e-05
8633 5.949411993323993e-05
8638 6.491430390704548e-05
8639 3.69498153124238e-05
8659 0.00012936752625714268
8695 4.476354154013861e-05
8696 4.787143878550288e-05
8738 8.853165584237468e-05
8763 6.542281037332744e-05
8764 0.0001287387249198448
8765 0.00015663840245623315
8780 0.00019041645403432799
8803 0.0001281179340087181
8804 0.00013542473142615584
8811 0.00011913044365880717
8813 4.431951634967444e-05
8818 7.139739654402146e-05
8819 7.139739654402146e-05
8829 0.00011663084820199027
8861 0.00015775871449691997
8866 3.8493910507496085e-05
8871 7.025520142447097e-05
8872 0.00010422176939821458
8897 0.00015342417653056774
