99
102 0.00013687950893562258
130 0.00011862016226846598
158 1.722259642893919e-05
276 4.8109734749355606e-05
277 5.502814824397996e-05
328 5.502814824397996e-05
330 6.358367031630664e-05
334 9.252359415714085e-05
463 2.104404381130732e-05
509 1.4811799641107606e-05
539 0.0001391464957049546
632 6.4078409870285e-05
639 0.0001287387249198448
872 6.593667904531496e-05
913 0.00015139340654708521
1057 9.988723143186235e-05
1096 6.950834500520415e-05
1173 9.077257605451787e-05
1418 6.424444555902466e-05
1469 6.358367031630664e-05
1624 0.00017215710736717137
1922 7.334292682143156e-06
2042 8.383730339089555e-05
2247 0.00019506105515172307
2384 3.364472337590274e-05
2389 8.070779096331723e-05
2466 0.00010939812948263226
2493 2.5565430128539482e-05
2550 5.3403616896513294e-05
2563 2.4450245822639586e-05
2564 4.692973938522239e-05
2586 9.502842032885344e-06
3050 5.1064059112276297e-05
3067 0.00010093525951244397
3140 0.0002059351589452662
3343 0.00011614595437539213
3576 5.3536945098705395e-05
3719 2.489326185102742e-05
3827 0.00013614669170503938
4002 0.0001263016457352357
4003 0.0001300045474523503
4099 0.0001147195668623605
4189 4.981125419104163e-05
4195 0.00016251677649793962
4424 0.0002059351589452662
4546 7.625433537211054e-05
4563 4.728074758348793e-05
4652 4.476354154013861e-05
4774 0.0002734912621014559
4834 1.7286007534181456e-05
4839 3.088397517794058e-05
4846 4.681329625334851e-05
4878 6.969398876306011e-05
4885 0.0001027336712532598
5016 8.117636599183342e-05
5171 7.52017798211394e-05
5194 0.00011712061541501202
5253 0.0002462203859023654
5294 9.68719546813797e-05
5469 1.1433598200043818e-05
5575 0.00017065756051371745
5726 0.00013614669170503938
5729 9.106007793564448e-05
5731 0.0001415241100530177
5912 0.00010498321344481378
6022 2.0770655001689466e-05
6059 0.00014849761844045535
6106 7.217400943451535e-05
6377 0.00010694056199521868
6387 9.558947467904783e-05
6429 5.815485137703107e-05
6568 3.9584588186023764e-05
6569 4.981125419104163e-05
6602 0.0001300045474523503
6760 1.9892587507080337e-05
6960 3.259102983841739e-05
6966 0.00030726931367955075
7067 3.508605365233e-05
7073 5.516600244482883e-05
7131 0.0002734912621014559
7321 3.8200641252257444e-05
7346 8.070779096331723e-05
7482 2.5340342303404983e-05
7483 2.8590308184836374e-05
7554 8.260974660633398e-05
7808 4.7398314413738584e-05
7815 0.00016508218077975113
8234 4.8109734749355606e-05
8447 4.100899018649567e-05
8474 8.408656954820681e-05
8559 0.00011379132113009053
8639 3.69498153124238e-05
8659 0.00012936752625714268
8695 4.476354154013861e-05
8696 4.787143878550288e-05
8697 0.0001376235146469122
8722 7.217400943451535e-05
8871 7.025520142447097e-05
8897 0.00015342417653056774
