350
9 0.0034808735784284182
53 0.0015837636771448276
56 0.0031901131644914683
68 0.0005033200772208901
69 0.0016240490409900152
70 0.001795843113962055
82 0.006469938405179496
102 0.0021252093791537777
163 0.0013727939018363946
183 0.0034808735784284182
217 0.002172512943689692
246 0.0015562475322263049
277 0.0025631229467788295
299 0.0047707040479305855
338 0.004320813831785907
346 0.0031973765444603002
375 0.001293987681035899
378 0.0012351922401166314
393 0.0023505540751700754
401 0.0016985298431171057
405 0.0018496350416154867
406 0.0024319885761148953
423 0.004023873736715439
446 0.0015616712873206308
459 0.001366100372949183
521 0.0028717193715224873
549 0.003161211925828947
575 0.0013703154846624458
606 0.004463924850969468
639 0.0019988144886509697
660 0.0026051325345398287
668 0.0026825824911436264
672 0.002449382689192597
708 0.0014990194632107452
735 0.0026969554448464535
780 0.0021138315618036774
785 0.002836602221081095
821 0.00698249213404539
829 0.002467186112854071
858 0.006716844305112239
861 0.00113593082375855
871 0.003415039848655945
872 0.005118708045747795
878 0.006708393363259473
969 0.001635964414736192
974 0.00256308779635739
975 0.0022495228086584266
983 0.0016065205984675485
990 0.0016985298431171057
1057 0.0015508623806981833
1095 0.0021583915354926107
1101 0.001286383490439296
1129 0.0013453700187685076
1139 0.0005976615512940855
1185 0.0036327031528515887
1193 0.0015950565822457341
1216 0.0015244969745500001
1309 0.001286383490439296
1373 0.0015402057172666818
1380 0.0022770389535769486
1390 0.001007868077386044
1411 0.0031695722733539973
1417 0.0019949355359652533
1426 0.0028014814547337105
1430 0.0026051325345398287
1439 0.0016792110762780597
1460 0.0022495228086584266
1468 0.005923250904448691
1475 0.002922798402715234
1564 0.002382084078816062
1567 0.002890597347499183
1568 0.0030804114345333636
1571 0.002305593685612087
1572 0.0020915767045973552
1577 0.001685596013710822
1593 0.001970259756615832
1609 0.002978127834001876
1627 0.002542910318047608
1633 0.002890597347499183
1640 0.001177355643351904
1664 0.0020593756493813044
1712 0.002229774890887117
1772 0.0015562475322263049
1881 0.0014743719874942083
1921 0.00011387319927397178
1930 0.002408046188599221
1931 0.001979658766871417
1940 0.0012458739788823074
1952 0.0019891760067695047
1956 0.0013788168167497047
1984 0.0029487439749884166
2029 0.0019075460749581334
2041 0.002603338145713105
2075 0.0035717156549634906
2078 0.0026729340433035388
2084 0.0017811511844553253
2092 0.001833871750714098
2096 0.0047707040479305855
2105 0.004463924850969468
2117 0.0010426917022838319
2145 0.0041831534091947105
2206 0.0026969554448464535
2246 0.003028543769184941
2258 0.002542910318047608
2343 0.017075199243279722
2372 0.000703711450106664
2373 0.0013331990765025387
2388 0.001253079848545441
2416 0.0013412912455718132
2432 0.002890597347499183
2462 0.0026969554448464535
2465 0.010191179058702635
2556 0.001898996711726872
2573 0.0036327031528515887
2600 0.005781194694998366
2638 0.002335268492752819
2646 0.002922798402715234
2666 0.001297818628945199
2674 0.0016603733249153116
2684 0.006020115471498053
2693 0.0032984078109719495
2705 0.0031515073132366953
2715 0.002366154846342421
2716 0.004246261546773824
2728 0.003028543769184941
2738 0.001177355643351904
2771 0.0017183548357015983
2785 0.006517538831069077
2896 0.0020699577882527208
2924 0.0037218190456170617
2939 0.002456307902526851
2954 0.0007377422779089479
2962 0.0013212208221749296
3041 0.0019988144886509697
3046 0.002773965309815188
3050 0.006140769756317127
3080 0.002922798402715234
3139 0.0031973765444603002
3146 0.002008577341469783
3149 0.0023612762479391786
3168 0.006481220747678861
3213 0.0012422966171557243
3229 0.0007286373473886793
3302 0.0015616712873206308
3306 0.0013055392122188485
3332 0.004970837151416033
3342 0.0018032974658423251
3413 0.0015296970678417461
3418 0.0018184301821926605
3464 0.0008961137842147942
3501 0.0027474148454306293
3544 0.0009426891383040707
3595 0.001286383490439296
3599 0.0015562475322263049
3604 0.0008353789096516108
3606 0.004246261546773824
3640 0.0019075460749581334
3643 0.0027217645722238232
3648 0.0020915767045973552
3680 0.0019988144886509697
3701 0.004970837151416033
3790 0.0031515073132366953
3819 0.0009974677679826266
3884 0.006547146247786682
3902 0.001882182450966975
3907 0.0028300361867688484
3935 0.003939482349812706
3970 0.00827609638888557
3974 0.0015726368502085894
3982 0.002773965309815188
3997 0.0020915767045973552
4003 0.0020184678168908466
4081 0.0035529862703417023
4109 0.0026729340433035388
4125 0.00256308779635739
4195 0.0025232569898077316
4221 0.0013625578682759777
4251 0.001337234342577767
4296 0.0037810857482118896
4321 0.0029916286140108327
4346 0.000796778321018168
4349 0.0012751186084719935
4397 0.003415039848655945
4403 0.0010791957677463054
4445 0.0022770389535769486
4462 0.0014273624235820244
4528 0.0027217645722238232
4564 0.0007340871471499032
4592 0.004582363238938495
4706 0.0021848158260720733
4719 0.0017811511844553253
4722 0.0031515073132366953
4759 0.0026496518803105396
4811 0.003371192027421644
4830 0.0013016690728565525
4886 0.0015950565822457341
4888 0.002859710993909581
4909 0.0014552162657146556
4912 0.0009846652527872508
4915 0.006094579296659521
4943 0.0010565240911179989
4944 0.0026051325345398287
4973 0.0007268294359056479
4974 0.0022631558008395355
5008 0.002890597347499183
5017 0.0012603550064794764
5054 0.0038228503121287114
5092 0.004077428771498464
5172 0.005837963952665455
5178 0.000962152863587022
5193 0.0012422966171557243
5220 0.0021848158260720733
5223 0.00035713138587910195
5229 0.000765733531537368
5291 0.0021138315618036774
5312 0.003028543769184941
5336 0.0015296970678417461
5365 0.0028014814547337105
5381 0.0035677377026419573
5431 0.0010000544733932385
5435 0.002223043827158861
5456 0.002766207147602743
5463 0.0033083937551802757
5474 0.0019427436116973092
5510 0.0013874147569509455
5531 0.002859710993909581
5547 0.0031973765444603002
5582 0.0022495228086584266
5583 0.004582363238938495
5637 0.001600766877997016
5695 0.002449382689192597
5702 0.0032839864326413963
5703 0.0012385609352774391
5807 0.0012281539512634255
5812 0.003201533755994032
5833 0.004205244621846345
5863 0.0020528397590828433
5869 0.0011266849580426333
5897 0.001259098104798646
5985 0.00047950868778015056
5992 0.0051676363010761325
5997 0.0022229723442738674
6006 0.0016920352916898528
6019 0.0022229723442738674
6088 0.0015893890606469155
6095 0.0036522231480266283
6107 0.0011205832266209072
6161 0.0012351922401166314
6165 0.0020184678168908466
6242 0.003028543769184941
6349 0.001489063917000938
6357 0.0020908760465013047
6378 0.004981119974745935
6381 0.0017183548357015983
6388 0.0014841348403130212
6406 0.0021848158260720733
6430 0.0036116796897010515
6507 0.0027576336334994094
6634 0.001833871750714098
6671 0.0016666006077694898
6686 0.003028543769184941
6713 0.000935517420194607
6761 0.005250534107443727
6764 0.0033892631293001296
6775 0.002542910318047608
6790 0.0007377422779089479
6823 0.001325192540458725
6824 0.0018905428741059448
6834 0.0025239143774105337
6886 0.001593556642036336
6888 0.0031082606516948277
6895 0.0014365335733944936
6902 0.004246261546773824
6921 0.0029199198427027374
6930 0.0018334373488090526
6935 0.0015837636771448276
6975 0.0029564310772716563
6996 0.001217717777588883
7002 0.002449382689192597
7004 0.001361908613775179
7043 0.0026496518803105396
7074 0.004282573290838977
7158 0.002305593685612087
7181 0.001979658766871417
7232 0.0028014814547337105
7252 0.0035817370036345104
7272 0.0037218190456170617
7277 0.0033544786879256103
7303 0.0055016152521422945
7346 0.0017739108364219494
7370 0.0014552162657146556
7409 0.0013494708992449489
7411 0.002773965309815188
7448 0.0018905428741059448
7484 0.003551175282832916
7497 0.0028300361867688484
7503 0.0015040467946349405
7555 0.0012826098636857985
7576 0.0031973765444603002
7598 0.002773965309815188
7666 0.004854482973224155
7695 0.0021130481822359977
7707 0.0033544786879256103
7725 0.0030804114345333636
7793 0.003156359619532821
7816 0.00256308779635739
7840 0.003296140885065861
7897 0.003415039848655945
7902 0.0029564310772716563
7903 0.0022905821484364764
7904 0.0012640189874686127
7988 0.0036531533327666494
8009 0.003939482349812706
8011 0.0012354312109119326
8019 0.0019891760067695047
8033 0.001880582008911963
8043 0.0010345120486106962
8046 0.0019609760745512555
8062 0.0012211805323545859
8069 0.0017667391183124857
8089 0.0013212208221749296
8137 0.0026270648120799334
8145 0.0002823044831121308
8163 0.0020699577882527208
8234 0.0026729340433035388
8235 0.009710455451430912
8306 0.0025232569898077316
8341 0.004077428771498464
8350 0.003819174420639276
8445 0.0018058398448505257
8448 0.0031835550569864926
8520 0.0022495228086584266
8560 0.0017667391183124857
8565 0.0021848158260720733
8660 0.006025732024409349
8664 0.0024845932343114485
8671 0.0033083937551802757
8697 0.0007432582969623722
8713 0.0034808735784284182
8723 0.0011205832266209072
8724 0.0032599665443211858
8758 0.0015244969745500001
8766 0.004863977152229791
8814 0.0013762213578686362
8820 0.0033255762961689164
8828 0.002197322071067062
8867 0.0005976615512940855
8872 0.014180290272183815
8873 0.00970896594644831
8911 0.002773965309815188
