80
56 0.009844757830204854
93 0.01052383095508092
639 0.012336768994469427
709 0.016645725003675962
722 0.011176495905119757
728 0.016645725003675962
811 0.025166065750969017
957 0.021929184077162767
990 0.010483399246765793
1095 0.0066608426955524665
1102 0.009129918505439202
1110 0.00947367340947191
1364 0.006452488444579296
1370 0.01103846123087059
1390 0.006220605122791283
1411 0.006520912132276682
1437 0.013484777249090002
1554 0.014507720851049715
1572 0.012909301381063247
1721 0.0077789653088088115
1910 0.01621435701219228
1980 0.009506215932377155
2019 0.012519923180477819
2201 0.020357914876321496
2438 0.01581970506936611
2713 0.008328992431898932
2954 0.004553377070104689
2962 0.008154631741165696
3656 0.0045195783714988644
3914 0.01239702574197479
3943 0.007368878279878885
4040 0.017650259252732253
4268 0.02207692246174118
4660 0.012670215287242497
4706 0.013484777249090002
4756 0.013188180242293351
4928 0.03923911057253031
5017 0.0077789653088088115
5081 0.03040335826348647
5181 0.01052383095508092
5229 0.004726140291424186
5365 0.017290864032442472
5438 0.012519923180477819
5441 0.008228562042069433
5463 0.010209774276739131
5508 0.018464460477873312
5939 0.011344747488113179
5985 0.005919096490017342
5988 0.007473353177322865
6088 0.009809777643132577
6089 0.022421200104696906
6335 0.014320902613744095
6430 0.005572860596474203
6718 0.01649746388017453
6761 0.0019062660200333328
6852 0.012218539055744018
6909 0.008563183553654223
6983 0.032980025157334086
6984 0.012710555083278159
7122 0.01621435701219228
7238 0.010097242731812627
7409 0.008328992431898932
7475 0.024314654503145093
7557 0.024314654503145093
7579 0.008510116696928286
7680 0.00791632324468439
7702 0.010948653979636548
7885 0.01052383095508092
8033 0.005803516522126166
8149 0.016798848004908332
8445 0.005572860596474203
8540 0.0076236596325478115
8592 0.011270839177243468
8625 0.016078990051890986
8697 0.004587422176950556
8739 0.008483807708249927
8768 0.011880813633683542
8814 0.004247048706540846
8815 0.009571989317427497
8893 0.009951298568487102
