279
58 3.9886331735258645e-05
68 3.241760820520544e-05
77 8.691610145495967e-05
79 0.00013130412920165632
82 8.334256383691721e-05
91 0.00015663840245623315
158 1.722259642893919e-05
160 3.6009024944890365e-05
163 4.4209139343250144e-05
240 0.00010347204034115494
250 0.00016251677649793962
276 4.8109734749355606e-05
277 5.502814824397996e-05
278 5.558192042480493e-05
283 0.00014488623116808087
401 0.00010939812948263226
404 0.00011913044365880717
405 0.00011913044365880717
430 2.1595466130645556e-05
436 6.181142310095298e-05
463 2.104404381130732e-05
494 0.00010815385522706535
496 0.00015447220461114937
497 0.0002462203859023654
509 1.4811799641107606e-05
511 4.409901177660094e-05
521 6.165346047478709e-05
573 0.00014576429866269
605 0.0001677901789526326
645 6.341986704442123e-05
723 6.212889280683989e-05
725 0.00019268344080366
726 6.4078409870285e-05
765 7.499396958083494e-05
821 0.00011243128604527755
858 0.00010815385522706535
861 7.316251041712385e-05
872 6.593667904531496e-05
913 0.00015139340654708521
1096 6.950834500520415e-05
1181 0.00018617626542465564
1182 0.00019041645403432799
1183 0.00010310145735752775
1186 0.00023397347506023475
1194 0.0001027336712532598
1234 2.8271279696782107e-05
1243 0.00012341728754011654
1254 8.96392359620217e-05
1265 6.576478670658657e-05
1269 8.433711728522342e-05
1306 4.5550455969092306e-05
1310 8.285279662389543e-05
1380 0.00015890538922556517
1391 6.491430390704548e-05
1394 0.00014488623116808087
1431 0.0001677901789526326
1469 6.358367031630664e-05
1497 6.663037655997976e-05
1540 0.00016007969731333051
1565 0.00015342417653056774
1566 0.00016920278300425065
1578 0.00010856509334268535
1638 7.33626397641186e-05
1641 7.583058115843726e-05
1759 0.0001391464957049546
1881 8.408656954820681e-05
1882 9.496067334174995e-05
1901 0.00011243128604527755
1902 0.00019041645403432799
1903 0.0002462203859023654
1922 7.334292682143156e-06
1929 4.2158123180710165e-05
1931 7.754816608258265e-05
1941 8.024367862190805e-05
2004 7.217400943451535e-05
2009 0.00012176521653240713
2010 0.00020908021320920737
2076 7.66818067754729e-05
2083 0.00010422176939821458
2085 0.0001147195668623605
2118 6.715720793434914e-05
2214 0.00021605372159664503
2238 0.00011913044365880717
2239 0.0001251273376474703
2242 0.00013614669170503938
2247 0.00019506105515172307
2252 0.00015554326811050196
2287 0.00014576429866269
2371 8.858094887998e-06
2373 4.532432364915004e-05
2384 3.364472337590274e-05
2391 2.4157123570420575e-05
2417 8.63892700805903e-05
2563 2.4450245822639586e-05
2564 4.692973938522239e-05
2571 6.593667904531496e-05
2586 9.502842032885344e-06
2589 0.0001228603508781383
2607 3.3290954653437934e-05
2618 4.846937791309118e-05
2620 0.00010347204034115494
2638 0.00012176521653240713
2639 0.0001504088997800851
2667 8.358930576913648e-05
2675 0.00010694056199521868
2685 7.754816608258265e-05
2694 0.00021244233432427055
2716 0.0001523982138465608
2734 0.0001677901789526326
2739 7.583058115843726e-05
2783 8.718166847460814e-05
2786 0.0001399262151792957
2843 7.33626397641186e-05
2850 9.252359415714085e-05
2896 0.00011379132113009053
2897 0.00013332088986277624
2920 0.0001399262151792957
2922 0.00015663840245623315
2955 4.7516165565500014e-05
2976 5.461691012835996e-05
2977 0.00015890538922556517
2982 7.197869283035229e-05
3042 0.0001287387249198448
3050 5.1064059112276297e-05
3051 7.910237522724487e-05
3168 0.0001275049519955334
3169 0.0001391464957049546
3372 6.542281037332744e-05
3383 0.00010815385522706535
3409 8.458895984833521e-05
3465 5.7716484755306535e-05
3473 0.00014665847838343454
3519 8.586807337437805e-05
3545 6.071628875522179e-05
3546 0.0002875104201589402
3558 0.00016007969731333051
3576 5.3536945098705395e-05
3600 0.0001002340757964429
3605 5.380470086849468e-05
3627 6.491430390704548e-05
3628 7.733012801189119e-05
3657 4.716346370617082e-05
3681 0.0001287387249198448
3727 6.424444555902466e-05
3743 3.233112827567267e-05
3746 1.903006184883404e-05
3814 0.00014576429866269
3832 3.3290954653437934e-05
3847 0.0001677901789526326
3882 0.00012016732165868515
3884 8.433711728522342e-05
3901 0.00010384546306881737
3932 4.895306850942043e-05
3943 7.689695691525318e-05
3951 9.920086195142229e-05
3954 0.00010774605847492284
4211 0.00023971321052336105
4220 4.3879500470736716e-05
4247 4.846937791309118e-05
4250 8.612797493712278e-05
4290 5.656642719180506e-05
4291 7.843020694973282e-05
4329 3.676019862375966e-05
4390 8.825864993225359e-05
4399 9.282164663063054e-05
4444 0.00014665847838343454
4453 3.6854914742017664e-05
4495 3.207260550754382e-05
4518 0.00015139340654708521
4533 5.685140711216779e-05
4577 3.9085797470059324e-05
4591 0.0001475693727081854
4652 4.476354154013861e-05
4670 7.541048004377448e-05
4676 1.811794967986411e-05
4810 0.00010856509334268535
4839 3.088397517794058e-05
4846 4.681329625334851e-05
4911 6.341986704442123e-05
4913 6.457822376461287e-05
4914 6.542281037332744e-05
4933 2.564069103539461e-05
4972 4.681329625334851e-05
5091 0.00026261715830791277
5170 0.0001128804268053397
5171 7.52017798211394e-05
5176 0.0001347133110905388
5310 0.00019268344080366
5311 0.00019506105515172307
5379 2.541525611908456e-05
5380 3.8298201700263376e-05
5408 0.00010774605847492284
5427 3.490353872923123e-05
5459 0.0002462203859023654
5469 1.1433598200043818e-05
5509 8.935997200289977e-05
5550 4.944160821510571e-05
5684 0.0002462203859023654
5806 7.910237522724487e-05
5858 6.663037655997976e-05
5894 1.5848029138067838e-05
5896 1.6219082409210568e-05
5988 7.044371782011974e-05
5991 0.0001664173719040451
6114 0.00010536844412685977
6218 9.464928935894339e-05
6242 3.105201474962982e-05
6292 8.853165584237468e-05
6297 9.164022082905678e-05
6299 0.0001431761810607271
6348 9.590694438493474e-05
6408 4.3989132524856074e-05
6413 9.590694438493474e-05
6429 5.815485137703107e-05
6517 0.0001391464957049546
6568 3.9584588186023764e-05
6569 4.981125419104163e-05
6578 6.025437603138515e-05
6689 7.376538112671329e-05
6760 1.9892587507080337e-05
6762 7.139739654402146e-05
6763 7.27647006365303e-05
6823 0.00012176521653240713
6999 6.309390310328486e-05
7003 8.771718405598661e-05
7067 3.508605365233e-05
7073 5.516600244482883e-05
7192 0.00019756065060853997
7251 7.689695691525318e-05
7344 8.96392359620217e-05
7345 0.00011425323385392718
7406 6.698096388147314e-05
7408 8.691610145495967e-05
7410 0.0001786642827461757
7414 0.00010460100421098168
7469 7.887728740211037e-05
7482 2.5340342303404983e-05
7496 0.00018227567001855016
7579 0.00015775871449691997
7580 0.0001804365299615294
7671 9.134928606937549e-05
7799 9.403242760948e-05
7808 4.7398314413738584e-05
7818 2.996997446737178e-05
7836 6.424444555902466e-05
7839 0.00010614816360120087
7890 9.233159952796689e-06
7891 6.932340577943291e-05
7892 0.0001002340757964429
7893 5.131853189681648e-05
7894 6.374802604546662e-05
7902 7.376538112671329e-05
7903 8.141235399539764e-05
7981 6.950834500520415e-05
7987 7.843020694973282e-05
8009 2.7093186202753706e-05
8016 3.6571316885345003e-05
8031 5.5721352358276173e-05
8032 6.056183085252843e-05
8045 0.0001263016457352357
8068 0.00011379132113009053
8088 8.509658347491132e-05
8089 0.00019268344080366
8109 8.285279662389543e-05
8122 0.00014576429866269
8128 0.00013332088986277624
8162 0.00013332088986277624
8227 0.00018617626542465564
8444 5.815485137703107e-05
8447 4.100899018649567e-05
8513 4.3335009582674306e-05
8539 7.955569410086921e-05
8633 5.949411993323993e-05
8638 6.491430390704548e-05
8639 3.69498153124238e-05
8659 0.00012936752625714268
8678 4.409901177660094e-05
8746 0.00011811516886331826
8799 0.00012069415303305452
