488
14 0.0001275049519955334
15 6.0101372993599195e-05
17 0.00012016732165868515
68 3.241760820520544e-05
70 0.00011566583790554528
77 8.691610145495967e-05
79 0.00013130412920165632
82 8.334256383691721e-05
130 0.00011862016226846598
132 8.334256383691721e-05
134 0.0001376235146469122
145 5.786216925096193e-05
146 0.000101646679848061
151 0.00011712061541501202
158 1.722259642893919e-05
160 3.6009024944890365e-05
163 4.4209139343250144e-05
164 0.0001804365299615294
225 4.311890533715833e-05
249 0.0002875104201589402
276 4.8109734749355606e-05
277 5.502814824397996e-05
295 6.969398876306011e-05
311 0.00012016732165868515
314 0.00020908021320920737
344 9.164022082905678e-05
375 8.334256383691721e-05
392 0.0002875104201589402
401 0.00010939812948263226
404 0.00011913044365880717
405 0.00011913044365880717
406 0.00015663840245623315
423 8.63892700805903e-05
430 2.1595466130645556e-05
436 6.181142310095298e-05
443 5.859719717528758e-05
446 0.00010058340652177312
459 8.798716495431228e-05
509 1.4811799641107606e-05
511 4.409901177660094e-05
521 6.165346047478709e-05
578 0.0001440237055098346
596 0.00020019542348213994
597 0.00011198624708459517
668 8.63892700805903e-05
689 0.00020019542348213994
706 6.525271795805037e-05
707 9.496067334174995e-05
723 6.212889280683989e-05
726 6.4078409870285e-05
765 7.499396958083494e-05
807 0.0001347133110905388
821 0.00011243128604527755
855 9.464928935894339e-05
858 0.00010815385522706535
861 7.316251041712385e-05
872 6.593667904531496e-05
891 5.757123449128065e-05
913 0.00015139340654708521
974 0.00016508218077975113
975 0.00014488623116808087
983 0.00010347204034115494
990 0.00010939812948263226
999 0.0002537323685808453
1070 0.00013130412920165632
1083 7.178415593526694e-05
1088 0.0002462203859023654
1096 6.950834500520415e-05
1101 0.0002462203859023654
1126 4.895306850942043e-05
1127 0.00018418695135817993
1130 8.665197383001834e-05
1140 3.8493910507496085e-05
1164 8.408656954820681e-05
1165 8.433711728522342e-05
1216 4.5550455969092306e-05
1217 9.818910047034337e-05
1234 2.8271279696782107e-05
1265 6.576478670658657e-05
1303 0.0002875104201589402
1305 0.00019506105515172307
1330 0.0002734912621014559
1343 0.000126899584862824
1349 0.00015663840245623315
1350 6.374802604546662e-05
1382 0.00011862016226846598
1416 0.00026261715830791277
1417 0.0002734912621014559
1460 0.00021244233432427055
1469 6.358367031630664e-05
1517 9.106007793564448e-05
1548 0.0001753021616311125
1578 0.00010856509334268535
1638 7.33626397641186e-05
1641 7.583058115843726e-05
1678 0.00015663840245623315
1695 0.00014576429866269
1699 0.00013130412920165632
1729 0.00010200632301179658
1742 0.00015775871449691997
1745 0.00021605372159664503
1888 6.071628875522179e-05
1897 0.00018227567001855016
1921 0.00018418695135817993
1922 7.334292682143156e-06
1929 4.2158123180710165e-05
1931 7.754816608258265e-05
1941 8.024367862190805e-05
1959 0.00015447220461114937
2040 4.7398314413738584e-05
2076 7.66818067754729e-05
2083 0.00010422176939821458
2085 0.0001147195668623605
2118 6.715720793434914e-05
2119 0.0002537323685808453
2148 8.383730339089555e-05
2149 8.408656954820681e-05
2150 0.00015663840245623315
2247 0.00019506105515172307
2253 0.00015342417653056774
2320 0.00014665847838343454
2321 8.691610145495967e-05
2358 0.0001804365299615294
2371 8.858094887998e-06
2384 3.364472337590274e-05
2389 8.070779096331723e-05
2391 2.4157123570420575e-05
2434 0.00010536844412685977
2439 5.502814824397996e-05
2441 0.0001431761810607271
2443 0.00022419450561242282
2462 0.00011712061541501202
2466 0.00010939812948263226
2493 2.5565430128539482e-05
2506 0.00014488623116808087
2521 0.0002734912621014559
2526 8.070779096331723e-05
2531 0.0002462203859023654
2563 2.4450245822639586e-05
2564 4.692973938522239e-05
2571 6.593667904531496e-05
2586 9.502842032885344e-06
2595 0.0002734912621014559
2601 0.00018617626542465564
2607 3.3290954653437934e-05
2618 4.846937791309118e-05
2620 0.00010347204034115494
2685 7.754816608258265e-05
2744 7.52017798211394e-05
2794 0.00012341728754011654
2843 7.33626397641186e-05
2847 0.0002734912621014559
2850 9.252359415714085e-05
2875 0.00020298083458234552
2877 0.00014944388948364012
2878 0.0002537323685808453
2920 0.0001399262151792957
2922 0.00015663840245623315
2939 0.00013065000625947455
2942 0.00030726931367955075
2955 4.7516165565500014e-05
2958 6.950834500520415e-05
2963 8.509658347491132e-05
2976 5.461691012835996e-05
3014 0.0001263016457352357
3016 0.00015554326811050196
3042 0.0001287387249198448
3050 5.1064059112276297e-05
3051 7.910237522724487e-05
3052 0.00011379132113009053
3067 0.00010093525951244397
3098 0.0002875104201589402
3113 6.165346047478709e-05
3124 0.00019506105515172307
3136 0.00030726931367955075
3168 0.0001275049519955334
3169 0.0001391464957049546
3206 0.0001753021616311125
3212 7.356359438910525e-05
3245 0.0002875104201589402
3303 0.00010058340652177312
3321 0.00011761535496899039
3345 0.00011110817958998604
3349 0.0002734912621014559
3419 0.00011712061541501202
3421 8.586807337437805e-05
3459 0.0001423431449207802
3478 7.865323446718271e-05
3480 0.00020019542348213994
3513 6.056183085252843e-05
3530 0.0001786642827461757
3576 5.3536945098705395e-05
3586 6.228840662358072e-05
3600 0.0001002340757964429
3625 0.0001431761810607271
3641 0.0001228603508781383
3662 0.00021244233432427055
3671 0.00026261715830791277
3681 0.0001287387249198448
3699 0.00023971321052336105
3702 0.00016007969731333051
3719 2.489326185102742e-05
3723 6.859058854884968e-05
3724 5.7716484755306535e-05
3727 6.424444555902466e-05
3731 5.3138049876864844e-05
3743 3.233112827567267e-05
3746 1.903006184883404e-05
3760 0.00010614816360120087
3819 6.424444555902466e-05
3872 9.164022082905678e-05
3875 3.285232498188492e-05
3884 8.433711728522342e-05
3885 0.0001391464957049546
3969 6.0101372993599195e-05
3970 6.663037655997976e-05
4042 0.00012571095453322076
4044 0.00014488623116808087
4122 0.00026261715830791277
4123 0.0002875104201589402
4131 0.00018227567001855016
4154 0.00012571095453322076
4189 4.981125419104163e-05
4192 0.00019041645403432799
4202 0.0002537323685808453
4220 4.3879500470736716e-05
4224 8.236790279729728e-05
4227 0.0001753021616311125
4290 5.656642719180506e-05
4292 0.00011110817958998604
4298 0.00011614595437539213
4303 0.00022419450561242282
4304 0.00030726931367955075
4305 0.00030726931367955075
4308 7.955569410086921e-05
4314 3.1644758795232604e-05
4315 7.256700694753944e-05
4320 0.00019268344080366
4321 0.00010200632301179658
4322 0.00017370426675739054
4345 5.131853189681648e-05
4348 8.212725328354177e-05
4390 8.825864993225359e-05
4399 9.282164663063054e-05
4432 6.4078409870285e-05
4453 3.6854914742017664e-05
4492 6.969398876306011e-05
4495 3.207260550754382e-05
4509 0.0001281179340087181
4530 0.00017065756051371745
4577 3.9085797470059324e-05
4619 0.00010856509334268535
4652 4.476354154013861e-05
4655 0.00019756065060853997
4670 7.541048004377448e-05
4676 1.811794967986411e-05
4679 0.00012122674224136485
4699 3.676019862375966e-05
4723 9.106007793564448e-05
4804 0.00021605372159664503
4805 0.0002875104201589402
4810 0.00010856509334268535
4834 1.7286007534181456e-05
4839 3.088397517794058e-05
4846 4.681329625334851e-05
4851 0.0001399262151792957
4908 9.372690041743856e-05
4911 6.341986704442123e-05
4913 6.457822376461287e-05
4914 6.542281037332744e-05
4933 2.564069103539461e-05
4947 0.00016251677649793962
4972 4.681329625334851e-05
5024 6.025437603138515e-05
5044 0.00010058340652177312
5046 0.0002734912621014559
5047 0.00030726931367955075
5055 0.00013065000625947455
5133 0.00023971321052336105
5134 0.0002734912621014559
5135 0.0002875104201589402
5139 0.0001804365299615294
5170 0.0001128804268053397
5171 7.52017798211394e-05
5217 7.159039254876493e-05
5237 0.0001786642827461757
5242 6.786862826996617e-05
5250 0.00023397347506023475
5264 0.00011425323385392718
5289 0.0001300045474523503
5290 0.00013614669170503938
5379 2.541525611908456e-05
5380 3.8298201700263376e-05
5395 3.215862746722012e-05
5411 8.164949036359771e-05
5416 0.00013332088986277624
5434 7.159039254876493e-05
5469 1.1433598200043818e-05
5481 6.576478670658657e-05
5482 0.00013196715204843822
5550 4.944160821510571e-05
5551 0.00022419450561242282
5556 0.00020019542348213994
5557 0.0001786642827461757
5585 0.0002199543170027505
5586 0.0002462203859023654
5644 7.711306116076915e-05
5652 0.00014576429866269
5661 0.00017215710736717137
5663 0.00026261715830791277
5687 2.724862948448243e-05
5694 0.00015775871449691997
5699 8.260974660633398e-05
5700 0.00010575674440844711
5701 0.00010575674440844711
5702 3.9886331735258645e-05
5797 5.544288630052885e-05
5810 5.261121850249547e-05
5811 0.00010310145735752775
5858 6.663037655997976e-05
5862 6.610917985376751e-05
5894 1.5848029138067838e-05
5896 1.6219082409210568e-05
5902 0.0002462203859023654
5931 0.00014665847838343454
5934 5.434466680855229e-05
5938 5.91933076971794e-05
6022 2.0770655001689466e-05
6094 0.00011761535496899039
6208 0.0001228603508781383
6229 7.458098891001271e-05
6241 0.00019506105515172307
6242 3.105201474962982e-05
6254 8.141235399539764e-05
6327 0.00010384546306881737
6348 9.590694438493474e-05
6351 0.00022419450561242282
6377 0.00010694056199521868
6387 9.558947467904783e-05
6399 8.212725328354177e-05
6408 4.3989132524856074e-05
6409 0.00010575674440844711
6413 9.590694438493474e-05
6452 8.63892700805903e-05
6507 6.212889280683989e-05
6512 0.0001431761810607271
6536 7.499396958083494e-05
6557 0.00026261715830791277
6560 0.0001504088997800851
6568 3.9584588186023764e-05
6569 4.981125419104163e-05
6571 0.00014849761844045535
6572 0.00011614595437539213
6573 0.0001504088997800851
6577 0.00010897983139923425
6578 6.025437603138515e-05
6590 8.691610145495967e-05
6595 7.66818067754729e-05
6602 0.0001300045474523503
6633 0.00011811516886331826
6638 9.282164663063054e-05
6650 9.785646144837983e-05
6661 5.889434094657216e-05
6662 0.00021605372159664503
6679 9.527405980765772e-05
6680 9.558947467904783e-05
6682 6.698096388147314e-05
6689 7.376538112671329e-05
6712 6.025437603138515e-05
6734 0.00026261715830791277
6739 0.00020019542348213994
6760 1.9892587507080337e-05
6762 7.139739654402146e-05
6763 7.27647006365303e-05
6789 4.7516165565500014e-05
6791 0.00022883910672981793
6807 0.0002734912621014559
6815 7.178415593526694e-05
6822 8.535239208071232e-05
6869 0.00026261715830791277
6870 0.00022419450561242282
6885 5.131853189681648e-05
6887 0.00020019542348213994
6888 0.00019506105515172307
6889 0.00023397347506023475
6905 2.9805618738211806e-05
6929 5.904359505253569e-05
6934 0.00010200632301179658
6960 3.259102983841739e-05
6967 0.00010536844412685977
6972 6.133906307779394e-05
7003 8.771718405598661e-05
7010 0.0001504088997800851
7045 0.00023971321052336105
7046 0.0002875104201589402
7067 3.508605365233e-05
7073 5.516600244482883e-05
7139 6.196989942762013e-05
7140 0.0001677901789526326
7251 7.689695691525318e-05
7252 0.00018418695135817993
7321 3.8200641252257444e-05
7329 0.00030726931367955075
7346 8.070779096331723e-05
7349 0.00013614669170503938
7373 7.27647006365303e-05
7374 0.00010498321344481378
7375 0.00019268344080366
7392 5.274239335290522e-05
7406 6.698096388147314e-05
7408 8.691610145495967e-05
7414 0.00010460100421098168
7444 9.886126874785542e-05
7446 0.00015554326811050196
7482 2.5340342303404983e-05
7483 2.8590308184836374e-05
7494 0.00010694056199521868
7503 3.173002815645075e-05
7665 0.00010422176939821458
7784 7.082295263288685e-05
7792 0.000101646679848061
7818 2.996997446737178e-05
7825 0.0002537323685808453
7826 0.0002875104201589402
7836 6.424444555902466e-05
7839 0.00010614816360120087
7843 0.00012571095453322076
7844 0.00016378259903044513
7845 0.00020908021320920737
7858 4.509923582401553e-05
7884 0.00010982004923951138
7890 9.233159952796689e-06
7891 6.932340577943291e-05
7892 0.0001002340757964429
7893 5.131853189681648e-05
7894 6.374802604546662e-05
7902 7.376538112671329e-05
7903 8.141235399539764e-05
7911 0.00010774605847492284
7912 0.00011761535496899039
7938 4.907474504580058e-05
7981 6.950834500520415e-05
7987 7.843020694973282e-05
7989 0.00011862016226846598
8000 0.00016378259903044513
8004 0.0002734912621014559
8009 2.7093186202753706e-05
8014 0.0001804365299615294
8015 0.0002734912621014559
8016 3.6571316885345003e-05
8018 0.0001281179340087181
8134 0.00012176521653240713
8136 0.00016920278300425065
8144 1.8182537399726556e-05
8150 0.00012176521653240713
8158 0.00010939812948263226
8159 0.00026261715830791277
8162 0.00013332088986277624
8204 5.1064059112276297e-05
8234 4.8109734749355606e-05
8349 4.919672615455441e-05
8457 0.00016378259903044513
8515 0.00023397347506023475
8519 0.00014488623116808087
8520 5.874554257904601e-05
8521 6.610917985376751e-05
8621 0.000101646679848061
8639 3.69498153124238e-05
8642 9.164022082905678e-05
8646 0.00023397347506023475
8670 0.00010654275221462514
8713 0.0002462203859023654
8717 9.106007793564448e-05
8718 9.403242760948e-05
8738 8.853165584237468e-05
8744 0.00026261715830791277
8756 9.372690041743856e-05
8757 9.818910047034337e-05
8758 0.0002537323685808453
8759 0.0002734912621014559
8773 0.00026261715830791277
8800 0.00011379132113009053
8803 0.0001281179340087181
8804 0.00013542473142615584
8861 0.00015775871449691997
8863 0.0001664173719040451
8871 7.025520142447097e-05
8872 0.00010422176939821458
