384
9 0.0031121829190310156
10 0.0022388693580189635
31 0.003991110380773325
35 0.002101585730759538
52 0.0013584062062740826
53 0.0014160130072914813
56 0.002852219558283649
68 0.00045000891639375526
69 0.001452031385558051
70 0.0032112584031595624
82 0.004627719183268574
83 0.003645551580747848
102 0.0019001093203025988
131 0.002101585730759538
163 0.0024547778805423383
183 0.0031121829190310156
189 0.003991110380773325
217 0.0019424025384390706
225 0.0005985602560198677
277 0.002291639519394156
299 0.0042653958310158195
338 0.0038631575380764964
346 0.0028587136082869353
363 0.003796501756772858
375 0.0011569297958171434
378 0.001104361909387767
393 0.002101585730759538
401 0.004555869766117844
405 0.001653723541880513
406 0.002174394770545093
423 0.003597669041860844
446 0.0027925212427477946
459 0.002442808766582028
486 0.0026747582935237038
493 0.0018046737179055231
494 0.0015013507130585768
521 0.00513509943692806
524 0.0019209254598010123
549 0.0009421265033363527
561 0.0034179378180091593
575 0.0012251730345735885
579 0.003327607682529896
605 0.0023291994934982268
606 0.003991110380773325
614 0.007291103161495696
639 0.0017871020506007112
645 0.000880370490809785
660 0.0023291994934982268
668 0.003597669041860844
672 0.0021899465165055305
735 0.0024112966126820317
780 0.0018899366300238485
785 0.005072304283179279
821 0.004682185145960343
829 0.0022058642192807425
844 0.003247930856287869
849 0.002023444594520083
858 0.0045040521391757305
861 0.0010156141632981428
871 0.0030533222322874022
872 0.0045765395923041035
878 0.005997847025717971
969 0.001462684694795287
974 0.0022916080920703146
975 0.006033766785840826
990 0.0015186232553726147
1035 0.004348789541090186
1095 0.0009648884278604039
1101 0.0011501310335080312
1129 0.0012028697675593822
1175 0.0028587136082869353
1193 0.0014261097791418245
1200 0.002556813256236915
1222 0.0020613875008432055
1255 0.002779036782044908
1285 0.003327607682529896
1309 0.0011501310335080312
1373 0.005508274652405454
1380 0.004071714515118906
1411 0.0028338543378585578
1417 0.0008918169763582986
1426 0.002504751331802414
1430 0.0023291994934982268
1468 0.004413221727873245
1475 0.002613218509592748
1564 0.002129776107851121
1567 0.002584428158044441
1568 0.0013770686631013635
1571 0.006184162502529616
1577 0.0015070593642835073
1593 0.0017615718073169587
1609 0.0013313437513372871
1627 0.002273567792148484
1633 0.002584428158044441
1640 0.001052651307295939
1653 0.0029490437437661977
1712 0.001993599357272905
1763 0.0022058642192807425
1772 0.0013914113450123038
1869 0.003991110380773325
1881 0.00131820797635775
1902 0.0034179378180091593
1921 0.00010181186352532678
1930 0.0021529883368472786
1931 0.0017699752837760023
1940 0.001113912249031845
1952 0.0017784844671116754
1956 0.0012327739140410132
2029 0.0017055006963021316
2041 0.002327595164547231
2075 0.0031934030933785723
2078 0.0023898195340439736
2084 0.0015924934266002442
2092 0.0016396298830372153
2096 0.0042653958310158195
2098 0.003796501756772858
2145 0.003740077970214585
2206 0.0024112966126820317
2246 0.0054155268645238504
2258 0.002273567792148484
2312 0.0029490437437661977
2318 0.0017055006963021316
2343 0.012213288929149609
2388 0.002240709760327362
2421 0.0024112966126820317
2462 0.0024112966126820317
2465 0.007593116276863074
2475 0.003327607682529896
2556 0.0016978568731015956
2573 0.003247930856287869
2600 0.002584428158044441
2638 0.0020879191819939535
2646 0.002613218509592748
2666 0.0011603549735429038
2674 0.001484508237541104
2684 0.004305976673694557
2693 0.0029490437437661977
2705 0.008453108400924593
2716 0.003796501756772858
2728 0.0027077634322619252
2769 0.002613218509592748
2771 0.0015363484045057903
2785 0.0038848050768781413
2789 0.001586019969012771
2876 0.004149046551645485
2896 0.0037014198456606284
2899 0.0023690033945455605
2921 0.002174394770545093
2924 0.003327607682529896
2939 0.0010980691090735299
2954 0.0019788040538305423
2962 0.0011812784297950305
3041 0.0017871020506007112
3046 0.0024801496695232364
3050 0.008784552872588239
3054 0.0031766575065048865
3080 0.002613218509592748
3102 0.001682823562079507
3139 0.0028587136082869353
3149 0.002111172221677708
3168 0.007726315076152993
3213 0.0011107137978931241
3229 0.0006514608059207195
3302 0.0013962606213738973
3306 0.0058362890016637
3320 0.001632691656516577
3332 0.004444331035689725
3337 0.0022221655178448624
3342 0.0032245879918800452
3374 0.001421042555780887
3418 0.0016258238700601045
3464 0.0016023966110258311
3479 0.002779036782044908
3501 0.0024564114038585377
3512 0.0008406963186257529
3544 0.001685680889054631
3595 0.0011501310335080312
3599 0.0013914113450123038
3600 0.002101585730759538
3606 0.003796501756772858
3624 0.001987517329615576
3640 0.0017055006963021316
3643 0.002433477982019431
3680 0.0017871020506007112
3701 0.0022221655178448624
3790 0.002817702800308198
3819 0.0017836339527165972
3840 0.0014956898335335082
3884 0.002341471617588508
3902 0.001682823562079507
3907 0.0025302815750861667
3935 0.0035222163065303635
3943 0.001067454330262829
3970 0.006474562945977846
3982 0.0024801496695232364
3997 0.005610116955321877
3998 0.003796501756772858
4000 0.003991110380773325
4002 0.0017532714436019011
4003 0.0036093474358110463
4043 0.0035222163065303635
4081 0.0031766575065048865
4085 0.0027077634322619252
4091 0.005286577689576109
4109 0.0023898195340439736
4125 0.0022916080920703146
4195 0.002255996124843673
4198 0.0018507099228303142
4221 0.0024364741943626515
4251 0.0035867874422412997
4296 0.006761193830135901
4316 0.0010073476104617935
4383 0.0008536642139281379
4403 0.0009648884278604039
4445 0.002035857257559453
4462 0.002552355237184056
4528 0.002433477982019431
4532 0.0034179378180091593
4592 0.0020485019463790466
4706 0.0019534023117840655
4719 0.0015924934266002442
4722 0.002817702800308198
4729 0.0042653958310158195
4759 0.0023690033945455605
4811 0.0015070593642835073
4886 0.0014261097791418245
4888 0.002556813256236915
4889 0.002742461866391446
4909 0.001301081209533041
4912 0.00176074098161957
4915 0.0045408729442920105
4943 0.0009446181126195193
4973 0.0012996887732393827
4974 0.002023444594520083
5008 0.002584428158044441
5017 0.0011268594606218371
5054 0.0034179378180091593
5096 0.0034179378180091593
5124 0.003951906877052938
5172 0.004175690104461023
5178 0.0008602425914313873
5193 0.0011107137978931241
5220 0.0019534023117840655
5291 0.0018899366300238485
5336 0.001367673079347605
5381 0.003189846481801376
5410 0.0031121829190310156
5431 0.0008941297005104654
5435 0.001987581241104651
5456 0.0037098198661775104
5463 0.0014789859933594068
5474 0.001736970145037781
5582 0.002011255595280275
5583 0.004097003892758093
5685 0.006835875636018319
5695 0.0021899465165055305
5702 0.0014680749317259824
5703 0.0011073737957153428
5807 0.0010980691090735299
5812 0.0014312152460596373
5833 0.003759829303644551
5863 0.0018354050182454082
5869 0.0010073476104617935
5897 0.0011257356887140542
5985 0.0012861588167561047
5992 0.002310142707801947
5997 0.001987517329615576
6000 0.002504751331802414
6006 0.0015128166003582173
6019 0.001987517329615576
6033 0.0023898195340439736
6058 0.0015303882676630288
6088 0.001421042555780887
6090 0.003645551580747848
6095 0.00489807496954973
6107 0.0010018921683495339
6161 0.001104361909387767
6165 0.0036093474358110463
6219 0.0013138854622537436
6242 0.0027077634322619252
6328 0.0014415432505752342
6357 0.0009347062700091502
6378 0.004453524712623312
6406 0.0019534023117840655
6507 0.0036983217421230397
6596 0.0010644676977928575
6634 0.0016396298830372153
6686 0.0027077634322619252
6713 0.0008364283476506299
6750 0.003796501756772858
6761 0.0052466854476618365
6764 0.0060605515146986725
6775 0.002273567792148484
6790 0.0006596013512768475
6824 0.0016902984575339754
6834 0.0015043892550712836
6886 0.0007123843555520692
6888 0.002779036782044908
6895 0.0025687547387178793
6902 0.003796501756772858
6921 0.0013053224218935915
6930 0.0016392414925489036
6935 0.0014160130072914813
6975 0.0026432888447880543
6976 0.0019992823419059903
6996 0.0010887383245109328
7004 0.0012176566110700198
7043 0.0023690033945455605
7074 0.0038289673971052536
7148 0.002742461866391446
7158 0.0020613875008432055
7181 0.0017699752837760023
7195 0.006353315013009773
7232 0.002504751331802414
7252 0.001067454330262829
7272 0.003327607682529896
7277 0.002999175649329128
7303 0.004918889649111646
7346 0.001586019969012771
7370 0.001301081209533041
7452 0.0036093474358110463
7484 0.0035719181291111457
7553 0.0017615718073169587
7555 0.001146757105538393
7576 0.0028587136082869353
7591 0.001721052442262569
7598 0.0024801496695232364
7666 0.004340300976060225
7695 0.0018892362252390387
7725 0.004131205989304091
7816 0.0022916080920703146
7821 0.0018899366300238485
7824 0.0030533222322874022
7840 0.0014735084641961092
7845 0.002273567792148484
7863 0.001260070401554304
7902 0.0026432888447880543
7903 0.003071948956080695
7904 0.0011301353563971709
7988 0.004354953298043731
7996 0.0012680760707948198
8009 0.0035222163065303635
8011 0.0005522877843173281
8019 0.0017784844671116754
8062 0.0010918343077438197
8089 0.0011812784297950305
8115 0.002504751331802414
8129 0.0018507099228303142
8145 0.0002524030736859238
8163 0.0018507099228303142
8234 0.0023898195340439736
8235 0.010017615796407878
8256 0.002584428158044441
8341 0.003645551580747848
8350 0.004780511782594583
8438 0.001170735808794254
8445 0.0016145670886981336
8448 0.0022770848631903386
8458 0.002273567792148484
8470 0.002999175649329128
8520 0.00402251119056055
8560 0.0015796078721360854
8638 0.0031121829190310156
8640 0.0005129232929350792
8653 0.0015244801850818153
8660 0.005387492495344184
8664 0.0022214275957862482
8671 0.0029579719867188136
8674 0.0031121829190310156
8679 0.0006121657211106971
8697 0.0006645331190909683
8713 0.0031121829190310156
8723 0.0010018921683495339
8724 0.004372011206636357
8747 0.0016396298830372153
8751 0.002779036782044908
8766 0.002174394770545093
8814 0.001230453363577254
8820 0.0029733345700949498
8822 0.0026432888447880543
8828 0.0019645839077764697
8872 0.010727816053027629
8873 0.00868060195212045
8900 0.003645551580747848
