101
82 0.0051940484539482945
131 0.009435091182850514
163 0.008265563283084866
459 0.016450523372157296
521 0.0038423471311279894
524 0.008624015001344406
605 0.010456965558222809
668 0.016151772901221415
821 0.007006906442206388
829 0.00990325055089676
849 0.009084275732041212
858 0.006740329774710533
861 0.013678831318267295
878 0.008975799045480041
1134 0.006714915196702883
1164 0.00525603069402735
1175 0.025668449461821154
1216 0.012238619068415385
1222 0.009254620807981385
1430 0.010456965558222809
1468 0.0039626410479645085
1712 0.0029834284087860256
1902 0.015344867686446715
2004 0.011478839933595102
2075 0.0047789388949861155
2117 0.00418534990986657
2246 0.01215653233225284
2292 0.011602817324926792
2312 0.01323976282166363
2318 0.007656863265915864
2388 0.0050298449864691125
2666 0.005209425825276533
2684 0.0048329318610348
2715 0.009497712460143705
2743 0.009373402262461458
2785 0.017440873142348018
2789 0.007120453287455937
2876 0.018627188015079732
2896 0.008308781611587844
2899 0.01063566558949825
2903 0.009435091182850514
2921 0.00976196813069895
2954 0.0088838615563581
3050 0.009859585566786101
3168 0.026015529434738924
3320 0.007329986318067429
3374 0.0063797854602190875
3479 0.01247651478372609
3544 0.003783941016689067
3599 0.006246755828656637
3624 0.008922979899393006
3884 0.0105120613880547
4085 0.01215653233225284
4221 0.002734644113253186
4321 0.024016710831359693
4349 0.0051183082605798895
4462 0.005729412805147427
4592 0.009196770976051385
4811 0.02029787647279745
4889 0.01231231131624691
4915 0.004077259342986672
5172 0.009373402262461458
5381 0.002386808206662568
5685 0.015344867686446715
5897 0.0010108004365796124
6219 0.00589870256480352
6242 0.01215653233225284
6349 0.011954163473545991
6378 0.0066647153042055166
6388 0.011914592983771666
6761 0.003719218318806293
6764 0.02720890959745838
6823 0.005319304323239917
6834 0.0033769856704746995
6976 0.008975799045480041
7004 0.005466682128020648
7074 0.006876075717319085
7148 0.01231231131624691
7252 0.004792347412788366
7409 0.005416757315850354
7452 0.008102101586680741
7484 0.0035635919796260383
7553 0.007908595106975436
7666 0.006495275586551666
7793 0.01900437505187244
7824 0.013707922189709877
8034 0.011602817324926792
8069 0.007091666111268299
8115 0.011245107377742307
8123 0.009084275732041212
8235 0.011993117652762437
8350 0.006132045083767677
8448 0.002555749094699646
8674 0.01397217786026512
8679 0.002748324426245228
8724 0.006542730057483778
8739 0.011034882753388016
8747 0.007361135558810435
8830 0.007268630204028932
8872 0.004378422063600597
8873 0.006495275586551666
