493
15 6.0101372993599195e-05
24 0.00014849761844045535
56 0.0001027336712532598
96 0.00016128300357362823
116 0.0001523982138465608
138 5.5304247721948624e-05
139 0.00010897983139923425
158 1.722259642893919e-05
160 3.6009024944890365e-05
161 8.88061998220748e-05
163 4.4209139343250144e-05
196 8.935997200289977e-05
238 0.00012176521653240713
239 0.00018825025618924418
240 0.00010347204034115494
243 6.309390310328486e-05
290 5.516600244482883e-05
310 8.408656954820681e-05
412 6.391293797104737e-05
413 7.562007790453742e-05
416 0.00020019542348213994
430 2.1595466130645556e-05
436 6.181142310095298e-05
443 5.859719717528758e-05
446 0.00010058340652177312
458 0.00011198624708459517
463 2.104404381130732e-05
473 4.858985121920245e-05
509 1.4811799641107606e-05
560 0.00030726931367955075
569 0.0001415241100530177
592 0.0002875104201589402
602 0.00013401212737453773
645 6.341986704442123e-05
659 0.0001263016457352357
664 0.00017370426675739054
665 0.00020019542348213994
679 0.0002734912621014559
688 0.00017695423263882194
700 0.00013542473142615584
702 0.0001786642827461757
722 0.00011663084820199027
765 7.499396958083494e-05
837 0.0001128804268053397
838 0.00011614595437539213
839 0.00020908021320920737
841 0.00014576429866269
846 0.00023397347506023475
891 5.757123449128065e-05
892 0.0001475693727081854
934 0.00023397347506023475
959 0.00019506105515172307
977 0.00010384546306881737
1035 0.00015663840245623315
1054 0.00019506105515172307
1076 0.00023971321052336105
1096 6.950834500520415e-05
1102 8.285279662389543e-05
1103 9.527405980765772e-05
1111 9.886126874785542e-05
1126 4.895306850942043e-05
1130 8.665197383001834e-05
1140 3.8493910507496085e-05
1216 4.5550455969092306e-05
1220 0.0001251273376474703
1234 2.8271279696782107e-05
1243 0.00012341728754011654
1257 0.00016508218077975113
1258 0.00015890538922556517
1306 4.5550455969092306e-05
1310 8.285279662389543e-05
1334 9.886126874785542e-05
1350 6.374802604546662e-05
1365 6.733409171295719e-05
1371 0.00011519040557349246
1374 9.920086195142229e-05
1391 6.491430390704548e-05
1418 6.424444555902466e-05
1438 0.00014071861357331354
1508 0.00011198624708459517
1510 0.00020908021320920737
1521 0.00011110817958998604
1540 0.00016007969731333051
1555 0.00015139340654708521
1610 9.590694438493474e-05
1629 0.00015447220461114937
1660 0.00021244233432427055
1671 7.64676023536449e-05
1673 0.00022883910672981793
1706 3.382257549850835e-05
1713 4.787143878550288e-05
1739 0.00015775871449691997
1834 0.00014849761844045535
1848 6.508321716976057e-05
1888 6.071628875522179e-05
1922 7.334292682143156e-06
1925 0.0002734912621014559
1967 0.00019268344080366
1969 0.00026261715830791277
1981 9.920086195142229e-05
2040 4.7398314413738584e-05
2044 0.00010536844412685977
2148 8.383730339089555e-05
2149 8.408656954820681e-05
2202 0.00021244233432427055
2212 0.00017695423263882194
2234 0.00016251677649793962
2266 0.0001347133110905388
2294 8.535239208071232e-05
2321 8.691610145495967e-05
2326 0.00011913044365880717
2341 8.744869066327002e-05
2371 8.858094887998e-06
2373 4.532432364915004e-05
2384 3.364472337590274e-05
2391 2.4157123570420575e-05
2392 0.0001281179340087181
2402 8.825864993225359e-05
2417 8.63892700805903e-05
2439 5.502814824397996e-05
2441 0.0001431761810607271
2445 0.00018825025618924418
2493 2.5565430128539482e-05
2563 2.4450245822639586e-05
2586 9.502842032885344e-06
2599 0.00012341728754011654
2600 0.00014849761844045535
2607 3.3290954653437934e-05
2651 0.00018825025618924418
2725 0.00010536844412685977
2728 0.00010939812948263226
2744 7.52017798211394e-05
2776 9.222735356398462e-05
2790 0.00011425323385392718
2830 8.285279662389543e-05
2832 0.0001196461249524729
2836 0.00019756065060853997
2894 0.00013130412920165632
2895 0.00030726931367955075
2955 4.7516165565500014e-05
2958 6.950834500520415e-05
2963 8.509658347491132e-05
2982 7.197869283035229e-05
2993 0.0002875104201589402
3120 0.00020298083458234552
3147 0.00012936752625714268
3149 7.541048004377448e-05
3150 7.604199766141655e-05
3226 8.164949036359771e-05
3228 4.566391685271689e-05
3229 4.669713069773751e-05
3230 4.692973938522239e-05
3295 0.00020019542348213994
3372 6.542281037332744e-05
3383 0.00010815385522706535
3409 8.458895984833521e-05
3507 9.134928606937549e-05
3513 6.056183085252843e-05
3545 6.071628875522179e-05
3562 0.00019756065060853997
3605 5.380470086849468e-05
3616 0.0002059351589452662
3627 6.491430390704548e-05
3628 7.733012801189119e-05
3654 6.663037655997976e-05
3657 4.716346370617082e-05
3707 0.00015663840245623315
3710 0.00017065756051371745
3743 3.233112827567267e-05
3766 5.131853189681648e-05
3769 0.0002537323685808453
3819 6.424444555902466e-05
3832 3.3290954653437934e-05
3835 0.00011811516886331826
3836 0.00030726931367955075
3875 3.285232498188492e-05
3882 0.00012016732165868515
3887 5.5861184383926875e-05
3902 0.00012122674224136485
3932 4.895306850942043e-05
3951 9.920086195142229e-05
3954 0.00010774605847492284
3961 0.0002059351589452662
3974 0.00010128967145643295
3991 0.0002734912621014559
3996 7.417147870601431e-05
4015 8.798716495431228e-05
4142 0.00020298083458234552
4203 0.00011614595437539213
4256 0.00020298083458234552
4267 0.00011519040557349246
4286 0.0001228603508781383
4287 0.0002462203859023654
4308 7.955569410086921e-05
4309 0.00022883910672981793
4329 3.676019862375966e-05
4332 8.117636599183342e-05
4336 0.00012571095453322076
4340 0.00012936752625714268
4375 7.541048004377448e-05
4381 4.3226837668107787e-05
4382 6.14960082295629e-05
4398 6.325661252824365e-05
4406 6.508321716976057e-05
4453 3.6854914742017664e-05
4457 0.00010058340652177312
4461 9.19329029551259e-05
4481 9.282164663063054e-05
4484 0.00012176521653240713
4495 3.207260550754382e-05
4513 9.19329029551259e-05
4519 0.00010128967145643295
4563 4.728074758348793e-05
4588 0.00016508218077975113
4652 4.476354154013861e-05
4658 8.334256383691721e-05
4670 7.541048004377448e-05
4699 3.676019862375966e-05
4703 0.00012069415303305452
4705 0.00014071861357331354
4706 0.0002537323685808453
4723 9.106007793564448e-05
4751 0.00010856509334268535
4754 0.00013542473142615584
4755 0.0001376235146469122
4797 9.988723143186235e-05
4801 0.0001347133110905388
4808 0.0001245506276326127
4834 1.7286007534181456e-05
4853 8.535239208071232e-05
4911 6.341986704442123e-05
4913 6.457822376461287e-05
4914 6.542281037332744e-05
4926 0.00010236864012694453
4927 0.00010236864012694453
4933 2.564069103539461e-05
4936 0.00019506105515172307
4972 4.681329625334851e-05
4974 0.00013263932032595027
5016 8.117636599183342e-05
5024 6.025437603138515e-05
5028 0.00018825025618924418
5031 6.913916575845257e-05
5044 0.00010058340652177312
5065 0.0001287387249198448
5177 6.196989942762013e-05
5182 0.00019756065060853997
5183 0.00020908021320920737
5194 0.00011712061541501202
5197 0.0001391464957049546
5211 0.00019506105515172307
5212 0.0002059351589452662
5222 2.3001954162320978e-05
5242 6.786862826996617e-05
5289 0.0001300045474523503
5294 9.68719546813797e-05
5320 0.00022419450561242282
5327 0.00014944388948364012
5346 0.0002059351589452662
5412 0.00010856509334268535
5434 7.159039254876493e-05
5439 8.024367862190805e-05
5440 8.586807337437805e-05
5442 0.00030726931367955075
5448 9.954283828468142e-05
5455 8.908229930004346e-05
5469 1.1433598200043818e-05
5484 0.00012936752625714268
5507 0.00019268344080366
5509 8.935997200289977e-05
5550 4.944160821510571e-05
5569 9.527405980765772e-05
5588 6.913916575845257e-05
5622 6.733409171295719e-05
5624 0.0001415241100530177
5636 0.00010310145735752775
5644 7.711306116076915e-05
5657 0.00018825025618924418
5658 0.0002875104201589402
5668 0.00023397347506023475
5687 2.724862948448243e-05
5691 8.383730339089555e-05
5702 3.9886331735258645e-05
5738 9.19329029551259e-05
5797 5.544288630052885e-05
5822 9.134928606937549e-05
5862 6.610917985376751e-05
5888 8.358930576913648e-05
5891 0.00010310145735752775
5892 0.00011712061541501202
5894 1.5848029138067838e-05
5896 1.6219082409210568e-05
5909 6.663037655997976e-05
5912 0.00010498321344481378
5934 5.434466680855229e-05
5938 5.91933076971794e-05
5940 0.00026261715830791277
5955 0.00016378259903044513
5984 3.088397517794058e-05
5988 7.044371782011974e-05
5994 0.00015890538922556517
6000 3.4631041686461846e-05
6018 0.0001431761810607271
6022 2.0770655001689466e-05
6064 0.00010498321344481378
6067 0.00016378259903044513
6069 0.0001786642827461757
6071 0.0002199543170027505
6084 7.843020694973282e-05
6087 0.00010236864012694453
6092 0.00014576429866269
6123 0.0002537323685808453
6133 0.00013614669170503938
6195 9.622649587425546e-05
6197 5.5304247721948624e-05
6199 0.0001251273376474703
6202 0.00013196715204843822
6215 0.00013614669170503938
6216 0.00026261715830791277
6227 0.00010536844412685977
6292 8.853165584237468e-05
6297 9.164022082905678e-05
6325 0.00015890538922556517
6328 9.920086195142229e-05
6366 0.0001251273376474703
6393 0.00014944388948364012
6394 0.0001677901789526326
6399 8.212725328354177e-05
6429 5.815485137703107e-05
6452 8.63892700805903e-05
6467 4.669713069773751e-05
6468 4.669713069773751e-05
6470 0.0001263016457352357
6475 8.691610145495967e-05
6490 2.724862948448243e-05
6497 0.0001664173719040451
6507 6.212889280683989e-05
6536 7.499396958083494e-05
6540 6.040786096929821e-05
6545 0.0001677901789526326
6546 0.0001786642827461757
6560 0.0001504088997800851
6568 3.9584588186023764e-05
6578 6.025437603138515e-05
6581 0.00017370426675739054
6586 5.24803957997587e-05
6587 0.00017215710736717137
6588 6.576478670658657e-05
6593 7.754816608258265e-05
6594 0.00016251677649793962
6595 7.66818067754729e-05
6605 0.00010200632301179658
6614 8.484211069037113e-05
6619 5.7716484755306535e-05
6620 0.0001281179340087181
6621 0.0001399262151792957
6622 0.00014576429866269
6638 9.282164663063054e-05
6667 0.00012069415303305452
6668 0.00017695423263882194
6675 5.7716484755306535e-05
6682 6.698096388147314e-05
6684 0.0001251273376474703
6686 0.00011333374567896404
6706 7.910237522724487e-05
6712 6.025437603138515e-05
6717 0.00017215710736717137
6748 0.00012016732165868515
6760 1.9892587507080337e-05
6789 4.7516165565500014e-05
6796 8.260974660633398e-05
6833 2.7093186202753706e-05
6857 0.00014665847838343454
6905 2.9805618738211806e-05
6908 8.935997200289977e-05
6929 5.904359505253569e-05
6980 0.00011379132113009053
6982 0.0001147195668623605
7087 0.0001376235146469122
7091 9.464928935894339e-05
7121 0.00016920278300425065
7139 6.196989942762013e-05
7174 7.256700694753944e-05
7178 3.714017269315804e-05
7219 0.00030726931367955075
7236 0.00010536844412685977
7237 0.00010536844412685977
7251 7.689695691525318e-05
7252 0.00018418695135817993
7286 0.00019756065060853997
7311 0.0001475693727081854
7346 8.070779096331723e-05
7373 7.27647006365303e-05
7374 0.00010498321344481378
7422 0.00013401212737453773
7435 0.00019041645403432799
7454 0.00014944388948364012
7482 2.5340342303404983e-05
7483 2.8590308184836374e-05
7491 0.0001147195668623605
7495 0.00021605372159664503
7503 3.173002815645075e-05
7507 0.00017370426675739054
7523 8.935997200289977e-05
7554 8.260974660633398e-05
7577 8.853165584237468e-05
7578 8.88061998220748e-05
7587 0.00013687950893562258
7590 0.0001239806629188251
7608 0.00015554326811050196
7614 0.00014665847838343454
7620 0.0001027336712532598
7627 7.887728740211037e-05
7648 0.0002875104201589402
7664 0.0001196461249524729
7677 6.988034244141115e-05
7678 8.260974660633398e-05
7679 8.260974660633398e-05
7694 6.804811807694473e-05
7695 0.00018617626542465564
7784 7.082295263288685e-05
7799 9.403242760948e-05
7808 4.7398314413738584e-05
7811 0.00021605372159664503
7818 2.996997446737178e-05
7836 6.424444555902466e-05
7866 5.91933076971794e-05
7890 9.233159952796689e-06
7893 5.131853189681648e-05
7904 6.056183085252843e-05
7938 4.907474504580058e-05
7940 0.0002537323685808453
7943 7.64676023536449e-05
7958 9.496067334174995e-05
7960 9.954283828468142e-05
7961 0.0001523982138465608
7981 6.950834500520415e-05
7987 7.843020694973282e-05
7995 9.134928606937549e-05
8009 2.7093186202753706e-05
8010 3.97855428110104e-05
8018 0.0001281179340087181
8054 2.9805618738211806e-05
8088 8.509658347491132e-05
8090 9.558947467904783e-05
8096 0.00013065000625947455
8099 0.00015447220461114937
8128 0.00013332088986277624
8137 8.63892700805903e-05
8144 1.8182537399726556e-05
8154 0.00018825025618924418
8170 0.00011425323385392718
8186 9.252359415714085e-05
8204 5.1064059112276297e-05
8346 0.0001399262151792957
8347 0.00030726931367955075
8349 4.919672615455441e-05
8367 0.0001786642827461757
8378 0.00020019542348213994
8437 8.433711728522342e-05
8442 8.001326955199571e-05
8444 5.815485137703107e-05
8489 0.00013837905578907654
8513 4.3335009582674306e-05
8516 8.024367862190805e-05
8539 7.955569410086921e-05
8543 0.0002462203859023654
8590 0.00013614669170503938
8591 0.00011761535496899039
8600 8.383730339089555e-05
8618 0.00021244233432427055
8624 0.0001677901789526326
8626 0.0001263016457352357
8629 0.0002462203859023654
8630 0.0001275049519955334
8639 3.69498153124238e-05
8646 0.00023397347506023475
8666 0.0001128804268053397
8678 4.409901177660094e-05
8717 9.106007793564448e-05
8718 9.403242760948e-05
8722 7.217400943451535e-05
8723 0.00010498321344481378
8763 6.542281037332744e-05
8764 0.0001287387249198448
8765 0.00015663840245623315
8813 4.431951634967444e-05
8814 9.988723143186235e-05
8841 0.0001275049519955334
8842 0.00016378259903044513
8890 0.00010058340652177312
8891 0.00010058340652177312
8892 0.00010384546306881737
