249
68 3.241760820520544e-05
82 8.334256383691721e-05
130 0.00011862016226846598
138 5.5304247721948624e-05
140 0.00021244233432427055
145 5.786216925096193e-05
146 0.000101646679848061
158 1.722259642893919e-05
160 3.6009024944890365e-05
225 4.311890533715833e-05
232 0.0001245506276326127
243 6.309390310328486e-05
278 5.558192042480493e-05
283 0.00014488623116808087
430 2.1595466130645556e-05
436 6.181142310095298e-05
463 2.104404381130732e-05
473 4.858985121920245e-05
496 0.00015447220461114937
497 0.0002462203859023654
521 6.165346047478709e-05
605 0.0001677901789526326
821 0.00011243128604527755
871 0.0002199543170027505
913 0.00015139340654708521
974 0.00016508218077975113
975 0.00014488623116808087
1096 6.950834500520415e-05
1140 3.8493910507496085e-05
1169 0.00020298083458234552
1414 0.0002734912621014559
1418 6.424444555902466e-05
1420 0.00017695423263882194
1427 0.0001804365299615294
1461 0.00014488623116808087
1469 6.358367031630664e-05
1548 0.0001753021616311125
1566 0.00016920278300425065
1674 0.00014944388948364012
1675 0.00030726931367955075
1746 0.00018418695135817993
1777 4.871062309639001e-05
1780 0.00016128300357362823
1872 0.00017695423263882194
1881 8.408656954820681e-05
1882 9.496067334174995e-05
1922 7.334292682143156e-06
1929 4.2158123180710165e-05
1931 7.754816608258265e-05
1983 0.0002875104201589402
2004 7.217400943451535e-05
2009 0.00012176521653240713
2010 0.00020908021320920737
2076 7.66818067754729e-05
2083 0.00010422176939821458
2085 0.0001147195668623605
2247 0.00019506105515172307
2266 0.0001347133110905388
2294 8.535239208071232e-05
2371 8.858094887998e-06
2384 3.364472337590274e-05
2389 8.070779096331723e-05
2396 0.00030726931367955075
2466 0.00010939812948263226
2493 2.5565430128539482e-05
2559 7.604199766141655e-05
2563 2.4450245822639586e-05
2571 6.593667904531496e-05
2586 9.502842032885344e-06
2590 8.771718405598661e-05
2599 0.00012341728754011654
2600 0.00014849761844045535
2607 3.3290954653437934e-05
2612 8.001326955199571e-05
2638 0.00012176521653240713
2639 0.0001504088997800851
2685 7.754816608258265e-05
2694 0.00021244233432427055
2772 0.00011067500849334801
2773 0.00011067500849334801
2796 0.00022883910672981793
2903 8.718166847460814e-05
2905 0.0002875104201589402
2906 0.00030726931367955075
2920 0.0001399262151792957
2922 0.00015663840245623315
2976 5.461691012835996e-05
3042 0.0001287387249198448
3050 5.1064059112276297e-05
3168 0.0001275049519955334
3169 0.0001391464957049546
3212 7.356359438910525e-05
3450 0.00011198624708459517
3507 9.134928606937549e-05
3519 8.586807337437805e-05
3572 5.234992335902794e-05
3600 0.0001002340757964429
3641 0.0001228603508781383
3654 6.663037655997976e-05
3719 2.489326185102742e-05
3743 3.233112827567267e-05
3746 1.903006184883404e-05
3832 3.3290954653437934e-05
3872 9.164022082905678e-05
3875 3.285232498188492e-05
3884 8.433711728522342e-05
3932 4.895306850942043e-05
3943 7.689695691525318e-05
3969 6.0101372993599195e-05
3970 6.663037655997976e-05
3977 0.0001128804268053397
4143 0.0001376235146469122
4144 0.00013837905578907654
4189 4.981125419104163e-05
4402 6.950834500520415e-05
4431 0.00013196715204843822
4444 0.00014665847838343454
4467 5.5861184383926875e-05
4486 0.00012571095453322076
4495 3.207260550754382e-05
4502 6.424444555902466e-05
4530 0.00017065756051371745
4546 7.625433537211054e-05
4563 4.728074758348793e-05
4564 0.0001664173719040451
4577 3.9085797470059324e-05
4676 1.811794967986411e-05
4699 3.676019862375966e-05
4723 9.106007793564448e-05
4724 0.00016128300357362823
4787 0.00030726931367955075
4834 1.7286007534181456e-05
4853 8.535239208071232e-05
4878 6.969398876306011e-05
4885 0.0001027336712532598
4911 6.341986704442123e-05
4913 6.457822376461287e-05
4914 6.542281037332744e-05
4933 2.564069103539461e-05
4972 4.681329625334851e-05
5044 0.00010058340652177312
5171 7.52017798211394e-05
5222 2.3001954162320978e-05
5228 4.931901336427842e-05
5327 0.00014944388948364012
5379 2.541525611908456e-05
5380 3.8298201700263376e-05
5412 0.00010856509334268535
5434 7.159039254876493e-05
5464 0.00020019542348213994
5469 1.1433598200043818e-05
5550 4.944160821510571e-05
5580 0.0001431761810607271
5581 0.00014488623116808087
5582 0.0001475693727081854
5674 0.00010236864012694453
5687 2.724862948448243e-05
5699 8.260974660633398e-05
5700 0.00010575674440844711
5701 0.00010575674440844711
5715 0.00030726931367955075
5797 5.544288630052885e-05
5858 6.663037655997976e-05
5894 1.5848029138067838e-05
5896 1.6219082409210568e-05
5931 0.00014665847838343454
5934 5.434466680855229e-05
5938 5.91933076971794e-05
5988 7.044371782011974e-05
6022 2.0770655001689466e-05
6023 0.00016251677649793962
6028 0.0002734912621014559
6215 0.00013614669170503938
6218 9.464928935894339e-05
6227 0.00010536844412685977
6229 7.458098891001271e-05
6372 0.0001523982138465608
6467 4.669713069773751e-05
6468 4.669713069773751e-05
6507 6.212889280683989e-05
6558 0.00016128300357362823
6568 3.9584588186023764e-05
6589 5.9343481706634316e-05
6595 7.66818067754729e-05
6596 0.00015890538922556517
6602 0.0001300045474523503
6667 0.00012069415303305452
6689 7.376538112671329e-05
6760 1.9892587507080337e-05
6762 7.139739654402146e-05
6763 7.27647006365303e-05
6833 2.7093186202753706e-05
6848 0.00012122674224136485
6873 0.00020298083458234552
6905 2.9805618738211806e-05
6919 7.3968006896828e-05
6920 9.403242760948e-05
7042 0.00017065756051371745
7067 3.508605365233e-05
7178 3.714017269315804e-05
7180 0.0001275049519955334
7344 8.96392359620217e-05
7345 0.00011425323385392718
7392 5.274239335290522e-05
7396 0.0002734912621014559
7406 6.698096388147314e-05
7408 8.691610145495967e-05
7503 3.173002815645075e-05
7671 9.134928606937549e-05
7675 0.00017215710736717137
7697 0.00021605372159664503
7784 7.082295263288685e-05
7792 0.000101646679848061
7799 9.403242760948e-05
7818 2.996997446737178e-05
7890 9.233159952796689e-06
7891 6.932340577943291e-05
7892 0.0001002340757964429
7893 5.131853189681648e-05
7894 6.374802604546662e-05
7902 7.376538112671329e-05
7903 8.141235399539764e-05
7938 4.907474504580058e-05
8016 3.6571316885345003e-05
8017 0.00012122674224136485
8031 5.5721352358276173e-05
8032 6.056183085252843e-05
8054 2.9805618738211806e-05
8346 0.0001399262151792957
8378 0.00020019542348213994
8447 4.100899018649567e-05
8503 7.256700694753944e-05
8520 5.874554257904601e-05
8521 6.610917985376751e-05
8559 0.00011379132113009053
8630 0.0001275049519955334
8661 7.843020694973282e-05
8663 8.001326955199571e-05
8678 4.409901177660094e-05
8722 7.217400943451535e-05
8756 9.372690041743856e-05
8757 9.818910047034337e-05
8763 6.542281037332744e-05
8764 0.0001287387249198448
8765 0.00015663840245623315
8813 4.431951634967444e-05
8871 7.025520142447097e-05
8872 0.00010422176939821458
8873 0.00013614669170503938
