125
82 8.334256383691721e-05
158 1.722259642893919e-05
160 3.6009024944890365e-05
161 8.88061998220748e-05
276 4.8109734749355606e-05
277 5.502814824397996e-05
318 9.719791862251607e-05
401 0.00010939812948263226
443 5.859719717528758e-05
446 0.00010058340652177312
494 0.00010815385522706535
509 1.4811799641107606e-05
511 4.409901177660094e-05
521 6.165346047478709e-05
561 0.0002462203859023654
645 6.341986704442123e-05
647 0.00017215710736717137
648 0.00018227567001855016
649 0.00018617626542465564
688 0.00017695423263882194
765 7.499396958083494e-05
768 0.00022883910672981793
828 0.00022419450561242282
841 0.00014576429866269
872 6.593667904531496e-05
974 0.00016508218077975113
975 0.00014488623116808087
1140 3.8493910507496085e-05
1164 8.408656954820681e-05
1165 8.433711728522342e-05
1374 9.920086195142229e-05
1469 6.358367031630664e-05
1922 7.334292682143156e-06
1929 4.2158123180710165e-05
1941 8.024367862190805e-05
1984 0.00010734164596720007
2076 7.66818067754729e-05
2118 6.715720793434914e-05
2148 8.383730339089555e-05
2149 8.408656954820681e-05
2391 2.4157123570420575e-05
2466 0.00010939812948263226
2493 2.5565430128539482e-05
2563 2.4450245822639586e-05
2564 4.692973938522239e-05
2582 7.458098891001271e-05
2586 9.502842032885344e-06
2607 3.3290954653437934e-05
2612 8.001326955199571e-05
2618 4.846937791309118e-05
2685 7.754816608258265e-05
2797 0.00010347204034115494
2955 4.7516165565500014e-05
3307 8.408656954820681e-05
3511 0.00016007969731333051
3545 6.071628875522179e-05
3576 5.3536945098705395e-05
3600 0.0001002340757964429
3625 0.0001431761810607271
3719 2.489326185102742e-05
3746 1.903006184883404e-05
3996 7.417147870601431e-05
3997 0.0001347133110905388
4002 0.0001263016457352357
4003 0.0001300045474523503
4220 4.3879500470736716e-05
4247 4.846937791309118e-05
4250 8.612797493712278e-05
4308 7.955569410086921e-05
4314 3.1644758795232604e-05
4431 0.00013196715204843822
4834 1.7286007534181456e-05
4839 3.088397517794058e-05
4846 4.681329625334851e-05
5052 0.00020908021320920737
5469 1.1433598200043818e-05
5547 0.00017695423263882194
5580 0.0001431761810607271
5581 0.00014488623116808087
5582 0.0001475693727081854
5810 5.261121850249547e-05
5821 0.0002875104201589402
5862 6.610917985376751e-05
5865 0.0001196461249524729
5894 1.5848029138067838e-05
5896 1.6219082409210568e-05
5998 0.00014488623116808087
5999 0.0001804365299615294
6000 3.4631041686461846e-05
6467 4.669713069773751e-05
6468 4.669713069773751e-05
6506 8.88061998220748e-05
6540 6.040786096929821e-05
6568 3.9584588186023764e-05
6569 4.981125419104163e-05
6595 7.66818067754729e-05
6602 0.0001300045474523503
6689 7.376538112671329e-05
6760 1.9892587507080337e-05
6762 7.139739654402146e-05
6763 7.27647006365303e-05
6905 2.9805618738211806e-05
6908 8.935997200289977e-05
6934 0.00010200632301179658
7003 8.771718405598661e-05
7008 0.0002059351589452662
7067 3.508605365233e-05
7073 5.516600244482883e-05
7211 0.00010498321344481378
7482 2.5340342303404983e-05
7483 2.8590308184836374e-05
7503 3.173002815645075e-05
7852 0.00015447220461114937
7890 9.233159952796689e-06
8016 3.6571316885345003e-05
8017 0.00012122674224136485
8045 0.0001263016457352357
8349 4.919672615455441e-05
8355 0.00016378259903044513
8426 0.00015663840245623315
8447 4.100899018649567e-05
8501 0.00019268344080366
8503 7.256700694753944e-05
8871 7.025520142447097e-05
8873 0.00013614669170503938
