372
15 6.0101372993599195e-05
49 0.00017065756051371745
58 3.9886331735258645e-05
61 0.00030726931367955075
68 3.241760820520544e-05
70 0.00011566583790554528
71 0.00019756065060853997
102 0.00013687950893562258
138 5.5304247721948624e-05
145 5.786216925096193e-05
146 0.000101646679848061
158 1.722259642893919e-05
160 3.6009024944890365e-05
243 6.309390310328486e-05
245 0.00013196715204843822
250 0.00016251677649793962
266 0.00030726931367955075
341 0.0002462203859023654
380 0.0001423431449207802
384 0.00016920278300425065
412 6.391293797104737e-05
413 7.562007790453742e-05
463 2.104404381130732e-05
494 0.00010815385522706535
509 1.4811799641107606e-05
532 0.0002059351589452662
535 8.236790279729728e-05
537 0.00017215710736717137
597 0.00011198624708459517
621 0.00011110817958998604
624 0.0001300045474523503
626 0.00013263932032595027
632 6.4078409870285e-05
633 0.00010058340652177312
695 0.00011519040557349246
722 0.00011663084820199027
723 6.212889280683989e-05
726 6.4078409870285e-05
751 0.00011614595437539213
753 9.752607762356147e-05
757 0.00010815385522706535
765 7.499396958083494e-05
773 0.00011110817958998604
861 7.316251041712385e-05
990 0.00010939812948263226
1054 0.00019506105515172307
1096 6.950834500520415e-05
1126 4.895306850942043e-05
1135 0.00010774605847492284
1139 0.0001415241100530177
1177 0.00010347204034115494
1226 0.00011110817958998604
1234 2.8271279696782107e-05
1254 8.96392359620217e-05
1290 0.0001664173719040451
1350 6.374802604546662e-05
1365 6.733409171295719e-05
1476 0.00018825025618924418
1521 0.00011110817958998604
1539 0.00011198624708459517
1560 0.00023971321052336105
1628 0.00016378259903044513
1638 7.33626397641186e-05
1641 7.583058115843726e-05
1671 7.64676023536449e-05
1719 0.0001504088997800851
1777 4.871062309639001e-05
1785 0.00010734164596720007
1798 0.00010498321344481378
1800 0.00011333374567896404
1824 0.0001804365299615294
1888 6.071628875522179e-05
1929 4.2158123180710165e-05
2025 0.00012571095453322076
2026 8.535239208071232e-05
2040 4.7398314413738584e-05
2044 0.00010536844412685977
2118 6.715720793434914e-05
2294 8.535239208071232e-05
2295 0.00019756065060853997
2304 0.00016920278300425065
2308 0.00030726931367955075
2316 0.00012341728754011654
2321 8.691610145495967e-05
2326 0.00011913044365880717
2333 0.00015890538922556517
2334 0.0002537323685808453
2335 0.00030726931367955075
2336 0.00030726931367955075
2371 8.858094887998e-06
2391 2.4157123570420575e-05
2395 0.00017695423263882194
2402 8.825864993225359e-05
2417 8.63892700805903e-05
2418 0.00023971321052336105
2439 5.502814824397996e-05
2475 0.00015447220461114937
2492 0.00017065756051371745
2493 2.5565430128539482e-05
2530 0.0002462203859023654
2559 7.604199766141655e-05
2586 9.502842032885344e-06
2587 0.00014944388948364012
2589 0.0001228603508781383
2607 3.3290954653437934e-05
2616 0.00019506105515172307
2625 0.00016251677649793962
2678 0.0001664173719040451
2783 8.718166847460814e-05
2785 0.00010856509334268535
2807 0.00019506105515172307
2808 0.00023971321052336105
2843 7.33626397641186e-05
2855 0.00030726931367955075
2955 4.7516165565500014e-05
2976 5.461691012835996e-05
2982 7.197869283035229e-05
3031 8.691610145495967e-05
3033 0.0001415241100530177
3034 0.00016128300357362823
3047 0.0001786642827461757
3064 0.00016128300357362823
3097 0.00012230970742046953
3104 0.00010939812948263226
3110 0.00030726931367955075
3113 6.165346047478709e-05
3149 7.541048004377448e-05
3150 7.604199766141655e-05
3212 7.356359438910525e-05
3214 8.001326955199571e-05
3228 4.566391685271689e-05
3229 4.669713069773751e-05
3230 4.692973938522239e-05
3231 0.00021605372159664503
3307 8.408656954820681e-05
3308 0.00012571095453322076
3395 7.541048004377448e-05
3409 8.458895984833521e-05
3413 8.001326955199571e-05
3414 9.852402568908913e-05
3458 0.0002875104201589402
3478 7.865323446718271e-05
3513 6.056183085252843e-05
3517 0.0001523982138465608
3519 8.586807337437805e-05
3572 5.234992335902794e-05
3576 5.3536945098705395e-05
3682 0.0001239806629188251
3719 2.489326185102742e-05
3724 5.7716484755306535e-05
3729 0.00012936752625714268
3731 5.3138049876864844e-05
3766 5.131853189681648e-05
3786 0.00010058340652177312
3832 3.3290954653437934e-05
3835 0.00011811516886331826
3875 3.285232498188492e-05
3905 0.0002199543170027505
3928 0.00014944388948364012
3973 0.00018227567001855016
3985 0.00030726931367955075
4108 9.654815662959692e-05
4215 0.0001504088997800851
4247 4.846937791309118e-05
4290 5.656642719180506e-05
4291 7.843020694973282e-05
4301 0.00011154523568104574
4375 7.541048004377448e-05
4384 0.0001753021616311125
4385 0.0002059351589452662
4432 6.4078409870285e-05
4453 3.6854914742017664e-05
4467 5.5861184383926875e-05
4492 6.969398876306011e-05
4493 0.00017695423263882194
4495 3.207260550754382e-05
4496 0.0002059351589452662
4497 0.00030726931367955075
4513 9.19329029551259e-05
4533 5.685140711216779e-05
4563 4.728074758348793e-05
4567 6.341986704442123e-05
4618 0.0002875104201589402
4652 4.476354154013861e-05
4654 0.0001523982138465608
4676 1.811794967986411e-05
4699 3.676019862375966e-05
4703 0.00012069415303305452
4705 0.00014071861357331354
4759 5.0810908270240366e-05
4762 0.0001399262151792957
4834 1.7286007534181456e-05
4839 3.088397517794058e-05
4851 0.0001399262151792957
4852 0.00015663840245623315
4853 8.535239208071232e-05
4854 0.00016920278300425065
4856 0.0002875104201589402
4926 0.00010236864012694453
4927 0.00010236864012694453
4933 2.564069103539461e-05
4935 0.00011862016226846598
4942 6.804811807694473e-05
5024 6.025437603138515e-05
5031 6.913916575845257e-05
5121 0.00021244233432427055
5122 0.00030726931367955075
5192 8.001326955199571e-05
5222 2.3001954162320978e-05
5237 0.0001786642827461757
5254 5.9796800580258657e-05
5277 0.00030726931367955075
5334 9.719791862251607e-05
5335 9.852402568908913e-05
5360 0.00014488623116808087
5361 0.00015447220461114937
5427 3.490353872923123e-05
5462 0.00010654275221462514
5469 1.1433598200043818e-05
5481 6.576478670658657e-05
5504 0.00026261715830791277
5550 4.944160821510571e-05
5588 6.913916575845257e-05
5602 0.00018825025618924418
5636 0.00010310145735752775
5676 9.312153328472917e-05
5687 2.724862948448243e-05
5691 8.383730339089555e-05
5702 3.9886331735258645e-05
5713 0.0001786642827461757
5738 9.19329029551259e-05
5739 0.0001281179340087181
5740 0.00015447220461114937
5770 0.00013263932032595027
5806 7.910237522724487e-05
5808 0.00011913044365880717
5822 9.134928606937549e-05
5834 6.804811807694473e-05
5868 7.256700694753944e-05
5872 0.00013130412920165632
5894 1.5848029138067838e-05
5896 1.6219082409210568e-05
5909 6.663037655997976e-05
5932 0.00015663840245623315
5934 5.434466680855229e-05
5938 5.91933076971794e-05
5982 0.0001376235146469122
5984 3.088397517794058e-05
5985 7.52017798211394e-05
5987 7.798719092134497e-05
5994 0.00015890538922556517
6022 2.0770655001689466e-05
6053 0.00018227567001855016
6084 7.843020694973282e-05
6087 0.00010236864012694453
6099 0.0002059351589452662
6197 5.5304247721948624e-05
6202 0.00013196715204843822
6211 7.356359438910525e-05
6215 0.00013614669170503938
6227 0.00010536844412685977
6242 3.105201474962982e-05
6249 0.00010897983139923425
6264 4.7398314413738584e-05
6277 0.00011067500849334801
6292 8.853165584237468e-05
6302 8.509658347491132e-05
6306 0.00011425323385392718
6345 0.0001251273376474703
6386 0.00013837905578907654
6470 0.0001263016457352357
6487 0.00012936752625714268
6490 2.724862948448243e-05
6491 7.604199766141655e-05
6540 6.040786096929821e-05
6553 0.00016508218077975113
6572 0.00011614595437539213
6586 5.24803957997587e-05
6588 6.576478670658657e-05
6633 0.00011811516886331826
6674 0.00030726931367955075
6675 5.7716484755306535e-05
6679 9.527405980765772e-05
6680 9.558947467904783e-05
6687 6.196989942762013e-05
6704 0.00010694056199521868
6730 0.00013065000625947455
6757 0.0001287387249198448
6760 1.9892587507080337e-05
6833 2.7093186202753706e-05
6934 0.00010200632301179658
6960 3.259102983841739e-05
6972 6.133906307779394e-05
6978 0.00013687950893562258
6980 0.00011379132113009053
6982 0.0001147195668623605
6983 0.00013263932032595027
6992 4.787143878550288e-05
6999 6.309390310328486e-05
7165 6.628229345501092e-05
7167 0.00011243128604527755
7178 3.714017269315804e-05
7236 0.00010536844412685977
7237 0.00010536844412685977
7289 0.00013542473142615584
7341 0.00014071861357331354
7369 9.372690041743856e-05
7392 5.274239335290522e-05
7444 9.886126874785542e-05
7447 0.00012176521653240713
7454 0.00014944388948364012
7476 8.117636599183342e-05
7480 9.252359415714085e-05
7503 3.173002815645075e-05
7520 9.558947467904783e-05
7521 0.0002462203859023654
7552 0.000126899584862824
7554 8.260974660633398e-05
7625 0.00019506105515172307
7694 6.804811807694473e-05
7701 0.00011425323385392718
7775 0.00010536844412685977
7784 7.082295263288685e-05
7799 9.403242760948e-05
7816 0.00014071861357331354
7818 2.996997446737178e-05
7866 5.91933076971794e-05
7877 8.853165584237468e-05
7890 9.233159952796689e-06
7904 6.056183085252843e-05
7938 4.907474504580058e-05
7942 9.134928606937549e-05
7981 6.950834500520415e-05
8009 2.7093186202753706e-05
8016 3.6571316885345003e-05
8028 0.00019268344080366
8084 0.00011333374567896404
8088 8.509658347491132e-05
8090 9.558947467904783e-05
8103 0.00014576429866269
8128 0.00013332088986277624
8144 1.8182537399726556e-05
8166 0.0001376235146469122
8245 0.0002734912621014559
8342 0.00016251677649793962
8343 0.0002199543170027505
8444 5.815485137703107e-05
8474 8.408656954820681e-05
8513 4.3335009582674306e-05
8522 0.0001523982138465608
8523 0.00016007969731333051
8589 0.0001677901789526326
8600 8.383730339089555e-05
8603 0.0001376235146469122
8695 4.476354154013861e-05
8696 4.787143878550288e-05
8746 0.00011811516886331826
8811 0.00011913044365880717
8818 7.139739654402146e-05
8819 7.139739654402146e-05
8834 0.0001391464957049546
8835 0.0002875104201589402
8861 0.00015775871449691997
8866 3.8493910507496085e-05
8882 0.0001147195668623605
8883 0.00011519040557349246
8884 0.00019506105515172307
8887 0.00020908021320920737
8890 0.00010058340652177312
8891 0.00010058340652177312
8892 0.00010384546306881737
8893 0.00020908021320920737
