132
15 0.0025384996972462374
82 0.007040274207721385
91 0.013231862016018482
128 0.009125453871418486
134 0.005812799822432615
141 0.005309649416114045
459 0.0037163109671698156
490 0.006436838302372275
513 0.008138364096882551
596 0.00845564746006081
780 0.005750423300830857
872 0.005569930650728408
969 0.004450443478950589
1014 0.014948020106892713
1126 0.015558996308095732
1242 0.00521277187941952
1430 0.007086948221923515
1468 0.016113488242433877
1499 0.004354692833982404
1516 0.003846101490817363
1538 0.004729959402928494
1542 0.007028965016155688
1572 0.005689881651369109
1609 0.004050818428239519
1660 0.008238787315223489
1772 0.016934333336453063
1777 0.005437533253486525
1881 0.016043403238325604
1921 0.0003097782766979138
1935 0.004656442027676136
2075 0.009716420786488357
2230 0.009125453871418486
2238 0.010569998418144603
2242 0.007698771427513361
2252 0.006480171854219999
2270 0.006711681652977425
2299 0.004656442027676136
2325 0.005031708596622225
2357 0.0076210917299391
2505 0.0061195549391940135
2619 0.004370345135167644
2635 0.006972570592934323
2666 0.010591676203998259
2674 0.004516844969200896
2715 0.01287367660474455
2717 0.003750904515707728
2771 0.004674576662050794
2824 0.009811305643540234
2873 0.008698076476399112
2896 0.01126214000433234
2908 0.007951119825395944
2944 0.0050534894103148745
3010 0.009882329903965934
3050 0.010023133194671179
3054 0.009665469759128614
3117 0.008698076476399112
3277 0.007404231585101776
3332 0.006761280864722283
3342 0.004905652821770117
3458 0.0060121426897345644
3464 0.002437769251844985
3512 0.005115896081115956
3521 0.02075304060510891
3599 0.004233583334113266
3680 0.016312599760459574
3786 0.004248338004369868
4121 0.006711681652977425
4192 0.008042613451914364
4248 0.0020471995069263915
4333 0.0034286434773422724
4382 0.001825770508522164
4403 0.0029358216620207554
4433 0.0027064776718672035
4458 0.004248338004369868
4461 0.005010155858467151
4567 0.004091577536115905
4653 0.0018906762189844326
4798 0.0042189336801931624
4974 0.006156641846833618
5168 0.009469295895819489
5172 0.022234065556217823
5223 0.0009715327748559458
5229 0.002083085531291229
5291 0.005750423300830857
5362 0.013048874762981642
5702 0.008933688210123988
5732 0.005977549141196653
5866 0.0050534894103148745
5897 0.0006850448456440027
5912 0.0031587778019243153
5939 0.0025001457734467433
6309 0.006436838302372275
6338 0.006761280864722283
6402 0.008344362645608096
6444 0.005385422427413239
6459 0.032848379274900315
6482 0.0054640919147092674
6508 0.002624135984334394
6513 0.0060473276095412325
6537 0.006335035610468256
6626 0.004988826468767262
6761 0.008402025585928907
6821 0.008698076476399112
6834 0.0011443340068196257
6849 0.010240499780616528
6973 0.0025907759722715623
7024 0.012143568077992772
7074 0.030290579996436442
7263 0.023338494462143596
7328 0.00496771584589404
7409 0.007342144987361144
7448 0.00514299341107494
7472 0.008238787315223489
7610 0.015902239650791888
7644 0.008344362645608096
7718 0.007698771427513361
7840 0.008966752929041727
7904 0.006877221789639657
8021 0.007146612332388066
8089 0.007188443146240849
8448 0.008660476790095956
8458 0.006917680201702972
8520 0.0061195549391940135
8639 0.002741783300566774
8671 0.009000085381390894
8679 0.0018626084974079032
8697 0.002021944371831288
8814 0.003743843883490982
8846 0.0060473276095412325
8867 0.0016258660210559483
8872 0.0029673666118241013
8884 0.004865293338724952
