717
8 0.0001475693727081854
9 0.00022419450561242282
15 6.0101372993599195e-05
17 0.00012016732165868515
29 0.00021244233432427055
31 0.0002875104201589402
35 0.00015139340654708521
56 0.0001027336712532598
58 3.9886331735258645e-05
68 3.241760820520544e-05
70 0.00011566583790554528
82 8.334256383691721e-05
91 0.00015663840245623315
130 0.00011862016226846598
131 0.00015139340654708521
138 5.5304247721948624e-05
145 5.786216925096193e-05
146 0.000101646679848061
158 1.722259642893919e-05
160 3.6009024944890365e-05
161 8.88061998220748e-05
163 4.4209139343250144e-05
183 0.00022419450561242282
189 0.0002875104201589402
216 0.00013837905578907654
217 0.0001399262151792957
276 4.8109734749355606e-05
277 5.502814824397996e-05
290 5.516600244482883e-05
304 0.00021605372159664503
318 9.719791862251607e-05
328 5.502814824397996e-05
330 6.358367031630664e-05
338 0.0001391464957049546
344 9.164022082905678e-05
358 0.00026261715830791277
363 0.0002734912621014559
371 9.818910047034337e-05
375 8.334256383691721e-05
401 0.00010939812948263226
404 0.00011913044365880717
405 0.00011913044365880717
412 6.391293797104737e-05
413 7.562007790453742e-05
418 0.0002059351589452662
419 0.00022419450561242282
420 0.0002734912621014559
423 8.63892700805903e-05
430 2.1595466130645556e-05
436 6.181142310095298e-05
443 5.859719717528758e-05
446 0.00010058340652177312
449 6.628229345501092e-05
459 8.798716495431228e-05
463 2.104404381130732e-05
466 0.00013401212737453773
473 4.858985121920245e-05
480 6.877276232176413e-05
486 0.00019268344080366
494 0.00010815385522706535
509 1.4811799641107606e-05
511 4.409901177660094e-05
521 6.165346047478709e-05
524 0.00013837905578907654
549 6.786862826996617e-05
551 0.0001431761810607271
553 0.00018617626542465564
554 0.00019756065060853997
561 0.0002462203859023654
575 8.825864993225359e-05
579 0.00023971321052336105
596 0.00020019542348213994
597 0.00011198624708459517
605 0.0001677901789526326
614 0.00026261715830791277
632 6.4078409870285e-05
645 6.341986704442123e-05
653 0.00015775871449691997
659 0.0001263016457352357
660 0.0001677901789526326
668 8.63892700805903e-05
723 6.212889280683989e-05
726 6.4078409870285e-05
765 7.499396958083494e-05
779 0.00013401212737453773
780 0.00013614669170503938
783 0.00021605372159664503
785 9.134928606937549e-05
821 0.00011243128604527755
829 0.00015890538922556517
837 0.0001128804268053397
838 0.00011614595437539213
841 0.00014576429866269
844 0.00023397347506023475
849 0.00014576429866269
855 9.464928935894339e-05
858 0.00010815385522706535
861 7.316251041712385e-05
872 6.593667904531496e-05
878 0.0001440237055098346
891 5.757123449128065e-05
911 0.00017065756051371745
913 0.00015139340654708521
969 0.00010536844412685977
974 0.00016508218077975113
975 0.00014488623116808087
1035 0.00015663840245623315
1057 9.988723143186235e-05
1102 8.285279662389543e-05
1126 4.895306850942043e-05
1130 8.665197383001834e-05
1140 3.8493910507496085e-05
1148 0.0002199543170027505
1164 8.408656954820681e-05
1165 8.433711728522342e-05
1176 0.0002059351589452662
1212 0.0002462203859023654
1216 4.5550455969092306e-05
1223 0.00014849761844045535
1234 2.8271279696782107e-05
1256 0.00020019542348213994
1260 0.00017215710736717137
1262 0.0002462203859023654
1286 0.00023971321052336105
1306 4.5550455969092306e-05
1310 8.285279662389543e-05
1365 6.733409171295719e-05
1374 9.920086195142229e-05
1380 0.00015890538922556517
1381 0.00014665847838343454
1412 6.804811807694473e-05
1418 6.424444555902466e-05
1423 0.00015447220461114937
1427 0.0001804365299615294
1431 0.0001677901789526326
1440 0.00010815385522706535
1469 6.358367031630664e-05
1476 0.00018825025618924418
1497 6.663037655997976e-05
1504 0.0001239806629188251
1517 9.106007793564448e-05
1521 0.00011110817958998604
1568 0.00018617626542465564
1569 9.920086195142229e-05
1571 0.00030726931367955075
1594 0.000126899584862824
1613 0.00019268344080366
1629 0.00015447220461114937
1638 7.33626397641186e-05
1641 7.583058115843726e-05
1706 3.382257549850835e-05
1707 0.00015554326811050196
1713 4.787143878550288e-05
1745 0.00021605372159664503
1764 0.00015890538922556517
1773 0.0001002340757964429
1777 4.871062309639001e-05
1780 0.00016128300357362823
1798 0.00010498321344481378
1870 0.0002875104201589402
1901 0.00011243128604527755
1902 0.00019041645403432799
1903 0.0002462203859023654
1922 7.334292682143156e-06
1929 4.2158123180710165e-05
1931 7.754816608258265e-05
1932 0.0001275049519955334
1941 8.024367862190805e-05
1970 0.00012122674224136485
1973 0.0001275049519955334
1976 0.0002537323685808453
2029 0.00012122674224136485
2030 0.0001228603508781383
2042 8.383730339089555e-05
2061 0.0001677901789526326
2076 7.66818067754729e-05
2083 0.00010422176939821458
2085 0.0001147195668623605
2099 0.0002734912621014559
2118 6.715720793434914e-05
2144 0.0001263016457352357
2146 0.0001347133110905388
2207 0.00017370426675739054
2238 0.00011913044365880717
2239 0.0001251273376474703
2247 0.00019506105515172307
2259 0.00016378259903044513
2294 8.535239208071232e-05
2299 0.00010982004923951138
2300 0.00011024565393173974
2313 0.00021244233432427055
2319 0.0001228603508781383
2320 0.00014665847838343454
2344 0.0002199543170027505
2358 0.0001804365299615294
2361 0.00022419450561242282
2371 8.858094887998e-06
2384 3.364472337590274e-05
2389 8.070779096331723e-05
2391 2.4157123570420575e-05
2421 0.00015447220461114937
2422 0.00017370426675739054
2448 8.825864993225359e-05
2455 0.00010128967145643295
2460 0.00021244233432427055
2463 0.00017370426675739054
2466 0.00010939812948263226
2476 0.00023971321052336105
2493 2.5565430128539482e-05
2516 0.00021244233432427055
2550 5.3403616896513294e-05
2557 0.00012230970742046953
2559 7.604199766141655e-05
2563 2.4450245822639586e-05
2564 4.692973938522239e-05
2571 6.593667904531496e-05
2573 0.00030726931367955075
2582 7.458098891001271e-05
2586 9.502842032885344e-06
2589 0.0001228603508781383
2590 8.771718405598661e-05
2603 0.00022419450561242282
2618 4.846937791309118e-05
2620 0.00010347204034115494
2667 8.358930576913648e-05
2675 0.00010694056199521868
2685 7.754816608258265e-05
2705 0.00016378259903044513
2706 0.00020298083458234552
2770 0.00018825025618924418
2772 0.00011067500849334801
2790 0.00011425323385392718
2807 0.00019506105515172307
2877 0.00014944388948364012
2896 0.00011379132113009053
2897 0.00013332088986277624
2900 0.00017065756051371745
2903 8.718166847460814e-05
2904 0.00015139340654708521
2920 0.0001399262151792957
2922 0.00015663840245623315
2925 0.00023971321052336105
2939 0.00013065000625947455
2940 7.910237522724487e-05
2945 0.0001196461249524729
2955 4.7516165565500014e-05
2958 6.950834500520415e-05
2963 8.509658347491132e-05
3050 5.1064059112276297e-05
3051 7.910237522724487e-05
3067 0.00010093525951244397
3103 0.00012122674224136485
3113 6.165346047478709e-05
3117 0.00017065756051371745
3118 0.0002059351589452662
3134 0.0001228603508781383
3141 0.00026261715830791277
3168 0.0001275049519955334
3169 0.0001391464957049546
3212 7.356359438910525e-05
3214 8.001326955199571e-05
3303 0.00010058340652177312
3307 8.408656954820681e-05
3321 0.00011761535496899039
3333 0.00016007969731333051
3337 0.00015775871449691997
3338 0.00016007969731333051
3343 0.00011614595437539213
3372 6.542281037332744e-05
3375 0.00010236864012694453
3413 8.001326955199571e-05
3419 0.00011712061541501202
3450 0.00011198624708459517
3465 5.7716484755306535e-05
3478 7.865323446718271e-05
3480 0.00020019542348213994
3501 0.00016508218077975113
3502 0.00017695423263882194
3513 6.056183085252843e-05
3545 6.071628875522179e-05
3564 0.00010774605847492284
3572 5.234992335902794e-05
3576 5.3536945098705395e-05
3586 6.228840662358072e-05
3600 0.0001002340757964429
3601 0.00015139340654708521
3605 5.380470086849468e-05
3607 0.0002734912621014559
3625 0.0001431761810607271
3647 8.094151528426567e-05
3649 0.0001347133110905388
3657 4.716346370617082e-05
3681 0.0001287387249198448
3702 0.00016007969731333051
3719 2.489326185102742e-05
3724 5.7716484755306535e-05
3727 6.424444555902466e-05
3729 0.00012936752625714268
3743 3.233112827567267e-05
3746 1.903006184883404e-05
3819 6.424444555902466e-05
3832 3.3290954653437934e-05
3862 0.0002462203859023654
3875 3.285232498188492e-05
3891 8.334256383691721e-05
3892 0.00011110817958998604
3901 0.00010384546306881737
3902 0.00012122674224136485
3907 0.00018227567001855016
3926 0.00011110817958998604
3932 4.895306850942043e-05
3943 7.689695691525318e-05
3951 9.920086195142229e-05
3954 0.00010774605847492284
3969 6.0101372993599195e-05
3970 6.663037655997976e-05
3977 0.0001128804268053397
3982 0.0001786642827461757
3996 7.417147870601431e-05
3997 0.0001347133110905388
3998 0.0002734912621014559
4000 0.0002875104201589402
4001 0.0001677901789526326
4002 0.0001263016457352357
4003 0.0001300045474523503
4018 9.342327683396404e-05
4035 0.0002199543170027505
4042 0.00012571095453322076
4043 0.0002537323685808453
4081 0.00022883910672981793
4085 0.00019506105515172307
4091 0.00019041645403432799
4173 0.0002199543170027505
4184 0.00023971321052336105
4189 4.981125419104163e-05
4192 0.00019041645403432799
4198 0.00013332088986277624
4220 4.3879500470736716e-05
4247 4.846937791309118e-05
4250 8.612797493712278e-05
4290 5.656642719180506e-05
4291 7.843020694973282e-05
4295 0.00012176521653240713
4298 0.00011614595437539213
4301 0.00011154523568104574
4308 7.955569410086921e-05
4314 3.1644758795232604e-05
4315 7.256700694753944e-05
4329 3.676019862375966e-05
4332 8.117636599183342e-05
4340 0.00012936752625714268
4381 4.3226837668107787e-05
4382 6.14960082295629e-05
4384 0.0001753021616311125
4390 8.825864993225359e-05
4396 0.0002199543170027505
4399 9.282164663063054e-05
4402 6.950834500520415e-05
4423 0.0001128804268053397
4431 0.00013196715204843822
4444 0.00014665847838343454
4453 3.6854914742017664e-05
4461 9.19329029551259e-05
4465 0.00017370426675739054
4467 5.5861184383926875e-05
4481 9.282164663063054e-05
4485 7.159039254876493e-05
4492 6.969398876306011e-05
4495 3.207260550754382e-05
4519 0.00010128967145643295
4525 9.818910047034337e-05
4527 0.0001753021616311125
4530 0.00017065756051371745
4531 0.0002462203859023654
4563 4.728074758348793e-05
4567 6.341986704442123e-05
4577 3.9085797470059324e-05
4586 0.00016920278300425065
4591 0.0001475693727081854
4606 0.00017215710736717137
4619 0.00010856509334268535
4628 0.00011566583790554528
4659 6.610917985376751e-05
4670 7.541048004377448e-05
4676 1.811794967986411e-05
4699 3.676019862375966e-05
4703 0.00012069415303305452
4705 0.00014071861357331354
4712 8.484211069037113e-05
4718 0.0001147195668623605
4756 0.00014071861357331354
4757 0.00015663840245623315
4758 0.00017065756051371745
4759 5.0810908270240366e-05
4810 0.00010856509334268535
4829 8.383730339089555e-05
4834 1.7286007534181456e-05
4839 3.088397517794058e-05
4846 4.681329625334851e-05
4878 6.969398876306011e-05
4887 0.00018418695135817993
4894 0.00014849761844045535
4895 0.0002875104201589402
4908 9.372690041743856e-05
4911 6.341986704442123e-05
4913 6.457822376461287e-05
4914 6.542281037332744e-05
4933 2.564069103539461e-05
4935 0.00011862016226846598
4942 6.804811807694473e-05
4972 4.681329625334851e-05
4973 0.00014576429866269
5007 0.00018617626542465564
5011 0.00010310145735752775
5012 0.00010774605847492284
5022 0.00020908021320920737
5033 0.0001347133110905388
5036 0.0001677901789526326
5055 0.00013065000625947455
5056 0.00013614669170503938
5094 0.0002462203859023654
5095 0.0002462203859023654
5123 0.0001423431449207802
5170 0.0001128804268053397
5171 7.52017798211394e-05
5217 7.159039254876493e-05
5219 0.00014071861357331354
5264 0.00011425323385392718
5290 0.00013614669170503938
5334 9.719791862251607e-05
5379 2.541525611908456e-05
5380 3.8298201700263376e-05
5395 3.215862746722012e-05
5409 0.00022419450561242282
5411 8.164949036359771e-05
5455 8.908229930004346e-05
5462 0.00010654275221462514
5469 1.1433598200043818e-05
5473 0.0001251273376474703
5509 8.935997200289977e-05
5550 4.944160821510571e-05
5574 0.00013401212737453773
5580 0.0001431761810607271
5581 0.00014488623116808087
5582 0.0001475693727081854
5588 6.913916575845257e-05
5622 6.733409171295719e-05
5625 0.0001347133110905388
5644 7.711306116076915e-05
5645 0.0001677901789526326
5654 0.00019506105515172307
5657 0.00018825025618924418
5660 0.0002537323685808453
5684 0.0002462203859023654
5687 2.724862948448243e-05
5694 0.00015775871449691997
5699 8.260974660633398e-05
5700 0.00010575674440844711
5701 0.00010575674440844711
5702 3.9886331735258645e-05
5729 9.106007793564448e-05
5731 0.0001415241100530177
5797 5.544288630052885e-05
5806 7.910237522724487e-05
5808 0.00011913044365880717
5858 6.663037655997976e-05
5894 1.5848029138067838e-05
5896 1.6219082409210568e-05
5912 0.00010498321344481378
5934 5.434466680855229e-05
5938 5.91933076971794e-05
5984 3.088397517794058e-05
5988 7.044371782011974e-05
5998 0.00014488623116808087
5999 0.0001804365299615294
6000 3.4631041686461846e-05
6005 0.00010897983139923425
6022 2.0770655001689466e-05
6057 0.00011024565393173974
6084 7.843020694973282e-05
6087 0.00010236864012694453
6089 0.00026261715830791277
6092 0.00014576429866269
6093 0.0002199543170027505
6094 0.00011761535496899039
6162 0.0001128804268053397
6164 0.0001300045474523503
6172 0.00012230970742046953
6195 9.622649587425546e-05
6218 9.464928935894339e-05
6222 0.00010347204034115494
6229 7.458098891001271e-05
6241 0.00019506105515172307
6242 3.105201474962982e-05
6249 0.00010897983139923425
6251 0.0001228603508781383
6254 8.141235399539764e-05
6255 0.00018227567001855016
6297 9.164022082905678e-05
6327 0.00010384546306881737
6328 9.920086195142229e-05
6356 6.733409171295719e-05
6371 0.0001664173719040451
6377 0.00010694056199521868
6399 8.212725328354177e-05
6408 4.3989132524856074e-05
6413 9.590694438493474e-05
6458 0.00015554326811050196
6490 2.724862948448243e-05
6505 0.00013196715204843822
6506 8.88061998220748e-05
6507 6.212889280683989e-05
6512 0.0001431761810607271
6540 6.040786096929821e-05
6568 3.9584588186023764e-05
6569 4.981125419104163e-05
6577 0.00010897983139923425
6578 6.025437603138515e-05
6584 0.00019506105515172307
6589 5.9343481706634316e-05
6590 8.691610145495967e-05
6595 7.66818067754729e-05
6596 0.00015890538922556517
6602 0.0001300045474523503
6633 0.00011811516886331826
6675 5.7716484755306535e-05
6682 6.698096388147314e-05
6684 0.0001251273376474703
6686 0.00011333374567896404
6687 6.196989942762013e-05
6689 7.376538112671329e-05
6712 6.025437603138515e-05
6739 0.00020019542348213994
6748 0.00012016732165868515
6749 0.0002734912621014559
6760 1.9892587507080337e-05
6762 7.139739654402146e-05
6763 7.27647006365303e-05
6773 0.00013542473142615584
6784 9.68719546813797e-05
6785 0.0001228603508781383
6789 4.7516165565500014e-05
6796 8.260974660633398e-05
6815 7.178415593526694e-05
6823 0.00012176521653240713
6833 2.7093186202753706e-05
6885 5.131853189681648e-05
6888 0.00019506105515172307
6889 0.00023397347506023475
6893 9.252359415714085e-05
6894 9.252359415714085e-05
6905 2.9805618738211806e-05
6919 7.3968006896828e-05
6920 9.403242760948e-05
6929 5.904359505253569e-05
6960 3.259102983841739e-05
6972 6.133906307779394e-05
6974 0.00019041645403432799
6975 0.0001440237055098346
6992 4.787143878550288e-05
6995 7.843020694973282e-05
6999 6.309390310328486e-05
7001 0.00015775871449691997
7034 0.0001786642827461757
7042 0.00017065756051371745
7067 3.508605365233e-05
7073 5.516600244482883e-05
7147 0.00019756065060853997
7156 0.0001475693727081854
7157 0.00014849761844045535
7165 6.628229345501092e-05
7194 0.00022883910672981793
7211 0.00010498321344481378
7229 0.0001664173719040451
7231 0.0001804365299615294
7232 0.00013401212737453773
7251 7.689695691525318e-05
7274 0.00020908021320920737
7275 0.00021244233432427055
7276 0.00021605372159664503
7301 0.00011024565393173974
7302 0.00011811516886331826
7321 3.8200641252257444e-05
7330 0.00018227567001855016
7331 0.00019041645403432799
7355 0.00017215710736717137
7356 0.00026261715830791277
7367 0.0001664173719040451
7385 0.00017065756051371745
7406 6.698096388147314e-05
7408 8.691610145495967e-05
7422 0.00013401212737453773
7439 0.0002462203859023654
7444 9.886126874785542e-05
7447 0.00012176521653240713
7450 0.00012936752625714268
7451 0.0001300045474523503
7469 7.887728740211037e-05
7482 2.5340342303404983e-05
7483 2.8590308184836374e-05
7502 9.68719546813797e-05
7503 3.173002815645075e-05
7523 8.935997200289977e-05
7550 0.00019756065060853997
7552 0.000126899584862824
7585 0.00020908021320920737
7590 0.0001239806629188251
7664 0.0001196461249524729
7665 0.00010422176939821458
7677 6.988034244141115e-05
7681 0.00017215710736717137
7694 6.804811807694473e-05
7718 9.527405980765772e-05
7719 0.00012016732165868515
7724 9.920086195142229e-05
7735 0.0002059351589452662
7775 0.00010536844412685977
7784 7.082295263288685e-05
7792 0.000101646679848061
7808 4.7398314413738584e-05
7818 2.996997446737178e-05
7820 0.00013614669170503938
7823 0.0002199543170027505
7858 4.509923582401553e-05
7862 9.077257605451787e-05
7863 7.64676023536449e-05
7886 7.910237522724487e-05
7890 9.233159952796689e-06
7891 6.932340577943291e-05
7892 0.0001002340757964429
7893 5.131853189681648e-05
7894 6.374802604546662e-05
7896 0.0002199543170027505
7897 0.00013542473142615584
7901 0.00019041645403432799
7902 7.376538112671329e-05
7904 6.056183085252843e-05
7958 9.496067334174995e-05
7981 6.950834500520415e-05
7987 7.843020694973282e-05
7989 0.00011862016226846598
7995 9.134928606937549e-05
8000 0.00016378259903044513
8009 2.7093186202753706e-05
8010 3.97855428110104e-05
8016 3.6571316885345003e-05
8017 0.00012122674224136485
8031 5.5721352358276173e-05
8032 6.056183085252843e-05
8045 0.0001263016457352357
8047 9.312153328472917e-05
8054 2.9805618738211806e-05
8055 0.00016508218077975113
8069 5.287392225192349e-05
8109 8.285279662389543e-05
8114 0.0001804365299615294
8142 0.00020298083458234552
8144 1.8182537399726556e-05
8150 0.00012176521653240713
8233 0.00017215710736717137
8234 4.8109734749355606e-05
8290 0.00026261715830791277
8301 0.00014488623116808087
8349 4.919672615455441e-05
8437 8.433711728522342e-05
8442 8.001326955199571e-05
8444 5.815485137703107e-05
8447 4.100899018649567e-05
8449 0.00016251677649793962
8457 0.00016378259903044513
8472 0.00016378259903044513
8501 0.00019268344080366
8513 4.3335009582674306e-05
8514 0.0002537323685808453
8519 0.00014488623116808087
8520 5.874554257904601e-05
8521 6.610917985376751e-05
8535 0.00012341728754011654
8539 7.955569410086921e-05
8633 5.949411993323993e-05
8637 0.00022419450561242282
8639 3.69498153124238e-05
8648 0.00016128300357362823
8652 0.00010982004923951138
8661 7.843020694973282e-05
8663 8.001326955199571e-05
8670 0.00010654275221462514
8678 4.409901177660094e-05
8685 0.00012571095453322076
8686 0.00023397347506023475
8695 4.476354154013861e-05
8696 4.787143878550288e-05
8697 0.0001376235146469122
8712 0.00022419450561242282
8717 9.106007793564448e-05
8718 9.403242760948e-05
8722 7.217400943451535e-05
8723 0.00010498321344481378
8738 8.853165584237468e-05
8744 0.00026261715830791277
8746 0.00011811516886331826
8750 0.00020019542348213994
8763 6.542281037332744e-05
8764 0.0001287387249198448
8765 0.00015663840245623315
8800 0.00011379132113009053
8813 4.431951634967444e-05
8818 7.139739654402146e-05
8819 7.139739654402146e-05
8821 0.00019041645403432799
8824 0.00011712061541501202
8827 0.0001415241100530177
8829 0.00011663084820199027
8861 0.00015775871449691997
8871 7.025520142447097e-05
8872 0.00010422176939821458
8899 0.00026261715830791277
