75
70 0.011986208690863018
82 0.00863661545249542
333 0.02166654488512158
668 0.00895233924370024
821 0.011651018851575738
861 0.007581677823690787
1114 0.02834132706800203
1222 0.015388497390015557
1431 0.01568858185055376
1464 0.025515303246068377
1468 0.01317808534555639
1930 0.008036154141022982
1940 0.008315484463702843
2299 0.011424526370228658
2666 0.0086621848024947
2674 0.011082026610481266
2684 0.008036154141022982
2771 0.01146901948479904
2896 0.013815764772756532
2921 0.016232109798720345
2954 0.00492400078511321
2964 0.019967381679560674
3050 0.016394427163376888
3168 0.014419460113052968
3470 0.018698259942059883
3506 0.01893267063837847
3604 0.011151337073023827
3624 0.01483704797224651
3701 0.01658872398205118
3970 0.006904766463983018
4126 0.020213768878048325
4221 0.004547140792967507
4468 0.0057887776189483285
4660 0.00685075594019507
4722 0.021034479044161197
4724 0.009436365285610041
4834 0.01483704797224651
4973 0.004851163909416766
5172 0.015586006087581263
5229 0.0051108261290982475
5255 0.0061966172880379665
5291 0.028217193406402576
5702 0.010959350071721868
5811 0.005451990456909763
5897 0.003361499126299641
5992 0.01724548393498663
6599 0.013406085976786691
6748 0.023714117664838805
6749 0.012452688030490721
6764 0.022621360886259
6823 0.017689779493565306
6834 0.00280761017952257
6993 0.004960817005306996
6996 0.008127558189953707
7004 0.009089948189615728
7328 0.012188233063763283
7481 0.009588026408470224
7484 0.0029627537970146715
7560 0.008818380836376856
7793 0.010533432683789763
7988 0.008127558189953707
8011 0.004122892529438659
8046 0.013088375195260704
8235 0.00997102223456412
8350 0.005098153761504522
8448 0.004249675820256388
8531 0.011888148603225079
8542 0.019507980036727258
8565 0.014582375397271745
8679 0.004569888290151948
8695 0.009202800614120122
8697 0.004960817005306996
8705 0.01568858185055376
8814 0.004592738717538356
8872 0.007280399477847504
