269
52 9.785646144837983e-05
53 0.00010200632301179658
68 3.241760820520544e-05
145 5.786216925096193e-05
146 0.000101646679848061
152 0.0001475693727081854
160 3.6009024944890365e-05
161 8.88061998220748e-05
216 0.00013837905578907654
217 0.0001399262151792957
276 4.8109734749355606e-05
277 5.502814824397996e-05
278 5.558192042480493e-05
378 7.955569410086921e-05
393 0.00015139340654708521
430 2.1595466130645556e-05
449 6.628229345501092e-05
463 2.104404381130732e-05
466 0.00013401212737453773
496 0.00015447220461114937
497 0.0002462203859023654
498 0.00016007969731333051
509 1.4811799641107606e-05
520 0.00020908021320920737
521 6.165346047478709e-05
524 0.00013837905578907654
535 8.236790279729728e-05
645 6.341986704442123e-05
653 0.00015775871449691997
814 0.00014488623116808087
821 0.00011243128604527755
858 0.00010815385522706535
861 7.316251041712385e-05
1033 0.0002462203859023654
1140 3.8493910507496085e-05
1145 9.920086195142229e-05
1193 0.00015447220461114937
1194 0.0001027336712532598
1374 9.920086195142229e-05
1418 6.424444555902466e-05
1432 0.00015139340654708521
1469 6.358367031630664e-05
1539 0.00011198624708459517
1594 0.000126899584862824
1671 7.64676023536449e-05
1706 3.382257549850835e-05
1733 0.00011243128604527755
1734 0.00020298083458234552
1735 0.00020908021320920737
1777 4.871062309639001e-05
1881 8.408656954820681e-05
1882 9.496067334174995e-05
1929 4.2158123180710165e-05
1931 7.754816608258265e-05
1932 0.0001275049519955334
1959 0.00015447220461114937
2059 0.00014071861357331354
2076 7.66818067754729e-05
2083 0.00010422176939821458
2085 0.0001147195668623605
2124 0.00011663084820199027
2137 0.00015342417653056774
2138 0.00017370426675739054
2299 0.00010982004923951138
2300 0.00011024565393173974
2371 8.858094887998e-06
2384 3.364472337590274e-05
2389 8.070779096331723e-05
2404 0.00012341728754011654
2434 0.00010536844412685977
2463 0.00017370426675739054
2503 0.00015342417653056774
2506 0.00014488623116808087
2563 2.4450245822639586e-05
2564 4.692973938522239e-05
2566 0.00017695423263882194
2571 6.593667904531496e-05
2582 7.458098891001271e-05
2586 9.502842032885344e-06
2667 8.358930576913648e-05
2682 0.00015342417653056774
2685 7.754816608258265e-05
2699 0.00013065000625947455
2702 0.00021244233432427055
2703 0.00030726931367955075
2708 0.0001300045474523503
2709 0.00022419450561242282
2744 7.52017798211394e-05
2939 0.00013065000625947455
2955 4.7516165565500014e-05
3067 0.00010093525951244397
3119 0.0002537323685808453
3185 0.00010939812948263226
3212 7.356359438910525e-05
3307 8.408656954820681e-05
3343 0.00011614595437539213
3413 8.001326955199571e-05
3414 9.852402568908913e-05
3465 5.7716484755306535e-05
3513 6.056183085252843e-05
3545 6.071628875522179e-05
3557 0.00015775871449691997
3576 5.3536945098705395e-05
3586 6.228840662358072e-05
3605 5.380470086849468e-05
3654 6.663037655997976e-05
3657 4.716346370617082e-05
3681 0.0001287387249198448
3719 2.489326185102742e-05
3729 0.00012936752625714268
3743 3.233112827567267e-05
3746 1.903006184883404e-05
3766 5.131853189681648e-05
3796 0.0001399262151792957
3832 3.3290954653437934e-05
3884 8.433711728522342e-05
3885 0.0001391464957049546
3963 0.00030726931367955075
3969 6.0101372993599195e-05
3970 6.663037655997976e-05
3977 0.0001128804268053397
3982 0.0001786642827461757
4042 0.00012571095453322076
4045 0.0002734912621014559
4154 0.00012571095453322076
4220 4.3879500470736716e-05
4224 8.236790279729728e-05
4225 0.00010897983139923425
4247 4.846937791309118e-05
4250 8.612797493712278e-05
4308 7.955569410086921e-05
4314 3.1644758795232604e-05
4329 3.676019862375966e-05
4402 6.950834500520415e-05
4432 6.4078409870285e-05
4457 0.00010058340652177312
4473 0.00016128300357362823
4481 9.282164663063054e-05
4546 7.625433537211054e-05
4563 4.728074758348793e-05
4565 0.00013837905578907654
4576 0.0001475693727081854
4644 0.00015139340654708521
4652 4.476354154013861e-05
4670 7.541048004377448e-05
4676 1.811794967986411e-05
4683 0.00017695423263882194
4759 5.0810908270240366e-05
4772 0.00023971321052336105
4797 9.988723143186235e-05
4815 0.0002537323685808453
4834 1.7286007534181456e-05
4839 3.088397517794058e-05
4846 4.681329625334851e-05
4851 0.0001399262151792957
4878 6.969398876306011e-05
4887 0.00018418695135817993
4933 2.564069103539461e-05
5033 0.0001347133110905388
5036 0.0001677901789526326
5254 5.9796800580258657e-05
5290 0.00013614669170503938
5334 9.719791862251607e-05
5335 9.852402568908913e-05
5355 0.00015447220461114937
5366 0.00013542473142615584
5378 0.00010347204034115494
5385 0.00011519040557349246
5434 7.159039254876493e-05
5457 0.0001423431449207802
5458 0.00017695423263882194
5469 1.1433598200043818e-05
5530 0.00018418695135817993
5550 4.944160821510571e-05
5622 6.733409171295719e-05
5624 0.0001415241100530177
5625 0.0001347133110905388
5687 2.724862948448243e-05
5699 8.260974660633398e-05
5700 0.00010575674440844711
5701 0.00010575674440844711
5726 0.00013614669170503938
5810 5.261121850249547e-05
5862 6.610917985376751e-05
5865 0.0001196461249524729
5894 1.5848029138067838e-05
5896 1.6219082409210568e-05
5934 5.434466680855229e-05
5938 5.91933076971794e-05
5971 0.00026261715830791277
6022 2.0770655001689466e-05
6117 0.00021605372159664503
6195 9.622649587425546e-05
6211 7.356359438910525e-05
6242 3.105201474962982e-05
6377 0.00010694056199521868
6408 4.3989132524856074e-05
6409 0.00010575674440844711
6506 8.88061998220748e-05
6507 6.212889280683989e-05
6566 7.082295263288685e-05
6568 3.9584588186023764e-05
6569 4.981125419104163e-05
6593 7.754816608258265e-05
6613 0.00014944388948364012
6665 0.00012936752625714268
6684 0.0001251273376474703
6685 0.00019506105515172307
6689 7.376538112671329e-05
6762 7.139739654402146e-05
6763 7.27647006365303e-05
6833 2.7093186202753706e-05
6847 0.0002199543170027505
6851 0.0001275049519955334
6885 5.131853189681648e-05
6992 4.787143878550288e-05
7067 3.508605365233e-05
7073 5.516600244482883e-05
7178 3.714017269315804e-05
7181 0.0001263016457352357
7251 7.689695691525318e-05
7316 0.00019041645403432799
7344 8.96392359620217e-05
7345 0.00011425323385392718
7469 7.887728740211037e-05
7482 2.5340342303404983e-05
7483 2.8590308184836374e-05
7503 3.173002815645075e-05
7511 0.0001786642827461757
7554 8.260974660633398e-05
7665 0.00010422176939821458
7671 9.134928606937549e-05
7674 0.00018825025618924418
7784 7.082295263288685e-05
7808 4.7398314413738584e-05
7886 7.910237522724487e-05
7890 9.233159952796689e-06
7891 6.932340577943291e-05
7892 0.0001002340757964429
7894 6.374802604546662e-05
7902 7.376538112671329e-05
7903 8.141235399539764e-05
8009 2.7093186202753706e-05
8010 3.97855428110104e-05
8016 3.6571316885345003e-05
8095 0.00015342417653056774
8123 0.00020908021320920737
8234 4.8109734749355606e-05
8322 0.0002199543170027505
8444 5.815485137703107e-05
8447 4.100899018649567e-05
8513 4.3335009582674306e-05
8520 5.874554257904601e-05
8521 6.610917985376751e-05
8529 0.0002875104201589402
8539 7.955569410086921e-05
8562 0.00013614669170503938
8563 0.0001376235146469122
8564 0.00014071861357331354
8639 3.69498153124238e-05
8642 9.164022082905678e-05
8652 0.00010982004923951138
8659 0.00012936752625714268
8738 8.853165584237468e-05
8781 8.63892700805903e-05
8818 7.139739654402146e-05
8819 7.139739654402146e-05
8829 0.00011663084820199027
8871 7.025520142447097e-05
