234
49 0.00429632819010805
82 0.0041963216322859105
131 0.0038113503930723826
158 0.0004335812976686612
163 0.007790799290365302
169 0.005348265772592935
250 0.004091382802682593
276 0.0012111693674753028
277 0.001385341404379518
378 0.00400565167133868
459 0.011075446526452416
521 0.006208538302274605
524 0.0034837122745543783
575 0.002221923977955491
599 0.004091382802682593
634 0.018104441798171132
668 0.015224034533072164
709 0.004373029450118261
819 0.0042241414543103435
821 0.00283047350631501
829 0.004000465618017618
849 0.003669636807010998
858 0.0027227885813096223
861 0.005525629600317015
872 0.0016599652080560648
878 0.0036258171285413724
882 0.0036921479077773123
984 0.003762271025644635
990 0.0027541133614384706
993 0.006198632991982713
1134 0.0027125222404760234
1164 0.006369596519033145
1175 0.0155533401400018
1176 0.002604923230283539
1216 0.00247192447285791
1222 0.003738448518478356
1253 0.0022566804262529306
1316 0.006387748216927947
1423 0.004739226788583458
1466 0.01007989612470526
1468 0.004802183642872244
1569 0.005184446713333933
1572 0.0033914266340081406
1703 0.0045888157378681325
1712 0.0012051702329276884
1813 0.006387748216927947
1847 0.0016384791847935203
1912 0.003669636807010998
1920 0.0046369325155483036
1921 0.00018464185418999942
1927 0.006611424053220674
1935 0.002775449909151595
1984 0.0023906483639030383
2003 0.001816990881583053
2024 0.0031647910361583707
2041 0.002110615954292828
2053 0.003888859569193681
2056 0.00503994806235263
2075 0.001930475316336199
2117 0.0016906921952285863
2122 0.00283047350631501
2150 0.005823807612509714
2196 0.007735548371503266
2240 0.006034813932723711
2246 0.004910689614441119
2254 0.003738448518478356
2292 0.014061041334445178
2312 0.005348265772592935
2318 0.0030930266865140353
2325 0.0029991257454443205
2326 0.0051100711802199526
2371 0.007735548371503266
2388 0.0020318300369070144
2435 0.005537380997538171
2600 0.009374027556296786
2656 0.009177631475736265
2666 0.0021043725791371304
2684 0.0019522860342598206
2707 0.006545765688674271
2738 0.0019090455911977202
2743 0.0018932154287174979
2785 0.007045324461456968
2789 0.002876341299735025
2827 0.004060322395051341
2876 0.00752454205128927
2899 0.00429632819010805
2903 0.007622700786144765
2928 0.00315009839862784
2933 0.01069653154518587
2944 0.003012108094848696
2954 0.003588678538302848
3020 0.0058903152817424064
3050 0.0019914134689977578
3168 0.014012130731328308
3180 0.007238115436317725
3255 0.013222848106441348
3268 0.002595593751328495
3306 0.010584456325051117
3320 0.0029609831736826056
3353 0.004155967217822435
3374 0.002577144974043304
3420 0.0021617408754589186
3464 0.004359061967282134
3479 0.00503994806235263
3544 0.0015285411451597078
3599 0.002523407015530788
3604 0.004063622831695124
3624 0.003604480580828248
3626 0.0016342267695468623
3640 0.009279080059542106
3653 0.003354858281935252
3786 0.002532201465881475
3884 0.002123198839677715
3885 0.007006065365664154
4044 0.003647531333813381
4085 0.004910689614441119
4126 0.004910689614441119
4174 0.007735548371503266
4221 0.0022093452440407097
4321 0.03395582986185177
4349 0.006202695603923087
4403 0.0017498824030688681
4462 0.002314423816768593
4472 0.00429632819010805
4510 0.003225387084422869
4660 0.0016643079402733788
4811 0.010932566235819343
4835 0.00043517768119950606
4837 0.004687013778148393
4892 0.007735548371503266
4909 0.0023595879562717864
4915 0.006588113966633832
4948 0.004091382802682593
5163 0.001409843628206959
5171 0.002841780688387535
5172 0.0018932154287174979
5180 0.0034459609707182723
5193 0.0020143453622807504
5229 0.0012416131274080489
5291 0.0034275121934330814
5340 0.006034813932723711
5381 0.0009641626371546531
5467 0.003888859569193681
5510 0.0022496499166379737
5569 0.004413256679255578
5643 0.002480356262545656
5651 0.0049736172831166894
5732 0.0035628894598658013
5743 0.007735548371503266
5811 0.0013244948567633888
5812 0.007786781253985485
5813 0.0058903152817424064
5855 0.0036143525293508413
5897 0.0008166353809654495
6219 0.0023828092281550943
6242 0.019642758457764475
6326 0.004000465618017618
6349 0.0024144708710693175
6357 0.0016951452693386286
6372 0.004189580842962853
6378 0.002692243752828782
6388 0.0024064785263832604
6469 0.0011756068609554708
6562 0.013222848106441348
6716 0.013770362304226976
6721 0.007238115436317725
6754 0.0029862793393688383
6761 0.0030047922010694905
6764 0.014654892928197922
6823 0.004297517052109086
6834 0.0013641495787510792
6909 0.0022496499166379737
6976 0.0036258171285413724
6993 0.0012051702329276884
6996 0.00197449153767237
7000 0.0015883979221934313
7004 0.006624877494126717
7074 0.0027776238067136415
7092 0.0023828092281550943
7104 0.005184446713333933
7126 0.007735548371503266
7146 0.007735548371503266
7148 0.0049736172831166894
7252 0.0038717835029872106
7322 0.0009617065390963794
7370 0.0023595879562717864
7447 0.003915823744070038
7452 0.0032728828443371353
7484 0.0021592951401971333
7495 0.002692243752828782
7553 0.0031947149725917727
7584 0.010878365914515822
7586 0.0052636238986453554
7621 0.0025863346842063596
7666 0.0026237977651889497
7678 0.0017592474910673903
7702 0.002876341299735025
7706 0.0058903152817424064
7774 0.0058903152817424064
7824 0.011074761995076341
7864 0.0019250826897618172
7943 0.002299731179238063
7950 0.006387748216927947
8021 0.004259703960830175
8033 0.0015246526456433145
8043 0.001677429140967626
8069 0.002864712581670528
8115 0.00454251512716709
8123 0.003669636807010998
8127 0.005644128344683368
8137 0.00851940792166035
8150 0.002973566059067492
8159 0.0027541133614384706
8235 0.004844677469901211
8350 0.003715603588893126
8448 0.0020648142403505614
8565 0.0035426109722185594
8622 0.0025589695220506205
8627 0.006359323541200116
8639 0.0032684535390937247
8674 0.005644128344683368
8679 0.0011101988501499083
8688 0.0034837122745543783
8690 0.0038366465587586153
8724 0.002642967226610679
8725 0.005348265772592935
8747 0.002973566059067492
8767 0.005348265772592935
8801 0.002864712581670528
8830 0.014680990383843746
8833 0.00503994806235263
8870 0.006198632991982713
8872 0.003537369237824211
8873 0.0026237977651889497
