245
2 0.00014944388948364012
77 8.691610145495967e-05
152 0.0001475693727081854
158 1.722259642893919e-05
210 0.00015342417653056774
243 6.309390310328486e-05
378 7.955569410086921e-05
430 2.1595466130645556e-05
443 5.859719717528758e-05
446 0.00010058340652177312
463 2.104404381130732e-05
509 1.4811799641107606e-05
700 0.00013542473142615584
702 0.0001786642827461757
722 0.00011663084820199027
765 7.499396958083494e-05
837 0.0001128804268053397
838 0.00011614595437539213
839 0.00020908021320920737
847 0.00016508218077975113
963 0.00013614669170503938
965 0.0001391464957049546
1140 3.8493910507496085e-05
1371 0.00011519040557349246
1497 6.663037655997976e-05
1504 0.0001239806629188251
1566 0.00016920278300425065
1798 0.00010498321344481378
1800 0.00011333374567896404
1821 0.00023971321052336105
1888 6.071628875522179e-05
1922 7.334292682143156e-06
1984 0.00010734164596720007
2004 7.217400943451535e-05
2029 0.00012122674224136485
2030 0.0001228603508781383
2042 8.383730339089555e-05
2044 0.00010536844412685977
2073 0.00010939812948263226
2083 0.00010422176939821458
2085 0.0001147195668623605
2202 0.00021244233432427055
2294 8.535239208071232e-05
2316 0.00012341728754011654
2371 8.858094887998e-06
2439 5.502814824397996e-05
2493 2.5565430128539482e-05
2550 5.3403616896513294e-05
2579 0.00013130412920165632
2580 8.992010952057247e-05
2583 0.0002875104201589402
2586 9.502842032885344e-06
2590 8.771718405598661e-05
2797 0.00010347204034115494
2843 7.33626397641186e-05
2852 0.0002059351589452662
3226 8.164949036359771e-05
3308 0.00012571095453322076
3465 5.7716484755306535e-05
3507 9.134928606937549e-05
3586 6.228840662358072e-05
3627 6.491430390704548e-05
3628 7.733012801189119e-05
3631 0.00020019542348213994
3657 4.716346370617082e-05
3719 2.489326185102742e-05
3825 0.0002875104201589402
3875 3.285232498188492e-05
3887 5.5861184383926875e-05
3902 0.00012122674224136485
3996 7.417147870601431e-05
4189 4.981125419104163e-05
4267 0.00011519040557349246
4296 9.527405980765772e-05
4314 3.1644758795232604e-05
4329 3.676019862375966e-05
4332 8.117636599183342e-05
4381 4.3226837668107787e-05
4382 6.14960082295629e-05
4467 5.5861184383926875e-05
4495 3.207260550754382e-05
4513 9.19329029551259e-05
4519 0.00010128967145643295
4563 4.728074758348793e-05
4577 3.9085797470059324e-05
4588 0.00016508218077975113
4590 0.00023971321052336105
4628 0.00011566583790554528
4629 0.00015890538922556517
4637 0.00021244233432427055
4699 3.676019862375966e-05
4738 0.00030726931367955075
4751 0.00010856509334268535
4754 0.00013542473142615584
4755 0.0001376235146469122
4759 5.0810908270240366e-05
4768 0.00012176521653240713
4769 0.00012936752625714268
4834 1.7286007534181456e-05
4926 0.00010236864012694453
4927 0.00010236864012694453
4933 2.564069103539461e-05
5016 8.117636599183342e-05
5161 5.502814824397996e-05
5162 5.6001418804450566e-05
5164 0.00019506105515172307
5177 6.196989942762013e-05
5194 0.00011712061541501202
5197 0.0001391464957049546
5222 2.3001954162320978e-05
5228 4.931901336427842e-05
5234 0.0002875104201589402
5242 6.786862826996617e-05
5254 5.9796800580258657e-05
5346 0.0002059351589452662
5379 2.541525611908456e-05
5395 3.215862746722012e-05
5427 3.490353872923123e-05
5439 8.024367862190805e-05
5440 8.586807337437805e-05
5469 1.1433598200043818e-05
5507 0.00019268344080366
5535 0.00014944388948364012
5536 0.00018418695135817993
5550 4.944160821510571e-05
5674 0.00010236864012694453
5687 2.724862948448243e-05
5691 8.383730339089555e-05
5702 3.9886331735258645e-05
5797 5.544288630052885e-05
5810 5.261121850249547e-05
5868 7.256700694753944e-05
5894 1.5848029138067838e-05
5896 1.6219082409210568e-05
5909 6.663037655997976e-05
5934 5.434466680855229e-05
5938 5.91933076971794e-05
5984 3.088397517794058e-05
5988 7.044371782011974e-05
5989 0.00013130412920165632
6022 2.0770655001689466e-05
6084 7.843020694973282e-05
6087 0.00010236864012694453
6106 7.217400943451535e-05
6108 0.0001804365299615294
6133 0.00013614669170503938
6134 0.00013332088986277624
6197 5.5304247721948624e-05
6223 0.00020298083458234552
6277 0.00011067500849334801
6297 9.164022082905678e-05
6299 0.0001431761810607271
6408 4.3989132524856074e-05
6417 9.954283828468142e-05
6424 0.00023971321052336105
6490 2.724862948448243e-05
6586 5.24803957997587e-05
6588 6.576478670658657e-05
6661 5.889434094657216e-05
6675 5.7716484755306535e-05
6682 6.698096388147314e-05
6687 6.196989942762013e-05
6712 6.025437603138515e-05
6714 0.0002199543170027505
6717 0.00017215710736717137
6725 8.458895984833521e-05
6727 8.612797493712278e-05
6728 9.527405980765772e-05
6760 1.9892587507080337e-05
6833 2.7093186202753706e-05
6851 0.0001275049519955334
6885 5.131853189681648e-05
6905 2.9805618738211806e-05
6919 7.3968006896828e-05
6920 9.403242760948e-05
6960 3.259102983841739e-05
6965 0.00013332088986277624
6968 0.0001287387249198448
6980 0.00011379132113009053
6982 0.0001147195668623605
7067 3.508605365233e-05
7069 0.0001664173719040451
7108 0.0002199543170027505
7110 0.00019506105515172307
7139 6.196989942762013e-05
7178 3.714017269315804e-05
7236 0.00010536844412685977
7237 0.00010536844412685977
7286 0.00019756065060853997
7373 7.27647006365303e-05
7392 5.274239335290522e-05
7482 2.5340342303404983e-05
7483 2.8590308184836374e-05
7590 0.0001239806629188251
7602 9.654815662959692e-05
7620 0.0001027336712532598
7650 0.00017215710736717137
7651 0.00011566583790554528
7677 6.988034244141115e-05
7678 8.260974660633398e-05
7679 8.260974660633398e-05
7694 6.804811807694473e-05
7753 0.00026261715830791277
7818 2.996997446737178e-05
7884 0.00010982004923951138
7890 9.233159952796689e-06
7891 6.932340577943291e-05
7892 0.0001002340757964429
7904 6.056183085252843e-05
7938 4.907474504580058e-05
7943 7.64676023536449e-05
8016 3.6571316885345003e-05
8031 5.5721352358276173e-05
8032 6.056183085252843e-05
8047 9.312153328472917e-05
8053 0.00016007969731333051
8054 2.9805618738211806e-05
8058 8.853165584237468e-05
8059 0.00011425323385392718
8060 0.0001147195668623605
8069 5.287392225192349e-05
8144 1.8182537399726556e-05
8204 5.1064059112276297e-05
8234 4.8109734749355606e-05
8447 4.100899018649567e-05
8516 8.024367862190805e-05
8531 9.752607762356147e-05
8532 0.0001002340757964429
8582 0.00010774605847492284
8591 0.00011761535496899039
8678 4.409901177660094e-05
8680 0.00015663840245623315
8695 4.476354154013861e-05
8696 4.787143878550288e-05
8697 0.0001376235146469122
8738 8.853165584237468e-05
8763 6.542281037332744e-05
8766 0.00021244233432427055
8811 0.00011913044365880717
8818 7.139739654402146e-05
8819 7.139739654402146e-05
8847 0.00016007969731333051
8890 0.00010058340652177312
8891 0.00010058340652177312
8892 0.00010384546306881737
