421
14 0.0001275049519955334
49 0.00017065756051371745
77 8.691610145495967e-05
79 0.00013130412920165632
82 8.334256383691721e-05
130 0.00011862016226846598
131 0.00015139340654708521
158 1.722259642893919e-05
160 3.6009024944890365e-05
163 4.4209139343250144e-05
169 0.00021244233432427055
250 0.00016251677649793962
276 4.8109734749355606e-05
277 5.502814824397996e-05
278 5.558192042480493e-05
318 9.719791862251607e-05
328 5.502814824397996e-05
371 9.818910047034337e-05
378 7.955569410086921e-05
430 2.1595466130645556e-05
443 5.859719717528758e-05
459 8.798716495431228e-05
463 2.104404381130732e-05
480 6.877276232176413e-05
509 1.4811799641107606e-05
511 4.409901177660094e-05
521 6.165346047478709e-05
524 0.00013837905578907654
535 8.236790279729728e-05
575 8.825864993225359e-05
578 0.0001440237055098346
597 0.00011198624708459517
599 0.00016251677649793962
632 6.4078409870285e-05
633 0.00010058340652177312
634 0.00023971321052336105
668 8.63892700805903e-05
706 6.525271795805037e-05
709 0.00017370426675739054
818 0.00016128300357362823
819 0.0001677901789526326
821 0.00011243128604527755
829 0.00015890538922556517
849 0.00014576429866269
858 0.00010815385522706535
861 7.316251041712385e-05
872 6.593667904531496e-05
878 0.0001440237055098346
882 0.00014665847838343454
913 0.00015139340654708521
983 0.00010347204034115494
984 0.00014944388948364012
990 0.00010939812948263226
993 0.0002462203859023654
1126 4.895306850942043e-05
1135 0.00010774605847492284
1140 3.8493910507496085e-05
1164 8.408656954820681e-05
1165 8.433711728522342e-05
1176 0.0002059351589452662
1177 0.00010347204034115494
1216 4.5550455969092306e-05
1217 9.818910047034337e-05
1223 0.00014849761844045535
1234 2.8271279696782107e-05
1254 8.96392359620217e-05
1306 4.5550455969092306e-05
1316 0.00019756065060853997
1317 0.0002537323685808453
1424 0.00018825025618924418
1467 0.00020019542348213994
1469 6.358367031630664e-05
1521 0.00011110817958998604
1570 0.0002059351589452662
1573 0.0001347133110905388
1704 0.00018227567001855016
1706 3.382257549850835e-05
1713 4.787143878550288e-05
1814 0.0002537323685808453
1848 6.508321716976057e-05
1913 0.00014576429866269
1921 0.00018418695135817993
1922 7.334292682143156e-06
1928 0.00026261715830791277
1929 4.2158123180710165e-05
1936 0.00011024565393173974
1985 9.496067334174995e-05
2004 7.217400943451535e-05
2025 0.00012571095453322076
2042 8.383730339089555e-05
2054 0.00015447220461114937
2057 0.00020019542348213994
2076 7.66818067754729e-05
2118 6.715720793434914e-05
2123 0.00011243128604527755
2148 8.383730339089555e-05
2149 8.408656954820681e-05
2151 0.00011566583790554528
2197 0.00030726931367955075
2238 0.00011913044365880717
2239 0.0001251273376474703
2241 0.00023971321052336105
2247 0.00019506105515172307
2255 0.00014849761844045535
2292 0.00018418695135817993
2293 0.00018617626542465564
2313 0.00021244233432427055
2319 0.0001228603508781383
2321 8.691610145495967e-05
2326 0.00011913044365880717
2327 0.00020298083458234552
2334 0.0002537323685808453
2371 8.858094887998e-06
2372 0.00030726931367955075
2384 3.364472337590274e-05
2389 8.070779096331723e-05
2391 2.4157123570420575e-05
2436 0.0002199543170027505
2493 2.5565430128539482e-05
2526 8.070779096331723e-05
2550 5.3403616896513294e-05
2563 2.4450245822639586e-05
2564 4.692973938522239e-05
2586 9.502842032885344e-06
2601 0.00018617626542465564
2607 3.3290954653437934e-05
2657 0.00018227567001855016
2667 8.358930576913648e-05
2685 7.754816608258265e-05
2708 0.0001300045474523503
2739 7.583058115843726e-05
2744 7.52017798211394e-05
2783 8.718166847460814e-05
2786 0.0001399262151792957
2790 0.00011425323385392718
2828 0.00016128300357362823
2877 0.00014944388948364012
2900 0.00017065756051371745
2903 8.718166847460814e-05
2904 0.00015139340654708521
2929 0.0001251273376474703
2934 0.00021244233432427055
2939 0.00013065000625947455
2945 0.0001196461249524729
2955 4.7516165565500014e-05
3020 0.00015663840245623315
3021 0.00023397347506023475
3050 5.1064059112276297e-05
3051 7.910237522724487e-05
3067 0.00010093525951244397
3156 9.342327683396404e-05
3168 0.0001275049519955334
3169 0.0001391464957049546
3180 0.00026261715830791277
3181 0.0002875104201589402
3212 7.356359438910525e-05
3213 0.0001300045474523503
3256 0.00026261715830791277
3269 0.00010310145735752775
3307 8.408656954820681e-05
3321 0.00011761535496899039
3345 0.00011110817958998604
3354 0.00016508218077975113
3372 6.542281037332744e-05
3375 0.00010236864012694453
3409 8.458895984833521e-05
3421 8.586807337437805e-05
3465 5.7716484755306535e-05
3478 7.865323446718271e-05
3480 0.00020019542348213994
3545 6.071628875522179e-05
3564 0.00010774605847492284
3566 0.0002199543170027505
3572 5.234992335902794e-05
3576 5.3536945098705395e-05
3600 0.0001002340757964429
3605 5.380470086849468e-05
3625 0.0001431761810607271
3627 6.491430390704548e-05
3641 0.0001228603508781383
3654 6.663037655997976e-05
3724 5.7716484755306535e-05
3727 6.424444555902466e-05
3743 3.233112827567267e-05
3746 1.903006184883404e-05
3766 5.131853189681648e-05
3786 0.00010058340652177312
3800 0.00015775871449691997
3875 3.285232498188492e-05
3884 8.433711728522342e-05
3885 0.0001391464957049546
3996 7.417147870601431e-05
4042 0.00012571095453322076
4044 0.00014488623116808087
4085 0.00019506105515172307
4126 0.00019506105515172307
4154 0.00012571095453322076
4174 0.00030726931367955075
4189 4.981125419104163e-05
4220 4.3879500470736716e-05
4298 0.00011614595437539213
4314 3.1644758795232604e-05
4315 7.256700694753944e-05
4320 0.00019268344080366
4321 0.00010200632301179658
4345 5.131853189681648e-05
4348 8.212725328354177e-05
4402 6.950834500520415e-05
4423 0.0001128804268053397
4461 9.19329029551259e-05
4471 0.00017065756051371745
4495 3.207260550754382e-05
4509 0.0001281179340087181
4533 5.685140711216779e-05
4569 0.00010422176939821458
4570 0.00015775871449691997
4577 3.9085797470059324e-05
4619 0.00010856509334268535
4652 4.476354154013861e-05
4659 6.610917985376751e-05
4670 7.541048004377448e-05
4676 1.811794967986411e-05
4759 5.0810908270240366e-05
4810 0.00010856509334268535
4834 1.7286007534181456e-05
4836 0.00018617626542465564
4839 3.088397517794058e-05
4846 4.681329625334851e-05
4878 6.969398876306011e-05
4891 0.00030726931367955075
4908 9.372690041743856e-05
4911 6.341986704442123e-05
4913 6.457822376461287e-05
4914 6.542281037332744e-05
4933 2.564069103539461e-05
4947 0.00016251677649793962
5161 5.502814824397996e-05
5162 5.6001418804450566e-05
5170 0.0001128804268053397
5171 7.52017798211394e-05
5177 6.196989942762013e-05
5179 0.00013687950893562258
5192 8.001326955199571e-05
5222 2.3001954162320978e-05
5228 4.931901336427842e-05
5264 0.00011425323385392718
5290 0.00013614669170503938
5339 0.00023971321052336105
5369 7.562007790453742e-05
5379 2.541525611908456e-05
5380 3.8298201700263376e-05
5395 3.215862746722012e-05
5411 8.164949036359771e-05
5427 3.490353872923123e-05
5466 0.00015447220461114937
5469 1.1433598200043818e-05
5481 6.576478670658657e-05
5483 0.00020019542348213994
5509 8.935997200289977e-05
5568 0.0001753021616311125
5588 6.913916575845257e-05
5642 9.852402568908913e-05
5644 7.711306116076915e-05
5650 0.00019756065060853997
5676 9.312153328472917e-05
5729 9.106007793564448e-05
5731 0.0001415241100530177
5738 9.19329029551259e-05
5739 0.0001281179340087181
5740 0.00015447220461114937
5742 0.00030726931367955075
5797 5.544288630052885e-05
5810 5.261121850249547e-05
5811 0.00010310145735752775
5812 0.00023397347506023475
5854 7.178415593526694e-05
5894 1.5848029138067838e-05
5896 1.6219082409210568e-05
5912 0.00010498321344481378
5918 0.0002734912621014559
6218 9.464928935894339e-05
6229 7.458098891001271e-05
6241 0.00019506105515172307
6242 3.105201474962982e-05
6249 0.00010897983139923425
6250 0.0002199543170027505
6251 0.0001228603508781383
6254 8.141235399539764e-05
6255 0.00018227567001855016
6282 0.00023397347506023475
6325 0.00015890538922556517
6348 9.590694438493474e-05
6352 0.00011519040557349246
6356 6.733409171295719e-05
6371 0.0001664173719040451
6377 0.00010694056199521868
6387 9.558947467904783e-05
6467 4.669713069773751e-05
6468 4.669713069773751e-05
6481 0.00012936752625714268
6561 0.00026261715830791277
6566 7.082295263288685e-05
6568 3.9584588186023764e-05
6569 4.981125419104163e-05
6577 0.00010897983139923425
6578 6.025437603138515e-05
6586 5.24803957997587e-05
6595 7.66818067754729e-05
6650 9.785646144837983e-05
6679 9.527405980765772e-05
6680 9.558947467904783e-05
6689 7.376538112671329e-05
6712 6.025437603138515e-05
6715 0.0002734912621014559
6720 0.0002875104201589402
6753 0.00011862016226846598
6760 1.9892587507080337e-05
6762 7.139739654402146e-05
6763 7.27647006365303e-05
6815 7.178415593526694e-05
6822 8.535239208071232e-05
6833 2.7093186202753706e-05
6905 2.9805618738211806e-05
6908 8.935997200289977e-05
6960 3.259102983841739e-05
6975 0.0001440237055098346
6992 4.787143878550288e-05
6995 7.843020694973282e-05
6999 6.309390310328486e-05
7003 8.771718405598661e-05
7067 3.508605365233e-05
7073 5.516600244482883e-05
7077 0.00018825025618924418
7091 9.464928935894339e-05
7103 0.0002059351589452662
7125 0.00030726931367955075
7145 0.00030726931367955075
7147 0.00019756065060853997
7251 7.689695691525318e-05
7321 3.8200641252257444e-05
7369 9.372690041743856e-05
7392 5.274239335290522e-05
7414 0.00010460100421098168
7444 9.886126874785542e-05
7446 0.00015554326811050196
7450 0.00012936752625714268
7451 0.0001300045474523503
7482 2.5340342303404983e-05
7483 2.8590308184836374e-05
7494 0.00010694056199521868
7503 3.173002815645075e-05
7523 8.935997200289977e-05
7552 0.000126899584862824
7581 0.00015775871449691997
7582 0.00015775871449691997
7583 0.00021605372159664503
7585 0.00020908021320920737
7620 0.0001027336712532598
7665 0.00010422176939821458
7677 6.988034244141115e-05
7701 0.00011425323385392718
7704 0.00014576429866269
7705 0.00023397347506023475
7773 0.00023397347506023475
7818 2.996997446737178e-05
7823 0.0002199543170027505
7858 4.509923582401553e-05
7863 7.64676023536449e-05
7886 7.910237522724487e-05
7890 9.233159952796689e-06
7893 5.131853189681648e-05
7938 4.907474504580058e-05
7942 9.134928606937549e-05
7949 0.0002537323685808453
7995 9.134928606937549e-05
7998 0.00016251677649793962
8020 0.00016920278300425065
8031 5.5721352358276173e-05
8032 6.056183085252843e-05
8042 6.663037655997976e-05
8068 0.00011379132113009053
8109 8.285279662389543e-05
8114 0.0001804365299615294
8122 0.00014576429866269
8126 0.00022419450561242282
8127 0.00026261715830791277
8134 0.00012176521653240713
8136 0.00016920278300425065
8144 1.8182537399726556e-05
8149 0.00011811516886331826
8150 0.00012176521653240713
8158 0.00010939812948263226
8234 4.8109734749355606e-05
8349 4.919672615455441e-05
8437 8.433711728522342e-05
8447 4.100899018649567e-05
8562 0.00013614669170503938
8563 0.0001376235146469122
8564 0.00014071861357331354
8621 0.000101646679848061
8626 0.0001263016457352357
8633 5.949411993323993e-05
8638 6.491430390704548e-05
8670 0.00010654275221462514
8673 0.00022419450561242282
8678 4.409901177660094e-05
8687 0.00013837905578907654
8689 0.0001523982138465608
8722 7.217400943451535e-05
8723 0.00010498321344481378
8724 0.00021244233432427055
8746 0.00011811516886331826
8763 6.542281037332744e-05
8766 0.00021244233432427055
8800 0.00011379132113009053
8829 0.00011663084820199027
8832 0.00020019542348213994
8868 0.00023397347506023475
8869 0.0002462203859023654
8871 7.025520142447097e-05
8872 0.00010422176939821458
