377
15 6.0101372993599195e-05
17 0.00012016732165868515
68 3.241760820520544e-05
69 0.00010460100421098168
82 8.334256383691721e-05
128 0.00021605372159664503
130 0.00011862016226846598
132 8.334256383691721e-05
138 5.5304247721948624e-05
145 5.786216925096193e-05
146 0.000101646679848061
158 1.722259642893919e-05
160 3.6009024944890365e-05
163 4.4209139343250144e-05
250 0.00016251677649793962
276 4.8109734749355606e-05
277 5.502814824397996e-05
328 5.502814824397996e-05
330 6.358367031630664e-05
334 9.252359415714085e-05
344 9.164022082905678e-05
375 8.334256383691721e-05
430 2.1595466130645556e-05
459 8.798716495431228e-05
463 2.104404381130732e-05
490 0.0001523982138465608
493 0.0001300045474523503
509 1.4811799641107606e-05
520 0.00020908021320920737
521 6.165346047478709e-05
523 0.0001347133110905388
535 8.236790279729728e-05
549 6.786862826996617e-05
596 0.00020019542348213994
706 6.525271795805037e-05
707 9.496067334174995e-05
779 0.00013401212737453773
780 0.00013614669170503938
855 9.464928935894339e-05
858 0.00010815385522706535
861 7.316251041712385e-05
872 6.593667904531496e-05
873 0.00020908021320920737
891 5.757123449128065e-05
969 0.00010536844412685977
1083 7.178415593526694e-05
1181 0.00018617626542465564
1182 0.00019041645403432799
1194 0.0001027336712532598
1216 4.5550455969092306e-05
1226 0.00011110817958998604
1227 0.00014488623116808087
1412 6.804811807694473e-05
1418 6.424444555902466e-05
1431 0.0001677901789526326
1469 6.358367031630664e-05
1494 0.00014576429866269
1495 0.00019041645403432799
1497 6.663037655997976e-05
1503 0.00015663840245623315
1517 9.106007793564448e-05
1539 0.00011198624708459517
1557 0.00019506105515172307
1624 0.00017215710736717137
1642 0.0001786642827461757
1661 0.00019506105515172307
1695 0.00014576429866269
1706 3.382257549850835e-05
1713 4.787143878550288e-05
1773 0.0001002340757964429
1881 8.408656954820681e-05
1882 9.496067334174995e-05
1922 7.334292682143156e-06
1929 4.2158123180710165e-05
1931 7.754816608258265e-05
1936 0.00011024565393173974
1985 9.496067334174995e-05
2042 8.383730339089555e-05
2076 7.66818067754729e-05
2077 0.0001804365299615294
2083 0.00010422176939821458
2085 0.0001147195668623605
2087 0.0001753021616311125
2093 0.00011811516886331826
2231 0.00021605372159664503
2238 0.00011913044365880717
2239 0.0001251273376474703
2271 0.00015890538922556517
2299 0.00010982004923951138
2300 0.00011024565393173974
2321 8.691610145495967e-05
2326 0.00011913044365880717
2384 3.364472337590274e-05
2389 8.070779096331723e-05
2466 0.00010939812948263226
2493 2.5565430128539482e-05
2506 0.00014488623116808087
2516 0.00021244233432427055
2550 5.3403616896513294e-05
2563 2.4450245822639586e-05
2564 4.692973938522239e-05
2571 6.593667904531496e-05
2582 7.458098891001271e-05
2586 9.502842032885344e-06
2589 0.0001228603508781383
2590 8.771718405598661e-05
2607 3.3290954653437934e-05
2618 4.846937791309118e-05
2626 0.0001287387249198448
2635 0.00015554326811050196
2636 0.00016508218077975113
2667 8.358930576913648e-05
2675 0.00010694056199521868
2685 7.754816608258265e-05
2716 0.0001523982138465608
2795 0.00021605372159664503
2827 0.0001196461249524729
2874 0.0002059351589452662
2896 0.00011379132113009053
2897 0.00013332088986277624
2903 8.718166847460814e-05
2904 0.00015139340654708521
2909 0.00018825025618924418
2910 0.00016007969731333051
2939 0.00013065000625947455
2940 7.910237522724487e-05
2945 0.0001196461249524729
2955 4.7516165565500014e-05
2958 6.950834500520415e-05
2963 8.509658347491132e-05
3050 5.1064059112276297e-05
3051 7.910237522724487e-05
3055 0.00022883910672981793
3067 0.00010093525951244397
3113 6.165346047478709e-05
3168 0.0001275049519955334
3169 0.0001391464957049546
3212 7.356359438910525e-05
3278 0.0001753021616311125
3333 0.00016007969731333051
3343 0.00011614595437539213
3419 0.00011712061541501202
3459 0.0001423431449207802
3513 6.056183085252843e-05
3576 5.3536945098705395e-05
3586 6.228840662358072e-05
3600 0.0001002340757964429
3605 5.380470086849468e-05
3642 0.00013542473142615584
3646 0.00020908021320920737
3657 4.716346370617082e-05
3681 0.0001287387249198448
3719 2.489326185102742e-05
3727 6.424444555902466e-05
3743 3.233112827567267e-05
3746 1.903006184883404e-05
3766 5.131853189681648e-05
3786 0.00010058340652177312
3814 0.00014576429866269
3819 6.424444555902466e-05
3832 3.3290954653437934e-05
3875 3.285232498188492e-05
3882 0.00012016732165868515
3887 5.5861184383926875e-05
3969 6.0101372993599195e-05
3970 6.663037655997976e-05
4040 0.00018418695135817993
4189 4.981125419104163e-05
4192 0.00019041645403432799
4220 4.3879500470736716e-05
4224 8.236790279729728e-05
4225 0.00010897983139923425
4247 4.846937791309118e-05
4314 3.1644758795232604e-05
4381 4.3226837668107787e-05
4390 8.825864993225359e-05
4399 9.282164663063054e-05
4402 6.950834500520415e-05
4432 6.4078409870285e-05
4461 9.19329029551259e-05
4467 5.5861184383926875e-05
4481 9.282164663063054e-05
4485 7.159039254876493e-05
4492 6.969398876306011e-05
4495 3.207260550754382e-05
4502 6.424444555902466e-05
4503 7.798719092134497e-05
4516 0.00011663084820199027
4533 5.685140711216779e-05
4546 7.625433537211054e-05
4563 4.728074758348793e-05
4566 9.68719546813797e-05
4577 3.9085797470059324e-05
4652 4.476354154013861e-05
4653 0.00020298083458234552
4676 1.811794967986411e-05
4831 0.00013065000625947455
4832 0.0001347133110905388
4833 0.0001431761810607271
4834 1.7286007534181456e-05
4835 0.0001440237055098346
4839 3.088397517794058e-05
4846 4.681329625334851e-05
4878 6.969398876306011e-05
4885 0.0001027336712532598
4911 6.341986704442123e-05
4913 6.457822376461287e-05
4914 6.542281037332744e-05
4933 2.564069103539461e-05
4972 4.681329625334851e-05
4973 0.00014576429866269
5033 0.0001347133110905388
5036 0.0001677901789526326
5043 0.00010422176939821458
5171 7.52017798211394e-05
5192 8.001326955199571e-05
5217 7.159039254876493e-05
5222 2.3001954162320978e-05
5290 0.00013614669170503938
5294 9.68719546813797e-05
5360 0.00014488623116808087
5361 0.00015447220461114937
5379 2.541525611908456e-05
5380 3.8298201700263376e-05
5395 3.215862746722012e-05
5411 8.164949036359771e-05
5416 0.00013332088986277624
5427 3.490353872923123e-05
5469 1.1433598200043818e-05
5550 4.944160821510571e-05
5574 0.00013401212737453773
5669 0.0001300045474523503
5687 2.724862948448243e-05
5699 8.260974660633398e-05
5700 0.00010575674440844711
5701 0.00010575674440844711
5716 0.00015775871449691997
5726 0.00013614669170503938
5810 5.261121850249547e-05
5858 6.663037655997976e-05
5862 6.610917985376751e-05
5865 0.0001196461249524729
5879 0.0002875104201589402
5894 1.5848029138067838e-05
5896 1.6219082409210568e-05
5912 0.00010498321344481378
5934 5.434466680855229e-05
5938 5.91933076971794e-05
5953 0.0001664173719040451
5984 3.088397517794058e-05
5988 7.044371782011974e-05
6022 2.0770655001689466e-05
6035 9.818910047034337e-05
6036 0.00017370426675739054
6099 0.0002059351589452662
6114 0.00010536844412685977
6211 7.356359438910525e-05
6212 0.0001391464957049546
6242 3.105201474962982e-05
6251 0.0001228603508781383
6336 0.00015890538922556517
6337 0.00016007969731333051
6348 9.590694438493474e-05
6371 0.0001664173719040451
6377 0.00010694056199521868
6387 9.558947467904783e-05
6399 8.212725328354177e-05
6400 0.00016920278300425065
6401 0.00019756065060853997
6408 4.3989132524856074e-05
6413 9.590694438493474e-05
6458 0.00015554326811050196
6467 4.669713069773751e-05
6468 4.669713069773751e-05
6481 0.00012936752625714268
6490 2.724862948448243e-05
6506 8.88061998220748e-05
6507 6.212889280683989e-05
6512 0.0001431761810607271
6527 0.00030726931367955075
6536 7.499396958083494e-05
6540 6.040786096929821e-05
6547 0.0001475693727081854
6566 7.082295263288685e-05
6568 3.9584588186023764e-05
6569 4.981125419104163e-05
6578 6.025437603138515e-05
6586 5.24803957997587e-05
6590 8.691610145495967e-05
6593 7.754816608258265e-05
6661 5.889434094657216e-05
6665 0.00012936752625714268
6689 7.376538112671329e-05
6760 1.9892587507080337e-05
6762 7.139739654402146e-05
6763 7.27647006365303e-05
6815 7.178415593526694e-05
6822 8.535239208071232e-05
6905 2.9805618738211806e-05
6919 7.3968006896828e-05
6920 9.403242760948e-05
6929 5.904359505253569e-05
6960 3.259102983841739e-05
6972 6.133906307779394e-05
6992 4.787143878550288e-05
6995 7.843020694973282e-05
7023 0.0002875104201589402
7067 3.508605365233e-05
7073 5.516600244482883e-05
7133 0.00018617626542465564
7178 3.714017269315804e-05
7180 0.0001275049519955334
7261 0.00017695423263882194
7262 0.00018418695135817993
7327 0.00011761535496899039
7406 6.698096388147314e-05
7408 8.691610145495967e-05
7482 2.5340342303404983e-05
7483 2.8590308184836374e-05
7554 8.260974660633398e-05
7609 0.00018825025618924418
7627 7.887728740211037e-05
7643 0.00019756065060853997
7701 0.00011425323385392718
7717 0.00018227567001855016
7784 7.082295263288685e-05
7808 4.7398314413738584e-05
7814 0.0001275049519955334
7818 2.996997446737178e-05
7836 6.424444555902466e-05
7839 0.00010614816360120087
7877 8.853165584237468e-05
7890 9.233159952796689e-06
7891 6.932340577943291e-05
7892 0.0001002340757964429
7894 6.374802604546662e-05
7902 7.376538112671329e-05
7903 8.141235399539764e-05
7938 4.907474504580058e-05
7943 7.64676023536449e-05
7981 6.950834500520415e-05
7987 7.843020694973282e-05
8000 0.00016378259903044513
8001 0.00022419450561242282
8009 2.7093186202753706e-05
8010 3.97855428110104e-05
8020 0.00016920278300425065
8042 6.663037655997976e-05
8054 2.9805618738211806e-05
8061 7.865323446718271e-05
8101 0.0001523982138465608
8144 1.8182537399726556e-05
8149 0.00011811516886331826
8204 5.1064059112276297e-05
8234 4.8109734749355606e-05
8349 4.919672615455441e-05
8444 5.815485137703107e-05
8447 4.100899018649567e-05
8457 0.00016378259903044513
8520 5.874554257904601e-05
8521 6.610917985376751e-05
8539 7.955569410086921e-05
8639 3.69498153124238e-05
8659 0.00012936752625714268
8670 0.00010654275221462514
8673 0.00022419450561242282
8678 4.409901177660094e-05
8693 8.484211069037113e-05
8694 8.88061998220748e-05
8695 4.476354154013861e-05
8696 4.787143878550288e-05
8697 0.0001376235146469122
8738 8.853165584237468e-05
8800 0.00011379132113009053
8813 4.431951634967444e-05
8845 0.0001431761810607271
8871 7.025520142447097e-05
