204
10 0.009184371423949999
79 0.0037386019151602586
91 0.013379822134408465
93 0.0031268890697205283
139 0.0031029656786900174
148 0.00302234004477285
158 0.0014711288757959047
210 0.004368422559873545
225 0.0012277178414209426
277 0.001566807850320605
332 0.018454991375744093
338 0.003961896388889953
375 0.0023729997728901154
405 0.0033919824724833528
407 0.005863559541598122
436 0.0017599469734047696
438 0.005087080152824018
456 0.004663356302106476
513 0.005486245445502294
521 0.0035108986565578434
523 0.007671342034753238
527 0.004076632989179553
571 0.010275082140684663
639 0.0036655575606570497
813 0.005953108179298581
941 0.005535002241302639
946 0.012525449668552794
961 0.0035627310962116784
969 0.0030001392142446457
975 0.0041253229781787115
1102 0.0027127233897950337
1108 0.004663356302106476
1272 0.00503839016382486
1309 0.004718109415413137
1379 0.004524488270856986
1411 0.011625140478627439
1430 0.004777463497846203
1439 0.0030794477884460263
1468 0.0036208157818461645
1499 0.008806774964571443
1568 0.005649061224990897
1571 0.004228149442624083
1650 0.01497405301395982
1663 0.008186239183567012
1702 0.004459940711469488
1781 0.004175783895697024
1802 0.00682531671624343
1921 0.0002088281673586575
2025 0.0024302252978380453
2029 0.0034981835368241804
2040 0.005486245445502294
2075 0.0021833490798179376
2122 0.0032012384065032377
2123 0.003320811882351876
2144 0.00682531671624343
2150 0.0032933352952530972
2372 0.002581024743522205
2388 0.006893940891997602
2408 0.006151663791914697
2416 0.002459748162805817
2421 0.009891708788126929
2431 0.008186239183567012
2491 0.009718212008295524
2492 0.0014558409795881395
2684 0.002208016792741139
2771 0.003151232190711557
2784 0.003091156906932945
2888 0.008186239183567012
2896 0.007592049651482823
3034 0.0052443262316424905
3050 0.006756808639219228
3079 0.005625113476751783
3133 0.0034981835368241804
3139 0.005863559541598122
3149 0.0021651318950752212
3222 0.003897348829502455
3599 0.002853949148555588
3627 0.0022018086288880965
3639 0.014448964017843407
3641 0.0038559271772201304
3656 0.005371511674752643
3760 0.00302234004477285
3928 0.004255092469898405
3947 0.006151663791914697
4002 0.003596166986557254
4003 0.0037015991274611687
4040 0.0052443262316424905
4051 0.005700132952309364
4221 0.0012493741475885162
4228 0.004991351004653273
4231 0.0057794415265107445
4253 0.018454991375744093
4346 0.0014611845248064805
4383 0.00525289864544918
4489 0.005700132952309364
4500 0.0026514348390846844
4534 0.0016187212146442152
4573 0.0038157063232008956
4631 0.007787073890888737
4819 0.0051528307270542065
4886 0.008775359216061195
4888 0.010488652463284981
4943 0.0019375234131045731
4978 0.0038157063232008956
5008 0.0053009676596310895
5017 0.004622643921528558
5037 0.004777463497846203
5046 0.00682531671624343
5086 0.04334689205353022
5163 0.0015945196306238448
5168 0.006383455060760102
5171 0.0032140267210517166
5172 0.00214120850404471
5193 0.00227820529791497
5198 0.007923792777779905
5229 0.0014042525466531925
5255 0.003405169883522461
5362 0.004398262899343652
5367 0.0038559271772201304
5380 0.000723644608732529
5381 0.0010904587014464767
5435 0.0020383820395993386
5556 0.004100764420139443
5583 0.01680687858882234
5675 0.008744178793718813
5717 0.00449183918081965
5807 0.0022522695464064096
5811 0.0014979909881605098
5869 0.0041323780569742586
5961 0.008186239183567012
5985 0.008793545903699886
5988 0.0022205170782460906
5989 0.0020057329495620033
6006 0.0031029656786900174
6007 0.004738375777664057
6058 0.0031390072454941355
6076 0.009635368703730874
6293 0.0025207479772116396
6381 0.003151232190711557
6388 0.005443408296100154
6430 0.0016558339791440922
6451 0.00503839016382486
6469 0.0026592001838864963
6499 0.0053009676596310895
6507 0.002528565024965912
6626 0.0033630747121721795
6634 0.0033630747121721795
6761 0.004531188239312458
6764 0.0020718179299449137
6775 0.004663356302106476
6823 0.004860450595676091
6824 0.0034670019480409335
6900 0.006383455060760102
6921 0.00535474118118649
6923 0.011558883053021489
6930 0.0016811390386843388
6993 0.0013630359822888233
7038 0.008186239183567012
7101 0.004368422559873545
7134 0.010601935319262179
7179 0.0010574863228160524
7182 0.003596166986557254
7336 0.003613192013729992
7370 0.0026686713626843843
7407 0.003814276997518777
7462 0.007224482008921704
7484 0.0008140473691478011
7503 0.002758220000384843
7555 0.00470426876521181
7676 0.024509011834764075
7680 0.002352134382605905
7776 0.0030001392142446457
7800 0.01070948236237298
7862 0.0075532372060374995
7904 0.002318041210245954
7988 0.004466262008536862
8011 0.0011328075320502385
8033 0.0017243675289384452
8043 0.0037943125616775692
8059 0.0025207479772116396
8062 0.0022394812318579306
8069 0.0032399624725602772
8080 0.0089836783616393
8091 0.002721704148050077
8096 0.004368422559873545
8129 0.007592049651482823
8159 0.0062297516290684895
8218 0.007477457235910922
8234 0.00980360473390563
8235 0.002739641891924966
8448 0.00116764255764233
8515 0.007224482008921704
8527 0.0062297516290684895
8560 0.0064799249451205545
8595 0.005700132952309364
8605 0.004398262899343652
8660 0.0036834613226953846
8723 0.0041099985436447335
8739 0.010082991908846558
8812 0.0067839649449667055
8814 0.00504761060330094
8865 0.006048837327469326
8872 0.0020003653517408474
8873 0.0029674901242073104
