286
15 6.0101372993599195e-05
17 0.00012016732165868515
39 0.00022419450561242282
40 0.00026261715830791277
45 0.00015663840245623315
53 0.00010200632301179658
58 3.9886331735258645e-05
68 3.241760820520544e-05
70 0.00011566583790554528
81 0.00020908021320920737
82 8.334256383691721e-05
105 0.0002734912621014559
158 1.722259642893919e-05
160 3.6009024944890365e-05
163 4.4209139343250144e-05
225 4.311890533715833e-05
276 4.8109734749355606e-05
277 5.502814824397996e-05
344 9.164022082905678e-05
360 0.00020298083458234552
412 6.391293797104737e-05
413 7.562007790453742e-05
459 8.798716495431228e-05
463 2.104404381130732e-05
473 4.858985121920245e-05
509 1.4811799641107606e-05
511 4.409901177660094e-05
668 8.63892700805903e-05
706 6.525271795805037e-05
708 9.654815662959692e-05
732 0.00011614595437539213
735 0.00017370426675739054
785 9.134928606937549e-05
814 0.00014488623116808087
855 9.464928935894339e-05
861 7.316251041712385e-05
872 6.593667904531496e-05
1041 0.00010734164596720007
1140 3.8493910507496085e-05
1164 8.408656954820681e-05
1165 8.433711728522342e-05
1183 0.00010310145735752775
1216 4.5550455969092306e-05
1217 9.818910047034337e-05
1234 2.8271279696782107e-05
1254 8.96392359620217e-05
1265 6.576478670658657e-05
1269 8.433711728522342e-05
1350 6.374802604546662e-05
1440 0.00010815385522706535
1469 6.358367031630664e-05
1477 0.00016378259903044513
1556 0.00022419450561242282
1572 0.00014849761844045535
1576 0.0001376235146469122
1638 7.33626397641186e-05
1641 7.583058115843726e-05
1665 0.00013263932032595027
1706 3.382257549850835e-05
1713 4.787143878550288e-05
1729 0.00010200632301179658
1730 0.00019756065060853997
1777 4.871062309639001e-05
1785 0.00010734164596720007
1881 8.408656954820681e-05
1884 0.00018617626542465564
1922 7.334292682143156e-06
1929 4.2158123180710165e-05
1931 7.754816608258265e-05
1936 0.00011024565393173974
1946 0.00015342417653056774
1957 8.88061998220748e-05
1985 9.496067334174995e-05
2042 8.383730339089555e-05
2083 0.00010422176939821458
2085 0.0001147195668623605
2144 0.0001263016457352357
2146 0.0001347133110905388
2216 0.0001677901789526326
2242 0.00013614669170503938
2292 0.00018418695135817993
2293 0.00018617626542465564
2299 0.00010982004923951138
2300 0.00011024565393173974
2341 8.744869066327002e-05
2343 0.0001263016457352357
2371 8.858094887998e-06
2391 2.4157123570420575e-05
2394 0.0001523982138465608
2403 0.0001431761810607271
2415 0.0001275049519955334
2466 0.00010939812948263226
2523 0.0001504088997800851
2524 0.00016920278300425065
2526 8.070779096331723e-05
2550 5.3403616896513294e-05
2557 0.00012230970742046953
2559 7.604199766141655e-05
2563 2.4450245822639586e-05
2564 4.692973938522239e-05
2571 6.593667904531496e-05
2586 9.502842032885344e-06
2607 3.3290954653437934e-05
2612 8.001326955199571e-05
2613 0.00015554326811050196
2618 4.846937791309118e-05
2620 0.00010347204034115494
2647 0.00018825025618924418
2667 8.358930576913648e-05
2675 0.00010694056199521868
2685 7.754816608258265e-05
2759 0.00015554326811050196
2761 0.00030726931367955075
2772 0.00011067500849334801
2945 0.0001196461249524729
2947 0.00022883910672981793
2955 4.7516165565500014e-05
2958 6.950834500520415e-05
2965 0.00019268344080366
2976 5.461691012835996e-05
3112 0.0001440237055098346
3113 6.165346047478709e-05
3228 4.566391685271689e-05
3229 4.669713069773751e-05
3230 4.692973938522239e-05
3288 0.0002199543170027505
3307 8.408656954820681e-05
3409 8.458895984833521e-05
3507 9.134928606937549e-05
3513 6.056183085252843e-05
3572 5.234992335902794e-05
3724 5.7716484755306535e-05
3746 1.903006184883404e-05
3802 0.0002875104201589402
3832 3.3290954653437934e-05
3847 0.0001677901789526326
3872 9.164022082905678e-05
3875 3.285232498188492e-05
3884 8.433711728522342e-05
3969 6.0101372993599195e-05
3970 6.663037655997976e-05
4103 0.00023397347506023475
4105 9.988723143186235e-05
4158 0.00011519040557349246
4189 4.981125419104163e-05
4195 0.00016251677649793962
4220 4.3879500470736716e-05
4247 4.846937791309118e-05
4295 0.00012176521653240713
4308 7.955569410086921e-05
4314 3.1644758795232604e-05
4321 0.00010200632301179658
4460 0.00011862016226846598
4481 9.282164663063054e-05
4492 6.969398876306011e-05
4518 0.00015139340654708521
4652 4.476354154013861e-05
4659 6.610917985376751e-05
4660 0.00030726931367955075
4759 5.0810908270240366e-05
4834 1.7286007534181456e-05
4839 3.088397517794058e-05
4846 4.681329625334851e-05
4933 2.564069103539461e-05
4972 4.681329625334851e-05
4974 0.00013263932032595027
5011 0.00010310145735752775
5012 0.00010774605847492284
5161 5.502814824397996e-05
5162 5.6001418804450566e-05
5170 0.0001128804268053397
5176 0.0001347133110905388
5181 0.00016007969731333051
5192 8.001326955199571e-05
5222 2.3001954162320978e-05
5228 4.931901336427842e-05
5254 5.9796800580258657e-05
5314 0.00030726931367955075
5379 2.541525611908456e-05
5380 3.8298201700263376e-05
5411 8.164949036359771e-05
5434 7.159039254876493e-05
5462 0.00010654275221462514
5473 0.0001251273376474703
5490 0.00015447220461114937
5558 9.68719546813797e-05
5559 0.0001786642827461757
5702 3.9886331735258645e-05
5751 0.00023397347506023475
5810 5.261121850249547e-05
5811 0.00010310145735752775
5911 7.47870417645905e-05
5964 0.0001440237055098346
5984 3.088397517794058e-05
5991 0.0001664173719040451
6022 2.0770655001689466e-05
6033 0.00011519040557349246
6035 9.818910047034337e-05
6038 0.00011663084820199027
6120 0.0001504088997800851
6121 0.0001523982138465608
6162 0.0001128804268053397
6164 0.0001300045474523503
6172 0.00012230970742046953
6211 7.356359438910525e-05
6254 8.141235399539764e-05
6264 4.7398314413738584e-05
6265 0.0001275049519955334
6356 6.733409171295719e-05
6429 5.815485137703107e-05
6434 0.00014576429866269
6490 2.724862948448243e-05
6517 0.0001391464957049546
6534 0.00018418695135817993
6568 3.9584588186023764e-05
6569 4.981125419104163e-05
6619 5.7716484755306535e-05
6706 7.910237522724487e-05
6760 1.9892587507080337e-05
6762 7.139739654402146e-05
6763 7.27647006365303e-05
6784 9.68719546813797e-05
6785 0.0001228603508781383
6833 2.7093186202753706e-05
6885 5.131853189681648e-05
6893 9.252359415714085e-05
6894 9.252359415714085e-05
6900 0.00026261715830791277
7067 3.508605365233e-05
7124 6.859058854884968e-05
7146 0.00019756065060853997
7174 7.256700694753944e-05
7357 0.00019756065060853997
7373 7.27647006365303e-05
7374 0.00010498321344481378
7375 0.00019268344080366
7385 0.00017065756051371745
7503 3.173002815645075e-05
7571 0.00015890538922556517
7608 0.00015554326811050196
7665 0.00010422176939821458
7671 9.134928606937549e-05
7724 9.920086195142229e-05
7808 4.7398314413738584e-05
7815 0.00016508218077975113
7890 9.233159952796689e-06
7891 6.932340577943291e-05
7892 0.0001002340757964429
7894 6.374802604546662e-05
7902 7.376538112671329e-05
7903 8.141235399539764e-05
7904 6.056183085252843e-05
7995 9.134928606937549e-05
8000 0.00016378259903044513
8009 2.7093186202753706e-05
8010 3.97855428110104e-05
8016 3.6571316885345003e-05
8031 5.5721352358276173e-05
8032 6.056183085252843e-05
8054 2.9805618738211806e-05
8058 8.853165584237468e-05
8059 0.00011425323385392718
8060 0.0001147195668623605
8124 0.0001300045474523503
8144 1.8182537399726556e-05
8170 0.00011425323385392718
8234 4.8109734749355606e-05
8437 8.433711728522342e-05
8439 0.0002199543170027505
8447 4.100899018649567e-05
8503 7.256700694753944e-05
8513 4.3335009582674306e-05
8516 8.024367862190805e-05
8520 5.874554257904601e-05
8521 6.610917985376751e-05
8530 0.0001147195668623605
8633 5.949411993323993e-05
8638 6.491430390704548e-05
8661 7.843020694973282e-05
8663 8.001326955199571e-05
8670 0.00010654275221462514
8676 0.0001423431449207802
8678 4.409901177660094e-05
8813 4.431951634967444e-05
8871 7.025520142447097e-05
8897 0.00015342417653056774
