187
119 0.00022883910672981793
138 5.5304247721948624e-05
160 3.6009024944890365e-05
240 0.00010347204034115494
276 4.8109734749355606e-05
277 5.502814824397996e-05
330 6.358367031630664e-05
333 0.00020908021320920737
430 2.1595466130645556e-05
436 6.181142310095298e-05
463 2.104404381130732e-05
473 4.858985121920245e-05
509 1.4811799641107606e-05
511 4.409901177660094e-05
632 6.4078409870285e-05
633 0.00010058340652177312
706 6.525271795805037e-05
707 9.496067334174995e-05
859 0.00017065756051371745
986 0.00030726931367955075
988 0.00013263932032595027
1114 0.00023971321052336105
1115 0.0002734912621014559
1140 3.8493910507496085e-05
1145 9.920086195142229e-05
1146 0.0001504088997800851
1208 0.00012571095453322076
1223 0.00014849761844045535
1328 0.00023971321052336105
1329 0.0002462203859023654
1334 9.886126874785542e-05
1339 0.0001399262151792957
1430 0.0002734912621014559
1469 6.358367031630664e-05
1502 0.0002462203859023654
1511 9.312153328472917e-05
1706 3.382257549850835e-05
1713 4.787143878550288e-05
1821 0.00023971321052336105
1922 7.334292682143156e-06
1929 4.2158123180710165e-05
1931 7.754816608258265e-05
2083 0.00010422176939821458
2118 6.715720793434914e-05
2212 0.00017695423263882194
2358 0.0001804365299615294
2371 8.858094887998e-06
2450 0.0001504088997800851
2475 0.00015447220461114937
2479 0.00013542473142615584
2563 2.4450245822639586e-05
2564 4.692973938522239e-05
2607 3.3290954653437934e-05
2612 8.001326955199571e-05
2667 8.358930576913648e-05
2732 0.00012069415303305452
2733 0.0001786642827461757
2843 7.33626397641186e-05
2850 9.252359415714085e-05
2877 0.00014944388948364012
2896 0.00011379132113009053
2897 0.00013332088986277624
2939 0.00013065000625947455
2976 5.461691012835996e-05
3113 6.165346047478709e-05
3134 0.0001228603508781383
3177 0.00016378259903044513
3319 0.00019268344080366
3519 8.586807337437805e-05
3605 5.380470086849468e-05
3608 0.0002537323685808453
3625 0.0001431761810607271
3627 6.491430390704548e-05
3628 7.733012801189119e-05
3657 4.716346370617082e-05
3766 5.131853189681648e-05
3832 3.3290954653437934e-05
3884 8.433711728522342e-05
4108 9.654815662959692e-05
4298 0.00011614595437539213
4340 0.00012936752625714268
4375 7.541048004377448e-05
4399 9.282164663063054e-05
4461 9.19329029551259e-05
4699 3.676019862375966e-05
4723 9.106007793564448e-05
4831 0.00013065000625947455
4832 0.0001347133110905388
4834 1.7286007534181456e-05
4839 3.088397517794058e-05
4846 4.681329625334851e-05
4933 2.564069103539461e-05
4935 0.00011862016226846598
5161 5.502814824397996e-05
5162 5.6001418804450566e-05
5170 0.0001128804268053397
5171 7.52017798211394e-05
5176 0.0001347133110905388
5222 2.3001954162320978e-05
5228 4.931901336427842e-05
5254 5.9796800580258657e-05
5290 0.00013614669170503938
5469 1.1433598200043818e-05
5535 0.00014944388948364012
5536 0.00018418695135817993
5550 4.944160821510571e-05
5702 3.9886331735258645e-05
5822 9.134928606937549e-05
5894 1.5848029138067838e-05
5896 1.6219082409210568e-05
5934 5.434466680855229e-05
5938 5.91933076971794e-05
5981 0.0001664173719040451
6211 7.356359438910525e-05
6242 3.105201474962982e-05
6434 0.00014576429866269
6436 0.0001804365299615294
6497 0.0001664173719040451
6536 7.499396958083494e-05
6566 7.082295263288685e-05
6568 3.9584588186023764e-05
6569 4.981125419104163e-05
6600 0.00013065000625947455
6661 5.889434094657216e-05
6675 5.7716484755306535e-05
6678 0.00012230970742046953
6687 6.196989942762013e-05
6762 7.139739654402146e-05
6763 7.27647006365303e-05
6789 4.7516165565500014e-05
6796 8.260974660633398e-05
6851 0.0001275049519955334
6885 5.131853189681648e-05
6960 3.259102983841739e-05
6972 6.133906307779394e-05
6974 0.00019041645403432799
6992 4.787143878550288e-05
6995 7.843020694973282e-05
7161 0.0001423431449207802
7177 0.00015447220461114937
7303 0.00020298083458234552
7304 0.00026261715830791277
7311 0.0001475693727081854
7400 0.0002875104201589402
7476 8.117636599183342e-05
7480 9.252359415714085e-05
7482 2.5340342303404983e-05
7496 0.00018227567001855016
7503 3.173002815645075e-05
7579 0.00015775871449691997
7580 0.0001804365299615294
7608 0.00015554326811050196
7677 6.988034244141115e-05
7818 2.996997446737178e-05
7836 6.424444555902466e-05
7841 0.0001300045474523503
7890 9.233159952796689e-06
7958 9.496067334174995e-05
8009 2.7093186202753706e-05
8010 3.97855428110104e-05
8031 5.5721352358276173e-05
8032 6.056183085252843e-05
8047 9.312153328472917e-05
8053 0.00016007969731333051
8084 0.00011333374567896404
8102 0.00020908021320920737
8144 1.8182537399726556e-05
8149 0.00011811516886331826
8170 0.00011425323385392718
8204 5.1064059112276297e-05
8342 0.00016251677649793962
8344 0.00018617626542465564
8414 0.0002875104201589402
8442 8.001326955199571e-05
8447 4.100899018649567e-05
8465 0.0002537323685808453
8496 0.00017695423263882194
8503 7.256700694753944e-05
8516 8.024367862190805e-05
8541 0.00018825025618924418
8562 0.00013614669170503938
8563 0.0001376235146469122
8564 0.00014071861357331354
8670 0.00010654275221462514
8672 0.00030726931367955075
8695 4.476354154013861e-05
8696 4.787143878550288e-05
