262
58 3.9886331735258645e-05
68 3.241760820520544e-05
72 0.00013837905578907654
74 0.00013614669170503938
210 0.00015342417653056774
430 2.1595466130645556e-05
449 6.628229345501092e-05
458 0.00011198624708459517
463 2.104404381130732e-05
509 1.4811799641107606e-05
695 0.00011519040557349246
700 0.00013542473142615584
702 0.0001786642827461757
722 0.00011663084820199027
765 7.499396958083494e-05
837 0.0001128804268053397
838 0.00011614595437539213
963 0.00013614669170503938
965 0.0001391464957049546
990 0.00010939812948263226
1328 0.00023971321052336105
1329 0.0002462203859023654
1371 0.00011519040557349246
1391 6.491430390704548e-05
1438 0.00014071861357331354
1576 0.0001376235146469122
1654 0.00021244233432427055
1666 0.0001804365299615294
1706 3.382257549850835e-05
1713 4.787143878550288e-05
1739 0.00015775871449691997
1740 0.00022883910672981793
1888 6.071628875522179e-05
1922 7.334292682143156e-06
1987 0.00012571095453322076
1993 0.00014576429866269
1994 0.0001504088997800851
2029 0.00012122674224136485
2030 0.0001228603508781383
2040 4.7398314413738584e-05
2202 0.00021244233432427055
2248 0.00020298083458234552
2294 8.535239208071232e-05
2299 0.00010982004923951138
2300 0.00011024565393173974
2371 8.858094887998e-06
2391 2.4157123570420575e-05
2392 0.0001281179340087181
2398 0.0001027336712532598
2399 0.000126899584862824
2417 8.63892700805903e-05
2439 5.502814824397996e-05
2493 2.5565430128539482e-05
2563 2.4450245822639586e-05
2586 9.502842032885344e-06
2590 8.771718405598661e-05
2625 0.00016251677649793962
2718 8.88061998220748e-05
2721 0.0001475693727081854
2722 0.00014944388948364012
2723 0.00018227567001855016
2744 7.52017798211394e-05
2834 0.00014849761844045535
2839 0.0001391464957049546
2840 0.00014944388948364012
2982 7.197869283035229e-05
3149 7.541048004377448e-05
3150 7.604199766141655e-05
3226 8.164949036359771e-05
3227 0.0002059351589452662
3228 4.566391685271689e-05
3229 4.669713069773751e-05
3230 4.692973938522239e-05
3308 0.00012571095453322076
3421 8.586807337437805e-05
3478 7.865323446718271e-05
3482 0.00014665847838343454
3605 5.380470086849468e-05
3627 6.491430390704548e-05
3628 7.733012801189119e-05
3654 6.663037655997976e-05
3657 4.716346370617082e-05
3691 0.00011425323385392718
3707 0.00015663840245623315
3719 2.489326185102742e-05
3731 5.3138049876864844e-05
3819 6.424444555902466e-05
3832 3.3290954653437934e-05
3840 0.00010774605847492284
3869 0.0001523982138465608
3884 8.433711728522342e-05
3885 0.0001391464957049546
3887 5.5861184383926875e-05
3996 7.417147870601431e-05
4002 0.0001263016457352357
4042 0.00012571095453322076
4094 0.00010694056199521868
4154 0.00012571095453322076
4189 4.981125419104163e-05
4246 0.00017695423263882194
4267 0.00011519040557349246
4314 3.1644758795232604e-05
4329 3.676019862375966e-05
4332 8.117636599183342e-05
4336 0.00012571095453322076
4381 4.3226837668107787e-05
4382 6.14960082295629e-05
4431 0.00013196715204843822
4513 9.19329029551259e-05
4519 0.00010128967145643295
4563 4.728074758348793e-05
4619 0.00010856509334268535
4621 0.00022419450561242282
4658 8.334256383691721e-05
4676 1.811794967986411e-05
4818 9.048676041112919e-05
4851 0.0001399262151792957
4852 0.00015663840245623315
4926 0.00010236864012694453
4927 0.00010236864012694453
4933 2.564069103539461e-05
4936 0.00019506105515172307
5024 6.025437603138515e-05
5031 6.913916575845257e-05
5161 5.502814824397996e-05
5162 5.6001418804450566e-05
5164 0.00019506105515172307
5176 0.0001347133110905388
5222 2.3001954162320978e-05
5228 4.931901336427842e-05
5236 0.00010200632301179658
5242 6.786862826996617e-05
5254 5.9796800580258657e-05
5334 9.719791862251607e-05
5335 9.852402568908913e-05
5346 0.0002059351589452662
5385 0.00011519040557349246
5395 3.215862746722012e-05
5439 8.024367862190805e-05
5440 8.586807337437805e-05
5457 0.0001423431449207802
5469 1.1433598200043818e-05
5481 6.576478670658657e-05
5550 4.944160821510571e-05
5580 0.0001431761810607271
5581 0.00014488623116808087
5582 0.0001475693727081854
5613 0.0001804365299615294
5674 0.00010236864012694453
5810 5.261121850249547e-05
5862 6.610917985376751e-05
5894 1.5848029138067838e-05
5896 1.6219082409210568e-05
5909 6.663037655997976e-05
5934 5.434466680855229e-05
5938 5.91933076971794e-05
5984 3.088397517794058e-05
5985 7.52017798211394e-05
5987 7.798719092134497e-05
5988 7.044371782011974e-05
5989 0.00013130412920165632
6022 2.0770655001689466e-05
6084 7.843020694973282e-05
6087 0.00010236864012694453
6117 0.00021605372159664503
6195 9.622649587425546e-05
6197 5.5304247721948624e-05
6242 3.105201474962982e-05
6297 9.164022082905678e-05
6299 0.0001431761810607271
6368 0.00026261715830791277
6369 0.0002734912621014559
6386 0.00013837905578907654
6467 4.669713069773751e-05
6468 4.669713069773751e-05
6490 2.724862948448243e-05
6491 7.604199766141655e-05
6507 6.212889280683989e-05
6540 6.040786096929821e-05
6553 0.00016508218077975113
6586 5.24803957997587e-05
6588 6.576478670658657e-05
6614 8.484211069037113e-05
6615 0.00020298083458234552
6675 5.7716484755306535e-05
6679 9.527405980765772e-05
6680 9.558947467904783e-05
6682 6.698096388147314e-05
6687 6.196989942762013e-05
6712 6.025437603138515e-05
6717 0.00017215710736717137
6757 0.0001287387249198448
6789 4.7516165565500014e-05
6796 8.260974660633398e-05
6833 2.7093186202753706e-05
6905 2.9805618738211806e-05
6919 7.3968006896828e-05
6920 9.403242760948e-05
6980 0.00011379132113009053
6982 0.0001147195668623605
7121 0.00016920278300425065
7174 7.256700694753944e-05
7178 3.714017269315804e-05
7236 0.00010536844412685977
7237 0.00010536844412685977
7286 0.00019756065060853997
7341 0.00014071861357331354
7342 0.0002875104201589402
7413 0.0002734912621014559
7482 2.5340342303404983e-05
7483 2.8590308184836374e-05
7547 0.00016508218077975113
7554 8.260974660633398e-05
7577 8.853165584237468e-05
7578 8.88061998220748e-05
7590 0.0001239806629188251
7620 0.0001027336712532598
7715 0.00014071861357331354
7808 4.7398314413738584e-05
7818 2.996997446737178e-05
7884 0.00010982004923951138
7885 0.00018418695135817993
7904 6.056183085252843e-05
7938 4.907474504580058e-05
7943 7.64676023536449e-05
7958 9.496067334174995e-05
7960 9.954283828468142e-05
7961 0.0001523982138465608
7981 6.950834500520415e-05
7987 7.843020694973282e-05
8016 3.6571316885345003e-05
8017 0.00012122674224136485
8031 5.5721352358276173e-05
8032 6.056183085252843e-05
8042 6.663037655997976e-05
8054 2.9805618738211806e-05
8058 8.853165584237468e-05
8059 0.00011425323385392718
8060 0.0001147195668623605
8069 5.287392225192349e-05
8137 8.63892700805903e-05
8144 1.8182537399726556e-05
8349 4.919672615455441e-05
8442 8.001326955199571e-05
8510 0.00019268344080366
8513 4.3335009582674306e-05
8531 9.752607762356147e-05
8532 0.0001002340757964429
8571 9.496067334174995e-05
8591 0.00011761535496899039
8600 8.383730339089555e-05
8639 3.69498153124238e-05
8652 0.00010982004923951138
8676 0.0001423431449207802
8695 4.476354154013861e-05
8696 4.787143878550288e-05
8697 0.0001376235146469122
8763 6.542281037332744e-05
8890 0.00010058340652177312
8891 0.00010058340652177312
8905 0.0002537323685808453
8911 0.00019506105515172307
