331
15 6.0101372993599195e-05
58 3.9886331735258645e-05
77 8.691610145495967e-05
82 8.334256383691721e-05
158 1.722259642893919e-05
160 3.6009024944890365e-05
161 8.88061998220748e-05
163 4.4209139343250144e-05
276 4.8109734749355606e-05
277 5.502814824397996e-05
278 5.558192042480493e-05
281 0.00014665847838343454
318 9.719791862251607e-05
328 5.502814824397996e-05
430 2.1595466130645556e-05
459 8.798716495431228e-05
480 6.877276232176413e-05
509 1.4811799641107606e-05
511 4.409901177660094e-05
521 6.165346047478709e-05
584 0.00021244233432427055
632 6.4078409870285e-05
633 0.00010058340652177312
634 0.00023971321052336105
668 8.63892700805903e-05
700 0.00013542473142615584
723 6.212889280683989e-05
726 6.4078409870285e-05
818 0.00016128300357362823
819 0.0001677901789526326
821 0.00011243128604527755
829 0.00015890538922556517
858 0.00010815385522706535
861 7.316251041712385e-05
872 6.593667904531496e-05
878 0.0001440237055098346
882 0.00014665847838343454
891 5.757123449128065e-05
892 0.0001475693727081854
969 0.00010536844412685977
983 0.00010347204034115494
984 0.00014944388948364012
1048 0.00014849761844045535
1096 6.950834500520415e-05
1140 3.8493910507496085e-05
1164 8.408656954820681e-05
1165 8.433711728522342e-05
1176 0.0002059351589452662
1216 4.5550455969092306e-05
1217 9.818910047034337e-05
1234 2.8271279696782107e-05
1260 0.00017215710736717137
1262 0.0002462203859023654
1306 4.5550455969092306e-05
1316 0.00019756065060853997
1317 0.0002537323685808453
1374 9.920086195142229e-05
1376 0.00026261715830791277
1391 6.491430390704548e-05
1467 0.00020019542348213994
1469 6.358367031630664e-05
1476 0.00018825025618924418
1500 0.00010310145735752775
1559 0.00011425323385392718
1569 9.920086195142229e-05
1678 0.00015663840245623315
1679 0.0001677901789526326
1704 0.00018227567001855016
1814 0.0002537323685808453
1922 7.334292682143156e-06
1929 4.2158123180710165e-05
1941 8.024367862190805e-05
1987 0.00012571095453322076
1993 0.00014576429866269
1994 0.0001504088997800851
2004 7.217400943451535e-05
2040 4.7398314413738584e-05
2057 0.00020019542348213994
2076 7.66818067754729e-05
2118 6.715720793434914e-05
2148 8.383730339089555e-05
2149 8.408656954820681e-05
2151 0.00011566583790554528
2232 0.0002734912621014559
2292 0.00018418695135817993
2293 0.00018617626542465564
2371 8.858094887998e-06
2373 4.532432364915004e-05
2374 8.586807337437805e-05
2391 2.4157123570420575e-05
2436 0.0002199543170027505
2479 0.00013542473142615584
2493 2.5565430128539482e-05
2526 8.070779096331723e-05
2537 0.0002462203859023654
2563 2.4450245822639586e-05
2564 4.692973938522239e-05
2586 9.502842032885344e-06
2607 3.3290954653437934e-05
2657 0.00018227567001855016
2678 0.0001664173719040451
2685 7.754816608258265e-05
2708 0.0001300045474523503
2714 8.691610145495967e-05
2739 7.583058115843726e-05
2790 0.00011425323385392718
2791 0.00015663840245623315
2840 0.00014944388948364012
2843 7.33626397641186e-05
2877 0.00014944388948364012
2900 0.00017065756051371745
2934 0.00021244233432427055
2940 7.910237522724487e-05
2945 0.0001196461249524729
2955 4.7516165565500014e-05
2958 6.950834500520415e-05
2968 0.00019756065060853997
2989 0.0001523982138465608
3020 0.00015663840245623315
3021 0.00023397347506023475
3042 0.0001287387249198448
3067 0.00010093525951244397
3168 0.0001275049519955334
3169 0.0001391464957049546
3189 0.0002875104201589402
3256 0.00026261715830791277
3307 8.408656954820681e-05
3372 6.542281037332744e-05
3375 0.00010236864012694453
3381 0.0002875104201589402
3395 7.541048004377448e-05
3413 8.001326955199571e-05
3465 5.7716484755306535e-05
3564 0.00010774605847492284
3566 0.0002199543170027505
3576 5.3536945098705395e-05
3600 0.0001002340757964429
3605 5.380470086849468e-05
3627 6.491430390704548e-05
3641 0.0001228603508781383
3702 0.00016007969731333051
3731 5.3138049876864844e-05
3732 0.00010654275221462514
3733 0.0001128804268053397
3735 0.0002875104201589402
3743 3.233112827567267e-05
3746 1.903006184883404e-05
3800 0.00015775871449691997
3832 3.3290954653437934e-05
3840 0.00010774605847492284
3875 3.285232498188492e-05
3882 0.00012016732165868515
3884 8.433711728522342e-05
3885 0.0001391464957049546
4001 0.0001677901789526326
4018 9.342327683396404e-05
4042 0.00012571095453322076
4044 0.00014488623116808087
4154 0.00012571095453322076
4189 4.981125419104163e-05
4198 0.00013332088986277624
4220 4.3879500470736716e-05
4294 0.00026261715830791277
4298 0.00011614595437539213
4301 0.00011154523568104574
4308 7.955569410086921e-05
4309 0.00022883910672981793
4314 3.1644758795232604e-05
4315 7.256700694753944e-05
4320 0.00019268344080366
4321 0.00010200632301179658
4345 5.131853189681648e-05
4348 8.212725328354177e-05
4384 0.0001753021616311125
4392 8.334256383691721e-05
4399 9.282164663063054e-05
4402 6.950834500520415e-05
4406 6.508321716976057e-05
4453 3.6854914742017664e-05
4471 0.00017065756051371745
4495 3.207260550754382e-05
4509 0.0001281179340087181
4533 5.685140711216779e-05
4541 0.0001376235146469122
4577 3.9085797470059324e-05
4591 0.0001475693727081854
4606 0.00017215710736717137
4652 4.476354154013861e-05
4659 6.610917985376751e-05
4670 7.541048004377448e-05
4676 1.811794967986411e-05
4759 5.0810908270240366e-05
4808 0.0001245506276326127
4810 0.00010856509334268535
4834 1.7286007534181456e-05
4839 3.088397517794058e-05
4846 4.681329625334851e-05
4878 6.969398876306011e-05
4911 6.341986704442123e-05
4913 6.457822376461287e-05
4914 6.542281037332744e-05
4933 2.564069103539461e-05
4947 0.00016251677649793962
5104 0.0002199543170027505
5171 7.52017798211394e-05
5177 6.196989942762013e-05
5379 2.541525611908456e-05
5380 3.8298201700263376e-05
5395 3.215862746722012e-05
5408 0.00010774605847492284
5411 8.164949036359771e-05
5421 0.00026261715830791277
5427 3.490353872923123e-05
5455 8.908229930004346e-05
5469 1.1433598200043818e-05
5481 6.576478670658657e-05
5509 8.935997200289977e-05
5687 2.724862948448243e-05
5699 8.260974660633398e-05
5702 3.9886331735258645e-05
5729 9.106007793564448e-05
5731 0.0001415241100530177
5797 5.544288630052885e-05
5808 0.00011913044365880717
5810 5.261121850249547e-05
5811 0.00010310145735752775
5812 0.00023397347506023475
5894 1.5848029138067838e-05
5896 1.6219082409210568e-05
5932 0.00015663840245623315
5966 0.00026261715830791277
6106 7.217400943451535e-05
6119 0.00023397347506023475
6229 7.458098891001271e-05
6241 0.00019506105515172307
6242 3.105201474962982e-05
6249 0.00010897983139923425
6250 0.0002199543170027505
6251 0.0001228603508781383
6254 8.141235399539764e-05
6352 0.00011519040557349246
6377 0.00010694056199521868
6380 0.00011067500849334801
6387 9.558947467904783e-05
6434 0.00014576429866269
6507 6.212889280683989e-05
6536 7.499396958083494e-05
6561 0.00026261715830791277
6568 3.9584588186023764e-05
6569 4.981125419104163e-05
6590 8.691610145495967e-05
6595 7.66818067754729e-05
6650 9.785646144837983e-05
6654 0.00016251677649793962
6689 7.376538112671329e-05
6760 1.9892587507080337e-05
6762 7.139739654402146e-05
6763 7.27647006365303e-05
6815 7.178415593526694e-05
6822 8.535239208071232e-05
6992 4.787143878550288e-05
6999 6.309390310328486e-05
7010 0.0001504088997800851
7067 3.508605365233e-05
7073 5.516600244482883e-05
7075 0.00021605372159664503
7077 0.00018825025618924418
7080 0.0001263016457352357
7091 9.464928935894339e-05
7223 0.00016508218077975113
7251 7.689695691525318e-05
7303 0.00020298083458234552
7321 3.8200641252257444e-05
7390 0.00013065000625947455
7392 5.274239335290522e-05
7414 0.00010460100421098168
7444 9.886126874785542e-05
7447 0.00012176521653240713
7450 0.00012936752625714268
7451 0.0001300045474523503
7482 2.5340342303404983e-05
7483 2.8590308184836374e-05
7494 0.00010694056199521868
7502 9.68719546813797e-05
7503 3.173002815645075e-05
7581 0.00015775871449691997
7665 0.00010422176939821458
7677 6.988034244141115e-05
7678 8.260974660633398e-05
7679 8.260974660633398e-05
7718 9.527405980765772e-05
7719 0.00012016732165868515
7773 0.00023397347506023475
7775 0.00010536844412685977
7799 9.403242760948e-05
7818 2.996997446737178e-05
7836 6.424444555902466e-05
7841 0.0001300045474523503
7890 9.233159952796689e-06
8018 0.0001281179340087181
8042 6.663037655997976e-05
8068 0.00011379132113009053
8070 0.00022883910672981793
8109 8.285279662389543e-05
8122 0.00014576429866269
8126 0.00022419450561242282
8134 0.00012176521653240713
8144 1.8182537399726556e-05
8158 0.00010939812948263226
8204 5.1064059112276297e-05
8234 4.8109734749355606e-05
8349 4.919672615455441e-05
8447 4.100899018649567e-05
8633 5.949411993323993e-05
8638 6.491430390704548e-05
8670 0.00010654275221462514
8678 4.409901177660094e-05
8695 4.476354154013861e-05
8699 0.0001664173719040451
8753 0.00010614816360120087
8781 8.63892700805903e-05
8799 0.00012069415303305452
8800 0.00011379132113009053
8812 0.00018418695135817993
8813 4.431951634967444e-05
8829 0.00011663084820199027
8832 0.00020019542348213994
8871 7.025520142447097e-05
8872 0.00010422176939821458
8882 0.0001147195668623605
8883 0.00011519040557349246
