85
138 5.5304247721948624e-05
141 0.00012571095453322076
145 5.786216925096193e-05
146 0.000101646679848061
160 3.6009024944890365e-05
278 5.558192042480493e-05
283 0.00014488623116808087
521 6.165346047478709e-05
821 0.00011243128604527755
861 7.316251041712385e-05
872 6.593667904531496e-05
1194 0.0001027336712532598
1350 6.374802604546662e-05
1578 0.00010856509334268535
1929 4.2158123180710165e-05
1931 7.754816608258265e-05
2076 7.66818067754729e-05
2371 8.858094887998e-06
2373 4.532432364915004e-05
2384 3.364472337590274e-05
2389 8.070779096331723e-05
2493 2.5565430128539482e-05
2506 0.00014488623116808087
2571 6.593667904531496e-05
2586 9.502842032885344e-06
2638 0.00012176521653240713
2639 0.0001504088997800851
2667 8.358930576913648e-05
2675 0.00010694056199521868
2685 7.754816608258265e-05
2772 0.00011067500849334801
2843 7.33626397641186e-05
2850 9.252359415714085e-05
2945 0.0001196461249524729
3212 7.356359438910525e-05
3307 8.408656954820681e-05
3600 0.0001002340757964429
3681 0.0001287387249198448
3969 6.0101372993599195e-05
3970 6.663037655997976e-05
4189 4.981125419104163e-05
4492 6.969398876306011e-05
4834 1.7286007534181456e-05
4878 6.969398876306011e-05
4885 0.0001027336712532598
4933 2.564069103539461e-05
4972 4.681329625334851e-05
5170 0.0001128804268053397
5379 2.541525611908456e-05
5380 3.8298201700263376e-05
5687 2.724862948448243e-05
5699 8.260974660633398e-05
5700 0.00010575674440844711
5701 0.00010575674440844711
5931 0.00014665847838343454
5991 0.0001664173719040451
6348 9.590694438493474e-05
6517 0.0001391464957049546
6689 7.376538112671329e-05
6762 7.139739654402146e-05
6763 7.27647006365303e-05
6833 2.7093186202753706e-05
7344 8.96392359620217e-05
7345 0.00011425323385392718
7373 7.27647006365303e-05
7374 0.00010498321344481378
7665 0.00010422176939821458
7671 9.134928606937549e-05
7724 9.920086195142229e-05
7784 7.082295263288685e-05
7836 6.424444555902466e-05
7839 0.00010614816360120087
7890 9.233159952796689e-06
7894 6.374802604546662e-05
7902 7.376538112671329e-05
7903 8.141235399539764e-05
8068 0.00011379132113009053
8444 5.815485137703107e-05
8520 5.874554257904601e-05
8521 6.610917985376751e-05
8695 4.476354154013861e-05
8696 4.787143878550288e-05
8697 0.0001376235146469122
8813 4.431951634967444e-05
8871 7.025520142447097e-05
