374
2 0.00014944388948364012
53 0.00010200632301179658
56 0.0001027336712532598
58 3.9886331735258645e-05
68 3.241760820520544e-05
77 8.691610145495967e-05
79 0.00013130412920165632
82 8.334256383691721e-05
91 0.00015663840245623315
92 0.00010774605847492284
93 0.00010982004923951138
109 0.00011913044365880717
130 0.00011862016226846598
158 1.722259642893919e-05
160 3.6009024944890365e-05
163 4.4209139343250144e-05
210 0.00015342417653056774
310 8.408656954820681e-05
344 9.164022082905678e-05
401 0.00010939812948263226
404 0.00011913044365880717
405 0.00011913044365880717
406 0.00015663840245623315
423 8.63892700805903e-05
430 2.1595466130645556e-05
436 6.181142310095298e-05
463 2.104404381130732e-05
466 0.00013401212737453773
509 1.4811799641107606e-05
521 6.165346047478709e-05
645 6.341986704442123e-05
659 0.0001263016457352357
660 0.0001677901789526326
723 6.212889280683989e-05
726 6.4078409870285e-05
744 0.00018418695135817993
765 7.499396958083494e-05
785 9.134928606937549e-05
829 0.00015890538922556517
872 6.593667904531496e-05
891 5.757123449128065e-05
963 0.00013614669170503938
965 0.0001391464957049546
990 0.00010939812948263226
1173 9.077257605451787e-05
1194 0.0001027336712532598
1306 4.5550455969092306e-05
1310 8.285279662389543e-05
1380 0.00015890538922556517
1391 6.491430390704548e-05
1394 0.00014488623116808087
1412 6.804811807694473e-05
1461 0.00014488623116808087
1469 6.358367031630664e-05
1517 9.106007793564448e-05
1583 8.88061998220748e-05
1587 9.954283828468142e-05
1588 0.00016251677649793962
1638 7.33626397641186e-05
1641 7.583058115843726e-05
1649 8.744869066327002e-05
1651 0.0001753021616311125
1652 0.0002059351589452662
1706 3.382257549850835e-05
1729 0.00010200632301179658
1773 0.0001002340757964429
1922 7.334292682143156e-06
1929 4.2158123180710165e-05
1931 7.754816608258265e-05
1932 0.0001275049519955334
1933 0.0002059351589452662
1957 8.88061998220748e-05
1970 0.00012122674224136485
1973 0.0001275049519955334
1976 0.0002537323685808453
1984 0.00010734164596720007
1985 9.496067334174995e-05
2004 7.217400943451535e-05
2042 8.383730339089555e-05
2073 0.00010939812948263226
2076 7.66818067754729e-05
2083 0.00010422176939821458
2085 0.0001147195668623605
2167 8.744869066327002e-05
2184 0.00013130412920165632
2242 0.00013614669170503938
2253 0.00015342417653056774
2287 0.00014576429866269
2371 8.858094887998e-06
2373 4.532432364915004e-05
2384 3.364472337590274e-05
2389 8.070779096331723e-05
2391 2.4157123570420575e-05
2402 8.825864993225359e-05
2439 5.502814824397996e-05
2441 0.0001431761810607271
2466 0.00010939812948263226
2493 2.5565430128539482e-05
2532 0.00015554326811050196
2550 5.3403616896513294e-05
2563 2.4450245822639586e-05
2571 6.593667904531496e-05
2580 8.992010952057247e-05
2582 7.458098891001271e-05
2586 9.502842032885344e-06
2590 8.771718405598661e-05
2618 4.846937791309118e-05
2685 7.754816608258265e-05
2714 8.691610145495967e-05
2716 0.0001523982138465608
2725 0.00010536844412685977
2797 0.00010347204034115494
2825 0.00011614595437539213
2910 0.00016007969731333051
2940 7.910237522724487e-05
2945 0.0001196461249524729
2955 4.7516165565500014e-05
3050 5.1064059112276297e-05
3067 0.00010093525951244397
3097 0.00012230970742046953
3113 6.165346047478709e-05
3149 7.541048004377448e-05
3150 7.604199766141655e-05
3307 8.408656954820681e-05
3343 0.00011614595437539213
3413 8.001326955199571e-05
3414 9.852402568908913e-05
3419 0.00011712061541501202
3507 9.134928606937549e-05
3513 6.056183085252843e-05
3519 8.586807337437805e-05
3530 0.0001786642827461757
3545 6.071628875522179e-05
3576 5.3536945098705395e-05
3592 0.00030726931367955075
3600 0.0001002340757964429
3675 0.00011519040557349246
3676 0.00012936752625714268
3681 0.0001287387249198448
3719 2.489326185102742e-05
3729 0.00012936752625714268
3743 3.233112827567267e-05
3746 1.903006184883404e-05
3766 5.131853189681648e-05
3786 0.00010058340652177312
3814 0.00014576429866269
3819 6.424444555902466e-05
3832 3.3290954653437934e-05
3847 0.0001677901789526326
3887 5.5861184383926875e-05
3897 0.00017370426675739054
3898 0.0001753021616311125
3931 0.0001664173719040451
3969 6.0101372993599195e-05
3970 6.663037655997976e-05
4189 4.981125419104163e-05
4220 4.3879500470736716e-05
4247 4.846937791309118e-05
4295 0.00012176521653240713
4329 3.676019862375966e-05
4381 4.3226837668107787e-05
4382 6.14960082295629e-05
4398 6.325661252824365e-05
4423 0.0001128804268053397
4432 6.4078409870285e-05
4434 0.00013065000625947455
4453 3.6854914742017664e-05
4473 0.00016128300357362823
4495 3.207260550754382e-05
4566 9.68719546813797e-05
4567 6.341986704442123e-05
4577 3.9085797470059324e-05
4628 0.00011566583790554528
4629 0.00015890538922556517
4670 7.541048004377448e-05
4676 1.811794967986411e-05
4756 0.00014071861357331354
4757 0.00015663840245623315
4758 0.00017065756051371745
4797 9.988723143186235e-05
4799 0.0001664173719040451
4800 0.00021244233432427055
4810 0.00010856509334268535
4818 9.048676041112919e-05
4834 1.7286007534181456e-05
4837 0.00016508218077975113
4878 6.969398876306011e-05
4887 0.00018418695135817993
4911 6.341986704442123e-05
4913 6.457822376461287e-05
4914 6.542281037332744e-05
4933 2.564069103539461e-05
4935 0.00011862016226846598
4942 6.804811807694473e-05
4947 0.00016251677649793962
5024 6.025437603138515e-05
5031 6.913916575845257e-05
5161 5.502814824397996e-05
5162 5.6001418804450566e-05
5170 0.0001128804268053397
5171 7.52017798211394e-05
5176 0.0001347133110905388
5177 6.196989942762013e-05
5192 8.001326955199571e-05
5217 7.159039254876493e-05
5219 0.00014071861357331354
5222 2.3001954162320978e-05
5264 0.00011425323385392718
5360 0.00014488623116808087
5361 0.00015447220461114937
5379 2.541525611908456e-05
5380 3.8298201700263376e-05
5427 3.490353872923123e-05
5434 7.159039254876493e-05
5443 0.00011712061541501202
5447 0.00016251677649793962
5462 0.00010654275221462514
5469 1.1433598200043818e-05
5473 0.0001251273376474703
5481 6.576478670658657e-05
5550 4.944160821510571e-05
5558 9.68719546813797e-05
5561 0.00016007969731333051
5622 6.733409171295719e-05
5625 0.0001347133110905388
5642 9.852402568908913e-05
5687 2.724862948448243e-05
5694 0.00015775871449691997
5702 3.9886331735258645e-05
5720 0.00020908021320920737
5726 0.00013614669170503938
5729 9.106007793564448e-05
5731 0.0001415241100530177
5797 5.544288630052885e-05
5831 0.00013401212737453773
5832 0.00013542473142615584
5834 6.804811807694473e-05
5841 0.00014488623116808087
5854 7.178415593526694e-05
5894 1.5848029138067838e-05
5896 1.6219082409210568e-05
5911 7.47870417645905e-05
5934 5.434466680855229e-05
5938 5.91933076971794e-05
5984 3.088397517794058e-05
5988 7.044371782011974e-05
6022 2.0770655001689466e-05
6092 0.00014576429866269
6106 7.217400943451535e-05
6116 0.00022419450561242282
6195 9.622649587425546e-05
6348 9.590694438493474e-05
6349 0.0001523982138465608
6356 6.733409171295719e-05
6377 0.00010694056199521868
6408 4.3989132524856074e-05
6414 0.00026261715830791277
6415 0.0002734912621014559
6449 0.00020298083458234552
6475 8.691610145495967e-05
6476 0.00010774605847492284
6481 0.00012936752625714268
6490 2.724862948448243e-05
6506 8.88061998220748e-05
6507 6.212889280683989e-05
6512 0.0001431761810607271
6540 6.040786096929821e-05
6547 0.0001475693727081854
6568 3.9584588186023764e-05
6586 5.24803957997587e-05
6588 6.576478670658657e-05
6600 0.00013065000625947455
6679 9.527405980765772e-05
6680 9.558947467904783e-05
6686 0.00011333374567896404
6689 7.376538112671329e-05
6760 1.9892587507080337e-05
6762 7.139739654402146e-05
6763 7.27647006365303e-05
6784 9.68719546813797e-05
6785 0.0001228603508781383
6789 4.7516165565500014e-05
6796 8.260974660633398e-05
6798 0.00018418695135817993
6815 7.178415593526694e-05
6820 0.0002059351589452662
6822 8.535239208071232e-05
6823 0.00012176521653240713
6833 2.7093186202753706e-05
6885 5.131853189681648e-05
6905 2.9805618738211806e-05
6919 7.3968006896828e-05
6920 9.403242760948e-05
6929 5.904359505253569e-05
6960 3.259102983841739e-05
6972 6.133906307779394e-05
6999 6.309390310328486e-05
7000 0.00026261715830791277
7067 3.508605365233e-05
7073 5.516600244482883e-05
7124 6.859058854884968e-05
7174 7.256700694753944e-05
7251 7.689695691525318e-05
7321 3.8200641252257444e-05
7346 8.070779096331723e-05
7349 0.00013614669170503938
7350 0.00018617626542465564
7351 0.0002537323685808453
7392 5.274239335290522e-05
7476 8.117636599183342e-05
7480 9.252359415714085e-05
7482 2.5340342303404983e-05
7483 2.8590308184836374e-05
7503 3.173002815645075e-05
7520 9.558947467904783e-05
7523 8.935997200289977e-05
7554 8.260974660633398e-05
7566 0.0002875104201589402
7627 7.887728740211037e-05
7643 0.00019756065060853997
7665 0.00010422176939821458
7677 6.988034244141115e-05
7678 8.260974660633398e-05
7679 8.260974660633398e-05
7724 9.920086195142229e-05
7792 0.000101646679848061
7808 4.7398314413738584e-05
7814 0.0001275049519955334
7818 2.996997446737178e-05
7820 0.00013614669170503938
7886 7.910237522724487e-05
7890 9.233159952796689e-06
7891 6.932340577943291e-05
7892 0.0001002340757964429
7893 5.131853189681648e-05
7894 6.374802604546662e-05
7902 7.376538112671329e-05
7903 8.141235399539764e-05
7938 4.907474504580058e-05
7943 7.64676023536449e-05
7955 0.0002462203859023654
7960 9.954283828468142e-05
7981 6.950834500520415e-05
7987 7.843020694973282e-05
8009 2.7093186202753706e-05
8016 3.6571316885345003e-05
8018 0.0001281179340087181
8054 2.9805618738211806e-05
8061 7.865323446718271e-05
8095 0.00015342417653056774
8107 0.00022883910672981793
8234 4.8109734749355606e-05
8349 4.919672615455441e-05
8444 5.815485137703107e-05
8447 4.100899018649567e-05
8513 4.3335009582674306e-05
8519 0.00014488623116808087
8520 5.874554257904601e-05
8521 6.610917985376751e-05
8539 7.955569410086921e-05
8621 0.000101646679848061
8624 0.0001677901789526326
8639 3.69498153124238e-05
8659 0.00012936752625714268
8670 0.00010654275221462514
8695 4.476354154013861e-05
8696 4.787143878550288e-05
8722 7.217400943451535e-05
8723 0.00010498321344481378
8756 9.372690041743856e-05
8757 9.818910047034337e-05
8813 4.431951634967444e-05
8866 3.8493910507496085e-05
8871 7.025520142447097e-05
