65
161 8.88061998220748e-05
412 6.391293797104737e-05
413 7.562007790453742e-05
416 0.00020019542348213994
458 0.00011198624708459517
575 8.825864993225359e-05
1610 9.590694438493474e-05
1888 6.071628875522179e-05
1922 7.334292682143156e-06
2321 8.691610145495967e-05
2326 0.00011913044365880717
2586 9.502842032885344e-06
3149 7.541048004377448e-05
3150 7.604199766141655e-05
3228 4.566391685271689e-05
3229 4.669713069773751e-05
3230 4.692973938522239e-05
3605 5.380470086849468e-05
3875 3.285232498188492e-05
4381 4.3226837668107787e-05
4382 6.14960082295629e-05
4495 3.207260550754382e-05
4513 9.19329029551259e-05
4563 4.728074758348793e-05
4699 3.676019862375966e-05
4703 0.00012069415303305452
4705 0.00014071861357331354
4706 0.0002537323685808453
4808 0.0001245506276326127
4926 0.00010236864012694453
4927 0.00010236864012694453
4933 2.564069103539461e-05
4936 0.00019506105515172307
5080 0.00010575674440844711
5379 2.541525611908456e-05
5380 3.8298201700263376e-05
5862 6.610917985376751e-05
5868 7.256700694753944e-05
6000 3.4631041686461846e-05
6242 3.105201474962982e-05
6292 8.853165584237468e-05
6507 6.212889280683989e-05
6833 2.7093186202753706e-05
6905 2.9805618738211806e-05
6908 8.935997200289977e-05
6980 0.00011379132113009053
7165 6.628229345501092e-05
7167 0.00011243128604527755
7171 0.00012341728754011654
7236 0.00010536844412685977
7237 0.00010536844412685977
7590 0.0001239806629188251
7710 0.00014488623116808087
7711 0.0002734912621014559
8031 5.5721352358276173e-05
8032 6.056183085252843e-05
8144 1.8182537399726556e-05
8204 5.1064059112276297e-05
8513 4.3335009582674306e-05
8639 3.69498153124238e-05
8656 0.0002059351589452662
8678 4.409901177660094e-05
8890 0.00010058340652177312
8891 0.00010058340652177312
8892 0.00010384546306881737
