283
2 0.00014944388948364012
3 0.0002875104201589402
52 9.785646144837983e-05
58 3.9886331735258645e-05
94 0.00016128300357362823
158 1.722259642893919e-05
160 3.6009024944890365e-05
276 4.8109734749355606e-05
277 5.502814824397996e-05
330 6.358367031630664e-05
334 9.252359415714085e-05
344 9.164022082905678e-05
346 0.0002059351589452662
371 9.818910047034337e-05
412 6.391293797104737e-05
413 7.562007790453742e-05
430 2.1595466130645556e-05
436 6.181142310095298e-05
449 6.628229345501092e-05
480 6.877276232176413e-05
508 0.00030726931367955075
509 1.4811799641107606e-05
521 6.165346047478709e-05
668 8.63892700805903e-05
706 6.525271795805037e-05
707 9.496067334174995e-05
723 6.212889280683989e-05
726 6.4078409870285e-05
855 9.464928935894339e-05
861 7.316251041712385e-05
872 6.593667904531496e-05
1002 0.00018617626542465564
1004 0.00021605372159664503
1018 0.00023397347506023475
1019 0.0002734912621014559
1109 0.00016378259903044513
1140 3.8493910507496085e-05
1164 8.408656954820681e-05
1165 8.433711728522342e-05
1166 0.00019506105515172307
1183 0.00010310145735752775
1185 0.0002059351589452662
1234 2.8271279696782107e-05
1254 8.96392359620217e-05
1461 0.00014488623116808087
1469 6.358367031630664e-05
1610 9.590694438493474e-05
1611 0.0001786642827461757
1638 7.33626397641186e-05
1641 7.583058115843726e-05
1649 8.744869066327002e-05
1671 7.64676023536449e-05
1706 3.382257549850835e-05
1713 4.787143878550288e-05
1721 0.0001399262151792957
1773 0.0001002340757964429
1881 8.408656954820681e-05
1882 9.496067334174995e-05
1922 7.334292682143156e-06
1929 4.2158123180710165e-05
1938 0.00022419450561242282
1957 8.88061998220748e-05
1959 0.00015447220461114937
1984 0.00010734164596720007
1985 9.496067334174995e-05
2065 0.00016128300357362823
2076 7.66818067754729e-05
2083 0.00010422176939821458
2085 0.0001147195668623605
2124 0.00011663084820199027
2167 8.744869066327002e-05
2178 0.0001523982138465608
2371 8.858094887998e-06
2377 0.0001228603508781383
2391 2.4157123570420575e-05
2439 5.502814824397996e-05
2441 0.0001431761810607271
2493 2.5565430128539482e-05
2532 0.00015554326811050196
2559 7.604199766141655e-05
2563 2.4450245822639586e-05
2564 4.692973938522239e-05
2571 6.593667904531496e-05
2582 7.458098891001271e-05
2586 9.502842032885344e-06
2590 8.771718405598661e-05
2607 3.3290954653437934e-05
2610 0.00030726931367955075
2618 4.846937791309118e-05
2620 0.00010347204034115494
2667 8.358930576913648e-05
2685 7.754816608258265e-05
2714 8.691610145495967e-05
2797 0.00010347204034115494
2862 0.00012230970742046953
2863 0.0002462203859023654
3050 5.1064059112276297e-05
3052 0.00011379132113009053
3053 0.00019756065060853997
3067 0.00010093525951244397
3075 0.00016128300357362823
3113 6.165346047478709e-05
3166 0.00023971321052336105
3228 4.566391685271689e-05
3229 4.669713069773751e-05
3230 4.692973938522239e-05
3307 8.408656954820681e-05
3372 6.542281037332744e-05
3375 0.00010236864012694453
3409 8.458895984833521e-05
3413 8.001326955199571e-05
3450 0.00011198624708459517
3451 0.00018418695135817993
3465 5.7716484755306535e-05
3513 6.056183085252843e-05
3519 8.586807337437805e-05
3572 5.234992335902794e-05
3576 5.3536945098705395e-05
3600 0.0001002340757964429
3675 0.00011519040557349246
3676 0.00012936752625714268
3743 3.233112827567267e-05
3746 1.903006184883404e-05
3766 5.131853189681648e-05
3786 0.00010058340652177312
3832 3.3290954653437934e-05
3875 3.285232498188492e-05
3887 5.5861184383926875e-05
3932 4.895306850942043e-05
3943 7.689695691525318e-05
3969 6.0101372993599195e-05
3970 6.663037655997976e-05
4247 4.846937791309118e-05
4250 8.612797493712278e-05
4314 3.1644758795232604e-05
4388 0.0001415241100530177
4398 6.325661252824365e-05
4453 3.6854914742017664e-05
4495 3.207260550754382e-05
4502 6.424444555902466e-05
4503 7.798719092134497e-05
4566 9.68719546813797e-05
4652 4.476354154013861e-05
4699 3.676019862375966e-05
4723 9.106007793564448e-05
4831 0.00013065000625947455
4832 0.0001347133110905388
4833 0.0001431761810607271
4834 1.7286007534181456e-05
4839 3.088397517794058e-05
4846 4.681329625334851e-05
4911 6.341986704442123e-05
4913 6.457822376461287e-05
4914 6.542281037332744e-05
4933 2.564069103539461e-05
4935 0.00011862016226846598
4972 4.681329625334851e-05
5032 0.0002875104201589402
5043 0.00010422176939821458
5050 0.0002875104201589402
5171 7.52017798211394e-05
5222 2.3001954162320978e-05
5228 4.931901336427842e-05
5229 0.0002537323685808453
5254 5.9796800580258657e-05
5360 0.00014488623116808087
5379 2.541525611908456e-05
5380 3.8298201700263376e-05
5434 7.159039254876493e-05
5448 9.954283828468142e-05
5469 1.1433598200043818e-05
5550 4.944160821510571e-05
5702 3.9886331735258645e-05
5810 5.261121850249547e-05
5854 7.178415593526694e-05
5888 8.358930576913648e-05
5891 0.00010310145735752775
5894 1.5848029138067838e-05
5896 1.6219082409210568e-05
5934 5.434466680855229e-05
5938 5.91933076971794e-05
5984 3.088397517794058e-05
6022 2.0770655001689466e-05
6057 0.00011024565393173974
6120 0.0001504088997800851
6121 0.0001523982138465608
6159 7.101368253390731e-05
6160 7.955569410086921e-05
6308 0.0001523982138465608
6377 0.00010694056199521868
6429 5.815485137703107e-05
6461 0.00014849761844045535
6462 0.0001786642827461757
6467 4.669713069773751e-05
6468 4.669713069773751e-05
6490 2.724862948448243e-05
6506 8.88061998220748e-05
6517 0.0001391464957049546
6568 3.9584588186023764e-05
6569 4.981125419104163e-05
6633 0.00011811516886331826
6687 6.196989942762013e-05
6689 7.376538112671329e-05
6760 1.9892587507080337e-05
6762 7.139739654402146e-05
6763 7.27647006365303e-05
6833 2.7093186202753706e-05
6885 5.131853189681648e-05
6893 9.252359415714085e-05
6894 9.252359415714085e-05
6905 2.9805618738211806e-05
6919 7.3968006896828e-05
6920 9.403242760948e-05
6960 3.259102983841739e-05
6967 0.00010536844412685977
6992 4.787143878550288e-05
6995 7.843020694973282e-05
6999 6.309390310328486e-05
7000 0.00026261715830791277
7001 0.00015775871449691997
7002 0.00023971321052336105
7034 0.0001786642827461757
7067 3.508605365233e-05
7073 5.516600244482883e-05
7139 6.196989942762013e-05
7165 6.628229345501092e-05
7173 0.00017215710736717137
7178 3.714017269315804e-05
7373 7.27647006365303e-05
7376 0.00013263932032595027
7382 0.00015663840245623315
7482 2.5340342303404983e-05
7483 2.8590308184836374e-05
7581 0.00015775871449691997
7609 0.00018825025618924418
7620 0.0001027336712532598
7660 0.00011913044365880717
7664 0.0001196461249524729
7671 9.134928606937549e-05
7685 0.00016378259903044513
7818 2.996997446737178e-05
7827 0.00015775871449691997
7850 0.000126899584862824
7858 4.509923582401553e-05
7863 7.64676023536449e-05
7890 9.233159952796689e-06
7891 6.932340577943291e-05
7892 0.0001002340757964429
7893 5.131853189681648e-05
7894 6.374802604546662e-05
7902 7.376538112671329e-05
7938 4.907474504580058e-05
7942 9.134928606937549e-05
8009 2.7093186202753706e-05
8010 3.97855428110104e-05
8016 3.6571316885345003e-05
8031 5.5721352358276173e-05
8032 6.056183085252843e-05
8047 9.312153328472917e-05
8053 0.00016007969731333051
8054 2.9805618738211806e-05
8058 8.853165584237468e-05
8059 0.00011425323385392718
8060 0.0001147195668623605
8144 1.8182537399726556e-05
8212 0.00019268344080366
8234 4.8109734749355606e-05
8261 0.0002734912621014559
8349 4.919672615455441e-05
8447 4.100899018649567e-05
8513 4.3335009582674306e-05
8520 5.874554257904601e-05
8521 6.610917985376751e-05
8571 9.496067334174995e-05
8670 0.00010654275221462514
8678 4.409901177660094e-05
8690 0.0001677901789526326
8691 0.0002462203859023654
8756 9.372690041743856e-05
8757 9.818910047034337e-05
8780 0.00019041645403432799
8813 4.431951634967444e-05
8871 7.025520142447097e-05
