71
79 0.02889339257889286
82 0.009169739863143284
94 0.035490225378967274
375 0.009169739863143284
521 0.013566805919785246
969 0.011593130543933013
979 0.015571146528302389
990 0.012036495431471835
1309 0.009115853376693283
1379 0.017483516404669587
1460 0.015941062866295513
1468 0.006995773701962033
1496 0.007330986616080735
1499 0.011343706024324532
1779 0.017745112689483637
1821 0.025742859379466815
1921 0.0008069532886822197
1984 0.01044801877557624
2075 0.008436892123247093
2388 0.008879849790926951
2478 0.014900064277406182
2715 0.016767566441982094
2738 0.008343236287456703
2954 0.015683854352582818
3168 0.015309550243488337
3268 0.011343706024324532
3276 0.018941532603163346
3302 0.011066658258296815
3884 0.009279165299332235
3970 0.007330986616080735
4248 0.005332828345203316
4660 0.007273642109342914
4724 0.010018856969906956
4811 0.011944840887284095
4830 0.009224173429872359
4886 0.011303240471716682
5163 0.006161538819571153
5171 0.024839268239239192
5172 0.00827405261439499
5291 0.014979497734263096
5381 0.0042137478216388545
5435 0.007876710844377691
5724 0.026374372002273994
5897 0.0017844995361837599
6052 0.01846106265217113
6133 0.018163115989001753
6328 0.022851130046155563
6388 0.010517202448637951
6402 0.021736549607695162
6416 0.030090791701829316
6537 0.008251188356844456
6761 0.0021886758007790114
6764 0.008005913729293308
6849 0.013337934899444981
6921 0.010345888825378836
6930 0.012992506644646866
7074 0.0060696223924483275
7484 0.006291279667734857
7581 0.019852473518730245
7680 0.009089111873526522
7828 0.017357353871562353
7904 0.008957369121073873
7951 0.030090791701829316
7988 0.008629259312790356
8043 0.007330986616080735
8137 0.018616483976961504
8350 0.010825709221960219
8514 0.0047679210543307825
8605 0.016995756635735347
8758 0.010803225473971605
8873 0.01146696801082578
