73
15 0.005638141432831116
17 0.011272959690760021
82 0.01563681955609697
163 0.004147282629758371
268 0.014392802749899155
277 0.005162219548951046
456 0.015364531816413967
649 0.017465293446995062
668 0.01620844578859412
708 0.009057233388241766
821 0.021094476236537124
961 0.011738261401202689
990 0.020525392209457233
1095 0.006520614428277677
1226 0.013591853601788807
1393 0.013591853601788807
1468 0.005964817577462365
1496 0.012501261387421886
1503 0.011630691241395466
1779 0.015130043451033418
1931 0.011961306654570458
2056 0.018780438042871904
2075 0.007193560652452784
2252 0.014392802749899155
2478 0.012704265331262114
2619 0.009706766563372346
2635 0.015486446264306758
2684 0.021824502825093996
2715 0.014296556650532104
2738 0.007113706729305188
2954 0.004457516500207748
2964 0.01807573499412861
3168 0.026106811994159058
3276 0.016150148851118224
3332 0.015017160657435805
3604 0.010094894613474202
3884 0.023735128081449827
3970 0.006250630693710943
4221 0.0041163590336337425
4403 0.006520614428277677
4811 0.010184548546000123
4830 0.007864821555996432
4915 0.006137348274179938
4974 0.013674225575598878
5059 0.01853326861287693
5172 0.007054718544905203
5291 0.012771992805003272
5510 0.016765812010312478
5812 0.009672001978634602
5855 0.0067341094494220936
5989 0.00660836224434639
6033 0.016150148851118224
6242 0.018298780247496378
6328 0.019483595091985273
6378 0.010032150405277777
6537 0.0070352237568884314
6764 0.027304379455695076
6869 0.015486446264306758
6893 0.026971503836383942
7074 0.010350303448175042
7076 0.02026811333546632
7383 0.014694330975683682
7484 0.005364143716700247
7503 0.009087609053899536
7680 0.007749663807954193
7951 0.0256563592405071
7988 0.007357578993010725
8123 0.013674225575598878
8137 0.03174600425545014
8350 0.00923034154714503
8448 0.0038470749530742036
8565 0.013200887201740738
8872 0.019772032266154274
