604
14 0.0001275049519955334
15 6.0101372993599195e-05
44 0.00010575674440844711
48 0.00022419450561242282
58 3.9886331735258645e-05
60 0.00017215710736717137
68 3.241760820520544e-05
69 0.00010460100421098168
109 0.00011913044365880717
116 0.0001523982138465608
138 5.5304247721948624e-05
145 5.786216925096193e-05
158 1.722259642893919e-05
160 3.6009024944890365e-05
163 4.4209139343250144e-05
204 0.00019506105515172307
205 0.00019756065060853997
206 0.00020019542348213994
225 4.311890533715833e-05
276 4.8109734749355606e-05
277 5.502814824397996e-05
278 5.558192042480493e-05
283 0.00014488623116808087
290 5.516600244482883e-05
292 0.00014576429866269
295 6.969398876306011e-05
297 0.00016378259903044513
323 0.00018825025618924418
344 9.164022082905678e-05
371 9.818910047034337e-05
412 6.391293797104737e-05
430 2.1595466130645556e-05
463 2.104404381130732e-05
466 0.00013401212737453773
473 4.858985121920245e-05
480 6.877276232176413e-05
507 0.00018617626542465564
509 1.4811799641107606e-05
511 4.409901177660094e-05
522 0.00011110817958998604
524 0.00013837905578907654
549 6.786862826996617e-05
619 0.00017695423263882194
620 0.00018418695135817993
632 6.4078409870285e-05
706 6.525271795805037e-05
708 9.654815662959692e-05
722 0.00011663084820199027
723 6.212889280683989e-05
726 6.4078409870285e-05
732 0.00011614595437539213
737 0.00030726931367955075
738 0.00020298083458234552
753 9.752607762356147e-05
757 0.00010815385522706535
765 7.499396958083494e-05
813 0.00020908021320920737
872 6.593667904531496e-05
918 0.0001275049519955334
919 0.00016378259903044513
977 0.00010384546306881737
979 0.0001415241100530177
997 0.0002537323685808453
1011 8.56095506062492e-05
1083 7.178415593526694e-05
1102 8.285279662389543e-05
1103 9.527405980765772e-05
1173 9.077257605451787e-05
1177 0.00010347204034115494
1209 0.00016007969731333051
1216 4.5550455969092306e-05
1234 2.8271279696782107e-05
1249 0.0001147195668623605
1254 8.96392359620217e-05
1294 0.00030726931367955075
1306 4.5550455969092306e-05
1389 0.00017370426675739054
1390 0.0002537323685808453
1391 6.491430390704548e-05
1394 0.00014488623116808087
1438 0.00014071861357331354
1439 0.0001677901789526326
1497 6.663037655997976e-05
1511 9.312153328472917e-05
1513 0.00019268344080366
1517 9.106007793564448e-05
1539 0.00011198624708459517
1540 0.00016007969731333051
1541 0.00014488623116808087
1543 0.0001664173719040451
1559 0.00011425323385392718
1566 0.00016920278300425065
1610 9.590694438493474e-05
1613 0.00019268344080366
1614 0.00021605372159664503
1638 7.33626397641186e-05
1641 7.583058115843726e-05
1699 0.00013130412920165632
1703 0.00015663840245623315
1706 3.382257549850835e-05
1713 4.787143878550288e-05
1719 0.0001504088997800851
1721 0.0001399262151792957
1759 0.0001391464957049546
1777 4.871062309639001e-05
1778 0.0001287387249198448
1779 0.00011333374567896404
1781 0.00021244233432427055
1828 0.00016128300357362823
1872 0.00017695423263882194
1888 6.071628875522179e-05
1911 0.00016920278300425065
1912 0.0002462203859023654
1922 7.334292682143156e-06
1929 4.2158123180710165e-05
1960 0.00011712061541501202
1981 9.920086195142229e-05
2004 7.217400943451535e-05
2009 0.00012176521653240713
2010 0.00020908021320920737
2025 0.00012571095453322076
2026 8.535239208071232e-05
2040 4.7398314413738584e-05
2042 8.383730339089555e-05
2043 0.00019506105515172307
2044 0.00010536844412685977
2073 0.00010939812948263226
2083 0.00010422176939821458
2085 0.0001147195668623605
2093 0.00011811516886331826
2134 0.00026261715830791277
2148 8.383730339089555e-05
2149 8.408656954820681e-05
2151 0.00011566583790554528
2167 8.744869066327002e-05
2184 0.00013130412920165632
2214 0.00021605372159664503
2368 0.00019506105515172307
2371 8.858094887998e-06
2373 4.532432364915004e-05
2384 3.364472337590274e-05
2385 0.00011712061541501202
2386 0.0002199543170027505
2389 8.070779096331723e-05
2391 2.4157123570420575e-05
2398 0.0001027336712532598
2399 0.000126899584862824
2404 0.00012341728754011654
2405 0.0001677901789526326
2434 0.00010536844412685977
2439 5.502814824397996e-05
2492 0.00017065756051371745
2493 2.5565430128539482e-05
2532 0.00015554326811050196
2550 5.3403616896513294e-05
2563 2.4450245822639586e-05
2564 4.692973938522239e-05
2580 8.992010952057247e-05
2582 7.458098891001271e-05
2585 0.00019756065060853997
2586 9.502842032885344e-06
2593 0.00016920278300425065
2599 0.00012341728754011654
2600 0.00014849761844045535
2607 3.3290954653437934e-05
2612 8.001326955199571e-05
2613 0.00015554326811050196
2625 0.00016251677649793962
2638 0.00012176521653240713
2639 0.0001504088997800851
2640 0.00016128300357362823
2643 0.0002537323685808453
2667 8.358930576913648e-05
2689 0.0001300045474523503
2708 0.0001300045474523503
2710 0.00021605372159664503
2728 0.00010939812948263226
2744 7.52017798211394e-05
2762 0.00010200632301179658
2763 0.00023397347506023475
2764 0.00017215710736717137
2768 0.0001415241100530177
2773 0.00011067500849334801
2776 9.222735356398462e-05
2780 9.342327683396404e-05
2781 9.68719546813797e-05
2783 8.718166847460814e-05
2785 0.00010856509334268535
2862 0.00012230970742046953
2937 0.0002059351589452662
2955 4.7516165565500014e-05
2976 5.461691012835996e-05
3031 8.691610145495967e-05
3036 0.00021244233432427055
3048 0.00018227567001855016
3050 5.1064059112276297e-05
3097 0.00012230970742046953
3149 7.541048004377448e-05
3150 7.604199766141655e-05
3170 0.00019268344080366
3185 0.00010939812948263226
3212 7.356359438910525e-05
3213 0.0001300045474523503
3214 8.001326955199571e-05
3228 4.566391685271689e-05
3229 4.669713069773751e-05
3230 4.692973938522239e-05
3231 0.00021605372159664503
3278 0.0001753021616311125
3295 0.00020019542348213994
3307 8.408656954820681e-05
3395 7.541048004377448e-05
3409 8.458895984833521e-05
3413 8.001326955199571e-05
3414 9.852402568908913e-05
3465 5.7716484755306535e-05
3473 0.00014665847838343454
3478 7.865323446718271e-05
3482 0.00014665847838343454
3485 0.0002734912621014559
3507 9.134928606937549e-05
3509 0.00018825025618924418
3513 6.056183085252843e-05
3517 0.0001523982138465608
3572 5.234992335902794e-05
3576 5.3536945098705395e-05
3627 6.491430390704548e-05
3628 7.733012801189119e-05
3642 0.00013542473142615584
3644 0.0001753021616311125
3657 4.716346370617082e-05
3719 2.489326185102742e-05
3722 0.00030726931367955075
3723 6.859058854884968e-05
3729 0.00012936752625714268
3731 5.3138049876864844e-05
3743 3.233112827567267e-05
3746 1.903006184883404e-05
3756 0.00014576429866269
3757 0.00017370426675739054
3766 5.131853189681648e-05
3786 0.00010058340652177312
3819 6.424444555902466e-05
3832 3.3290954653437934e-05
3835 0.00011811516886331826
3846 0.0002875104201589402
3872 9.164022082905678e-05
3875 3.285232498188492e-05
3887 5.5861184383926875e-05
3914 0.00012936752625714268
3932 4.895306850942043e-05
3939 0.00018418695135817993
3943 7.689695691525318e-05
3951 9.920086195142229e-05
3954 0.00010774605847492284
3994 0.0001147195668623605
3996 7.417147870601431e-05
4005 9.222735356398462e-05
4037 0.0001391464957049546
4038 0.00014488623116808087
4094 0.00010694056199521868
4138 0.00016251677649793962
4141 0.0002734912621014559
4189 4.981125419104163e-05
4224 8.236790279729728e-05
4225 0.00010897983139923425
4247 4.846937791309118e-05
4265 0.0002875104201589402
4266 0.00015342417653056774
4267 0.00011519040557349246
4290 5.656642719180506e-05
4291 7.843020694973282e-05
4292 0.00011110817958998604
4302 0.00018617626542465564
4314 3.1644758795232604e-05
4322 0.00017370426675739054
4323 0.00018418695135817993
4329 3.676019862375966e-05
4350 0.0002875104201589402
4375 7.541048004377448e-05
4381 4.3226837668107787e-05
4382 6.14960082295629e-05
4383 0.00016920278300425065
4386 0.00016007969731333051
4390 8.825864993225359e-05
4398 6.325661252824365e-05
4406 6.508321716976057e-05
4413 0.0001786642827461757
4414 0.00022419450561242282
4432 6.4078409870285e-05
4444 0.00014665847838343454
4451 0.00010200632301179658
4453 3.6854914742017664e-05
4484 0.00012176521653240713
4492 6.969398876306011e-05
4495 3.207260550754382e-05
4502 6.424444555902466e-05
4503 7.798719092134497e-05
4513 9.19329029551259e-05
4516 0.00011663084820199027
4533 5.685140711216779e-05
4539 0.00023397347506023475
4541 0.0001376235146469122
4546 7.625433537211054e-05
4563 4.728074758348793e-05
4569 0.00010422176939821458
4572 0.00013401212737453773
4619 0.00010856509334268535
4658 8.334256383691721e-05
4659 6.610917985376751e-05
4759 5.0810908270240366e-05
4768 0.00012176521653240713
4769 0.00012936752625714268
4829 8.383730339089555e-05
4834 1.7286007534181456e-05
4839 3.088397517794058e-05
4846 4.681329625334851e-05
4869 0.00013614669170503938
4873 0.00026261715830791277
4926 0.00010236864012694453
4927 0.00010236864012694453
4933 2.564069103539461e-05
4972 4.681329625334851e-05
4992 0.00017695423263882194
4997 0.00015342417653056774
4998 0.00018825025618924418
5022 0.00020908021320920737
5080 0.00010575674440844711
5160 0.00021244233432427055
5161 5.502814824397996e-05
5162 5.6001418804450566e-05
5163 0.00020019542348213994
5166 0.0001347133110905388
5185 0.00015447220461114937
5186 0.00016007969731333051
5192 8.001326955199571e-05
5222 2.3001954162320978e-05
5228 4.931901336427842e-05
5233 0.0001431761810607271
5242 6.786862826996617e-05
5332 0.00022883910672981793
5333 0.00023397347506023475
5334 9.719791862251607e-05
5335 9.852402568908913e-05
5360 0.00014488623116808087
5361 0.00015447220461114937
5364 0.0001804365299615294
5369 7.562007790453742e-05
5371 0.0001300045474523503
5379 2.541525611908456e-05
5395 3.215862746722012e-05
5416 0.00013332088986277624
5427 3.490353872923123e-05
5434 7.159039254876493e-05
5439 8.024367862190805e-05
5440 8.586807337437805e-05
5448 9.954283828468142e-05
5469 1.1433598200043818e-05
5481 6.576478670658657e-05
5482 0.00013196715204843822
5550 4.944160821510571e-05
5569 9.527405980765772e-05
5622 6.733409171295719e-05
5624 0.0001415241100530177
5625 0.0001347133110905388
5626 0.00016007969731333051
5642 9.852402568908913e-05
5674 0.00010236864012694453
5676 9.312153328472917e-05
5687 2.724862948448243e-05
5691 8.383730339089555e-05
5702 3.9886331735258645e-05
5762 0.0001391464957049546
5797 5.544288630052885e-05
5806 7.910237522724487e-05
5822 9.134928606937549e-05
5834 6.804811807694473e-05
5858 6.663037655997976e-05
5868 7.256700694753944e-05
5888 8.358930576913648e-05
5891 0.00010310145735752775
5894 1.5848029138067838e-05
5896 1.6219082409210568e-05
5909 6.663037655997976e-05
5911 7.47870417645905e-05
5912 0.00010498321344481378
5934 5.434466680855229e-05
5938 5.91933076971794e-05
5962 0.0002462203859023654
5984 3.088397517794058e-05
5985 7.52017798211394e-05
5987 7.798719092134497e-05
5988 7.044371782011974e-05
6000 3.4631041686461846e-05
6001 0.00017215710736717137
6014 9.818910047034337e-05
6016 0.00026261715830791277
6022 2.0770655001689466e-05
6035 9.818910047034337e-05
6038 0.00011663084820199027
6064 0.00010498321344481378
6067 0.00016378259903044513
6069 0.0001786642827461757
6070 0.00026261715830791277
6084 7.843020694973282e-05
6085 0.00011862016226846598
6086 0.00030726931367955075
6087 0.00010236864012694453
6094 0.00011761535496899039
6106 7.217400943451535e-05
6159 7.101368253390731e-05
6160 7.955569410086921e-05
6173 0.00013196715204843822
6197 5.5304247721948624e-05
6211 7.356359438910525e-05
6242 3.105201474962982e-05
6249 0.00010897983139923425
6264 4.7398314413738584e-05
6278 0.00011566583790554528
6294 0.00017065756051371745
6295 0.00020019542348213994
6302 8.509658347491132e-05
6304 0.00020019542348213994
6309 0.0001147195668623605
6328 9.920086195142229e-05
6334 0.00014944388948364012
6348 9.590694438493474e-05
6352 0.00011519040557349246
6356 6.733409171295719e-05
6365 0.00020298083458234552
6366 0.0001251273376474703
6372 0.0001523982138465608
6380 0.00011067500849334801
6384 0.00015663840245623315
6387 9.558947467904783e-05
6408 4.3989132524856074e-05
6409 0.00010575674440844711
6410 0.00016007969731333051
6413 9.590694438493474e-05
6467 4.669713069773751e-05
6468 4.669713069773751e-05
6470 0.0001263016457352357
6475 8.691610145495967e-05
6478 0.00016920278300425065
6490 2.724862948448243e-05
6491 7.604199766141655e-05
6496 0.00020908021320920737
6502 0.0001423431449207802
6506 8.88061998220748e-05
6507 6.212889280683989e-05
6510 0.00026261715830791277
6516 9.818910047034337e-05
6536 7.499396958083494e-05
6540 6.040786096929821e-05
6553 0.00016508218077975113
6566 7.082295263288685e-05
6568 3.9584588186023764e-05
6569 4.981125419104163e-05
6571 0.00014849761844045535
6586 5.24803957997587e-05
6588 6.576478670658657e-05
6589 5.9343481706634316e-05
6595 7.66818067754729e-05
6598 0.00012936752625714268
6614 8.484211069037113e-05
6617 0.0002199543170027505
6653 0.0001423431449207802
6661 5.889434094657216e-05
6667 0.00012069415303305452
6668 0.00017695423263882194
6675 5.7716484755306535e-05
6704 0.00010694056199521868
6706 7.910237522724487e-05
6712 6.025437603138515e-05
6725 8.458895984833521e-05
6726 0.00023971321052336105
6753 0.00011862016226846598
6755 0.00015890538922556517
6760 1.9892587507080337e-05
6789 4.7516165565500014e-05
6796 8.260974660633398e-05
6833 2.7093186202753706e-05
6851 0.0001275049519955334
6905 2.9805618738211806e-05
6919 7.3968006896828e-05
6923 0.00026261715830791277
6929 5.904359505253569e-05
6931 0.0001196461249524729
6946 0.00015890538922556517
6948 0.0002734912621014559
6960 3.259102983841739e-05
6967 0.00010536844412685977
6972 6.133906307779394e-05
6978 0.00013687950893562258
6980 0.00011379132113009053
6982 0.0001147195668623605
6983 0.00013263932032595027
7034 0.0001786642827461757
7067 3.508605365233e-05
7069 0.0001664173719040451
7073 5.516600244482883e-05
7124 6.859058854884968e-05
7178 3.714017269315804e-05
7236 0.00010536844412685977
7237 0.00010536844412685977
7305 0.00016508218077975113
7310 0.0001347133110905388
7321 3.8200641252257444e-05
7335 0.000126899584862824
7346 8.070779096331723e-05
7347 0.00015663840245623315
7369 9.372690041743856e-05
7392 5.274239335290522e-05
7406 6.698096388147314e-05
7444 9.886126874785542e-05
7446 0.00015554326811050196
7447 0.00012176521653240713
7450 0.00012936752625714268
7451 0.0001300045474523503
7482 2.5340342303404983e-05
7483 2.8590308184836374e-05
7491 0.0001147195668623605
7496 0.00018227567001855016
7577 8.853165584237468e-05
7578 8.88061998220748e-05
7602 9.654815662959692e-05
7620 0.0001027336712532598
7627 7.887728740211037e-05
7632 0.00016251677649793962
7643 0.00019756065060853997
7694 6.804811807694473e-05
7775 0.00010536844412685977
7784 7.082295263288685e-05
7792 0.000101646679848061
7799 9.403242760948e-05
7808 4.7398314413738584e-05
7814 0.0001275049519955334
7858 4.509923582401553e-05
7866 5.91933076971794e-05
7886 7.910237522724487e-05
7890 9.233159952796689e-06
7891 6.932340577943291e-05
7892 0.0001002340757964429
7893 5.131853189681648e-05
7894 6.374802604546662e-05
7897 0.00013542473142615584
7898 0.00017695423263882194
7904 6.056183085252843e-05
7938 4.907474504580058e-05
7942 9.134928606937549e-05
7943 7.64676023536449e-05
7957 0.00011379132113009053
7958 9.496067334174995e-05
7972 0.0002537323685808453
8009 2.7093186202753706e-05
8010 3.97855428110104e-05
8016 3.6571316885345003e-05
8031 5.5721352358276173e-05
8032 6.056183085252843e-05
8054 2.9805618738211806e-05
8061 7.865323446718271e-05
8066 0.00018227567001855016
8069 5.287392225192349e-05
8137 8.63892700805903e-05
8144 1.8182537399726556e-05
8204 5.1064059112276297e-05
8247 0.00016378259903044513
8256 0.0002462203859023654
8259 0.0002537323685808453
8334 0.0002199543170027505
8349 4.919672615455441e-05
8351 0.0001376235146469122
8437 8.433711728522342e-05
8442 8.001326955199571e-05
8447 4.100899018649567e-05
8453 0.00018418695135817993
8454 0.00021244233432427055
8503 7.256700694753944e-05
8513 4.3335009582674306e-05
8516 8.024367862190805e-05
8531 9.752607762356147e-05
8532 0.0001002340757964429
8539 7.955569410086921e-05
8585 0.0001431761810607271
8589 0.0001677901789526326
8591 0.00011761535496899039
8639 3.69498153124238e-05
8661 7.843020694973282e-05
8663 8.001326955199571e-05
8678 4.409901177660094e-05
8680 0.00015663840245623315
8681 0.00023971321052336105
8695 4.476354154013861e-05
8696 4.787143878550288e-05
8704 0.00015139340654708521
8722 7.217400943451535e-05
8763 6.542281037332744e-05
8813 4.431951634967444e-05
8818 7.139739654402146e-05
8819 7.139739654402146e-05
8823 0.0001475693727081854
8890 0.00010058340652177312
8891 0.00010058340652177312
8892 0.00010384546306881737
