577
1 0.00016251677649793962
15 6.0101372993599195e-05
21 0.00017695423263882194
22 0.0002734912621014559
32 0.00015775871449691997
44 0.00010575674440844711
45 0.00015663840245623315
58 3.9886331735258645e-05
68 3.241760820520544e-05
69 0.00010460100421098168
84 0.00020908021320920737
91 0.00015663840245623315
92 0.00010774605847492284
93 0.00010982004923951138
102 0.00013687950893562258
120 0.00022419450561242282
145 5.786216925096193e-05
146 0.000101646679848061
158 1.722259642893919e-05
160 3.6009024944890365e-05
163 4.4209139343250144e-05
169 0.00021244233432427055
171 0.00015139340654708521
225 4.311890533715833e-05
226 0.00011712061541501202
243 6.309390310328486e-05
246 0.0001002340757964429
255 0.00016508218077975113
256 0.00019506105515172307
276 4.8109734749355606e-05
277 5.502814824397996e-05
278 5.558192042480493e-05
290 5.516600244482883e-05
292 0.00014576429866269
318 9.719791862251607e-05
401 0.00010939812948263226
404 0.00011913044365880717
405 0.00011913044365880717
430 2.1595466130645556e-05
436 6.181142310095298e-05
443 5.859719717528758e-05
459 8.798716495431228e-05
463 2.104404381130732e-05
464 0.0002537323685808453
490 0.0001523982138465608
509 1.4811799641107606e-05
521 6.165346047478709e-05
535 8.236790279729728e-05
549 6.786862826996617e-05
569 0.0001415241100530177
589 0.00026261715830791277
596 0.00020019542348213994
597 0.00011198624708459517
599 0.00016251677649793962
632 6.4078409870285e-05
633 0.00010058340652177312
645 6.341986704442123e-05
659 0.0001263016457352357
660 0.0001677901789526326
668 8.63892700805903e-05
671 0.00014576429866269
672 0.00015775871449691997
717 0.00023397347506023475
732 0.00011614595437539213
739 0.0002462203859023654
751 0.00011614595437539213
765 7.499396958083494e-05
792 0.0002734912621014559
814 0.00014488623116808087
872 6.593667904531496e-05
891 5.757123449128065e-05
910 0.0002462203859023654
911 0.00017065756051371745
987 0.0002462203859023654
990 0.00010939812948263226
1011 8.56095506062492e-05
1031 0.00021605372159664503
1032 0.0002462203859023654
1055 0.00011614595437539213
1057 9.988723143186235e-05
1096 6.950834500520415e-05
1140 3.8493910507496085e-05
1145 9.920086195142229e-05
1164 8.408656954820681e-05
1165 8.433711728522342e-05
1173 9.077257605451787e-05
1226 0.00011110817958998604
1234 2.8271279696782107e-05
1265 6.576478670658657e-05
1287 0.00015139340654708521
1296 0.0002462203859023654
1306 4.5550455969092306e-05
1310 8.285279662389543e-05
1380 0.00015890538922556517
1391 6.491430390704548e-05
1418 6.424444555902466e-05
1469 6.358367031630664e-05
1499 0.00017370426675739054
1500 0.00010310145735752775
1511 9.312153328472917e-05
1512 0.0001275049519955334
1514 0.00015554326811050196
1515 0.0002875104201589402
1540 0.00016007969731333051
1541 0.00014488623116808087
1543 0.0001664173719040451
1548 0.0001753021616311125
1576 0.0001376235146469122
1610 9.590694438493474e-05
1619 0.00019506105515172307
1620 0.00022883910672981793
1638 7.33626397641186e-05
1641 7.583058115843726e-05
1649 8.744869066327002e-05
1665 0.00013263932032595027
1671 7.64676023536449e-05
1678 0.00015663840245623315
1679 0.0001677901789526326
1695 0.00014576429866269
1703 0.00015663840245623315
1706 3.382257549850835e-05
1713 4.787143878550288e-05
1777 4.871062309639001e-05
1785 0.00010734164596720007
1848 6.508321716976057e-05
1859 0.0002875104201589402
1881 8.408656954820681e-05
1884 0.00018617626542465564
1888 6.071628875522179e-05
1895 0.00011519040557349246
1922 7.334292682143156e-06
1942 0.0001376235146469122
1985 9.496067334174995e-05
2042 8.383730339089555e-05
2043 0.00019506105515172307
2044 0.00010536844412685977
2061 0.0001677901789526326
2076 7.66818067754729e-05
2093 0.00011811516886331826
2100 0.0002199543170027505
2108 0.0001376235146469122
2114 0.00016251677649793962
2123 0.00011243128604527755
2144 0.0001263016457352357
2146 0.0001347133110905388
2148 8.383730339089555e-05
2149 8.408656954820681e-05
2151 0.00011566583790554528
2257 0.0002734912621014559
2258 0.0002875104201589402
2264 0.00020019542348213994
2265 0.0002059351589452662
2287 0.00014576429866269
2316 0.00012341728754011654
2321 8.691610145495967e-05
2326 0.00011913044365880717
2341 8.744869066327002e-05
2371 8.858094887998e-06
2384 3.364472337590274e-05
2389 8.070779096331723e-05
2393 0.00022419450561242282
2398 0.0001027336712532598
2402 8.825864993225359e-05
2403 0.0001431761810607271
2411 0.00013837905578907654
2421 0.00015447220461114937
2422 0.00017370426675739054
2434 0.00010536844412685977
2439 5.502814824397996e-05
2455 0.00010128967145643295
2475 0.00015447220461114937
2493 2.5565430128539482e-05
2504 0.00018418695135817993
2550 5.3403616896513294e-05
2556 0.00019506105515172307
2563 2.4450245822639586e-05
2564 4.692973938522239e-05
2571 6.593667904531496e-05
2586 9.502842032885344e-06
2607 3.3290954653437934e-05
2609 0.0002875104201589402
2618 4.846937791309118e-05
2620 0.00010347204034115494
2638 0.00012176521653240713
2640 0.00016128300357362823
2654 0.00013332088986277624
2673 0.00014849761844045535
2675 0.00010694056199521868
2691 0.00016920278300425065
2692 0.0001804365299615294
2708 0.0001300045474523503
2718 8.88061998220748e-05
2720 0.00021605372159664503
2725 0.00010536844412685977
2732 0.00012069415303305452
2817 0.0001275049519955334
2819 0.0001423431449207802
2823 0.00016508218077975113
2843 7.33626397641186e-05
2890 0.0001415241100530177
2920 0.0001399262151792957
2955 4.7516165565500014e-05
2957 0.0001523982138465608
2958 6.950834500520415e-05
2963 8.509658347491132e-05
2970 0.00017215710736717137
2971 0.0002199543170027505
2982 7.197869283035229e-05
2987 0.00014071861357331354
2995 0.0002734912621014559
3002 0.0001440237055098346
3067 0.00010093525951244397
3076 9.818910047034337e-05
3079 0.00011862016226846598
3081 0.00018825025618924418
3082 0.00023397347506023475
3086 0.00018418695135817993
3087 0.00020019542348213994
3100 0.00016920278300425065
3113 6.165346047478709e-05
3135 0.0002875104201589402
3156 9.342327683396404e-05
3161 0.00010536844412685977
3185 0.00010939812948263226
3196 0.0002537323685808453
3212 7.356359438910525e-05
3228 4.566391685271689e-05
3229 4.669713069773751e-05
3230 4.692973938522239e-05
3307 8.408656954820681e-05
3321 0.00011761535496899039
3323 0.00026261715830791277
3343 0.00011614595437539213
3360 0.0002734912621014559
3390 0.00026261715830791277
3395 7.541048004377448e-05
3413 8.001326955199571e-05
3414 9.852402568908913e-05
3421 8.586807337437805e-05
3465 5.7716484755306535e-05
3490 0.0001245506276326127
3492 0.00017370426675739054
3495 0.0001504088997800851
3513 6.056183085252843e-05
3517 0.0001523982138465608
3545 6.071628875522179e-05
3572 5.234992335902794e-05
3642 0.00013542473142615584
3643 0.0002875104201589402
3657 4.716346370617082e-05
3719 2.489326185102742e-05
3723 6.859058854884968e-05
3739 0.00018825025618924418
3743 3.233112827567267e-05
3746 1.903006184883404e-05
3756 0.00014576429866269
3766 5.131853189681648e-05
3782 0.00013614669170503938
3786 0.00010058340652177312
3804 0.00023971321052336105
3832 3.3290954653437934e-05
3864 0.00022883910672981793
3869 0.0001523982138465608
3875 3.285232498188492e-05
3901 0.00010384546306881737
3902 0.00012122674224136485
3914 0.00012936752625714268
3926 0.00011110817958998604
3932 4.895306850942043e-05
3943 7.689695691525318e-05
3969 6.0101372993599195e-05
3996 7.417147870601431e-05
3997 0.0001347133110905388
4002 0.0001263016457352357
4003 0.0001300045474523503
4010 0.00014071861357331354
4099 0.0001147195668623605
4167 0.0002875104201589402
4189 4.981125419104163e-05
4192 0.00019041645403432799
4220 4.3879500470736716e-05
4224 8.236790279729728e-05
4225 0.00010897983139923425
4247 4.846937791309118e-05
4249 0.00013542473142615584
4290 5.656642719180506e-05
4291 7.843020694973282e-05
4308 7.955569410086921e-05
4314 3.1644758795232604e-05
4329 3.676019862375966e-05
4332 8.117636599183342e-05
4356 0.00014944388948364012
4392 8.334256383691721e-05
4393 0.0002875104201589402
4395 0.0002875104201589402
4396 0.0002199543170027505
4398 6.325661252824365e-05
4399 9.282164663063054e-05
4402 6.950834500520415e-05
4432 6.4078409870285e-05
4435 0.00010856509334268535
4436 0.0001128804268053397
4467 5.5861184383926875e-05
4473 0.00016128300357362823
4481 9.282164663063054e-05
4492 6.969398876306011e-05
4495 3.207260550754382e-05
4499 9.312153328472917e-05
4513 9.19329029551259e-05
4525 9.818910047034337e-05
4533 5.685140711216779e-05
4563 4.728074758348793e-05
4577 3.9085797470059324e-05
4668 0.00020298083458234552
4676 1.811794967986411e-05
4699 3.676019862375966e-05
4712 8.484211069037113e-05
4718 0.0001147195668623605
4759 5.0810908270240366e-05
4797 9.988723143186235e-05
4834 1.7286007534181456e-05
4835 0.0001440237055098346
4836 0.00018617626542465564
4839 3.088397517794058e-05
4846 4.681329625334851e-05
4878 6.969398876306011e-05
4885 0.0001027336712532598
4900 0.00014944388948364012
4911 6.341986704442123e-05
4913 6.457822376461287e-05
4914 6.542281037332744e-05
4933 2.564069103539461e-05
4935 0.00011862016226846598
4942 6.804811807694473e-05
4972 4.681329625334851e-05
4973 0.00014576429866269
5123 0.0001423431449207802
5140 0.0001504088997800851
5161 5.502814824397996e-05
5162 5.6001418804450566e-05
5168 0.00014488623116808087
5170 0.0001128804268053397
5198 0.00010654275221462514
5199 0.00014665847838343454
5217 7.159039254876493e-05
5236 0.00010200632301179658
5291 0.00011067500849334801
5292 0.0001347133110905388
5329 0.00014849761844045535
5336 0.00018825025618924418
5355 0.00015447220461114937
5369 7.562007790453742e-05
5371 0.0001300045474523503
5379 2.541525611908456e-05
5385 0.00011519040557349246
5427 3.490353872923123e-05
5430 6.441104889224853e-05
5434 7.159039254876493e-05
5438 0.0001753021616311125
5455 8.908229930004346e-05
5469 1.1433598200043818e-05
5481 6.576478670658657e-05
5522 0.0002875104201589402
5535 0.00014944388948364012
5536 0.00018418695135817993
5636 0.00010310145735752775
5644 7.711306116076915e-05
5657 0.00018825025618924418
5659 0.0002199543170027505
5669 0.0001300045474523503
5687 2.724862948448243e-05
5691 8.383730339089555e-05
5699 8.260974660633398e-05
5700 0.00010575674440844711
5701 0.00010575674440844711
5726 0.00013614669170503938
5806 7.910237522724487e-05
5810 5.261121850249547e-05
5834 6.804811807694473e-05
5854 7.178415593526694e-05
5858 6.663037655997976e-05
5862 6.610917985376751e-05
5865 0.0001196461249524729
5866 0.0002875104201589402
5894 1.5848029138067838e-05
5896 1.6219082409210568e-05
5909 6.663037655997976e-05
5911 7.47870417645905e-05
5931 0.00014665847838343454
5953 0.0001664173719040451
5964 0.0001440237055098346
5965 0.00020298083458234552
5976 0.0002875104201589402
5981 0.0001664173719040451
5984 3.088397517794058e-05
5994 0.00015890538922556517
6000 3.4631041686461846e-05
6001 0.00017215710736717137
6006 0.0001664173719040451
6008 0.00018418695135817993
6009 0.00019756065060853997
6022 2.0770655001689466e-05
6053 0.00018227567001855016
6064 0.00010498321344481378
6075 0.00016920278300425065
6076 0.0002462203859023654
6084 7.843020694973282e-05
6085 0.00011862016226846598
6114 0.00010536844412685977
6119 0.00023397347506023475
6195 9.622649587425546e-05
6197 5.5304247721948624e-05
6201 0.00017215710736717137
6242 3.105201474962982e-05
6277 0.00011067500849334801
6292 8.853165584237468e-05
6297 9.164022082905678e-05
6301 0.00023397347506023475
6302 8.509658347491132e-05
6345 0.0001251273376474703
6352 0.00011519040557349246
6356 6.733409171295719e-05
6362 0.00017695423263882194
6366 0.0001251273376474703
6377 0.00010694056199521868
6387 9.558947467904783e-05
6399 8.212725328354177e-05
6408 4.3989132524856074e-05
6409 0.00010575674440844711
6434 0.00014576429866269
6436 0.0001804365299615294
6455 0.00016128300357362823
6487 0.00012936752625714268
6490 2.724862948448243e-05
6497 0.0001664173719040451
6568 3.9584588186023764e-05
6569 4.981125419104163e-05
6571 0.00014849761844045535
6572 0.00011614595437539213
6573 0.0001504088997800851
6593 7.754816608258265e-05
6600 0.00013065000625947455
6661 5.889434094657216e-05
6675 5.7716484755306535e-05
6679 9.527405980765772e-05
6680 9.558947467904783e-05
6689 7.376538112671329e-05
6704 0.00010694056199521868
6706 7.910237522724487e-05
6730 0.00013065000625947455
6760 1.9892587507080337e-05
6823 0.00012176521653240713
6833 2.7093186202753706e-05
6885 5.131853189681648e-05
6905 2.9805618738211806e-05
6908 8.935997200289977e-05
6929 5.904359505253569e-05
6934 0.00010200632301179658
6944 0.00014665847838343454
6945 0.00020019542348213994
6960 3.259102983841739e-05
6968 0.0001287387249198448
6972 6.133906307779394e-05
6992 4.787143878550288e-05
6995 7.843020694973282e-05
6996 0.00018617626542465564
7025 0.00016007969731333051
7026 0.00021605372159664503
7067 3.508605365233e-05
7070 0.0002875104201589402
7124 6.859058854884968e-05
7161 0.0001423431449207802
7162 0.00015447220461114937
7178 3.714017269315804e-05
7211 0.00010498321344481378
7232 0.00013401212737453773
7279 0.0002875104201589402
7310 0.0001347133110905388
7311 0.0001475693727081854
7312 0.00023397347506023475
7313 0.00023971321052336105
7373 7.27647006365303e-05
7376 0.00013263932032595027
7377 0.00019756065060853997
7406 6.698096388147314e-05
7408 8.691610145495967e-05
7422 0.00013401212737453773
7475 0.0002734912621014559
7476 8.117636599183342e-05
7482 2.5340342303404983e-05
7483 2.8590308184836374e-05
7494 0.00010694056199521868
7502 9.68719546813797e-05
7503 3.173002815645075e-05
7520 9.558947467904783e-05
7554 8.260974660633398e-05
7563 0.00017695423263882194
7564 0.0002734912621014559
7602 9.654815662959692e-05
7603 0.00020298083458234552
7610 0.00013263932032595027
7615 0.00016007969731333051
7665 0.00010422176939821458
7693 0.00014576429866269
7694 6.804811807694473e-05
7701 0.00011425323385392718
7769 0.00022883910672981793
7770 0.00023971321052336105
7784 7.082295263288685e-05
7808 4.7398314413738584e-05
7814 0.0001275049519955334
7818 2.996997446737178e-05
7820 0.00013614669170503938
7836 6.424444555902466e-05
7858 4.509923582401553e-05
7863 7.64676023536449e-05
7884 0.00010982004923951138
7886 7.910237522724487e-05
7890 9.233159952796689e-06
7893 5.131853189681648e-05
7894 6.374802604546662e-05
7902 7.376538112671329e-05
7903 8.141235399539764e-05
7915 0.00018617626542465564
7938 4.907474504580058e-05
7942 9.134928606937549e-05
7981 6.950834500520415e-05
7989 0.00011862016226846598
7995 9.134928606937549e-05
8016 3.6571316885345003e-05
8031 5.5721352358276173e-05
8032 6.056183085252843e-05
8054 2.9805618738211806e-05
8069 5.287392225192349e-05
8128 0.00013332088986277624
8144 1.8182537399726556e-05
8162 0.00013332088986277624
8170 0.00011425323385392718
8176 0.0002059351589452662
8179 0.00017370426675739054
8234 4.8109734749355606e-05
8255 0.00018617626542465564
8331 0.00023397347506023475
8349 4.919672615455441e-05
8416 0.00021605372159664503
8435 0.00019756065060853997
8444 5.815485137703107e-05
8474 8.408656954820681e-05
8503 7.256700694753944e-05
8504 0.00019756065060853997
8513 4.3335009582674306e-05
8516 8.024367862190805e-05
8520 5.874554257904601e-05
8526 0.00010939812948263226
8531 9.752607762356147e-05
8532 0.0001002340757964429
8575 0.00020019542348213994
8590 0.00013614669170503938
8594 0.00020019542348213994
8608 0.0001677901789526326
8633 5.949411993323993e-05
8638 6.491430390704548e-05
8639 3.69498153124238e-05
8642 9.164022082905678e-05
8647 0.0002462203859023654
8678 4.409901177660094e-05
8685 0.00012571095453322076
8754 0.00017695423263882194
8781 8.63892700805903e-05
8783 0.00018617626542465564
8813 4.431951634967444e-05
8818 7.139739654402146e-05
8819 7.139739654402146e-05
8824 0.00011712061541501202
8827 0.0001415241100530177
8828 0.00016508218077975113
8871 7.025520142447097e-05
