243
24 0.0039038665945172212
44 0.005560496201581597
56 0.0027007742720031014
70 0.0030407491074165766
139 0.002864980110412907
161 0.002334633784113069
246 0.002635062193209142
247 0.008077829272897215
337 0.005893868536925994
375 0.0021909997903085724
378 0.0020914464478670983
384 0.0044481864369731025
446 0.0026442457785310976
458 0.00883204808865409
575 0.0023202391982190085
626 0.0034869664387754237
665 0.010525909227568324
713 0.005893868536925994
722 0.01226447338260929
754 0.006301841097888476
756 0.0071898351853928455
785 0.002401489196018508
807 0.0035414897594067307
814 0.0038089265255750347
838 0.006106741860728582
846 0.006150948701288531
853 0.008077829272897215
950 0.006903964940531323
980 0.008077829272897215
998 0.005413847010384107
1011 0.002250596799418563
1035 0.004117880361917256
1075 0.006301841097888476
1129 0.0022780011527230777
1164 0.0022171456909908884
1219 0.003289483283522877
1256 0.00867971914518668
1257 0.004177477371027247
1283 0.005893868536925994
1309 0.0021781242581479527
1364 0.003540303394370941
1373 0.00260789994605037
1393 0.0038089265255750347
1417 0.0016889277251387247
1422 0.004060933001458889
1437 0.01109809101031301
1438 0.00441105036821788
1507 0.002944016029551363
1628 0.004060933001458889
1635 0.004117880361917256
1658 0.0046969206130794035
1669 0.008077829272897215
1705 0.001778329161313902
1778 0.0029794405353714675
1781 0.007711034568455272
1799 0.0029794405353714675
1833 0.0039038665945172212
1847 0.00342195652753337
1921 0.000385623695476459
1968 0.006903964940531323
1988 0.006301841097888476
2019 0.003434669191104534
2072 0.0028759767845109693
2152 0.004060933001458889
2206 0.004566526328442078
2209 0.005679854769525959
2211 0.004651964959519708
2219 0.006150948701288531
2233 0.004272417439969433
2241 0.0035791720250009165
2297 0.004651964959519708
2299 0.0028982574272556475
2312 0.005584914700583773
2325 0.006263660848892563
2350 0.005782397855836319
2438 0.007233198483043501
2439 0.003351988590513845
2466 0.006150948701288531
2573 0.006150948701288531
2650 0.0049489270889632574
2722 0.0047918606820215905
2829 0.0021781242581479527
2831 0.003145387214089789
2851 0.005413847010384107
2954 0.0012491565413561537
2962 0.0022371113626206774
2992 0.007558386030845058
3119 0.010672361048954944
3130 0.0050654714585316165
3146 0.0034009539646125526
3149 0.001999074581588626
3229 0.0061686996666829195
3544 0.0015961757091048276
3561 0.005193688844316543
3675 0.0034009539646125526
3690 0.0030036130386613537
3760 0.0027905381534333393
3814 0.0038320101170557326
3817 0.006472908788088143
3912 0.0034869664387754237
3914 0.0034009539646125526
3953 0.005584914700583773
3961 0.005413847010384107
4038 0.0038089265255750347
4099 0.0030158725070128516
4203 0.003053370930364291
4248 0.001274215622305217
4257 0.005336180524477472
4268 0.006056500852336075
4383 0.0032333476421348936
4454 0.001937764012866439
4482 0.0024401962087674907
4496 0.0008431594698620369
4504 0.002050211933601848
4567 0.007640025310800495
4659 0.004381999580617145
4706 0.014797454680417346
4707 0.006670391943340688
4724 0.002393886178650335
4782 0.0046085335234704265
4802 0.0070829795188134615
4809 0.0032743221046072106
4842 0.006670391943340688
4915 0.0017199058585460004
4928 0.02960295731246202
4937 0.005127976765522584
5029 0.0049489270889632574
5032 0.001817605443183862
5069 0.004566526328442078
5165 0.005127976765522584
5184 0.005496527610974796
5229 0.0012965517613641572
5263 0.007558386030845058
5321 0.005893868536925994
5380 0.0006681438422810666
5381 0.001006824700745567
5441 0.015801751886097937
5442 0.006903964940531323
5456 0.0023418921869085172
5463 0.0028009115272470183
5547 0.005413847010384107
5617 0.0035984371198650987
5669 0.006150948701288531
5703 0.005242875935466446
5767 0.004842106520661061
5815 0.0048944037683319504
5863 0.0052138496535997884
5939 0.004668413789356308
5985 0.0016238229308897132
5988 0.002050211933601848
6019 0.003763970872015339
6040 0.005262954613784162
6061 0.0071898351853928455
6088 0.008073533812489642
6107 0.0018973887082017723
6134 0.0035791720250009165
6217 0.006903964940531323
6228 0.00554008008294144
6406 0.007398727340208673
6430 0.00611535145099824
6463 0.009393841226158807
6469 0.0024552497273052313
6476 0.0022849448264501493
6491 0.0007163415515212607
6537 0.0019715228817238964
6589 0.0017288961036256623
6595 0.004272417439969433
6615 0.0022304215058188423
6623 0.0038320101170557326
6634 0.0031051397784952572
6654 0.003742071113669596
6715 0.005782397855836319
6718 0.004525852922879738
6749 0.0031590889988855515
6761 0.0020918317387976395
6765 0.01615565854579443
6858 0.003855517284227636
6909 0.002349191948347619
6912 0.008077829272897215
6932 0.003145387214089789
6974 0.0031318304244462815
6978 0.0040333813015941584
6981 0.0029914697755497547
6983 0.0030158725070128516
7088 0.0036179963496556977
7095 0.005413847010384107
7122 0.0044481864369731025
7140 0.003258263974625077
7238 0.00277004004147072
7253 0.004842106520661061
7347 0.002121734020840953
7350 0.007158344050001833
7375 0.002759912679115576
7409 0.0022849448264501493
7423 0.003523056280713511
7436 0.0050058744494216245
7452 0.003417700669307805
7492 0.0030158725070128516
7496 0.005679854769525959
7521 0.0025129598771081833
7557 0.006670391943340688
7579 0.002334633784113069
7591 0.016296691267442025
7594 0.011564795711672638
7609 0.00408909028141827
7615 0.003855517284227636
7680 0.0043434693908887805
7694 0.0038320101170557326
7695 0.0017889227973502402
7793 0.0026721982619643645
7863 0.0023863280171028413
7941 0.013340783886681376
7959 0.0024964292649606945
7962 0.012019229042482742
7988 0.002061858419870262
8011 0.0020918510768833313
8031 0.007558386030845058
8043 0.003503303338658051
8045 0.005584914700583773
8091 0.00753887963132455
8155 0.0049489270889632574
8171 0.0030036130386613537
8187 0.004864721363589612
8205 0.0013424274183144729
8361 0.005893868536925994
8412 0.008077829272897215
8445 0.00152883786274956
8561 0.004525852922879738
8576 0.005262954613784162
8592 0.0030920001282703316
8601 0.004408012081531924
8604 0.0036179963496556977
8607 0.007558386030845058
8627 0.0066407095385983515
8639 0.0017065376885533605
8653 0.0028870686690929954
8766 0.004117880361917256
8814 0.002330239113323295
8815 0.007877831916112896
8892 0.005288491557062195
8893 0.0027300022621513285
8909 0.008077829272897215
8912 0.005127976765522584
