79
160 3.6009024944890365e-05
278 5.558192042480493e-05
509 1.4811799641107606e-05
668 8.63892700805903e-05
1469 6.358367031630664e-05
1553 0.0002462203859023654
1922 7.334292682143156e-06
2371 8.858094887998e-06
2384 3.364472337590274e-05
2563 2.4450245822639586e-05
2586 9.502842032885344e-06
2638 0.00012176521653240713
2667 8.358930576913648e-05
2685 7.754816608258265e-05
2739 7.583058115843726e-05
2939 0.00013065000625947455
3168 0.0001275049519955334
3169 0.0001391464957049546
3277 0.00017215710736717137
3576 5.3536945098705395e-05
3605 5.380470086849468e-05
3641 0.0001228603508781383
3743 3.233112827567267e-05
3884 8.433711728522342e-05
4390 8.825864993225359e-05
4467 5.5861184383926875e-05
4525 9.818910047034337e-05
4652 4.476354154013861e-05
4676 1.811794967986411e-05
4829 8.383730339089555e-05
5070 0.00021605372159664503
5170 0.0001128804268053397
5254 5.9796800580258657e-05
5290 0.00013614669170503938
5469 1.1433598200043818e-05
5687 2.724862948448243e-05
5699 8.260974660633398e-05
5797 5.544288630052885e-05
5894 1.5848029138067838e-05
5896 1.6219082409210568e-05
5905 0.00026261715830791277
6104 0.0002462203859023654
6197 5.5304247721948624e-05
6408 4.3989132524856074e-05
6413 9.590694438493474e-05
6429 5.815485137703107e-05
6536 7.499396958083494e-05
6537 0.00030726931367955075
6687 6.196989942762013e-05
6762 7.139739654402146e-05
6763 7.27647006365303e-05
7067 3.508605365233e-05
7073 5.516600244482883e-05
7390 0.00013065000625947455
7392 5.274239335290522e-05
7482 2.5340342303404983e-05
7483 2.8590308184836374e-05
7503 3.173002815645075e-05
7704 0.00014576429866269
7706 0.00021605372159664503
7836 6.424444555902466e-05
7841 0.0001300045474523503
7890 9.233159952796689e-06
8031 5.5721352358276173e-05
8032 6.056183085252843e-05
8047 9.312153328472917e-05
8053 0.00016007969731333051
8204 5.1064059112276297e-05
8291 0.00023971321052336105
8305 0.00016251677649793962
8346 0.0001399262151792957
8349 4.919672615455441e-05
8437 8.433711728522342e-05
8562 0.00013614669170503938
8563 0.0001376235146469122
8564 0.00014071861357331354
8693 8.484211069037113e-05
8694 8.88061998220748e-05
8873 0.00013614669170503938
