352
15 6.0101372993599195e-05
17 0.00012016732165868515
68 3.241760820520544e-05
69 0.00010460100421098168
77 8.691610145495967e-05
79 0.00013130412920165632
82 8.334256383691721e-05
145 5.786216925096193e-05
146 0.000101646679848061
147 0.0002734912621014559
160 3.6009024944890365e-05
161 8.88061998220748e-05
163 4.4209139343250144e-05
196 8.935997200289977e-05
201 0.00019756065060853997
243 6.309390310328486e-05
250 0.00016251677649793962
276 4.8109734749355606e-05
277 5.502814824397996e-05
290 5.516600244482883e-05
291 0.0002875104201589402
311 0.00012016732165868515
314 0.00020908021320920737
328 5.502814824397996e-05
392 0.0002875104201589402
430 2.1595466130645556e-05
443 5.859719717528758e-05
463 2.104404381130732e-05
509 1.4811799641107606e-05
521 6.165346047478709e-05
682 0.0001228603508781383
706 6.525271795805037e-05
708 9.654815662959692e-05
727 0.00021605372159664503
785 9.134928606937549e-05
821 0.00011243128604527755
855 9.464928935894339e-05
858 0.00010815385522706535
872 6.593667904531496e-05
878 0.0001440237055098346
891 5.757123449128065e-05
988 0.00013263932032595027
1005 0.00018825025618924418
1060 0.00020908021320920737
1374 9.920086195142229e-05
1389 0.00017370426675739054
1469 6.358367031630664e-05
1575 0.00023971321052336105
1594 0.000126899584862824
1665 0.00013263932032595027
1706 3.382257549850835e-05
1707 0.00015554326811050196
1711 0.00022883910672981793
1713 4.787143878550288e-05
1717 0.0001251273376474703
1718 0.00016128300357362823
1729 0.00010200632301179658
1773 0.0001002340757964429
1813 0.00019041645403432799
1881 8.408656954820681e-05
1882 9.496067334174995e-05
1922 7.334292682143156e-06
1929 4.2158123180710165e-05
1931 7.754816608258265e-05
1959 0.00015447220461114937
2076 7.66818067754729e-05
2079 0.00017215710736717137
2083 0.00010422176939821458
2085 0.0001147195668623605
2124 0.00011663084820199027
2167 8.744869066327002e-05
2170 0.00020019542348213994
2196 0.00022883910672981793
2320 0.00014665847838343454
2371 8.858094887998e-06
2384 3.364472337590274e-05
2389 8.070779096331723e-05
2391 2.4157123570420575e-05
2392 0.0001281179340087181
2402 8.825864993225359e-05
2417 8.63892700805903e-05
2462 0.00011712061541501202
2469 0.00011110817958998604
2493 2.5565430128539482e-05
2506 0.00014488623116808087
2531 0.0002462203859023654
2532 0.00015554326811050196
2563 2.4450245822639586e-05
2564 4.692973938522239e-05
2571 6.593667904531496e-05
2582 7.458098891001271e-05
2586 9.502842032885344e-06
2607 3.3290954653437934e-05
2618 4.846937791309118e-05
2620 0.00010347204034115494
2657 0.00018227567001855016
2685 7.754816608258265e-05
2732 0.00012069415303305452
2772 0.00011067500849334801
2811 0.00023397347506023475
2843 7.33626397641186e-05
2847 0.0002734912621014559
2850 9.252359415714085e-05
2910 0.00016007969731333051
2929 0.0001251273376474703
2930 0.0001523982138465608
2943 0.0001399262151792957
2955 4.7516165565500014e-05
2982 7.197869283035229e-05
3050 5.1064059112276297e-05
3052 0.00011379132113009053
3056 0.00019268344080366
3067 0.00010093525951244397
3190 0.0001753021616311125
3204 0.00017065756051371745
3212 7.356359438910525e-05
3214 8.001326955199571e-05
3226 8.164949036359771e-05
3237 0.0002059351589452662
3303 0.00010058340652177312
3307 8.408656954820681e-05
3372 6.542281037332744e-05
3375 0.00010236864012694453
3379 0.0002875104201589402
3395 7.541048004377448e-05
3413 8.001326955199571e-05
3414 9.852402568908913e-05
3419 0.00011712061541501202
3421 8.586807337437805e-05
3478 7.865323446718271e-05
3490 0.0001245506276326127
3492 0.00017370426675739054
3513 6.056183085252843e-05
3576 5.3536945098705395e-05
3605 5.380470086849468e-05
3657 4.716346370617082e-05
3681 0.0001287387249198448
3729 0.00012936752625714268
3743 3.233112827567267e-05
3813 0.00019756065060853997
3819 6.424444555902466e-05
3882 0.00012016732165868515
3912 0.00013263932032595027
3913 0.00026261715830791277
3924 0.00019268344080366
3969 6.0101372993599195e-05
3970 6.663037655997976e-05
4018 9.342327683396404e-05
4094 0.00010694056199521868
4203 0.00011614595437539213
4295 0.00012176521653240713
4329 3.676019862375966e-05
4381 4.3226837668107787e-05
4386 0.00016007969731333051
4390 8.825864993225359e-05
4398 6.325661252824365e-05
4467 5.5861184383926875e-05
4481 9.282164663063054e-05
4533 5.685140711216779e-05
4546 7.625433537211054e-05
4566 9.68719546813797e-05
4608 0.0002875104201589402
4652 4.476354154013861e-05
4659 6.610917985376751e-05
4676 1.811794967986411e-05
4699 3.676019862375966e-05
4712 8.484211069037113e-05
4718 0.0001147195668623605
4759 5.0810908270240366e-05
4797 9.988723143186235e-05
4834 1.7286007534181456e-05
4839 3.088397517794058e-05
4844 0.00010734164596720007
4846 4.681329625334851e-05
4851 0.0001399262151792957
4853 8.535239208071232e-05
4878 6.969398876306011e-05
4885 0.0001027336712532598
4900 0.00014944388948364012
4903 0.00021244233432427055
4933 2.564069103539461e-05
4948 0.00011110817958998604
4950 0.00011425323385392718
4972 4.681329625334851e-05
5011 0.00010310145735752775
5012 0.00010774605847492284
5079 0.0001415241100530177
5171 7.52017798211394e-05
5222 2.3001954162320978e-05
5254 5.9796800580258657e-05
5291 0.00011067500849334801
5292 0.0001347133110905388
5379 2.541525611908456e-05
5380 3.8298201700263376e-05
5411 8.164949036359771e-05
5427 3.490353872923123e-05
5434 7.159039254876493e-05
5469 1.1433598200043818e-05
5473 0.0001251273376474703
5481 6.576478670658657e-05
5550 4.944160821510571e-05
5687 2.724862948448243e-05
5699 8.260974660633398e-05
5700 0.00010575674440844711
5701 0.00010575674440844711
5702 3.9886331735258645e-05
5775 0.00014576429866269
5831 0.00013401212737453773
5832 0.00013542473142615584
5834 6.804811807694473e-05
5854 7.178415593526694e-05
5862 6.610917985376751e-05
5894 1.5848029138067838e-05
5896 1.6219082409210568e-05
5934 5.434466680855229e-05
5938 5.91933076971794e-05
5947 0.00015342417653056774
5984 3.088397517794058e-05
5994 0.00015890538922556517
6022 2.0770655001689466e-05
6094 0.00011761535496899039
6114 0.00010536844412685977
6133 0.00013614669170503938
6159 7.101368253390731e-05
6160 7.955569410086921e-05
6195 9.622649587425546e-05
6218 9.464928935894339e-05
6254 8.141235399539764e-05
6278 0.00011566583790554528
6302 8.509658347491132e-05
6306 0.00011425323385392718
6348 9.590694438493474e-05
6349 0.0001523982138465608
6393 0.00014944388948364012
6394 0.0001677901789526326
6408 4.3989132524856074e-05
6413 9.590694438493474e-05
6429 5.815485137703107e-05
6434 0.00014576429866269
6452 8.63892700805903e-05
6467 4.669713069773751e-05
6468 4.669713069773751e-05
6490 2.724862948448243e-05
6506 8.88061998220748e-05
6568 3.9584588186023764e-05
6569 4.981125419104163e-05
6586 5.24803957997587e-05
6588 6.576478670658657e-05
6665 0.00012936752625714268
6675 5.7716484755306535e-05
6678 0.00012230970742046953
6682 6.698096388147314e-05
6689 7.376538112671329e-05
6724 0.00012936752625714268
6762 7.139739654402146e-05
6763 7.27647006365303e-05
6784 9.68719546813797e-05
6785 0.0001228603508781383
6789 4.7516165565500014e-05
6796 8.260974660633398e-05
6826 0.00013614669170503938
6851 0.0001275049519955334
6905 2.9805618738211806e-05
6929 5.904359505253569e-05
6934 0.00010200632301179658
7010 0.0001504088997800851
7067 3.508605365233e-05
7073 5.516600244482883e-05
7075 0.00021605372159664503
7165 6.628229345501092e-05
7177 0.00015447220461114937
7178 3.714017269315804e-05
7197 0.00011198624708459517
7264 0.00017695423263882194
7272 0.00026261715830791277
7341 0.00014071861357331354
7421 0.0002537323685808453
7444 9.886126874785542e-05
7447 0.00012176521653240713
7476 8.117636599183342e-05
7480 9.252359415714085e-05
7482 2.5340342303404983e-05
7483 2.8590308184836374e-05
7503 3.173002815645075e-05
7504 0.00012571095453322076
7510 0.0002462203859023654
7511 0.0001786642827461757
7520 9.558947467904783e-05
7665 0.00010422176939821458
7694 6.804811807694473e-05
7718 9.527405980765772e-05
7719 0.00012016732165868515
7775 0.00010536844412685977
7784 7.082295263288685e-05
7799 9.403242760948e-05
7818 2.996997446737178e-05
7836 6.424444555902466e-05
7839 0.00010614816360120087
7841 0.0001300045474523503
7890 9.233159952796689e-06
7891 6.932340577943291e-05
7892 0.0001002340757964429
7894 6.374802604546662e-05
7897 0.00013542473142615584
7899 0.0002199543170027505
7900 0.00023397347506023475
7902 7.376538112671329e-05
7903 8.141235399539764e-05
7922 0.00010774605847492284
7957 0.00011379132113009053
7958 9.496067334174995e-05
7960 9.954283828468142e-05
7961 0.0001523982138465608
8009 2.7093186202753706e-05
8010 3.97855428110104e-05
8016 3.6571316885345003e-05
8027 0.0002462203859023654
8031 5.5721352358276173e-05
8032 6.056183085252843e-05
8047 9.312153328472917e-05
8054 2.9805618738211806e-05
8058 8.853165584237468e-05
8059 0.00011425323385392718
8060 0.0001147195668623605
8095 0.00015342417653056774
8105 0.0001281179340087181
8124 0.0001300045474523503
8130 0.00019756065060853997
8144 1.8182537399726556e-05
8162 0.00013332088986277624
8234 4.8109734749355606e-05
8349 4.919672615455441e-05
8433 0.00030726931367955075
8442 8.001326955199571e-05
8447 4.100899018649567e-05
8520 5.874554257904601e-05
8521 6.610917985376751e-05
8533 0.00013687950893562258
8571 9.496067334174995e-05
8626 0.0001263016457352357
8639 3.69498153124238e-05
8642 9.164022082905678e-05
8678 4.409901177660094e-05
8695 4.476354154013861e-05
8696 4.787143878550288e-05
8717 9.106007793564448e-05
8718 9.403242760948e-05
8811 0.00011913044365880717
8818 7.139739654402146e-05
8819 7.139739654402146e-05
8866 3.8493910507496085e-05
8871 7.025520142447097e-05
