64
8 0.0001475693727081854
10 0.00016128300357362823
46 0.00016920278300425065
62 0.00014576429866269
68 3.241760820520544e-05
82 8.334256383691721e-05
160 3.6009024944890365e-05
196 8.935997200289977e-05
225 4.311890533715833e-05
276 4.8109734749355606e-05
277 5.502814824397996e-05
430 2.1595466130645556e-05
549 6.786862826996617e-05
821 0.00011243128604527755
1777 4.871062309639001e-05
1779 0.00011333374567896404
2004 7.217400943451535e-05
2009 0.00012176521653240713
2010 0.00020908021320920737
2350 0.00016007969731333051
2402 8.825864993225359e-05
2404 0.00012341728754011654
2451 0.00014576429866269
2563 2.4450245822639586e-05
2564 4.692973938522239e-05
2618 4.846937791309118e-05
2620 0.00010347204034115494
2685 7.754816608258265e-05
2955 4.7516165565500014e-05
3746 1.903006184883404e-05
3882 0.00012016732165868515
3902 0.00012122674224136485
4220 4.3879500470736716e-05
4247 4.846937791309118e-05
4249 0.00013542473142615584
4398 6.325661252824365e-05
4444 0.00014665847838343454
4834 1.7286007534181456e-05
4839 3.088397517794058e-05
4846 4.681329625334851e-05
4933 2.564069103539461e-05
5969 0.00018617626542465564
5972 0.0002537323685808453
5984 3.088397517794058e-05
6408 4.3989132524856074e-05
6417 9.954283828468142e-05
6433 0.0002462203859023654
6490 2.724862948448243e-05
6568 3.9584588186023764e-05
6569 4.981125419104163e-05
6589 5.9343481706634316e-05
6762 7.139739654402146e-05
6763 7.27647006365303e-05
6767 0.0001786642827461757
6771 0.00030726931367955075
6773 0.00013542473142615584
6774 0.00016378259903044513
6833 2.7093186202753706e-05
6905 2.9805618738211806e-05
6929 5.904359505253569e-05
8695 4.476354154013861e-05
8696 4.787143878550288e-05
8871 7.025520142447097e-05
8872 0.00010422176939821458
