266
58 3.9886331735258645e-05
68 3.241760820520544e-05
74 0.00013614669170503938
82 8.334256383691721e-05
158 1.722259642893919e-05
160 3.6009024944890365e-05
161 8.88061998220748e-05
192 0.00030726931367955075
196 8.935997200289977e-05
276 4.8109734749355606e-05
277 5.502814824397996e-05
295 6.969398876306011e-05
328 5.502814824397996e-05
389 0.0002059351589452662
430 2.1595466130645556e-05
432 0.0002537323685808453
458 0.00011198624708459517
480 6.877276232176413e-05
481 0.00022419450561242282
509 1.4811799641107606e-05
511 4.409901177660094e-05
549 6.786862826996617e-05
688 0.00017695423263882194
728 0.00017370426675739054
777 0.00023971321052336105
821 0.00011243128604527755
872 6.593667904531496e-05
904 0.00020019542348213994
1096 6.950834500520415e-05
1098 0.00017695423263882194
1126 4.895306850942043e-05
1130 8.665197383001834e-05
1173 9.077257605451787e-05
1379 0.0002875104201589402
1391 6.491430390704548e-05
1418 6.424444555902466e-05
1434 0.0002537323685808453
1469 6.358367031630664e-05
1497 6.663037655997976e-05
1500 0.00010310145735752775
1511 9.312153328472917e-05
1594 0.000126899584862824
1610 9.590694438493474e-05
1638 7.33626397641186e-05
1641 7.583058115843726e-05
1665 0.00013263932032595027
1706 3.382257549850835e-05
1713 4.787143878550288e-05
1777 4.871062309639001e-05
1779 0.00011333374567896404
1832 0.00023397347506023475
1922 7.334292682143156e-06
2076 7.66818067754729e-05
2093 0.00011811516886331826
2167 8.744869066327002e-05
2172 0.00019268344080366
2184 0.00013130412920165632
2341 8.744869066327002e-05
2343 0.0001263016457352357
2371 8.858094887998e-06
2373 4.532432364915004e-05
2374 8.586807337437805e-05
2404 0.00012341728754011654
2405 0.0001677901789526326
2434 0.00010536844412685977
2458 0.00017065756051371745
2559 7.604199766141655e-05
2563 2.4450245822639586e-05
2564 4.692973938522239e-05
2571 6.593667904531496e-05
2586 9.502842032885344e-06
2607 3.3290954653437934e-05
2618 4.846937791309118e-05
2620 0.00010347204034115494
2635 0.00015554326811050196
2636 0.00016508218077975113
2675 0.00010694056199521868
2940 7.910237522724487e-05
2955 4.7516165565500014e-05
2958 6.950834500520415e-05
2963 8.509658347491132e-05
2976 5.461691012835996e-05
3031 8.691610145495967e-05
3134 0.0001228603508781383
3214 8.001326955199571e-05
3228 4.566391685271689e-05
3229 4.669713069773751e-05
3230 4.692973938522239e-05
3413 8.001326955199571e-05
3414 9.852402568908913e-05
3478 7.865323446718271e-05
3572 5.234992335902794e-05
3576 5.3536945098705395e-05
3647 8.094151528426567e-05
3743 3.233112827567267e-05
3746 1.903006184883404e-05
3756 0.00014576429866269
3766 5.131853189681648e-05
3786 0.00010058340652177312
3814 0.00014576429866269
3832 3.3290954653437934e-05
3872 9.164022082905678e-05
3875 3.285232498188492e-05
3887 5.5861184383926875e-05
3932 4.895306850942043e-05
3946 0.0002059351589452662
3969 6.0101372993599195e-05
3970 6.663037655997976e-05
4189 4.981125419104163e-05
4220 4.3879500470736716e-05
4224 8.236790279729728e-05
4225 0.00010897983139923425
4247 4.846937791309118e-05
4290 5.656642719180506e-05
4291 7.843020694973282e-05
4329 3.676019862375966e-05
4345 5.131853189681648e-05
4348 8.212725328354177e-05
4453 3.6854914742017664e-05
4490 0.00019756065060853997
4495 3.207260550754382e-05
4533 5.685140711216779e-05
4546 7.625433537211054e-05
4563 4.728074758348793e-05
4577 3.9085797470059324e-05
4676 1.811794967986411e-05
4834 1.7286007534181456e-05
4839 3.088397517794058e-05
4846 4.681329625334851e-05
4853 8.535239208071232e-05
4911 6.341986704442123e-05
4913 6.457822376461287e-05
4914 6.542281037332744e-05
4933 2.564069103539461e-05
5007 0.00018617626542465564
5096 0.00021244233432427055
5097 0.00023397347506023475
5171 7.52017798211394e-05
5222 2.3001954162320978e-05
5228 4.931901336427842e-05
5233 0.0001431761810607271
5242 6.786862826996617e-05
5355 0.00015447220461114937
5395 3.215862746722012e-05
5427 3.490353872923123e-05
5434 7.159039254876493e-05
5469 1.1433598200043818e-05
5636 0.00010310145735752775
5676 9.312153328472917e-05
5687 2.724862948448243e-05
5702 3.9886331735258645e-05
5765 0.00015554326811050196
5774 0.0001677901789526326
5797 5.544288630052885e-05
5806 7.910237522724487e-05
5894 1.5848029138067838e-05
5896 1.6219082409210568e-05
5909 6.663037655997976e-05
5972 0.0002537323685808453
5984 3.088397517794058e-05
6000 3.4631041686461846e-05
6022 2.0770655001689466e-05
6035 9.818910047034337e-05
6038 0.00011663084820199027
6040 0.00014488623116808087
6041 0.0001475693727081854
6042 0.00019756065060853997
6197 5.5304247721948624e-05
6292 8.853165584237468e-05
6297 9.164022082905678e-05
6298 0.00030726931367955075
6399 8.212725328354177e-05
6408 4.3989132524856074e-05
6409 0.00010575674440844711
6433 0.0002462203859023654
6490 2.724862948448243e-05
6502 0.0001423431449207802
6507 6.212889280683989e-05
6540 6.040786096929821e-05
6541 0.00016920278300425065
6545 0.0001677901789526326
6546 0.0001786642827461757
6568 3.9584588186023764e-05
6569 4.981125419104163e-05
6589 5.9343481706634316e-05
6593 7.754816608258265e-05
6638 9.282164663063054e-05
6689 7.376538112671329e-05
6760 1.9892587507080337e-05
6762 7.139739654402146e-05
6763 7.27647006365303e-05
6767 0.0001786642827461757
6771 0.00030726931367955075
6789 4.7516165565500014e-05
6791 0.00022883910672981793
6833 2.7093186202753706e-05
6905 2.9805618738211806e-05
6929 5.904359505253569e-05
6935 0.0002875104201589402
6992 4.787143878550288e-05
6995 7.843020694973282e-05
7036 0.00016251677649793962
7067 3.508605365233e-05
7073 5.516600244482883e-05
7178 3.714017269315804e-05
7335 0.000126899584862824
7369 9.372690041743856e-05
7482 2.5340342303404983e-05
7483 2.8590308184836374e-05
7503 3.173002815645075e-05
7523 8.935997200289977e-05
7627 7.887728740211037e-05
7637 0.00018418695135817993
7701 0.00011425323385392718
7724 9.920086195142229e-05
7792 0.000101646679848061
7799 9.403242760948e-05
7818 2.996997446737178e-05
7843 0.00012571095453322076
7844 0.00016378259903044513
7890 9.233159952796689e-06
7891 6.932340577943291e-05
7893 5.131853189681648e-05
7894 6.374802604546662e-05
7902 7.376538112671329e-05
7922 0.00010774605847492284
7938 4.907474504580058e-05
7942 9.134928606937549e-05
7943 7.64676023536449e-05
8009 2.7093186202753706e-05
8010 3.97855428110104e-05
8016 3.6571316885345003e-05
8031 5.5721352358276173e-05
8032 6.056183085252843e-05
8042 6.663037655997976e-05
8054 2.9805618738211806e-05
8098 0.0001300045474523503
8144 1.8182537399726556e-05
8349 4.919672615455441e-05
8447 4.100899018649567e-05
8513 4.3335009582674306e-05
8516 8.024367862190805e-05
8520 5.874554257904601e-05
8521 6.610917985376751e-05
8533 0.00013687950893562258
8633 5.949411993323993e-05
8638 6.491430390704548e-05
8639 3.69498153124238e-05
8659 0.00012936752625714268
8678 4.409901177660094e-05
8695 4.476354154013861e-05
8696 4.787143878550288e-05
8722 7.217400943451535e-05
8723 0.00010498321344481378
8726 0.0002537323685808453
8801 0.00015890538922556517
8802 0.00016007969731333051
8811 0.00011913044365880717
8813 4.431951634967444e-05
8818 7.139739654402146e-05
8819 7.139739654402146e-05
8841 0.0001275049519955334
8842 0.00016378259903044513
8871 7.025520142447097e-05
8872 0.00010422176939821458
8910 0.0001786642827461757
