73
52 9.785646144837983e-05
109 0.00011913044365880717
151 0.00011712061541501202
158 1.722259642893919e-05
290 5.516600244482883e-05
328 5.502814824397996e-05
423 8.63892700805903e-05
449 6.628229345501092e-05
463 2.104404381130732e-05
473 4.858985121920245e-05
511 4.409901177660094e-05
1102 8.285279662389543e-05
1103 9.527405980765772e-05
1140 3.8493910507496085e-05
1157 0.00013614669170503938
1334 9.886126874785542e-05
1671 7.64676023536449e-05
1706 3.382257549850835e-05
1712 0.0001677901789526326
1750 0.0001245506276326127
1922 7.334292682143156e-06
2042 8.383730339089555e-05
2118 6.715720793434914e-05
2371 8.858094887998e-06
2373 4.532432364915004e-05
2374 8.586807337437805e-05
2550 5.3403616896513294e-05
2563 2.4450245822639586e-05
2762 0.00010200632301179658
2765 0.00012936752625714268
2957 0.0001523982138465608
3020 0.00015663840245623315
3228 4.566391685271689e-05
3229 4.669713069773751e-05
3230 4.692973938522239e-05
3235 0.0001287387249198448
3564 0.00010774605847492284
3566 0.0002199543170027505
3746 1.903006184883404e-05
4068 0.00019756065060853997
4069 0.00020908021320920737
4220 4.3879500470736716e-05
4314 3.1644758795232604e-05
4321 0.00010200632301179658
4453 3.6854914742017664e-05
4569 0.00010422176939821458
4572 0.00013401212737453773
4821 8.691610145495967e-05
4972 4.681329625334851e-05
4977 0.00013401212737453773
5016 8.117636599183342e-05
5209 0.00026261715830791277
5254 5.9796800580258657e-05
5482 0.00013196715204843822
5569 9.527405980765772e-05
5810 5.261121850249547e-05
5811 0.00010310145735752775
6242 3.105201474962982e-05
6251 0.0001228603508781383
6262 0.0001128804268053397
6408 4.3989132524856074e-05
6611 0.00013614669170503938
6647 0.0001523982138465608
6760 1.9892587507080337e-05
7064 0.00020908021320920737
7134 0.0002059351589452662
7321 3.8200641252257444e-05
7344 8.96392359620217e-05
7346 8.070779096331723e-05
7443 0.00014576429866269
8513 4.3335009582674306e-05
8803 0.0001281179340087181
8804 0.00013542473142615584
