455
17 0.00012016732165868515
68 3.241760820520544e-05
77 8.691610145495967e-05
79 0.00013130412920165632
92 0.00010774605847492284
93 0.00010982004923951138
132 8.334256383691721e-05
133 0.00021244233432427055
148 0.00010614816360120087
149 0.00015139340654708521
152 0.0001475693727081854
158 1.722259642893919e-05
160 3.6009024944890365e-05
163 4.4209139343250144e-05
171 0.00015139340654708521
210 0.00015342417653056774
225 4.311890533715833e-05
276 4.8109734749355606e-05
277 5.502814824397996e-05
278 5.558192042480493e-05
283 0.00014488623116808087
318 9.719791862251607e-05
328 5.502814824397996e-05
330 6.358367031630664e-05
334 9.252359415714085e-05
370 0.0001347133110905388
375 8.334256383691721e-05
401 0.00010939812948263226
404 0.00011913044365880717
405 0.00011913044365880717
407 0.0002059351589452662
423 8.63892700805903e-05
430 2.1595466130645556e-05
436 6.181142310095298e-05
443 5.859719717528758e-05
446 0.00010058340652177312
458 0.00011198624708459517
463 2.104404381130732e-05
480 6.877276232176413e-05
494 0.00010815385522706535
509 1.4811799641107606e-05
511 4.409901177660094e-05
521 6.165346047478709e-05
523 0.0001347133110905388
569 0.0001415241100530177
575 8.825864993225359e-05
632 6.4078409870285e-05
639 0.0001287387249198448
645 6.341986704442123e-05
646 0.00021605372159664503
723 6.212889280683989e-05
726 6.4078409870285e-05
765 7.499396958083494e-05
855 9.464928935894339e-05
872 6.593667904531496e-05
891 5.757123449128065e-05
941 9.719791862251607e-05
960 0.00012069415303305452
961 0.0001251273376474703
962 0.00018617626542465564
963 0.00013614669170503938
965 0.0001391464957049546
1011 8.56095506062492e-05
1083 7.178415593526694e-05
1093 0.00016378259903044513
1181 0.00018617626542465564
1182 0.00019041645403432799
1194 0.0001027336712532598
1201 0.00018418695135817993
1202 0.0002462203859023654
1216 4.5550455969092306e-05
1223 0.00014849761844045535
1226 0.00011110817958998604
1228 0.0002059351589452662
1234 2.8271279696782107e-05
1254 8.96392359620217e-05
1287 0.00015139340654708521
1288 0.00030726931367955075
1306 4.5550455969092306e-05
1391 6.491430390704548e-05
1412 6.804811807694473e-05
1432 0.00015139340654708521
1469 6.358367031630664e-05
1497 6.663037655997976e-05
1504 0.0001239806629188251
1508 0.00011198624708459517
1511 9.312153328472917e-05
1512 0.0001275049519955334
1551 0.0002059351589452662
1561 0.0002059351589452662
1566 0.00016920278300425065
1567 0.00016378259903044513
1569 9.920086195142229e-05
1573 0.0001347133110905388
1576 0.0001376235146469122
1579 0.00015447220461114937
1624 0.00017215710736717137
1626 0.00019506105515172307
1674 0.00014944388948364012
1706 3.382257549850835e-05
1777 4.871062309639001e-05
1779 0.00011333374567896404
1785 0.00010734164596720007
1881 8.408656954820681e-05
1882 9.496067334174995e-05
1888 6.071628875522179e-05
1895 0.00011519040557349246
1922 7.334292682143156e-06
2004 7.217400943451535e-05
2007 0.00022883910672981793
2020 0.00013065000625947455
2029 0.00012122674224136485
2030 0.0001228603508781383
2066 0.0002059351589452662
2093 0.00011811516886331826
2124 0.00011663084820199027
2125 0.00019268344080366
2148 8.383730339089555e-05
2149 8.408656954820681e-05
2150 0.00015663840245623315
2167 8.744869066327002e-05
2184 0.00013130412920165632
2371 8.858094887998e-06
2384 3.364472337590274e-05
2385 0.00011712061541501202
2421 0.00015447220461114937
2423 0.00023971321052336105
2439 5.502814824397996e-05
2444 0.0002059351589452662
2445 0.00018825025618924418
2448 8.825864993225359e-05
2451 0.00014576429866269
2462 0.00011712061541501202
2469 0.00011110817958998604
2493 2.5565430128539482e-05
2550 5.3403616896513294e-05
2563 2.4450245822639586e-05
2564 4.692973938522239e-05
2571 6.593667904531496e-05
2582 7.458098891001271e-05
2586 9.502842032885344e-06
2590 8.771718405598661e-05
2607 3.3290954653437934e-05
2612 8.001326955199571e-05
2618 4.846937791309118e-05
2638 0.00012176521653240713
2639 0.0001504088997800851
2684 0.00021605372159664503
2718 8.88061998220748e-05
2762 0.00010200632301179658
2825 0.00011614595437539213
2843 7.33626397641186e-05
2850 9.252359415714085e-05
2851 0.00022419450561242282
2900 0.00017065756051371745
2903 8.718166847460814e-05
2955 4.7516165565500014e-05
2987 0.00014071861357331354
3050 5.1064059112276297e-05
3097 0.00012230970742046953
3140 0.0002059351589452662
3226 8.164949036359771e-05
3277 0.00017215710736717137
3345 0.00011110817958998604
3372 6.542281037332744e-05
3383 0.00010815385522706535
3409 8.458895984833521e-05
3413 8.001326955199571e-05
3414 9.852402568908913e-05
3465 5.7716484755306535e-05
3495 0.0001504088997800851
3513 6.056183085252843e-05
3605 5.380470086849468e-05
3627 6.491430390704548e-05
3628 7.733012801189119e-05
3647 8.094151528426567e-05
3654 6.663037655997976e-05
3691 0.00011425323385392718
3700 0.00022883910672981793
3702 0.00016007969731333051
3719 2.489326185102742e-05
3743 3.233112827567267e-05
3746 1.903006184883404e-05
3752 0.0002059351589452662
3760 0.00010614816360120087
3766 5.131853189681648e-05
3781 0.00022883910672981793
3819 6.424444555902466e-05
3832 3.3290954653437934e-05
3884 8.433711728522342e-05
3912 0.00013263932032595027
3932 4.895306850942043e-05
3943 7.689695691525318e-05
3951 9.920086195142229e-05
3954 0.00010774605847492284
3969 6.0101372993599195e-05
3970 6.663037655997976e-05
3996 7.417147870601431e-05
3997 0.0001347133110905388
4002 0.0001263016457352357
4003 0.0001300045474523503
4005 9.222735356398462e-05
4037 0.0001391464957049546
4038 0.00014488623116808087
4081 0.00022883910672981793
4086 0.00019756065060853997
4089 0.0002199543170027505
4198 0.00013332088986277624
4220 4.3879500470736716e-05
4308 7.955569410086921e-05
4314 3.1644758795232604e-05
4345 5.131853189681648e-05
4348 8.212725328354177e-05
4381 4.3226837668107787e-05
4382 6.14960082295629e-05
4390 8.825864993225359e-05
4402 6.950834500520415e-05
4406 6.508321716976057e-05
4431 0.00013196715204843822
4453 3.6854914742017664e-05
4495 3.207260550754382e-05
4567 6.341986704442123e-05
4619 0.00010856509334268535
4625 0.00017695423263882194
4628 0.00011566583790554528
4629 0.00015890538922556517
4652 4.476354154013861e-05
4654 0.0001523982138465608
4658 8.334256383691721e-05
4676 1.811794967986411e-05
4699 3.676019862375966e-05
4723 9.106007793564448e-05
4759 5.0810908270240366e-05
4764 0.00019268344080366
4801 0.0001347133110905388
4808 0.0001245506276326127
4809 0.0002059351589452662
4810 0.00010856509334268535
4818 9.048676041112919e-05
4829 8.383730339089555e-05
4831 0.00013065000625947455
4832 0.0001347133110905388
4833 0.0001431761810607271
4834 1.7286007534181456e-05
4839 3.088397517794058e-05
4844 0.00010734164596720007
4846 4.681329625334851e-05
4911 6.341986704442123e-05
4913 6.457822376461287e-05
4914 6.542281037332744e-05
4916 0.0002875104201589402
4933 2.564069103539461e-05
4942 6.804811807694473e-05
4972 4.681329625334851e-05
4974 0.00013263932032595027
5043 0.00010422176939821458
5065 0.0001287387249198448
5118 0.00023971321052336105
5192 8.001326955199571e-05
5194 0.00011712061541501202
5197 0.0001391464957049546
5198 0.00010654275221462514
5199 0.00014665847838343454
5222 2.3001954162320978e-05
5236 0.00010200632301179658
5267 0.0001677901789526326
5379 2.541525611908456e-05
5380 3.8298201700263376e-05
5385 0.00011519040557349246
5395 3.215862746722012e-05
5469 1.1433598200043818e-05
5488 0.0002537323685808453
5550 4.944160821510571e-05
5570 0.0001347133110905388
5574 0.00013401212737453773
5580 0.0001431761810607271
5581 0.00014488623116808087
5582 0.0001475693727081854
5622 6.733409171295719e-05
5631 0.00015663840245623315
5642 9.852402568908913e-05
5644 7.711306116076915e-05
5648 0.00016378259903044513
5664 0.00023971321052336105
5676 9.312153328472917e-05
5687 2.724862948448243e-05
5716 0.00015775871449691997
5720 0.00020908021320920737
5729 9.106007793564448e-05
5810 5.261121850249547e-05
5854 7.178415593526694e-05
5894 1.5848029138067838e-05
5896 1.6219082409210568e-05
5911 7.47870417645905e-05
5984 3.088397517794058e-05
5988 7.044371782011974e-05
6000 3.4631041686461846e-05
6005 0.00010897983139923425
6022 2.0770655001689466e-05
6035 9.818910047034337e-05
6038 0.00011663084820199027
6051 0.0001677901789526326
6057 0.00011024565393173974
6106 7.217400943451535e-05
6108 0.0001804365299615294
6114 0.00010536844412685977
6292 8.853165584237468e-05
6302 8.509658347491132e-05
6304 0.00020019542348213994
6308 0.0001523982138465608
6318 0.00019041645403432799
6328 9.920086195142229e-05
6354 0.0002462203859023654
6355 0.00026261715830791277
6387 9.558947467904783e-05
6408 4.3989132524856074e-05
6413 9.590694438493474e-05
6429 5.815485137703107e-05
6449 0.00020298083458234552
6458 0.00015554326811050196
6467 4.669713069773751e-05
6468 4.669713069773751e-05
6490 2.724862948448243e-05
6505 0.00013196715204843822
6507 6.212889280683989e-05
6516 9.818910047034337e-05
6517 0.0001391464957049546
6518 0.0002875104201589402
6568 3.9584588186023764e-05
6569 4.981125419104163e-05
6586 5.24803957997587e-05
6588 6.576478670658657e-05
6589 5.9343481706634316e-05
6593 7.754816608258265e-05
6595 7.66818067754729e-05
6610 0.0002462203859023654
6633 0.00011811516886331826
6687 6.196989942762013e-05
6730 0.00013065000625947455
6760 1.9892587507080337e-05
6762 7.139739654402146e-05
6763 7.27647006365303e-05
6773 0.00013542473142615584
6823 0.00012176521653240713
6833 2.7093186202753706e-05
6868 0.00016508218077975113
6905 2.9805618738211806e-05
6919 7.3968006896828e-05
6920 9.403242760948e-05
6929 5.904359505253569e-05
6944 0.00014665847838343454
6945 0.00020019542348213994
6960 3.259102983841739e-05
6967 0.00010536844412685977
6992 4.787143878550288e-05
6995 7.843020694973282e-05
7085 0.00018418695135817993
7101 0.00011862016226846598
7124 6.859058854884968e-05
7139 6.196989942762013e-05
7142 0.00015139340654708521
7143 0.0001523982138465608
7174 7.256700694753944e-05
7176 0.00018418695135817993
7194 0.00022883910672981793
7211 0.00010498321344481378
7277 0.00030726931367955075
7310 0.0001347133110905388
7321 3.8200641252257444e-05
7369 9.372690041743856e-05
7386 0.00023397347506023475
7482 2.5340342303404983e-05
7483 2.8590308184836374e-05
7494 0.00010694056199521868
7503 3.173002815645075e-05
7504 0.00012571095453322076
7520 9.558947467904783e-05
7577 8.853165584237468e-05
7578 8.88061998220748e-05
7597 0.0001786642827461757
7656 0.00016508218077975113
7664 0.0001196461249524729
7671 9.134928606937549e-05
7675 0.00017215710736717137
7695 0.00018617626542465564
7710 0.00014488623116808087
7789 0.00018227567001855016
7799 9.403242760948e-05
7808 4.7398314413738584e-05
7812 0.0001786642827461757
7818 2.996997446737178e-05
7827 0.00015775871449691997
7836 6.424444555902466e-05
7858 4.509923582401553e-05
7862 9.077257605451787e-05
7863 7.64676023536449e-05
7877 8.853165584237468e-05
7884 0.00010982004923951138
7890 9.233159952796689e-06
7891 6.932340577943291e-05
7893 5.131853189681648e-05
7894 6.374802604546662e-05
7902 7.376538112671329e-05
7903 8.141235399539764e-05
7971 0.00019506105515172307
7977 0.00014849761844045535
7981 6.950834500520415e-05
7987 7.843020694973282e-05
7989 0.00011862016226846598
8009 2.7093186202753706e-05
8010 3.97855428110104e-05
8016 3.6571316885345003e-05
8017 0.00012122674224136485
8031 5.5721352358276173e-05
8032 6.056183085252843e-05
8042 6.663037655997976e-05
8054 2.9805618738211806e-05
8071 0.00013687950893562258
8137 8.63892700805903e-05
8144 1.8182537399726556e-05
8158 0.00010939812948263226
8162 0.00013332088986277624
8169 0.0002875104201589402
8179 0.00017370426675739054
8186 9.252359415714085e-05
8203 0.0002059351589452662
8234 4.8109734749355606e-05
8269 0.00018227567001855016
8270 0.0002199543170027505
8349 4.919672615455441e-05
8426 0.00015663840245623315
8442 8.001326955199571e-05
8444 5.815485137703107e-05
8447 4.100899018649567e-05
8503 7.256700694753944e-05
8520 5.874554257904601e-05
8521 6.610917985376751e-05
8539 7.955569410086921e-05
8559 0.00011379132113009053
8590 0.00013614669170503938
8633 5.949411993323993e-05
8638 6.491430390704548e-05
8639 3.69498153124238e-05
8642 9.164022082905678e-05
8678 4.409901177660094e-05
8695 4.476354154013861e-05
8696 4.787143878550288e-05
8717 9.106007793564448e-05
8718 9.403242760948e-05
8722 7.217400943451535e-05
8779 0.0001475693727081854
8811 0.00011913044365880717
8864 0.00021244233432427055
8871 7.025520142447097e-05
8876 0.00022883910672981793
