233
17 0.00291806858480164
49 0.004144142177924386
52 0.0023762855161524824
79 0.003188507900395534
149 0.0036763434309199546
158 0.00041822283208366775
163 0.0010735472747330933
334 0.0022467854799140033
338 0.0033789470564647285
375 0.0020238390433640493
423 0.0020978233650087758
492 0.004520988766933327
532 0.0050008014619079355
633 0.0024425049561908503
708 0.002344515454721983
757 0.0026263410293831235
837 0.002741118157191246
904 0.004861421291751583
983 0.0025126507452871193
992 0.009722842583503167
1055 0.02256332959985819
1102 0.020822184711315018
1104 0.007461537121286528
1108 0.011931584653073516
1110 0.009602742529491962
1156 0.016530508398846195
1176 0.0025126507452871193
1239 0.0035396496721577476
1364 0.001635099251623636
1393 0.003518327226621081
1431 0.0036763434309199546
1496 0.001618010670034168
1498 0.008436252999138225
1507 0.008158213357094648
1528 0.005556986700752418
1568 0.0024089321027549737
1569 0.0050008014619079355
1586 0.002417236443577877
1609 0.0023289446549278974
1620 0.002719404452364883
1635 0.00380370965310613
1640 0.0036828454456893345
1749 0.003024510063928731
1803 0.004679004971232201
1871 0.00429704665198142
1875 0.005979062885999674
1940 0.0019485876399957616
1941 0.040103567167300756
1955 0.002741118157191246
2021 0.005556986700752418
2025 0.006217933391471183
2117 0.0016308039158335682
2149 0.00380370965310613
2150 0.0028087573499025052
2360 0.005444200092691858
2372 0.0011006277176055178
2404 0.0040745124654655625
2408 0.005246514351142507
2438 0.004008808096596861
2490 0.010154348011555618
2492 0.0006208150226309097
2611 0.003885985058568859
2612 0.0037771160910103365
2653 0.0032374816633707402
2672 0.003606023911556779
2714 0.007461537121286528
2776 0.004797440104150703
2793 0.002996988737213947
2819 0.0050008014619079355
2829 0.004023891681265155
2954 0.001153853045012905
2976 0.0038587597514393368
2977 0.005681666511544447
2986 0.010251370170289128
3019 0.00380370965310613
3106 0.01396344885262384
3149 0.0018465566298597937
3160 0.002558701836671864
3184 0.002656556212395691
3203 0.004144142177924386
3222 0.04321066045570979
3227 0.001108874187987501
3306 0.0020419060158409236
3506 0.0066548079355608246
3512 0.00147064587617911
3544 0.0014743966359306174
3595 0.0020119458406325777
3620 0.006377231920545282
3767 0.004144142177924386
3872 0.004450668381626997
3895 0.007461537121286528
3973 0.004426269131349643
4051 0.004861421291751583
4094 0.0025968781703035117
4121 0.0038587597514393368
4170 0.0038309146147044973
4203 0.002820416199982274
4335 0.004144142177924386
4349 0.001994327196901701
4359 0.006377231920545282
4376 0.0018312212483654444
4387 0.0038872759194997315
4417 0.00698172442631192
4455 0.004381608596776975
4468 0.0013564982976282188
4534 0.0013805442511815786
4547 0.0018517129069107604
4568 0.0015400486514983158
4573 0.0065085344913453965
4659 0.0020238390433640493
4724 0.0022112463612056227
4819 0.008789297098463033
4822 0.0042212332216163525
4936 0.0028804983273475987
4978 0.0065085344913453965
5000 0.0058210466817008
5003 0.0035613633769841107
5017 0.00985618220325912
5045 0.004885009912381701
5069 0.004218126499569113
5082 0.004426269131349643
5126 0.005681666511544447
5135 0.006641291901493664
5163 0.0013599036631751047
5169 0.003518327226621081
5191 0.00698172442631192
5228 0.007461537121286528
5229 0.0011976322809331042
5255 0.005808273425299893
5317 0.0039771948843578386
5349 0.004041176071958719
5381 0.0037200389488037844
5430 0.005681666511544447
5431 0.00312823579143171
5437 0.004571352270186769
5463 0.0025872180047322594
5510 0.0021699620449314515
5556 0.0034973821893832307
5571 0.0032712943554192965
5585 0.006641291901493664
5709 0.006161479206519055
5763 0.0033789470564647285
5811 0.006387890726079559
5812 0.002503651738338657
5823 0.002218269311853608
5873 0.009565523701186601
5912 0.001816082060506895
5914 0.00698172442631192
5924 0.010493028702285015
5942 0.003946456436375035
5950 0.00698172442631192
5976 0.0025400658025293427
5985 0.001499934532892678
5988 0.005681377483577872
5998 0.007461537121286528
6058 0.0026771369695903664
6107 0.0017526288067585853
6161 0.007727524205198326
6162 0.006641291901493664
6194 0.0025968781703035117
6228 0.007676105510015592
6249 0.006161479206519055
6310 0.002785778691763915
6329 0.0024089321027549737
6338 0.0038872759194997315
6352 0.005444200092691858
6389 0.004041176071958719
6395 0.0040745124654655625
6477 0.005232876692798432
6496 0.004180556242115071
6499 0.004520988766933327
6517 0.0023843631155087194
6671 0.0026066178443043242
6713 0.0014631798343098213
6754 0.0028804983273475987
6761 0.0038644738934735683
6787 0.005681666511544447
6834 0.0013158282040269264
6852 0.003096251041373824
6880 0.005158817666206809
6963 0.0025400658025293427
6968 0.002558701836671864
6990 0.0038309146147044973
6999 0.003946456436375035
7000 0.001532133145657969
7081 0.0030670306997068676
7252 0.0018673179292336137
7370 0.00227600582158096
7444 0.007079299344315495
7455 0.00362900256969537
7461 0.004381608596776975
7470 0.0019154070444893938
7481 0.004493570959828007
7554 0.014923074242573057
7583 0.0038309146147044973
7620 0.005246514351142507
7647 0.004041176071958719
7657 0.004008753120188398
7695 0.001652438224255399
7716 0.003417123390096376
7800 0.004566850108205372
7864 0.0018568917497975021
7883 0.010888400185383717
7926 0.007461537121286528
7944 0.0037137834995950043
8011 0.00483063702359298
8056 0.004008753120188398
8091 0.0023212354178192753
8092 0.007461537121286528
8102 0.0037007435471404625
8104 0.0035396496721577476
8145 0.0004415334422516705
8187 0.011233927399570017
8274 0.007461537121286528
8281 0.014923074242573057
8287 0.0058210466817008
8352 0.0033419639306083966
8527 0.007969668637187073
8604 0.023393747514258777
8605 0.003751107050393905
8625 0.0040745124654655625
8639 0.0015763386278462921
8664 0.0019429925292844296
8679 0.0032126190159651297
8695 0.002156514585325151
8697 0.0034874408375182697
8719 0.002283425054102686
8754 0.0025776360599833845
8758 0.0023843631155087194
8769 0.006377231920545282
8804 0.0031111363157648383
8812 0.002892889683616592
8867 0.000934762208291022
