209
58 3.9886331735258645e-05
68 3.241760820520544e-05
109 0.00011913044365880717
151 0.00011712061541501202
158 1.722259642893919e-05
245 0.00013196715204843822
276 4.8109734749355606e-05
277 5.502814824397996e-05
290 5.516600244482883e-05
430 2.1595466130645556e-05
449 6.628229345501092e-05
473 4.858985121920245e-05
474 0.00014488623116808087
509 1.4811799641107606e-05
511 4.409901177660094e-05
621 0.00011110817958998604
624 0.0001300045474523503
626 0.00013263932032595027
723 6.212889280683989e-05
726 6.4078409870285e-05
1102 8.285279662389543e-05
1103 9.527405980765772e-05
1114 0.00023971321052336105
1140 3.8493910507496085e-05
1157 0.00013614669170503938
1194 0.0001027336712532598
1232 0.0002462203859023654
1234 2.8271279696782107e-05
1254 8.96392359620217e-05
1334 9.886126874785542e-05
1365 6.733409171295719e-05
1412 6.804811807694473e-05
1418 6.424444555902466e-05
1570 0.0002059351589452662
1621 0.00011198624708459517
1622 0.00011333374567896404
1719 0.0001504088997800851
1750 0.0001245506276326127
1908 0.00022419450561242282
1922 7.334292682143156e-06
1929 4.2158123180710165e-05
1941 8.024367862190805e-05
2026 8.535239208071232e-05
2083 0.00010422176939821458
2085 0.0001147195668623605
2238 0.00011913044365880717
2321 8.691610145495967e-05
2371 8.858094887998e-06
2391 2.4157123570420575e-05
2485 0.00013542473142615584
2486 0.0001504088997800851
2518 0.0001804365299615294
2563 2.4450245822639586e-05
2564 4.692973938522239e-05
2586 9.502842032885344e-06
2590 8.771718405598661e-05
2685 7.754816608258265e-05
2689 0.0001300045474523503
2920 0.0001399262151792957
2921 0.00023971321052336105
2934 0.00021244233432427055
2935 0.0002734912621014559
2957 0.0001523982138465608
3131 0.00019268344080366
3228 4.566391685271689e-05
3229 4.669713069773751e-05
3230 4.692973938522239e-05
3235 0.0001287387249198448
3269 0.00010310145735752775
3409 8.458895984833521e-05
3478 7.865323446718271e-05
3479 0.0001245506276326127
3572 5.234992335902794e-05
3625 0.0001431761810607271
3746 1.903006184883404e-05
3875 3.285232498188492e-05
3969 6.0101372993599195e-05
3970 6.663037655997976e-05
4061 0.00013130412920165632
4068 0.00019756065060853997
4069 0.00020908021320920737
4105 9.988723143186235e-05
4220 4.3879500470736716e-05
4301 0.00011154523568104574
4314 3.1644758795232604e-05
4321 0.00010200632301179658
4329 3.676019862375966e-05
4345 5.131853189681648e-05
4381 4.3226837668107787e-05
4382 6.14960082295629e-05
4392 8.334256383691721e-05
4453 3.6854914742017664e-05
4456 0.00020908021320920737
4467 5.5861184383926875e-05
4495 3.207260550754382e-05
4519 0.00010128967145643295
4563 4.728074758348793e-05
4565 0.00013837905578907654
4567 6.341986704442123e-05
4569 0.00010422176939821458
4572 0.00013401212737453773
4577 3.9085797470059324e-05
4586 0.00016920278300425065
4628 0.00011566583790554528
4633 0.00021244233432427055
4652 4.476354154013861e-05
4676 1.811794967986411e-05
4691 0.00019041645403432799
4692 0.00019268344080366
4821 8.691610145495967e-05
4839 3.088397517794058e-05
4846 4.681329625334851e-05
4908 9.372690041743856e-05
4933 2.564069103539461e-05
4947 0.00016251677649793962
4972 4.681329625334851e-05
4977 0.00013401212737453773
5068 0.00017370426675739054
5069 0.0002199543170027505
5222 2.3001954162320978e-05
5254 5.9796800580258657e-05
5291 0.00011067500849334801
5307 0.00013263932032595027
5395 3.215862746722012e-05
5448 9.954283828468142e-05
5482 0.00013196715204843822
5550 4.944160821510571e-05
5568 0.0001753021616311125
5569 9.527405980765772e-05
5702 3.9886331735258645e-05
5808 0.00011913044365880717
5810 5.261121850249547e-05
5811 0.00010310145735752775
5840 0.00012230970742046953
5868 7.256700694753944e-05
5888 8.358930576913648e-05
5891 0.00010310145735752775
5892 0.00011712061541501202
5984 3.088397517794058e-05
5988 7.044371782011974e-05
6106 7.217400943451535e-05
6193 0.00010694056199521868
6211 7.356359438910525e-05
6218 9.464928935894339e-05
6220 0.00023397347506023475
6262 0.0001128804268053397
6264 4.7398314413738584e-05
6429 5.815485137703107e-05
6475 8.691610145495967e-05
6476 0.00010774605847492284
6490 2.724862948448243e-05
6566 7.082295263288685e-05
6568 3.9584588186023764e-05
6569 4.981125419104163e-05
6578 6.025437603138515e-05
6611 0.00013614669170503938
6647 0.0001523982138465608
6684 0.0001251273376474703
6833 2.7093186202753706e-05
6905 2.9805618738211806e-05
6919 7.3968006896828e-05
6920 9.403242760948e-05
6960 3.259102983841739e-05
6962 0.00010460100421098168
6992 4.787143878550288e-05
7067 3.508605365233e-05
7124 6.859058854884968e-05
7134 0.0002059351589452662
7174 7.256700694753944e-05
7206 0.00019041645403432799
7321 3.8200641252257444e-05
7341 0.00014071861357331354
7344 8.96392359620217e-05
7346 8.070779096331723e-05
7384 0.0001399262151792957
7443 0.00014576429866269
7482 2.5340342303404983e-05
7483 2.8590308184836374e-05
7818 2.996997446737178e-05
7858 4.509923582401553e-05
7861 0.00013263932032595027
7890 9.233159952796689e-06
7891 6.932340577943291e-05
7892 0.0001002340757964429
8009 2.7093186202753706e-05
8010 3.97855428110104e-05
8031 5.5721352358276173e-05
8032 6.056183085252843e-05
8042 6.663037655997976e-05
8047 9.312153328472917e-05
8054 2.9805618738211806e-05
8144 1.8182537399726556e-05
8149 0.00011811516886331826
8234 4.8109734749355606e-05
8349 4.919672615455441e-05
8513 4.3335009582674306e-05
8520 5.874554257904601e-05
8521 6.610917985376751e-05
8569 0.00016508218077975113
8661 7.843020694973282e-05
8663 8.001326955199571e-05
8678 4.409901177660094e-05
8689 0.0001523982138465608
8717 9.106007793564448e-05
8718 9.403242760948e-05
8753 0.00010614816360120087
8761 0.00017370426675739054
8781 8.63892700805903e-05
8905 0.0002537323685808453
