525
58 3.9886331735258645e-05
77 8.691610145495967e-05
78 0.00022419450561242282
107 0.0002199543170027505
109 0.00011913044365880717
138 5.5304247721948624e-05
151 0.00011712061541501202
158 1.722259642893919e-05
160 3.6009024944890365e-05
163 4.4209139343250144e-05
170 0.0002462203859023654
225 4.311890533715833e-05
240 0.00010347204034115494
243 6.309390310328486e-05
245 0.00013196715204843822
278 5.558192042480493e-05
290 5.516600244482883e-05
310 8.408656954820681e-05
386 0.00012122674224136485
423 8.63892700805903e-05
430 2.1595466130645556e-05
436 6.181142310095298e-05
449 6.628229345501092e-05
463 2.104404381130732e-05
473 4.858985121920245e-05
474 0.00014488623116808087
494 0.00010815385522706535
509 1.4811799641107606e-05
511 4.409901177660094e-05
549 6.786862826996617e-05
578 0.0001440237055098346
621 0.00011110817958998604
624 0.0001300045474523503
626 0.00013263932032595027
645 6.341986704442123e-05
706 6.525271795805037e-05
708 9.654815662959692e-05
718 0.0002875104201589402
723 6.212889280683989e-05
726 6.4078409870285e-05
855 9.464928935894339e-05
960 0.00012069415303305452
961 0.0001251273376474703
990 0.00010939812948263226
1055 0.00011614595437539213
1070 0.00013130412920165632
1102 8.285279662389543e-05
1103 9.527405980765772e-05
1111 9.886126874785542e-05
1126 4.895306850942043e-05
1135 0.00010774605847492284
1140 3.8493910507496085e-05
1157 0.00013614669170503938
1164 8.408656954820681e-05
1165 8.433711728522342e-05
1177 0.00010347204034115494
1208 0.00012571095453322076
1216 4.5550455969092306e-05
1232 0.0002462203859023654
1234 2.8271279696782107e-05
1243 0.00012341728754011654
1254 8.96392359620217e-05
1306 4.5550455969092306e-05
1312 0.00011243128604527755
1314 0.00013401212737453773
1315 0.00023971321052336105
1334 9.886126874785542e-05
1365 6.733409171295719e-05
1412 6.804811807694473e-05
1474 0.0001239806629188251
1497 6.663037655997976e-05
1570 0.0002059351589452662
1583 8.88061998220748e-05
1587 9.954283828468142e-05
1589 0.00015890538922556517
1604 0.0001804365299615294
1621 0.00011198624708459517
1622 0.00011333374567896404
1636 0.00015663840245623315
1649 8.744869066327002e-05
1661 0.00019506105515172307
1706 3.382257549850835e-05
1712 0.0001677901789526326
1713 4.787143878550288e-05
1717 0.0001251273376474703
1718 0.00016128300357362823
1750 0.0001245506276326127
1754 0.0002462203859023654
1757 0.00020019542348213994
1777 4.871062309639001e-05
1834 0.00014849761844045535
1848 6.508321716976057e-05
1874 0.00019506105515172307
1921 0.00018418695135817993
1922 7.334292682143156e-06
1929 4.2158123180710165e-05
1931 7.754816608258265e-05
1932 0.0001275049519955334
1934 0.00021605372159664503
1939 0.00022883910672981793
1940 0.0002875104201589402
1941 8.024367862190805e-05
1942 0.0001376235146469122
1948 0.0001523982138465608
1967 0.00019268344080366
1968 0.00023397347506023475
1970 0.00012122674224136485
1973 0.0001275049519955334
1979 0.00018825025618924418
2026 8.535239208071232e-05
2040 4.7398314413738584e-05
2059 0.00014071861357331354
2118 6.715720793434914e-05
2148 8.383730339089555e-05
2149 8.408656954820681e-05
2151 0.00011566583790554528
2167 8.744869066327002e-05
2184 0.00013130412920165632
2207 0.00017370426675739054
2228 0.0002462203859023654
2238 0.00011913044365880717
2321 8.691610145495967e-05
2341 8.744869066327002e-05
2371 8.858094887998e-06
2373 4.532432364915004e-05
2384 3.364472337590274e-05
2389 8.070779096331723e-05
2390 0.00014576429866269
2391 2.4157123570420575e-05
2411 0.00013837905578907654
2417 8.63892700805903e-05
2421 0.00015447220461114937
2439 5.502814824397996e-05
2485 0.00013542473142615584
2486 0.0001504088997800851
2491 0.00020908021320920737
2493 2.5565430128539482e-05
2506 0.00014488623116808087
2563 2.4450245822639586e-05
2571 6.593667904531496e-05
2586 9.502842032885344e-06
2590 8.771718405598661e-05
2607 3.3290954653437934e-05
2626 0.0001287387249198448
2644 0.00026261715830791277
2654 0.00013332088986277624
2656 0.00019041645403432799
2667 8.358930576913648e-05
2685 7.754816608258265e-05
2689 0.0001300045474523503
2739 7.583058115843726e-05
2843 7.33626397641186e-05
2850 9.252359415714085e-05
2903 8.718166847460814e-05
2916 0.00015890538922556517
2934 0.00021244233432427055
2935 0.0002734912621014559
2957 0.0001523982138465608
2982 7.197869283035229e-05
2987 0.00014071861357331354
3066 0.0002875104201589402
3137 0.00011379132113009053
3149 7.541048004377448e-05
3150 7.604199766141655e-05
3156 9.342327683396404e-05
3161 0.00010536844412685977
3223 0.00013687950893562258
3226 8.164949036359771e-05
3228 4.566391685271689e-05
3229 4.669713069773751e-05
3230 4.692973938522239e-05
3235 0.0001287387249198448
3340 0.00017370426675739054
3356 0.0002875104201589402
3368 0.00010058340652177312
3369 0.00018617626542465564
3372 6.542281037332744e-05
3383 0.00010815385522706535
3409 8.458895984833521e-05
3465 5.7716484755306535e-05
3478 7.865323446718271e-05
3479 0.0001245506276326127
3487 0.00014849761844045535
3564 0.00010774605847492284
3566 0.0002199543170027505
3572 5.234992335902794e-05
3605 5.380470086849468e-05
3616 0.0002059351589452662
3647 8.094151528426567e-05
3651 0.00023397347506023475
3657 4.716346370617082e-05
3662 0.00021244233432427055
3664 0.0001431761810607271
3696 0.0001391464957049546
3697 0.00022419450561242282
3707 0.00015663840245623315
3723 6.859058854884968e-05
3724 5.7716484755306535e-05
3727 6.424444555902466e-05
3729 0.00012936752625714268
3731 5.3138049876864844e-05
3732 0.00010654275221462514
3733 0.0001128804268053397
3743 3.233112827567267e-05
3746 1.903006184883404e-05
3760 0.00010614816360120087
3800 0.00015775871449691997
3832 3.3290954653437934e-05
3875 3.285232498188492e-05
3969 6.0101372993599195e-05
3970 6.663037655997976e-05
3976 0.0002199543170027505
4005 9.222735356398462e-05
4018 9.342327683396404e-05
4040 0.00018418695135817993
4046 9.312153328472917e-05
4047 0.00016508218077975113
4061 0.00013130412920165632
4068 0.00019756065060853997
4069 0.00020908021320920737
4079 0.00023397347506023475
4105 9.988723143186235e-05
4136 0.00013196715204843822
4188 0.0002734912621014559
4189 4.981125419104163e-05
4203 0.00011614595437539213
4220 4.3879500470736716e-05
4224 8.236790279729728e-05
4225 0.00010897983139923425
4239 0.00026261715830791277
4247 4.846937791309118e-05
4250 8.612797493712278e-05
4308 7.955569410086921e-05
4314 3.1644758795232604e-05
4315 7.256700694753944e-05
4319 0.00015890538922556517
4321 0.00010200632301179658
4326 0.00011024565393173974
4328 0.00011566583790554528
4329 3.676019862375966e-05
4332 8.117636599183342e-05
4345 5.131853189681648e-05
4348 8.212725328354177e-05
4363 7.025520142447097e-05
4370 0.0002875104201589402
4451 0.00010200632301179658
4453 3.6854914742017664e-05
4456 0.00020908021320920737
4461 9.19329029551259e-05
4466 0.0002734912621014559
4467 5.5861184383926875e-05
4495 3.207260550754382e-05
4501 0.0002537323685808453
4502 6.424444555902466e-05
4503 7.798719092134497e-05
4533 5.685140711216779e-05
4561 0.0001440237055098346
4567 6.341986704442123e-05
4569 0.00010422176939821458
4570 0.00015775871449691997
4572 0.00013401212737453773
4591 0.0001475693727081854
4628 0.00011566583790554528
4633 0.00021244233432427055
4652 4.476354154013861e-05
4670 7.541048004377448e-05
4676 1.811794967986411e-05
4691 0.00019041645403432799
4692 0.00019268344080366
4699 3.676019862375966e-05
4708 0.00017065756051371745
4710 0.00018227567001855016
4723 9.106007793564448e-05
4821 8.691610145495967e-05
4834 1.7286007534181456e-05
4853 8.535239208071232e-05
4875 0.0002875104201589402
4878 6.969398876306011e-05
4887 0.00018418695135817993
4908 9.372690041743856e-05
4933 2.564069103539461e-05
4972 4.681329625334851e-05
4977 0.00013401212737453773
5011 0.00010310145735752775
5012 0.00010774605847492284
5016 8.117636599183342e-05
5024 6.025437603138515e-05
5031 6.913916575845257e-05
5044 0.00010058340652177312
5107 0.00014944388948364012
5109 0.00020298083458234552
5133 0.00023971321052336105
5141 0.0002734912621014559
5161 5.502814824397996e-05
5162 5.6001418804450566e-05
5177 6.196989942762013e-05
5217 7.159039254876493e-05
5222 2.3001954162320978e-05
5242 6.786862826996617e-05
5254 5.9796800580258657e-05
5271 0.0002734912621014559
5275 0.00017065756051371745
5316 0.00016378259903044513
5319 0.0001664173719040451
5328 0.00026261715830791277
5360 0.00014488623116808087
5361 0.00015447220461114937
5369 7.562007790453742e-05
5370 0.00011154523568104574
5379 2.541525611908456e-05
5395 3.215862746722012e-05
5411 8.164949036359771e-05
5412 0.00010856509334268535
5427 3.490353872923123e-05
5434 7.159039254876493e-05
5469 1.1433598200043818e-05
5481 6.576478670658657e-05
5482 0.00013196715204843822
5524 0.00020298083458234552
5526 0.00021605372159664503
5554 0.0001440237055098346
5555 0.0001440237055098346
5566 0.00018227567001855016
5569 9.527405980765772e-05
5622 6.733409171295719e-05
5631 0.00015663840245623315
5644 7.711306116076915e-05
5645 0.0001677901789526326
5687 2.724862948448243e-05
5691 8.383730339089555e-05
5705 0.00011566583790554528
5729 9.106007793564448e-05
5775 0.00014576429866269
5786 0.00017695423263882194
5810 5.261121850249547e-05
5811 0.00010310145735752775
5834 6.804811807694473e-05
5840 0.00012230970742046953
5854 7.178415593526694e-05
5858 6.663037655997976e-05
5868 7.256700694753944e-05
5872 0.00013130412920165632
5894 1.5848029138067838e-05
5896 1.6219082409210568e-05
5912 0.00010498321344481378
5914 0.00026261715830791277
5923 0.00021605372159664503
5945 0.0001753021616311125
5984 3.088397517794058e-05
5985 7.52017798211394e-05
5987 7.798719092134497e-05
5988 7.044371782011974e-05
6022 2.0770655001689466e-05
6059 0.00014849761844045535
6106 7.217400943451535e-05
6147 0.0002537323685808453
6193 0.00010694056199521868
6218 9.464928935894339e-05
6220 0.00023397347506023475
6222 0.00010347204034115494
6227 0.00010536844412685977
6242 3.105201474962982e-05
6262 0.0001128804268053397
6264 4.7398314413738584e-05
6284 0.00016920278300425065
6297 9.164022082905678e-05
6352 0.00011519040557349246
6356 6.733409171295719e-05
6388 0.0001664173719040451
6429 5.815485137703107e-05
6430 0.0002537323685808453
6431 0.00016251677649793962
6452 8.63892700805903e-05
6455 0.00016128300357362823
6470 0.0001263016457352357
6475 8.691610145495967e-05
6476 0.00010774605847492284
6490 2.724862948448243e-05
6491 7.604199766141655e-05
6524 0.00022419450561242282
6536 7.499396958083494e-05
6566 7.082295263288685e-05
6578 6.025437603138515e-05
6586 5.24803957997587e-05
6588 6.576478670658657e-05
6611 0.00013614669170503938
6647 0.0001523982138465608
6654 0.00016251677649793962
6655 0.00022883910672981793
6679 9.527405980765772e-05
6680 9.558947467904783e-05
6684 0.0001251273376474703
6689 7.376538112671329e-05
6712 6.025437603138515e-05
6748 0.00012016732165868515
6751 0.00023397347506023475
6753 0.00011862016226846598
6755 0.00015890538922556517
6760 1.9892587507080337e-05
6848 0.00012122674224136485
6878 0.00020908021320920737
6885 5.131853189681648e-05
6898 0.0001263016457352357
6905 2.9805618738211806e-05
6919 7.3968006896828e-05
6920 9.403242760948e-05
6931 0.0001196461249524729
6934 0.00010200632301179658
6960 3.259102983841739e-05
6961 0.0001423431449207802
6962 0.00010460100421098168
6972 6.133906307779394e-05
6978 0.00013687950893562258
6992 4.787143878550288e-05
6995 7.843020694973282e-05
7003 8.771718405598661e-05
7005 0.00030726931367955075
7064 0.00020908021320920737
7118 0.0002875104201589402
7121 0.00016920278300425065
7123 0.0002734912621014559
7133 0.00018617626542465564
7134 0.0002059351589452662
7146 0.00019756065060853997
7150 0.0002875104201589402
7174 7.256700694753944e-05
7178 3.714017269315804e-05
7180 0.0001275049519955334
7185 0.0002875104201589402
7206 0.00019041645403432799
7211 0.00010498321344481378
7227 0.0001504088997800851
7251 7.689695691525318e-05
7321 3.8200641252257444e-05
7341 0.00014071861357331354
7344 8.96392359620217e-05
7346 8.070779096331723e-05
7367 0.0001664173719040451
7389 0.0001300045474523503
7406 6.698096388147314e-05
7408 8.691610145495967e-05
7411 0.00018825025618924418
7414 0.00010460100421098168
7422 0.00013401212737453773
7443 0.00014576429866269
7482 2.5340342303404983e-05
7483 2.8590308184836374e-05
7491 0.0001147195668623605
7494 0.00010694056199521868
7502 9.68719546813797e-05
7503 3.173002815645075e-05
7512 0.00020908021320920737
7523 8.935997200289977e-05
7538 0.00023971321052336105
7671 9.134928606937549e-05
7675 0.00017215710736717137
7718 9.527405980765772e-05
7719 0.00012016732165868515
7723 0.0002875104201589402
7725 0.00018418695135817993
7792 0.000101646679848061
7818 2.996997446737178e-05
7866 5.91933076971794e-05
7870 0.00021605372159664503
7890 9.233159952796689e-06
7891 6.932340577943291e-05
7893 5.131853189681648e-05
7904 6.056183085252843e-05
7911 0.00010774605847492284
7912 0.00011761535496899039
7938 4.907474504580058e-05
7942 9.134928606937549e-05
7957 0.00011379132113009053
8009 2.7093186202753706e-05
8010 3.97855428110104e-05
8016 3.6571316885345003e-05
8042 6.663037655997976e-05
8047 9.312153328472917e-05
8054 2.9805618738211806e-05
8069 5.287392225192349e-05
8077 0.0001300045474523503
8088 8.509658347491132e-05
8090 9.558947467904783e-05
8109 8.285279662389543e-05
8122 0.00014576429866269
8132 0.0002462203859023654
8144 1.8182537399726556e-05
8186 9.252359415714085e-05
8204 5.1064059112276297e-05
8210 0.00020298083458234552
8211 0.00023971321052336105
8234 4.8109734749355606e-05
8447 4.100899018649567e-05
8458 0.00022419450561242282
8459 0.0002875104201589402
8513 4.3335009582674306e-05
8520 5.874554257904601e-05
8521 6.610917985376751e-05
8526 0.00010939812948263226
8531 9.752607762356147e-05
8532 0.0001002340757964429
8600 8.383730339089555e-05
8603 0.0001376235146469122
8639 3.69498153124238e-05
8642 9.164022082905678e-05
8689 0.0001523982138465608
8695 4.476354154013861e-05
8696 4.787143878550288e-05
8717 9.106007793564448e-05
8718 9.403242760948e-05
8753 0.00010614816360120087
8761 0.00017370426675739054
8763 6.542281037332744e-05
8801 0.00015890538922556517
8802 0.00016007969731333051
8803 0.0001281179340087181
8804 0.00013542473142615584
8813 4.431951634967444e-05
8834 0.0001391464957049546
8836 0.00016508218077975113
8837 0.00018617626542465564
8850 0.00030726931367955075
8852 0.00030726931367955075
8866 3.8493910507496085e-05
8909 0.0002875104201589402
