188
2 0.00014944388948364012
97 8.612797493712278e-05
152 0.0001475693727081854
158 1.722259642893919e-05
160 3.6009024944890365e-05
268 0.00015342417653056774
304 0.00021605372159664503
319 0.0001523982138465608
330 6.358367031630664e-05
375 8.334256383691721e-05
449 6.628229345501092e-05
483 0.0001523982138465608
509 1.4811799641107606e-05
521 6.165346047478709e-05
549 6.786862826996617e-05
632 6.4078409870285e-05
636 0.0002059351589452662
645 6.341986704442123e-05
647 0.00017215710736717137
648 0.00018227567001855016
649 0.00018617626542465564
706 6.525271795805037e-05
708 9.654815662959692e-05
723 6.212889280683989e-05
726 6.4078409870285e-05
861 7.316251041712385e-05
862 0.00023397347506023475
872 6.593667904531496e-05
880 0.0002734912621014559
941 9.719791862251607e-05
960 0.00012069415303305452
961 0.0001251273376474703
962 0.00018617626542465564
1173 9.077257605451787e-05
1194 0.0001027336712532598
1226 0.00011110817958998604
1227 0.00014488623116808087
1234 2.8271279696782107e-05
1244 0.00020019542348213994
1245 0.00030726931367955075
1418 6.424444555902466e-05
1469 6.358367031630664e-05
1576 0.0001376235146469122
1578 0.00010856509334268535
1729 0.00010200632301179658
1730 0.00019756065060853997
1773 0.0001002340757964429
1777 4.871062309639001e-05
1780 0.00016128300357362823
1922 7.334292682143156e-06
1929 4.2158123180710165e-05
1938 0.00022419450561242282
2077 0.0001804365299615294
2118 6.715720793434914e-05
2167 8.744869066327002e-05
2178 0.0001523982138465608
2384 3.364472337590274e-05
2389 8.070779096331723e-05
2390 0.00014576429866269
2557 0.00012230970742046953
2559 7.604199766141655e-05
2586 9.502842032885344e-06
2607 3.3290954653437934e-05
2708 0.0001300045474523503
2709 0.00022419450561242282
2794 0.00012341728754011654
2843 7.33626397641186e-05
2850 9.252359415714085e-05
2903 8.718166847460814e-05
3465 5.7716484755306535e-05
3530 0.0001786642827461757
3531 0.00023971321052336105
3576 5.3536945098705395e-05
3636 0.0002875104201589402
3657 4.716346370617082e-05
3887 5.5861184383926875e-05
3969 6.0101372993599195e-05
3970 6.663037655997976e-05
3994 0.0001147195668623605
4203 0.00011614595437539213
4301 0.00011154523568104574
4329 3.676019862375966e-05
4332 8.117636599183342e-05
4387 0.00026261715830791277
4435 0.00010856509334268535
4436 0.0001128804268053397
4453 3.6854914742017664e-05
4456 0.00020908021320920737
4467 5.5861184383926875e-05
4481 9.282164663063054e-05
4484 0.00012176521653240713
4502 6.424444555902466e-05
4503 7.798719092134497e-05
4533 5.685140711216779e-05
4563 4.728074758348793e-05
4658 8.334256383691721e-05
4659 6.610917985376751e-05
4751 0.00010856509334268535
4754 0.00013542473142615584
4755 0.0001376235146469122
4831 0.00013065000625947455
4832 0.0001347133110905388
4833 0.0001431761810607271
4834 1.7286007534181456e-05
4972 4.681329625334851e-05
4974 0.00013263932032595027
5043 0.00010422176939821458
5050 0.0002875104201589402
5222 2.3001954162320978e-05
5228 4.931901336427842e-05
5254 5.9796800580258657e-05
5379 2.541525611908456e-05
5380 3.8298201700263376e-05
5427 3.490353872923123e-05
5469 1.1433598200043818e-05
5570 0.0001347133110905388
5894 1.5848029138067838e-05
5896 1.6219082409210568e-05
5909 6.663037655997976e-05
6022 2.0770655001689466e-05
6051 0.0001677901789526326
6151 0.00026261715830791277
6172 0.00012230970742046953
6211 7.356359438910525e-05
6229 7.458098891001271e-05
6254 8.141235399539764e-05
6348 9.590694438493474e-05
6408 4.3989132524856074e-05
6417 9.954283828468142e-05
6426 0.00030726931367955075
6467 4.669713069773751e-05
6468 4.669713069773751e-05
6469 0.0001786642827461757
6595 7.66818067754729e-05
6596 0.00015890538922556517
6598 0.00012936752625714268
6599 0.00023971321052336105
6687 6.196989942762013e-05
6748 0.00012016732165868515
6760 1.9892587507080337e-05
6762 7.139739654402146e-05
6763 7.27647006365303e-05
6833 2.7093186202753706e-05
6960 3.259102983841739e-05
6992 4.787143878550288e-05
6995 7.843020694973282e-05
7067 3.508605365233e-05
7073 5.516600244482883e-05
7139 6.196989942762013e-05
7142 0.00015139340654708521
7143 0.0001523982138465608
7174 7.256700694753944e-05
7178 3.714017269315804e-05
7344 8.96392359620217e-05
7345 0.00011425323385392718
7503 3.173002815645075e-05
7511 0.0001786642827461757
7523 8.935997200289977e-05
7665 0.00010422176939821458
7808 4.7398314413738584e-05
7810 0.00021605372159664503
7850 0.000126899584862824
7890 9.233159952796689e-06
7893 5.131853189681648e-05
8009 2.7093186202753706e-05
8010 3.97855428110104e-05
8031 5.5721352358276173e-05
8032 6.056183085252843e-05
8047 9.312153328472917e-05
8053 0.00016007969731333051
8054 2.9805618738211806e-05
8058 8.853165584237468e-05
8059 0.00011425323385392718
8060 0.0001147195668623605
8061 7.865323446718271e-05
8124 0.0001300045474523503
8204 5.1064059112276297e-05
8234 4.8109734749355606e-05
8447 4.100899018649567e-05
8520 5.874554257904601e-05
8521 6.610917985376751e-05
8639 3.69498153124238e-05
8652 0.00010982004923951138
8670 0.00010654275221462514
8781 8.63892700805903e-05
8871 7.025520142447097e-05
8872 0.00010422176939821458
8873 0.00013614669170503938
