311
52 9.785646144837983e-05
58 3.9886331735258645e-05
68 3.241760820520544e-05
138 5.5304247721948624e-05
151 0.00011712061541501202
158 1.722259642893919e-05
225 4.311890533715833e-05
230 0.00022883910672981793
240 0.00010347204034115494
245 0.00013196715204843822
276 4.8109734749355606e-05
277 5.502814824397996e-05
290 5.516600244482883e-05
295 6.969398876306011e-05
297 0.00016378259903044513
310 8.408656954820681e-05
328 5.502814824397996e-05
378 7.955569410086921e-05
430 2.1595466130645556e-05
436 6.181142310095298e-05
443 5.859719717528758e-05
449 6.628229345501092e-05
463 2.104404381130732e-05
473 4.858985121920245e-05
509 1.4811799641107606e-05
511 4.409901177660094e-05
594 0.00030726931367955075
621 0.00011110817958998604
624 0.0001300045474523503
626 0.00013263932032595027
632 6.4078409870285e-05
639 0.0001287387249198448
700 0.00013542473142615584
723 6.212889280683989e-05
726 6.4078409870285e-05
773 0.00011110817958998604
855 9.464928935894339e-05
884 0.00012936752625714268
887 0.00023971321052336105
1102 8.285279662389543e-05
1103 9.527405980765772e-05
1111 9.886126874785542e-05
1126 4.895306850942043e-05
1140 3.8493910507496085e-05
1156 0.0002734912621014559
1157 0.00013614669170503938
1158 0.00022419450561242282
1173 9.077257605451787e-05
1212 0.0002462203859023654
1232 0.0002462203859023654
1234 2.8271279696782107e-05
1243 0.00012341728754011654
1334 9.886126874785542e-05
1408 0.00019041645403432799
1424 0.00018825025618924418
1581 0.00016251677649793962
1667 0.0001376235146469122
1671 7.64676023536449e-05
1750 0.0001245506276326127
1901 0.00011243128604527755
1904 0.00017215710736717137
1909 0.0002537323685808453
1929 4.2158123180710165e-05
1941 8.024367862190805e-05
2020 0.00013065000625947455
2026 8.535239208071232e-05
2044 0.00010536844412685977
2057 0.00020019542348213994
2159 0.00018617626542465564
2321 8.691610145495967e-05
2371 8.858094887998e-06
2373 4.532432364915004e-05
2384 3.364472337590274e-05
2385 0.00011712061541501202
2391 2.4157123570420575e-05
2415 0.0001275049519955334
2439 5.502814824397996e-05
2462 0.00011712061541501202
2475 0.00015447220461114937
2493 2.5565430128539482e-05
2506 0.00014488623116808087
2563 2.4450245822639586e-05
2564 4.692973938522239e-05
2586 9.502842032885344e-06
2607 3.3290954653437934e-05
2612 8.001326955199571e-05
2613 0.00015554326811050196
2667 8.358930576913648e-05
2685 7.754816608258265e-05
2732 0.00012069415303305452
2744 7.52017798211394e-05
2903 8.718166847460814e-05
2955 4.7516165565500014e-05
2957 0.0001523982138465608
2982 7.197869283035229e-05
2985 0.00017065756051371745
3103 0.00012122674224136485
3204 0.00017065756051371745
3228 4.566391685271689e-05
3229 4.669713069773751e-05
3230 4.692973938522239e-05
3235 0.0001287387249198448
3357 0.0002875104201589402
3358 0.0002875104201589402
3365 0.0002734912621014559
3372 6.542281037332744e-05
3383 0.00010815385522706535
3413 8.001326955199571e-05
3414 9.852402568908913e-05
3421 8.586807337437805e-05
3465 5.7716484755306535e-05
3478 7.865323446718271e-05
3479 0.0001245506276326127
3572 5.234992335902794e-05
3586 6.228840662358072e-05
3626 0.00015342417653056774
3627 6.491430390704548e-05
3628 7.733012801189119e-05
3657 4.716346370617082e-05
3743 3.233112827567267e-05
3746 1.903006184883404e-05
3766 5.131853189681648e-05
3782 0.00013614669170503938
3783 0.0002059351589452662
3800 0.00015775871449691997
3832 3.3290954653437934e-05
3840 0.00010774605847492284
3875 3.285232498188492e-05
3917 0.00022419450561242282
3918 0.00030726931367955075
3969 6.0101372993599195e-05
3970 6.663037655997976e-05
4105 9.988723143186235e-05
4131 0.00018227567001855016
4189 4.981125419104163e-05
4191 0.00019041645403432799
4203 0.00011614595437539213
4220 4.3879500470736716e-05
4290 5.656642719180506e-05
4314 3.1644758795232604e-05
4315 7.256700694753944e-05
4318 0.0002875104201589402
4321 0.00010200632301179658
4345 5.131853189681648e-05
4363 7.025520142447097e-05
4453 3.6854914742017664e-05
4467 5.5861184383926875e-05
4471 0.00017065756051371745
4495 3.207260550754382e-05
4502 6.424444555902466e-05
4503 7.798719092134497e-05
4563 4.728074758348793e-05
4567 6.341986704442123e-05
4569 0.00010422176939821458
4570 0.00015775871449691997
4572 0.00013401212737453773
4628 0.00011566583790554528
4633 0.00021244233432427055
4652 4.476354154013861e-05
4658 8.334256383691721e-05
4670 7.541048004377448e-05
4676 1.811794967986411e-05
4797 9.988723143186235e-05
4821 8.691610145495967e-05
4834 1.7286007534181456e-05
4839 3.088397517794058e-05
4846 4.681329625334851e-05
4911 6.341986704442123e-05
4913 6.457822376461287e-05
4914 6.542281037332744e-05
4933 2.564069103539461e-05
4935 0.00011862016226846598
4972 4.681329625334851e-05
4977 0.00013401212737453773
5176 0.0001347133110905388
5191 0.00014849761844045535
5222 2.3001954162320978e-05
5228 4.931901336427842e-05
5254 5.9796800580258657e-05
5260 0.0002537323685808453
5328 0.00026261715830791277
5360 0.00014488623116808087
5361 0.00015447220461114937
5417 0.0002734912621014559
5434 7.159039254876493e-05
5437 0.00013065000625947455
5469 1.1433598200043818e-05
5482 0.00013196715204843822
5569 9.527405980765772e-05
5588 6.913916575845257e-05
5593 0.0002059351589452662
5622 6.733409171295719e-05
5623 0.00022419450561242282
5687 2.724862948448243e-05
5691 8.383730339089555e-05
5775 0.00014576429866269
5786 0.00017695423263882194
5810 5.261121850249547e-05
5811 0.00010310145735752775
5834 6.804811807694473e-05
5868 7.256700694753944e-05
5941 0.00016251677649793962
5988 7.044371782011974e-05
6022 2.0770655001689466e-05
6033 0.00011519040557349246
6106 7.217400943451535e-05
6193 0.00010694056199521868
6195 9.622649587425546e-05
6197 5.5304247721948624e-05
6198 0.00023397347506023475
6202 0.00013196715204843822
6218 9.464928935894339e-05
6262 0.0001128804268053397
6264 4.7398314413738584e-05
6297 9.164022082905678e-05
6356 6.733409171295719e-05
6382 0.00021605372159664503
6400 0.00016920278300425065
6401 0.00019756065060853997
6429 5.815485137703107e-05
6436 0.0001804365299615294
6465 0.00015663840245623315
6475 8.691610145495967e-05
6476 0.00010774605847492284
6540 6.040786096929821e-05
6568 3.9584588186023764e-05
6569 4.981125419104163e-05
6578 6.025437603138515e-05
6611 0.00013614669170503938
6619 5.7716484755306535e-05
6623 0.00010460100421098168
6624 0.00011663084820199027
6625 0.00011811516886331826
6647 0.0001523982138465608
6661 5.889434094657216e-05
6679 9.527405980765772e-05
6680 9.558947467904783e-05
6684 0.0001251273376474703
6811 0.00014576429866269
6833 2.7093186202753706e-05
6960 3.259102983841739e-05
6962 0.00010460100421098168
7067 3.508605365233e-05
7084 0.00015447220461114937
7091 9.464928935894339e-05
7100 0.00015342417653056774
7134 0.0002059351589452662
7146 0.00019756065060853997
7178 3.714017269315804e-05
7181 0.0001263016457352357
7197 0.00011198624708459517
7199 0.00021605372159664503
7206 0.00019041645403432799
7251 7.689695691525318e-05
7321 3.8200641252257444e-05
7344 8.96392359620217e-05
7346 8.070779096331723e-05
7422 0.00013401212737453773
7443 0.00014576429866269
7476 8.117636599183342e-05
7480 9.252359415714085e-05
7482 2.5340342303404983e-05
7483 2.8590308184836374e-05
7554 8.260974660633398e-05
7620 0.0001027336712532598
7656 0.00016508218077975113
7701 0.00011425323385392718
7818 2.996997446737178e-05
7858 4.509923582401553e-05
7863 7.64676023536449e-05
7933 0.00017370426675739054
7989 0.00011862016226846598
8009 2.7093186202753706e-05
8010 3.97855428110104e-05
8018 0.0001281179340087181
8047 9.312153328472917e-05
8054 2.9805618738211806e-05
8058 8.853165584237468e-05
8059 0.00011425323385392718
8060 0.0001147195668623605
8077 0.0001300045474523503
8095 0.00015342417653056774
8105 0.0001281179340087181
8204 5.1064059112276297e-05
8210 0.00020298083458234552
8211 0.00023971321052336105
8234 4.8109734749355606e-05
8322 0.0002199543170027505
8358 0.00017370426675739054
8444 5.815485137703107e-05
8503 7.256700694753944e-05
8513 4.3335009582674306e-05
8520 5.874554257904601e-05
8521 6.610917985376751e-05
8600 8.383730339089555e-05
8661 7.843020694973282e-05
8663 8.001326955199571e-05
8689 0.0001523982138465608
8717 9.106007793564448e-05
8718 9.403242760948e-05
8763 6.542281037332744e-05
8803 0.0001281179340087181
8804 0.00013542473142615584
8808 0.00021244233432427055
8813 4.431951634967444e-05
8828 0.00016508218077975113
8834 0.0001391464957049546
8836 0.00016508218077975113
8837 0.00018617626542465564
8863 0.0001664173719040451
8866 3.8493910507496085e-05
