98
2 0.008704862373060136
158 0.001003188100488275
474 0.01687877244666584
626 0.007726023678071038
682 0.007156414686444239
695 0.006709652905038986
708 0.0056237723652481555
751 0.0067653120613953895
992 0.02332211260225923
1102 0.00554955830722775
1156 0.015860644659807986
1225 0.006471869911803631
1248 0.013364454638919696
1373 0.0057782881157586626
1417 0.003742133979228939
1420 0.010027870201674715
1635 0.009123930997973529
1648 0.020374973364472217
1749 0.021764611636506753
1803 0.01122349558458966
1940 0.004674063162604212
1941 0.008016344853158703
1963 0.01789793544779187
2004 0.010728588957543134
2025 0.034801461618059845
2117 0.003911797628175944
2438 0.006410599439873849
2492 0.00446743359422635
2586 0.008704862373060136
2915 0.00925597927306037
3213 0.009321284421534454
3221 0.014341935157920788
3234 0.029995281476749194
3244 0.01674701218599003
3308 0.01150758508642685
3386 0.011091447309502817
3394 0.00439253724281123
3656 0.0027471946964012705
3789 0.009615767288295047
3819 0.003742133979228939
3831 0.01021106447357173
4103 0.027257145225317806
4105 0.005818268016475538
4403 0.004048747520826009
4455 0.021020266078655554
4458 0.005858819077921844
4468 0.0032538227139186685
4534 0.003311501569827708
4547 0.0044416904368382295
4564 0.0027540262906146696
4822 0.005062720889977782
4947 0.012584776254047714
4978 0.015611974891004972
5069 0.01011798970811676
5160 0.01674701218599003
5193 0.018642568843068908
5222 0.014341935157920788
5223 0.0026796524901255498
5229 0.002872751941846074
5255 0.010449197779828728
5374 0.009615767288295047
5438 0.007610149384212008
5519 0.014779495874460742
5733 0.013329504046902859
5771 0.015452047356142076
5812 0.0120109828492848
5823 0.005320946650001793
5869 0.004226909581153408
6194 0.01868733899022331
6307 0.006655064183700647
6430 0.006774850136890208
6477 0.018828095551539456
6529 0.006939153685537839
6679 0.007124340604779245
6713 0.007019437897930777
6899 0.0294274579553574
6963 0.05483553820754522
7022 0.009773503757031775
7040 0.01021106447357173
7081 0.00735686448883935
7233 0.007805987445502486
7322 0.002225124933595545
7484 0.0033306774711537486
7726 0.010728588957543134
7776 0.006137539699729243
8001 0.009540068774897562
8011 0.002317442859684475
8102 0.008876946939872876
8205 0.0029743980052850086
8235 0.002802313438472269
8565 0.008196629308270392
8609 0.009773503757031775
8664 0.004660642210767227
8679 0.0025686953787782195
8739 0.0051568242932499555
8764 0.01143231541268812
8867 0.004484414777030132
8880 0.013938382556554751
