215
15 6.0101372993599195e-05
109 0.00011913044365880717
138 5.5304247721948624e-05
151 0.00011712061541501202
158 1.722259642893919e-05
163 4.4209139343250144e-05
175 0.0002875104201589402
243 6.309390310328486e-05
290 5.516600244482883e-05
310 8.408656954820681e-05
328 5.502814824397996e-05
436 6.181142310095298e-05
449 6.628229345501092e-05
463 2.104404381130732e-05
473 4.858985121920245e-05
509 1.4811799641107606e-05
511 4.409901177660094e-05
706 6.525271795805037e-05
708 9.654815662959692e-05
1055 0.00011614595437539213
1102 8.285279662389543e-05
1103 9.527405980765772e-05
1111 9.886126874785542e-05
1140 3.8493910507496085e-05
1157 0.00013614669170503938
1375 0.0002537323685808453
1497 6.663037655997976e-05
1570 0.0002059351589452662
1576 0.0001376235146469122
1594 0.000126899584862824
1671 7.64676023536449e-05
1706 3.382257549850835e-05
1729 0.00010200632301179658
1777 4.871062309639001e-05
1901 0.00011243128604527755
1904 0.00017215710736717137
1906 0.0002875104201589402
1918 0.0001376235146469122
1919 0.00014071861357331354
1922 7.334292682143156e-06
1929 4.2158123180710165e-05
1941 8.024367862190805e-05
1942 0.0001376235146469122
2026 8.535239208071232e-05
2040 4.7398314413738584e-05
2053 0.00021605372159664503
2066 0.0002059351589452662
2073 0.00010939812948263226
2391 2.4157123570420575e-05
2395 0.00017695423263882194
2402 8.825864993225359e-05
2501 0.00017065756051371745
2550 5.3403616896513294e-05
2580 8.992010952057247e-05
2586 9.502842032885344e-06
2607 3.3290954653437934e-05
2612 8.001326955199571e-05
2667 8.358930576913648e-05
2768 0.0001415241100530177
2769 0.00021244233432427055
2830 8.285279662389543e-05
2927 0.00030726931367955075
2929 0.0001251273376474703
2976 5.461691012835996e-05
2977 0.00015890538922556517
2978 0.00023397347506023475
3156 9.342327683396404e-05
3161 0.00010536844412685977
3223 0.00013687950893562258
3228 4.566391685271689e-05
3229 4.669713069773751e-05
3230 4.692973938522239e-05
3235 0.0001287387249198448
3278 0.0001753021616311125
3279 0.0002537323685808453
3280 0.00030726931367955075
3372 6.542281037332744e-05
3383 0.00010815385522706535
3421 8.586807337437805e-05
3465 5.7716484755306535e-05
3473 0.00014665847838343454
3545 6.071628875522179e-05
3572 5.234992335902794e-05
3576 5.3536945098705395e-05
3586 6.228840662358072e-05
3723 6.859058854884968e-05
3731 5.3138049876864844e-05
3766 5.131853189681648e-05
3786 0.00010058340652177312
3875 3.285232498188492e-05
3996 7.417147870601431e-05
4189 4.981125419104163e-05
4247 4.846937791309118e-05
4302 0.00018617626542465564
4372 0.00018825025618924418
4432 6.4078409870285e-05
4495 3.207260550754382e-05
4499 9.312153328472917e-05
4546 7.625433537211054e-05
4569 0.00010422176939821458
4572 0.00013401212737453773
4609 0.00018825025618924418
4676 1.811794967986411e-05
4759 5.0810908270240366e-05
4818 9.048676041112919e-05
4834 1.7286007534181456e-05
4972 4.681329625334851e-05
4977 0.00013401212737453773
5011 0.00010310145735752775
5012 0.00010774605847492284
5033 0.0001347133110905388
5034 0.00019506105515172307
5176 0.0001347133110905388
5222 2.3001954162320978e-05
5228 4.931901336427842e-05
5254 5.9796800580258657e-05
5378 0.00010347204034115494
5395 3.215862746722012e-05
5411 8.164949036359771e-05
5427 3.490353872923123e-05
5469 1.1433598200043818e-05
5482 0.00013196715204843822
5527 0.00030726931367955075
5569 9.527405980765772e-05
5622 6.733409171295719e-05
5624 0.0001415241100530177
5642 9.852402568908913e-05
5713 0.0001786642827461757
5797 5.544288630052885e-05
5868 7.256700694753944e-05
5894 1.5848029138067838e-05
5896 1.6219082409210568e-05
5912 0.00010498321344481378
5975 0.00010460100421098168
5984 3.088397517794058e-05
5985 7.52017798211394e-05
5987 7.798719092134497e-05
5988 7.044371782011974e-05
5989 0.00013130412920165632
6022 2.0770655001689466e-05
6030 0.0001391464957049546
6159 7.101368253390731e-05
6160 7.955569410086921e-05
6211 7.356359438910525e-05
6212 0.0001391464957049546
6227 0.00010536844412685977
6264 4.7398314413738584e-05
6272 0.00023971321052336105
6345 0.0001251273376474703
6408 4.3989132524856074e-05
6411 0.0002199543170027505
6490 2.724862948448243e-05
6491 7.604199766141655e-05
6502 0.0001423431449207802
6595 7.66818067754729e-05
6611 0.00013614669170503938
6619 5.7716484755306535e-05
6661 5.889434094657216e-05
6712 6.025437603138515e-05
6760 1.9892587507080337e-05
6833 2.7093186202753706e-05
6851 0.0001275049519955334
6881 0.0001804365299615294
7067 3.508605365233e-05
7073 5.516600244482883e-05
7146 0.00019756065060853997
7176 0.00018418695135817993
7197 0.00011198624708459517
7202 0.00021605372159664503
7296 0.00018825025618924418
7298 0.0002734912621014559
7314 0.00023971321052336105
7344 8.96392359620217e-05
7392 5.274239335290522e-05
7443 0.00014576429866269
7460 0.0001804365299615294
7476 8.117636599183342e-05
7480 9.252359415714085e-05
7482 2.5340342303404983e-05
7483 2.8590308184836374e-05
7503 3.173002815645075e-05
7554 8.260974660633398e-05
7602 9.654815662959692e-05
7615 0.00016007969731333051
7656 0.00016508218077975113
7818 2.996997446737178e-05
7890 9.233159952796689e-06
7911 0.00010774605847492284
7912 0.00011761535496899039
7922 0.00010774605847492284
8031 5.5721352358276173e-05
8032 6.056183085252843e-05
8042 6.663037655997976e-05
8047 9.312153328472917e-05
8054 2.9805618738211806e-05
8058 8.853165584237468e-05
8059 0.00011425323385392718
8060 0.0001147195668623605
8088 8.509658347491132e-05
8090 9.558947467904783e-05
8101 0.0001523982138465608
8351 0.0001376235146469122
8383 0.00030726931367955075
8444 5.815485137703107e-05
8503 7.256700694753944e-05
8513 4.3335009582674306e-05
8516 8.024367862190805e-05
8526 0.00010939812948263226
8539 7.955569410086921e-05
8661 7.843020694973282e-05
8663 8.001326955199571e-05
8678 4.409901177660094e-05
8801 0.00015890538922556517
8802 0.00016007969731333051
8811 0.00011913044365880717
