299
17 0.002259348461228274
46 0.003181297894797219
93 0.002064802275996889
107 0.004135512390566481
158 0.0003238138805373545
164 0.0033925112975045353
170 0.004629358816797216
171 0.0028464515593831716
386 0.002279267356234269
474 0.008172317039050232
494 0.00203347501642111
523 0.0025328376127402566
549 0.0012760447576834143
566 0.005405681148642351
626 0.0024938430859596386
639 0.0024205053090414694
645 0.0011924005381854048
672 0.002966130091975845
729 0.004937645811898984
802 0.0032959765072921405
807 0.0025328376127402566
855 0.0017795663855841844
861 0.001375578676872168
990 0.0020568694724667057
1055 0.004367479938369175
1079 0.005405681148642351
1102 0.007165252497939625
1156 0.040956601400010485
1193 0.001931566409723737
1231 0.009258717633594432
1253 0.0016853689259357328
1314 0.004507012937097454
1333 0.0018587587069217033
1364 0.002531989136480483
1407 0.003580150713826858
1411 0.002558838937981989
1417 0.0012079040059536448
1473 0.00233104571293791
1496 0.003758290606978099
1538 0.0021055304515145822
1569 0.0038719285580595198
1588 0.0029876895121903725
1603 0.0033925112975045353
1648 0.001644182977196334
1675 0.009258717633594432
1711 0.0031547385544849395
1712 0.0009000638448447292
1749 0.011708810057614392
1753 0.004629358816797216
1847 0.0012236743278837682
1873 0.0036674770538231137
1923 0.005405681148642351
1930 0.0014580364053332837
1933 0.004062174613648313
1940 0.0015087165904608532
1941 0.002587554351336037
1948 0.002363578115611948
1967 0.008798192446146885
1978 0.0035394225383091646
2025 0.006419076103150279
2057 0.0043990962230734424
2117 0.002525337709328774
2124 0.0036227738912283074
2129 0.004507012937097454
2150 0.002174712969228311
2227 0.009258717633594432
2237 0.0022398534048255047
2372 0.0008521737813527955
2410 0.007805279399950949
2416 0.001624264082190339
2420 0.00290433815927123
2438 0.0041384882459945095
2452 0.004629358816797216
2485 0.0028279411705487726
2490 0.003931060886330075
2570 0.0012397208515861748
2638 0.0028279411705487726
2643 0.004937645811898984
2655 0.003580150713826858
2684 0.0014580364053332837
2688 0.002444304909061911
2738 0.0014257429098818416
2764 0.0024323278354507496
2780 0.0018213562449798646
2849 0.0017395997281190701
2902 0.00327832501875826
2903 0.005692903118766343
2915 0.0029876895121903725
2933 0.00399427443775928
3133 0.0023099819557509883
3136 0.002139468890108369
3149 0.001429717896958954
3160 0.003962209173242929
3222 0.0051471315765159
3227 0.004292793533664693
3229 0.0008823583067533795
3234 0.019364042472331755
3251 0.0057771816951733244
3355 0.005405681148642351
3356 0.005405681148642351
3357 0.005405681148642351
3368 0.0035004280115285462
3478 0.004683524023045757
3486 0.002792005855572443
3512 0.001138664634088045
3565 0.004135512390566481
3615 0.0038719285580595198
3624 0.002691953851504641
3629 0.004937645811898984
3656 0.0008867527184586378
3661 0.00399427443775928
3663 0.010767815406018564
3696 0.008430470185729587
3703 0.004937478478671565
3733 0.002122342539428665
3747 0.0043990962230734424
3760 0.001995764628721312
3814 0.0027406148305525175
3902 0.002279267356234269
3917 0.008430470185729587
3976 0.004135512390566481
3995 0.005405681148642351
4005 0.0034680598099672186
4040 0.0034630255495867075
4047 0.003103823618373717
4061 0.0024687392393357827
4069 0.011793182658990226
4079 0.0043990962230734424
4105 0.0018780485369636227
4136 0.002481205187881184
4203 0.0021837399691845877
4221 0.0008250086670784927
4226 0.0020490047625104967
4240 0.004937645811898984
4251 0.003238702584977376
4320 0.0029876895121903725
4328 0.005405681148642351
4349 0.003088261946257064
4364 0.002641832721919347
4371 0.005405681148642351
4437 0.002122342539428665
4451 0.0037144736671377806
4457 0.003931060886330075
4467 0.0051420973161353896
4468 0.001050284546897798
4504 0.0014662908132722075
4520 0.001904416776412933
4534 0.0010689024054507158
4568 0.0011924005381854048
4573 0.017637579228129033
4592 0.0027745532691463037
4634 0.00399427443775928
4677 0.0006812960655989405
4693 0.007245547782456615
4711 0.0034270902346103774
4811 0.002041206987067535
4822 0.00326833880239072
4830 0.0015762828013073018
4876 0.005405681148642351
4888 0.0034630255495867075
4909 0.0052866717501279265
4977 0.004062174613648313
4978 0.010078616701788019
5017 0.0030525053743426975
5032 0.0038997990205020838
5069 0.003265933386797182
5070 0.004135512390566481
5110 0.003816382273835154
5163 0.0031587635720586294
5178 0.0011651386997868155
5218 0.0013460202075835294
5223 0.00043247556011519943
5229 0.0009272806900895553
5255 0.003372842321337121
5317 0.0030793892880998457
5320 0.0031289274649975735
5362 0.00290433815927123
5380 0.0014335491299574783
5435 0.0013460202075835294
5466 0.004937645811898984
5527 0.004062174613648313
5567 0.0034270902346103774
5623 0.0012659945682402414
5632 0.0029450663347889232
5637 0.001938481409220015
5703 0.0007499303553262131
5706 0.004349425938456622
5730 0.001712083153085366
5787 0.013308152922170304
5812 0.011630888455320091
5869 0.0013643822065748342
5871 0.0029876895121903725
5873 0.0024687392393357827
5915 0.004937645811898984
5924 0.004062174613648313
5946 0.0032959765072921405
5985 0.0011613417163958075
5988 0.0014662908132722075
5999 0.002724105679683411
6034 0.00216577403896828
6107 0.004070979570129119
6148 0.004770596769604416
6194 0.006031989167730309
6199 0.0043990962230734424
6219 0.0017795663855841844
6228 0.003962209173242929
6285 0.003181297894797219
6328 0.003904939944596204
6329 0.0018651436323018466
6357 0.002531989136480483
6389 0.0031289274649975735
6431 0.004770596769604416
6435 0.005481229661105035
6466 0.0029450663347889232
6469 0.0026339546125204853
6477 0.0020258077492162707
6525 0.0042152350928647934
6537 0.0014100132002202552
6568 0.005405681148642351
6589 0.0012364889855044291
6609 0.0030555896880794047
6648 0.011461374529962445
6653 0.005405681148642351
6656 0.004302561432861049
6685 0.0023526051331524372
6752 0.0043990962230734424
6756 0.0029876895121903725
6761 0.004862184848566033
6932 0.0022495490834945958
6962 0.00535258273221094
6963 0.0059000262628371445
6969 0.0024205053090414694
6973 0.001153277911707383
6993 0.004500319224223647
6996 0.004423860786936828
7006 0.0057771816951733244
7092 0.0017795663855841844
7101 0.005769266925065061
7119 0.005405681148642351
7134 0.0035004280115285462
7135 0.01161578567417856
7138 0.003181297894797219
7147 0.0037144736671377806
7151 0.005405681148642351
7181 0.0023973082957472434
7207 0.003580150713826858
7212 0.0019738615996206335
7252 0.0014457925739002873
7322 0.0021547095875956855
7342 0.002645747434948038
7347 0.004552328057373944
7409 0.00326833880239072
7411 0.0033591900587213452
7423 0.0025196541754470047
7444 0.019184303813867622
7484 0.004837914428036615
7492 0.0021569214765345076
7495 0.0020106630559101027
7503 0.0018213562449798646
7513 0.003931060886330075
7564 0.003327038230542576
7676 0.0032368441790215845
7724 0.005405681148642351
7726 0.0034630255495867075
7793 0.0019111291367213492
7800 0.0017679683435773959
7892 0.003910191090546241
7913 0.0022113671803452367
7943 0.0017175207541145026
7958 0.006418406670325107
8001 0.0030793892880998457
8011 0.002992141413769828
8043 0.003758290606978099
8048 0.0017508419928976924
8062 0.0014788135560580848
8078 0.002444304909061911
8106 0.0024088333921639146
8123 0.0027406148305525175
8133 0.004629358816797216
8187 0.0034791994562381402
8205 0.001920180990753613
8212 0.004507012937097454
8222 0.004302561432861049
8445 0.0010934093575360776
8478 0.004770596769604416
8527 0.0020568694724667057
8570 0.003103823618373717
8601 0.0015762828013073018
8639 0.0012204984734590489
8679 0.0008291358501119568
8690 0.0028653436324906113
8695 0.001669706440536562
8719 0.0017679683435773959
8754 0.005987293886163937
8762 0.006531866773594364
8805 0.002546213515759284
8813 0.0034630255495867075
8814 0.001666563416490711
8867 0.0014475009723325107
