224
14 0.0001275049519955334
49 0.00017065756051371745
58 3.9886331735258645e-05
82 8.334256383691721e-05
97 8.612797493712278e-05
158 1.722259642893919e-05
160 3.6009024944890365e-05
163 4.4209139343250144e-05
168 0.00014488623116808087
276 4.8109734749355606e-05
295 6.969398876306011e-05
296 0.00023397347506023475
328 5.502814824397996e-05
370 0.0001347133110905388
430 2.1595466130645556e-05
463 2.104404381130732e-05
473 4.858985121920245e-05
509 1.4811799641107606e-05
511 4.409901177660094e-05
521 6.165346047478709e-05
549 6.786862826996617e-05
821 0.00011243128604527755
829 0.00015890538922556517
872 6.593667904531496e-05
880 0.0002734912621014559
891 5.757123449128065e-05
990 0.00010939812948263226
1234 2.8271279696782107e-05
1239 0.00013196715204843822
1240 0.00014576429866269
1306 4.5550455969092306e-05
1310 8.285279662389543e-05
1412 6.804811807694473e-05
1432 0.00015139340654708521
1461 0.00014488623116808087
1469 6.358367031630664e-05
1521 0.00011110817958998604
1773 0.0001002340757964429
1777 4.871062309639001e-05
1778 0.0001287387249198448
1922 7.334292682143156e-06
1985 9.496067334174995e-05
2076 7.66818067754729e-05
2083 0.00010422176939821458
2085 0.0001147195668623605
2093 0.00011811516886331826
2148 8.383730339089555e-05
2149 8.408656954820681e-05
2151 0.00011566583790554528
2253 0.00015342417653056774
2294 8.535239208071232e-05
2384 3.364472337590274e-05
2389 8.070779096331723e-05
2459 0.0002462203859023654
2563 2.4450245822639586e-05
2564 4.692973938522239e-05
2571 6.593667904531496e-05
2582 7.458098891001271e-05
2586 9.502842032885344e-06
2590 8.771718405598661e-05
2607 3.3290954653437934e-05
2618 4.846937791309118e-05
2620 0.00010347204034115494
2685 7.754816608258265e-05
2772 0.00011067500849334801
2903 8.718166847460814e-05
2939 0.00013065000625947455
2945 0.0001196461249524729
3031 8.691610145495967e-05
3033 0.0001415241100530177
3034 0.00016128300357362823
3035 0.00018418695135817993
3067 0.00010093525951244397
3134 0.0001228603508781383
3137 0.00011379132113009053
3149 7.541048004377448e-05
3150 7.604199766141655e-05
3307 8.408656954820681e-05
3321 0.00011761535496899039
3368 0.00010058340652177312
3370 0.00011811516886331826
3419 0.00011712061541501202
3507 9.134928606937549e-05
3519 8.586807337437805e-05
3572 5.234992335902794e-05
3576 5.3536945098705395e-05
3600 0.0001002340757964429
3675 0.00011519040557349246
3677 0.00030726931367955075
3743 3.233112827567267e-05
3746 1.903006184883404e-05
3875 3.285232498188492e-05
3969 6.0101372993599195e-05
3970 6.663037655997976e-05
3996 7.417147870601431e-05
3997 0.0001347133110905388
4015 8.798716495431228e-05
4108 9.654815662959692e-05
4109 0.00017215710736717137
4158 0.00011519040557349246
4220 4.3879500470736716e-05
4286 0.0001228603508781383
4290 5.656642719180506e-05
4291 7.843020694973282e-05
4308 7.955569410086921e-05
4381 4.3226837668107787e-05
4495 3.207260550754382e-05
4569 0.00010422176939821458
4572 0.00013401212737453773
4676 1.811794967986411e-05
4759 5.0810908270240366e-05
4762 0.0001399262151792957
4763 0.00015890538922556517
4818 9.048676041112919e-05
4829 8.383730339089555e-05
4831 0.00013065000625947455
4832 0.0001347133110905388
4833 0.0001431761810607271
4834 1.7286007534181456e-05
4839 3.088397517794058e-05
4846 4.681329625334851e-05
4853 8.535239208071232e-05
4878 6.969398876306011e-05
4885 0.0001027336712532598
4889 0.0002875104201589402
4911 6.341986704442123e-05
4933 2.564069103539461e-05
5043 0.00010422176939821458
5044 0.00010058340652177312
5080 0.00010575674440844711
5161 5.502814824397996e-05
5162 5.6001418804450566e-05
5170 0.0001128804268053397
5290 0.00013614669170503938
5379 2.541525611908456e-05
5380 3.8298201700263376e-05
5481 6.576478670658657e-05
5482 0.00013196715204843822
5588 6.913916575845257e-05
5674 0.00010236864012694453
5776 0.00018227567001855016
5806 7.910237522724487e-05
5982 0.0001376235146469122
5984 3.088397517794058e-05
5995 0.00019268344080366
6000 3.4631041686461846e-05
6018 0.0001431761810607271
6159 7.101368253390731e-05
6160 7.955569410086921e-05
6352 0.00011519040557349246
6377 0.00010694056199521868
6487 0.00012936752625714268
6490 2.724862948448243e-05
6506 8.88061998220748e-05
6540 6.040786096929821e-05
6568 3.9584588186023764e-05
6589 5.9343481706634316e-05
6605 0.00010200632301179658
6679 9.527405980765772e-05
6680 9.558947467904783e-05
6689 7.376538112671329e-05
6753 0.00011862016226846598
6760 1.9892587507080337e-05
6762 7.139739654402146e-05
6763 7.27647006365303e-05
6833 2.7093186202753706e-05
6905 2.9805618738211806e-05
6919 7.3968006896828e-05
6920 9.403242760948e-05
6924 0.0001677901789526326
6960 3.259102983841739e-05
6972 6.133906307779394e-05
6992 4.787143878550288e-05
6995 7.843020694973282e-05
7021 0.0001677901789526326
7061 0.0002537323685808453
7067 3.508605365233e-05
7073 5.516600244482883e-05
7139 6.196989942762013e-05
7142 0.00015139340654708521
7143 0.0001523982138465608
7211 0.00010498321344481378
7444 9.886126874785542e-05
7446 0.00015554326811050196
7469 7.887728740211037e-05
7482 2.5340342303404983e-05
7494 0.00010694056199521868
7503 3.173002815645075e-05
7554 8.260974660633398e-05
7808 4.7398314413738584e-05
7818 2.996997446737178e-05
7858 4.509923582401553e-05
7863 7.64676023536449e-05
7890 9.233159952796689e-06
7891 6.932340577943291e-05
7892 0.0001002340757964429
7894 6.374802604546662e-05
7902 7.376538112671329e-05
7903 8.141235399539764e-05
7922 0.00010774605847492284
8054 2.9805618738211806e-05
8061 7.865323446718271e-05
8234 4.8109734749355606e-05
8447 4.100899018649567e-05
8489 0.00013837905578907654
8520 5.874554257904601e-05
8521 6.610917985376751e-05
8604 0.00015447220461114937
8639 3.69498153124238e-05
8659 0.00012936752625714268
8661 7.843020694973282e-05
8663 8.001326955199571e-05
8678 4.409901177660094e-05
8695 4.476354154013861e-05
8696 4.787143878550288e-05
8756 9.372690041743856e-05
8757 9.818910047034337e-05
8813 4.431951634967444e-05
8818 7.139739654402146e-05
8819 7.139739654402146e-05
8829 0.00011663084820199027
8871 7.025520142447097e-05
8872 0.00010422176939821458
8873 0.00013614669170503938
