56
1 0.019572290704724837
370 0.016223851735660565
521 0.00742507621285544
549 0.008173583988404573
875 0.027000289648890705
1193 0.012372465921743937
1373 0.023894002208407445
1468 0.015315072158349319
1496 0.008024458323007293
1577 0.013074758268513674
1881 0.011436344875968589
2084 0.013815956484829146
2091 0.017142731182891797
2150 0.013929918208300264
2177 0.01835368759189932
2635 0.019881248582555973
2684 0.018678628543999366
2730 0.02755965025913699
2771 0.01332886048233402
2826 0.01440927385914106
2929 0.01835368759189932
3034 0.022182082574379723
3464 0.006950936650530971
3782 0.016396477249666364
3926 0.013381028331161561
3970 0.016048916646014585
4003 0.015656763876964134
4094 0.025758224013551052
4226 0.013124706181486156
4350 0.017044092821520185
4573 0.016139406475160545
4764 0.03827472510211451
4904 0.05116989414859187
4915 0.007879028189825596
5177 0.03244770347132113
5381 0.009224691177101276
5642 0.028177994726173137
5702 0.025473083950488667
5730 0.010966586683276535
5985 0.003719432253862249
6052 0.02020737938953867
6165 0.015656763876964134
6761 0.002395712700852702
7692 0.024110021811795015
7711 0.017449001245539688
7904 0.009804687821715997
7923 0.012976119907142059
8033 0.007293608602131532
8048 0.022429705530635304
8061 0.04144786945448744
8145 0.0021897672068427443
8235 0.017381917138632047
8293 0.030557606335033696
8448 0.004938812439757424
8686 0.015139676037838693
8872 0.03384401919431813
