133
160 3.6009024944890365e-05
276 4.8109734749355606e-05
277 5.502814824397996e-05
278 5.558192042480493e-05
401 0.00010939812948263226
404 0.00011913044365880717
405 0.00011913044365880717
406 0.00015663840245623315
423 8.63892700805903e-05
430 2.1595466130645556e-05
436 6.181142310095298e-05
449 6.628229345501092e-05
463 2.104404381130732e-05
473 4.858985121920245e-05
509 1.4811799641107606e-05
521 6.165346047478709e-05
569 0.0001415241100530177
765 7.499396958083494e-05
1365 6.733409171295719e-05
1367 0.0001275049519955334
1380 0.00015890538922556517
1381 0.00014665847838343454
1469 6.358367031630664e-05
1798 0.00010498321344481378
1800 0.00011333374567896404
2042 8.383730339089555e-05
2384 3.364472337590274e-05
2389 8.070779096331723e-05
2391 2.4157123570420575e-05
2550 5.3403616896513294e-05
2563 2.4450245822639586e-05
2564 4.692973938522239e-05
2571 6.593667904531496e-05
2586 9.502842032885344e-06
2739 7.583058115843726e-05
2740 0.00019268344080366
2976 5.461691012835996e-05
3343 0.00011614595437539213
3436 0.00014665847838343454
3572 5.234992335902794e-05
3719 2.489326185102742e-05
3743 3.233112827567267e-05
3827 0.00013614669170503938
3872 9.164022082905678e-05
3875 3.285232498188492e-05
4002 0.0001263016457352357
4003 0.0001300045474523503
4004 0.00023971321052336105
4203 0.00011614595437539213
4314 3.1644758795232604e-05
4329 3.676019862375966e-05
4332 8.117636599183342e-05
4340 0.00012936752625714268
4431 0.00013196715204843822
4442 0.00017695423263882194
4577 3.9085797470059324e-05
4650 0.0001786642827461757
4839 3.088397517794058e-05
4846 4.681329625334851e-05
4878 6.969398876306011e-05
4885 0.0001027336712532598
5222 2.3001954162320978e-05
5228 4.931901336427842e-05
5237 0.0001786642827461757
5264 0.00011425323385392718
5327 0.00014944388948364012
5427 3.490353872923123e-05
5428 0.0002059351589452662
5434 7.159039254876493e-05
5469 1.1433598200043818e-05
5580 0.0001431761810607271
5581 0.00014488623116808087
5582 0.0001475693727081854
5687 2.724862948448243e-05
5694 0.00015775871449691997
5726 0.00013614669170503938
5810 5.261121850249547e-05
5834 6.804811807694473e-05
5894 1.5848029138067838e-05
5896 1.6219082409210568e-05
5911 7.47870417645905e-05
5953 0.0001664173719040451
6022 2.0770655001689466e-05
6046 0.00017370426675739054
6094 0.00011761535496899039
6387 9.558947467904783e-05
6467 4.669713069773751e-05
6468 4.669713069773751e-05
6481 0.00012936752625714268
6568 3.9584588186023764e-05
6569 4.981125419104163e-05
6684 0.0001251273376474703
6687 6.196989942762013e-05
6833 2.7093186202753706e-05
7039 0.0001753021616311125
7041 0.00021244233432427055
7067 3.508605365233e-05
7124 6.859058854884968e-05
7174 7.256700694753944e-05
7344 8.96392359620217e-05
7345 0.00011425323385392718
7392 5.274239335290522e-05
7482 2.5340342303404983e-05
7483 2.8590308184836374e-05
7727 0.00015342417653056774
7728 0.0001664173719040451
7850 0.000126899584862824
7884 0.00010982004923951138
7885 0.00018418695135817993
7890 9.233159952796689e-06
7894 6.374802604546662e-05
7902 7.376538112671329e-05
7903 8.141235399539764e-05
8009 2.7093186202753706e-05
8010 3.97855428110104e-05
8016 3.6571316885345003e-05
8017 0.00012122674224136485
8054 2.9805618738211806e-05
8128 0.00013332088986277624
8134 0.00012176521653240713
8200 0.00019506105515172307
8201 0.00020298083458234552
8328 0.0002734912621014559
8437 8.433711728522342e-05
8447 4.100899018649567e-05
8483 0.0001504088997800851
8590 0.00013614669170503938
8639 3.69498153124238e-05
8652 0.00010982004923951138
8661 7.843020694973282e-05
8663 8.001326955199571e-05
8695 4.476354154013861e-05
8696 4.787143878550288e-05
