205
14 0.0001275049519955334
17 0.00012016732165868515
68 3.241760820520544e-05
82 8.334256383691721e-05
160 3.6009024944890365e-05
240 0.00010347204034115494
276 4.8109734749355606e-05
277 5.502814824397996e-05
278 5.558192042480493e-05
328 5.502814824397996e-05
341 0.0002462203859023654
370 0.0001347133110905388
430 2.1595466130645556e-05
443 5.859719717528758e-05
463 2.104404381130732e-05
480 6.877276232176413e-05
509 1.4811799641107606e-05
521 6.165346047478709e-05
706 6.525271795805037e-05
707 9.496067334174995e-05
855 9.464928935894339e-05
861 7.316251041712385e-05
872 6.593667904531496e-05
873 0.00020908021320920737
875 0.00022419450561242282
1140 3.8493910507496085e-05
1164 8.408656954820681e-05
1165 8.433711728522342e-05
1208 0.00012571095453322076
1223 0.00014849761844045535
1234 2.8271279696782107e-05
1243 0.00012341728754011654
1265 6.576478670658657e-05
1266 0.00018617626542465564
1391 6.491430390704548e-05
1412 6.804811807694473e-05
1469 6.358367031630664e-05
1638 7.33626397641186e-05
1641 7.583058115843726e-05
1719 0.0001504088997800851
1773 0.0001002340757964429
1775 0.00026261715830791277
1828 0.00016128300357362823
1922 7.334292682143156e-06
2004 7.217400943451535e-05
2009 0.00012176521653240713
2013 0.00016378259903044513
2118 6.715720793434914e-05
2371 8.858094887998e-06
2384 3.364472337590274e-05
2389 8.070779096331723e-05
2493 2.5565430128539482e-05
2557 0.00012230970742046953
2563 2.4450245822639586e-05
2564 4.692973938522239e-05
2586 9.502842032885344e-06
2685 7.754816608258265e-05
2732 0.00012069415303305452
2733 0.0001786642827461757
2739 7.583058115843726e-05
2834 0.00014849761844045535
2835 0.00026261715830791277
2939 0.00013065000625947455
2940 7.910237522724487e-05
2955 4.7516165565500014e-05
3031 8.691610145495967e-05
3033 0.0001415241100530177
3034 0.00016128300357362823
3113 6.165346047478709e-05
3261 0.00020298083458234552
3321 0.00011761535496899039
3372 6.542281037332744e-05
3383 0.00010815385522706535
3517 0.0001523982138465608
3576 5.3536945098705395e-05
3605 5.380470086849468e-05
3614 0.0002875104201589402
3625 0.0001431761810607271
3713 0.0002734912621014559
3743 3.233112827567267e-05
3746 1.903006184883404e-05
3969 6.0101372993599195e-05
3970 6.663037655997976e-05
4108 9.654815662959692e-05
4158 0.00011519040557349246
4220 4.3879500470736716e-05
4314 3.1644758795232604e-05
4315 7.256700694753944e-05
4316 0.0002537323685808453
4375 7.541048004377448e-05
4398 6.325661252824365e-05
4495 3.207260550754382e-05
4502 6.424444555902466e-05
4503 7.798719092134497e-05
4558 0.0002199543170027505
4565 0.00013837905578907654
4576 0.0001475693727081854
4577 3.9085797470059324e-05
4829 8.383730339089555e-05
4831 0.00013065000625947455
4832 0.0001347133110905388
4833 0.0001431761810607271
4834 1.7286007534181456e-05
4837 0.00016508218077975113
4839 3.088397517794058e-05
4846 4.681329625334851e-05
4851 0.0001399262151792957
4852 0.00015663840245623315
4878 6.969398876306011e-05
4885 0.0001027336712532598
4911 6.341986704442123e-05
4913 6.457822376461287e-05
4914 6.542281037332744e-05
5011 0.00010310145735752775
5012 0.00010774605847492284
5043 0.00010422176939821458
5068 0.00017370426675739054
5080 0.00010575674440844711
5161 5.502814824397996e-05
5162 5.6001418804450566e-05
5171 7.52017798211394e-05
5216 0.00016378259903044513
5290 0.00013614669170503938
5364 0.0001804365299615294
5378 0.00010347204034115494
5379 2.541525611908456e-05
5380 3.8298201700263376e-05
5395 3.215862746722012e-05
5411 8.164949036359771e-05
5469 1.1433598200043818e-05
5588 6.913916575845257e-05
5597 0.00021244233432427055
5674 0.00010236864012694453
5702 3.9886331735258645e-05
5822 9.134928606937549e-05
5862 6.610917985376751e-05
5894 1.5848029138067838e-05
5896 1.6219082409210568e-05
5945 0.0001753021616311125
5947 0.00015342417653056774
5948 0.00019506105515172307
5984 3.088397517794058e-05
5995 0.00019268344080366
6159 7.101368253390731e-05
6160 7.955569410086921e-05
6172 0.00012230970742046953
6211 7.356359438910525e-05
6222 0.00010347204034115494
6264 4.7398314413738584e-05
6265 0.0001275049519955334
6278 0.00011566583790554528
6348 9.590694438493474e-05
6467 4.669713069773751e-05
6468 4.669713069773751e-05
6490 2.724862948448243e-05
6540 6.040786096929821e-05
6568 3.9584588186023764e-05
6569 4.981125419104163e-05
6670 0.00010734164596720007
6753 0.00011862016226846598
6757 0.0001287387249198448
6762 7.139739654402146e-05
6763 7.27647006365303e-05
6833 2.7093186202753706e-05
6848 0.00012122674224136485
6992 4.787143878550288e-05
6995 7.843020694973282e-05
7067 3.508605365233e-05
7073 5.516600244482883e-05
7146 0.00019756065060853997
7301 0.00011024565393173974
7302 0.00011811516886331826
7314 0.00023971321052336105
7444 9.886126874785542e-05
7446 0.00015554326811050196
7469 7.887728740211037e-05
7554 8.260974660633398e-05
7665 0.00010422176939821458
7808 4.7398314413738584e-05
7816 0.00014071861357331354
7818 2.996997446737178e-05
7922 0.00010774605847492284
7981 6.950834500520415e-05
7987 7.843020694973282e-05
8009 2.7093186202753706e-05
8016 3.6571316885345003e-05
8031 5.5721352358276173e-05
8032 6.056183085252843e-05
8054 2.9805618738211806e-05
8447 4.100899018649567e-05
8520 5.874554257904601e-05
8521 6.610917985376751e-05
8530 0.0001147195668623605
8562 0.00013614669170503938
8563 0.0001376235146469122
8564 0.00014071861357331354
8639 3.69498153124238e-05
8659 0.00012936752625714268
8800 0.00011379132113009053
8818 7.139739654402146e-05
8819 7.139739654402146e-05
8871 7.025520142447097e-05
8872 0.00010422176939821458
8882 0.0001147195668623605
8883 0.00011519040557349246
