128
68 3.241760820520544e-05
160 3.6009024944890365e-05
240 0.00010347204034115494
278 5.558192042480493e-05
375 8.334256383691721e-05
509 1.4811799641107606e-05
521 6.165346047478709e-05
751 0.00011614595437539213
861 7.316251041712385e-05
1055 0.00011614595437539213
1140 3.8493910507496085e-05
1164 8.408656954820681e-05
1165 8.433711728522342e-05
1208 0.00012571095453322076
1234 2.8271279696782107e-05
1243 0.00012341728754011654
1306 4.5550455969092306e-05
1316 0.00019756065060853997
1412 6.804811807694473e-05
1469 6.358367031630664e-05
1511 9.312153328472917e-05
1922 7.334292682143156e-06
2040 4.7398314413738584e-05
2076 7.66818067754729e-05
2118 6.715720793434914e-05
2402 8.825864993225359e-05
2439 5.502814824397996e-05
2493 2.5565430128539482e-05
2571 6.593667904531496e-05
2586 9.502842032885344e-06
2732 0.00012069415303305452
2733 0.0001786642827461757
2739 7.583058115843726e-05
2834 0.00014849761844045535
2835 0.00026261715830791277
2939 0.00013065000625947455
3031 8.691610145495967e-05
3033 0.0001415241100530177
3034 0.00016128300357362823
3156 9.342327683396404e-05
3161 0.00010536844412685977
3212 7.356359438910525e-05
3261 0.00020298083458234552
3287 0.00022883910672981793
3372 6.542281037332744e-05
3383 0.00010815385522706535
3507 9.134928606937549e-05
3564 0.00010774605847492284
3625 0.0001431761810607271
3731 5.3138049876864844e-05
3743 3.233112827567267e-05
3746 1.903006184883404e-05
4398 6.325661252824365e-05
4467 5.5861184383926875e-05
4502 6.424444555902466e-05
4503 7.798719092134497e-05
4565 0.00013837905578907654
4576 0.0001475693727081854
4831 0.00013065000625947455
4832 0.0001347133110905388
4833 0.0001431761810607271
4851 0.0001399262151792957
4852 0.00015663840245623315
4996 0.00030726931367955075
5043 0.00010422176939821458
5080 0.00010575674440844711
5161 5.502814824397996e-05
5162 5.6001418804450566e-05
5170 0.0001128804268053397
5171 7.52017798211394e-05
5216 0.00016378259903044513
5290 0.00013614669170503938
5378 0.00010347204034115494
5395 3.215862746722012e-05
5702 3.9886331735258645e-05
5831 0.00013401212737453773
5832 0.00013542473142615584
5858 6.663037655997976e-05
5947 0.00015342417653056774
5948 0.00019506105515172307
5984 3.088397517794058e-05
5985 7.52017798211394e-05
5987 7.798719092134497e-05
6022 2.0770655001689466e-05
6057 0.00011024565393173974
6106 7.217400943451535e-05
6120 0.0001504088997800851
6121 0.0001523982138465608
6264 4.7398314413738584e-05
6265 0.0001275049519955334
6278 0.00011566583790554528
6475 8.691610145495967e-05
6476 0.00010774605847492284
6490 2.724862948448243e-05
6491 7.604199766141655e-05
6670 0.00010734164596720007
6689 7.376538112671329e-05
6757 0.0001287387249198448
6762 7.139739654402146e-05
6763 7.27647006365303e-05
6833 2.7093186202753706e-05
6960 3.259102983841739e-05
6965 0.00013332088986277624
6992 4.787143878550288e-05
6995 7.843020694973282e-05
7301 0.00011024565393173974
7302 0.00011811516886331826
7316 0.00019041645403432799
7406 6.698096388147314e-05
7482 2.5340342303404983e-05
7494 0.00010694056199521868
7554 8.260974660633398e-05
7665 0.00010422176939821458
7890 9.233159952796689e-06
7894 6.374802604546662e-05
7902 7.376538112671329e-05
8031 5.5721352358276173e-05
8032 6.056183085252843e-05
8054 2.9805618738211806e-05
8447 4.100899018649567e-05
8562 0.00013614669170503938
8563 0.0001376235146469122
8564 0.00014071861357331354
8678 4.409901177660094e-05
8693 8.484211069037113e-05
8694 8.88061998220748e-05
8882 0.0001147195668623605
8883 0.00011519040557349246
