344
15 6.0101372993599195e-05
68 3.241760820520544e-05
69 0.00010460100421098168
74 0.00013614669170503938
112 0.00021244233432427055
125 0.00015554326811050196
138 5.5304247721948624e-05
158 1.722259642893919e-05
161 8.88061998220748e-05
225 4.311890533715833e-05
243 6.309390310328486e-05
276 4.8109734749355606e-05
290 5.516600244482883e-05
292 0.00014576429866269
310 8.408656954820681e-05
328 5.502814824397996e-05
344 9.164022082905678e-05
347 0.00030726931367955075
357 0.00023971321052336105
400 0.00015890538922556517
430 2.1595466130645556e-05
463 2.104404381130732e-05
473 4.858985121920245e-05
509 1.4811799641107606e-05
549 6.786862826996617e-05
551 0.0001431761810607271
556 0.0002734912621014559
557 0.0002875104201589402
619 0.00017695423263882194
671 0.00014576429866269
672 0.00015775871449691997
682 0.0001228603508781383
706 6.525271795805037e-05
708 9.654815662959692e-05
712 0.00019506105515172307
722 0.00011663084820199027
765 7.499396958083494e-05
861 7.316251041712385e-05
891 5.757123449128065e-05
1102 8.285279662389543e-05
1103 9.527405980765772e-05
1111 9.886126874785542e-05
1216 4.5550455969092306e-05
1217 9.818910047034337e-05
1234 2.8271279696782107e-05
1254 8.96392359620217e-05
1374 9.920086195142229e-05
1418 6.424444555902466e-05
1476 0.00018825025618924418
1517 9.106007793564448e-05
1519 0.0001376235146469122
1539 0.00011198624708459517
1563 0.00018825025618924418
1569 9.920086195142229e-05
1583 8.88061998220748e-05
1586 0.00017695423263882194
1621 0.00011198624708459517
1622 0.00011333374567896404
1623 0.0001664173719040451
1706 3.382257549850835e-05
1713 4.787143878550288e-05
1777 4.871062309639001e-05
1786 0.00021244233432427055
1787 0.00021244233432427055
1888 6.071628875522179e-05
1922 7.334292682143156e-06
1956 0.0001128804268053397
2025 0.00012571095453322076
2029 0.00012122674224136485
2030 0.0001228603508781383
2114 0.00016251677649793962
2116 0.00022883910672981793
2123 0.00011243128604527755
2148 8.383730339089555e-05
2149 8.408656954820681e-05
2151 0.00011566583790554528
2320 0.00014665847838343454
2358 0.0001804365299615294
2371 8.858094887998e-06
2402 8.825864993225359e-05
2434 0.00010536844412685977
2444 0.0002059351589452662
2462 0.00011712061541501202
2493 2.5565430128539482e-05
2500 0.00015447220461114937
2526 8.070779096331723e-05
2563 2.4450245822639586e-05
2564 4.692973938522239e-05
2566 0.00017695423263882194
2586 9.502842032885344e-06
2599 0.00012341728754011654
2607 3.3290954653437934e-05
2616 0.00019506105515172307
2638 0.00012176521653240713
2640 0.00016128300357362823
2768 0.0001415241100530177
2780 9.342327683396404e-05
2781 9.68719546813797e-05
2790 0.00011425323385392718
2843 7.33626397641186e-05
2850 9.252359415714085e-05
2851 0.00022419450561242282
2932 0.0002059351589452662
2955 4.7516165565500014e-05
3104 0.00010939812948263226
3202 0.00019756065060853997
3214 8.001326955199571e-05
3226 8.164949036359771e-05
3228 4.566391685271689e-05
3229 4.669713069773751e-05
3230 4.692973938522239e-05
3367 0.00017065756051371745
3395 7.541048004377448e-05
3401 0.0001504088997800851
3409 8.458895984833521e-05
3507 9.134928606937549e-05
3572 5.234992335902794e-05
3576 5.3536945098705395e-05
3619 0.00019268344080366
3719 2.489326185102742e-05
3723 6.859058854884968e-05
3743 3.233112827567267e-05
3831 0.0001753021616311125
3832 3.3290954653437934e-05
3875 3.285232498188492e-05
3887 5.5861184383926875e-05
3902 0.00012122674224136485
3908 0.0002059351589452662
3932 4.895306850942043e-05
3943 7.689695691525318e-05
3996 7.417147870601431e-05
4224 8.236790279729728e-05
4225 0.00010897983139923425
4247 4.846937791309118e-05
4250 8.612797493712278e-05
4266 0.00015342417653056774
4267 0.00011519040557349246
4329 3.676019862375966e-05
4363 7.025520142447097e-05
4384 0.0001753021616311125
4406 6.508321716976057e-05
4408 0.00013687950893562258
4432 6.4078409870285e-05
4460 0.00011862016226846598
4467 5.5861184383926875e-05
4481 9.282164663063054e-05
4492 6.969398876306011e-05
4495 3.207260550754382e-05
4499 9.312153328472917e-05
4502 6.424444555902466e-05
4503 7.798719092134497e-05
4513 9.19329029551259e-05
4533 5.685140711216779e-05
4545 0.00018227567001855016
4546 7.625433537211054e-05
4563 4.728074758348793e-05
4634 0.0002875104201589402
4652 4.476354154013861e-05
4654 0.0001523982138465608
4659 6.610917985376751e-05
4676 1.811794967986411e-05
4699 3.676019862375966e-05
4712 8.484211069037113e-05
4759 5.0810908270240366e-05
4772 0.00023971321052336105
4797 9.988723143186235e-05
4834 1.7286007534181456e-05
4839 3.088397517794058e-05
4846 4.681329625334851e-05
4926 0.00010236864012694453
4927 0.00010236864012694453
5018 0.00010982004923951138
5024 6.025437603138515e-05
5028 0.00018825025618924418
5161 5.502814824397996e-05
5162 5.6001418804450566e-05
5163 0.00020019542348213994
5192 8.001326955199571e-05
5194 0.00011712061541501202
5197 0.0001391464957049546
5198 0.00010654275221462514
5216 0.00016378259903044513
5242 6.786862826996617e-05
5244 0.0002199543170027505
5254 5.9796800580258657e-05
5267 0.0001677901789526326
5271 0.0002734912621014559
5374 0.0002734912621014559
5379 2.541525611908456e-05
5416 0.00013332088986277624
5427 3.490353872923123e-05
5430 6.441104889224853e-05
5439 8.024367862190805e-05
5440 8.586807337437805e-05
5448 9.954283828468142e-05
5469 1.1433598200043818e-05
5507 0.00019268344080366
5515 0.0002734912621014559
5530 0.00018418695135817993
5569 9.527405980765772e-05
5618 0.00014071861357331354
5622 6.733409171295719e-05
5624 0.0001415241100530177
5636 0.00010310145735752775
5676 9.312153328472917e-05
5687 2.724862948448243e-05
5702 3.9886331735258645e-05
5705 0.00011566583790554528
5888 8.358930576913648e-05
5891 0.00010310145735752775
5892 0.00011712061541501202
5909 6.663037655997976e-05
5910 0.00019756065060853997
5971 0.00026261715830791277
5984 3.088397517794058e-05
6000 3.4631041686461846e-05
6004 0.0002059351589452662
6022 2.0770655001689466e-05
6030 0.0001391464957049546
6033 0.00011519040557349246
6084 7.843020694973282e-05
6087 0.00010236864012694453
6088 0.00023397347506023475
6133 0.00013614669170503938
6149 0.00023971321052336105
6150 0.0002462203859023654
6159 7.101368253390731e-05
6160 7.955569410086921e-05
6197 5.5304247721948624e-05
6264 4.7398314413738584e-05
6302 8.509658347491132e-05
6306 0.00011425323385392718
6338 0.00016920278300425065
6339 0.00019756065060853997
6340 0.00019756065060853997
6344 0.0002462203859023654
6352 0.00011519040557349246
6366 0.0001251273376474703
6367 0.00023397347506023475
6380 0.00011067500849334801
6408 4.3989132524856074e-05
6409 0.00010575674440844711
6410 0.00016007969731333051
6475 8.691610145495967e-05
6490 2.724862948448243e-05
6497 0.0001664173719040451
6502 0.0001423431449207802
6566 7.082295263288685e-05
6568 3.9584588186023764e-05
6586 5.24803957997587e-05
6588 6.576478670658657e-05
6589 5.9343481706634316e-05
6619 5.7716484755306535e-05
6675 5.7716484755306535e-05
6682 6.698096388147314e-05
6700 0.0002199543170027505
6706 7.910237522724487e-05
6712 6.025437603138515e-05
6717 0.00017215710736717137
6725 8.458895984833521e-05
6727 8.612797493712278e-05
6757 0.0001287387249198448
6760 1.9892587507080337e-05
6789 4.7516165565500014e-05
6794 0.00014849761844045535
6833 2.7093186202753706e-05
6978 0.00013687950893562258
6980 0.00011379132113009053
6982 0.0001147195668623605
6983 0.00013263932032595027
7067 3.508605365233e-05
7073 5.516600244482883e-05
7091 9.464928935894339e-05
7136 0.0001664173719040451
7137 0.00016920278300425065
7178 3.714017269315804e-05
7181 0.0001263016457352357
7236 0.00010536844412685977
7237 0.00010536844412685977
7296 0.00018825025618924418
7298 0.0002734912621014559
7310 0.0001347133110905388
7311 0.0001475693727081854
7369 9.372690041743856e-05
7454 0.00014944388948364012
7468 0.00015775871449691997
7482 2.5340342303404983e-05
7483 2.8590308184836374e-05
7503 3.173002815645075e-05
7523 8.935997200289977e-05
7581 0.00015775871449691997
7590 0.0001239806629188251
7620 0.0001027336712532598
7625 0.00019506105515172307
7664 0.0001196461249524729
7677 6.988034244141115e-05
7678 8.260974660633398e-05
7679 8.260974660633398e-05
7701 0.00011425323385392718
7784 7.082295263288685e-05
7808 4.7398314413738584e-05
7866 5.91933076971794e-05
7890 9.233159952796689e-06
7893 5.131853189681648e-05
7904 6.056183085252843e-05
7922 0.00010774605847492284
7938 4.907474504580058e-05
7942 9.134928606937549e-05
7943 7.64676023536449e-05
7989 0.00011862016226846598
8009 2.7093186202753706e-05
8010 3.97855428110104e-05
8031 5.5721352358276173e-05
8032 6.056183085252843e-05
8054 2.9805618738211806e-05
8144 1.8182537399726556e-05
8148 0.0001753021616311125
8166 0.0001376235146469122
8204 5.1064059112276297e-05
8208 0.00020298083458234552
8349 4.919672615455441e-05
8355 0.00016378259903044513
8444 5.815485137703107e-05
8447 4.100899018649567e-05
8513 4.3335009582674306e-05
8571 9.496067334174995e-05
8591 0.00011761535496899039
8600 8.383730339089555e-05
8604 0.00015447220461114937
8633 5.949411993323993e-05
8638 6.491430390704548e-05
8639 3.69498153124238e-05
8640 0.0002734912621014559
8642 9.164022082905678e-05
8661 7.843020694973282e-05
8663 8.001326955199571e-05
8678 4.409901177660094e-05
8722 7.217400943451535e-05
8723 0.00010498321344481378
8813 4.431951634967444e-05
8866 3.8493910507496085e-05
8890 0.00010058340652177312
8891 0.00010058340652177312
8892 0.00010384546306881737
