401
8 0.0001475693727081854
10 0.00016128300357362823
15 6.0101372993599195e-05
17 0.00012016732165868515
42 0.0002875104201589402
52 9.785646144837983e-05
58 3.9886331735258645e-05
82 8.334256383691721e-05
92 0.00010774605847492284
93 0.00010982004923951138
138 5.5304247721948624e-05
141 0.00012571095453322076
158 1.722259642893919e-05
160 3.6009024944890365e-05
161 8.88061998220748e-05
163 4.4209139343250144e-05
185 0.0002875104201589402
225 4.311890533715833e-05
246 0.0001002340757964429
250 0.00016251677649793962
276 4.8109734749355606e-05
277 5.502814824397996e-05
338 0.0001391464957049546
370 0.0001347133110905388
371 9.818910047034337e-05
375 8.334256383691721e-05
401 0.00010939812948263226
404 0.00011913044365880717
405 0.00011913044365880717
412 6.391293797104737e-05
413 7.562007790453742e-05
430 2.1595466130645556e-05
436 6.181142310095298e-05
449 6.628229345501092e-05
459 8.798716495431228e-05
463 2.104404381130732e-05
509 1.4811799641107606e-05
517 0.00021605372159664503
521 6.165346047478709e-05
549 6.786862826996617e-05
580 0.00030726931367955075
607 0.00018825025618924418
609 0.00022883910672981793
645 6.341986704442123e-05
659 0.0001263016457352357
660 0.0001677901789526326
692 0.00015342417653056774
693 0.00019506105515172307
723 6.212889280683989e-05
726 6.4078409870285e-05
765 7.499396958083494e-05
821 0.00011243128604527755
847 0.00016508218077975113
848 0.00022419450561242282
855 9.464928935894339e-05
858 0.00010815385522706535
861 7.316251041712385e-05
872 6.593667904531496e-05
873 0.00020908021320920737
875 0.00022419450561242282
878 0.0001440237055098346
891 5.757123449128065e-05
918 0.0001275049519955334
973 0.0002875104201589402
1041 0.00010734164596720007
1042 0.00021605372159664503
1140 3.8493910507496085e-05
1164 8.408656954820681e-05
1165 8.433711728522342e-05
1216 4.5550455969092306e-05
1234 2.8271279696782107e-05
1254 8.96392359620217e-05
1306 4.5550455969092306e-05
1312 0.00011243128604527755
1365 6.733409171295719e-05
1367 0.0001275049519955334
1374 9.920086195142229e-05
1412 6.804811807694473e-05
1469 6.358367031630664e-05
1569 9.920086195142229e-05
1575 0.00023971321052336105
1638 7.33626397641186e-05
1641 7.583058115843726e-05
1665 0.00013263932032595027
1671 7.64676023536449e-05
1773 0.0001002340757964429
1777 4.871062309639001e-05
1780 0.00016128300357362823
1881 8.408656954820681e-05
1882 9.496067334174995e-05
1922 7.334292682143156e-06
1929 4.2158123180710165e-05
1931 7.754816608258265e-05
1932 0.0001275049519955334
1933 0.0002059351589452662
1959 0.00015447220461114937
1984 0.00010734164596720007
2040 4.7398314413738584e-05
2044 0.00010536844412685977
2076 7.66818067754729e-05
2083 0.00010422176939821458
2085 0.0001147195668623605
2087 0.0001753021616311125
2118 6.715720793434914e-05
2148 8.383730339089555e-05
2149 8.408656954820681e-05
2151 0.00011566583790554528
2196 0.00022883910672981793
2266 0.0001347133110905388
2344 0.0002199543170027505
2350 0.00016007969731333051
2371 8.858094887998e-06
2373 4.532432364915004e-05
2374 8.586807337437805e-05
2391 2.4157123570420575e-05
2448 8.825864993225359e-05
2455 0.00010128967145643295
2493 2.5565430128539482e-05
2557 0.00012230970742046953
2559 7.604199766141655e-05
2563 2.4450245822639586e-05
2564 4.692973938522239e-05
2571 6.593667904531496e-05
2582 7.458098891001271e-05
2586 9.502842032885344e-06
2588 0.00019756065060853997
2618 4.846937791309118e-05
2685 7.754816608258265e-05
2772 0.00011067500849334801
2797 0.00010347204034115494
2811 0.00023397347506023475
2839 0.0001391464957049546
2896 0.00011379132113009053
2897 0.00013332088986277624
2920 0.0001399262151792957
2922 0.00015663840245623315
2929 0.0001251273376474703
2930 0.0001523982138465608
2939 0.00013065000625947455
2945 0.0001196461249524729
2955 4.7516165565500014e-05
2970 0.00017215710736717137
2976 5.461691012835996e-05
3031 8.691610145495967e-05
3035 0.00018418695135817993
3075 0.00016128300357362823
3113 6.165346047478709e-05
3137 0.00011379132113009053
3155 0.00026261715830791277
3168 0.0001275049519955334
3169 0.0001391464957049546
3190 0.0001753021616311125
3228 4.566391685271689e-05
3229 4.669713069773751e-05
3230 4.692973938522239e-05
3343 0.00011614595437539213
3409 8.458895984833521e-05
3419 0.00011712061541501202
3465 5.7716484755306535e-05
3507 9.134928606937549e-05
3576 5.3536945098705395e-05
3586 6.228840662358072e-05
3600 0.0001002340757964429
3605 5.380470086849468e-05
3641 0.0001228603508781383
3657 4.716346370617082e-05
3681 0.0001287387249198448
3731 5.3138049876864844e-05
3732 0.00010654275221462514
3733 0.0001128804268053397
3743 3.233112827567267e-05
3746 1.903006184883404e-05
3832 3.3290954653437934e-05
3835 0.00011811516886331826
3872 9.164022082905678e-05
3884 8.433711728522342e-05
3924 0.00019268344080366
3932 4.895306850942043e-05
3946 0.0002059351589452662
3951 9.920086195142229e-05
3954 0.00010774605847492284
3969 6.0101372993599195e-05
3970 6.663037655997976e-05
4099 0.0001147195668623605
4158 0.00011519040557349246
4220 4.3879500470736716e-05
4314 3.1644758795232604e-05
4315 7.256700694753944e-05
4316 0.0002537323685808453
4329 3.676019862375966e-05
4381 4.3226837668107787e-05
4399 9.282164663063054e-05
4453 3.6854914742017664e-05
4495 3.207260550754382e-05
4533 5.685140711216779e-05
4558 0.0002199543170027505
4569 0.00010422176939821458
4572 0.00013401212737453773
4577 3.9085797470059324e-05
4591 0.0001475693727081854
4652 4.476354154013861e-05
4670 7.541048004377448e-05
4676 1.811794967986411e-05
4683 0.00017695423263882194
4759 5.0810908270240366e-05
4762 0.0001399262151792957
4763 0.00015890538922556517
4768 0.00012176521653240713
4769 0.00012936752625714268
4829 8.383730339089555e-05
4831 0.00013065000625947455
4832 0.0001347133110905388
4833 0.0001431761810607271
4834 1.7286007534181456e-05
4839 3.088397517794058e-05
4846 4.681329625334851e-05
4911 6.341986704442123e-05
4913 6.457822376461287e-05
4914 6.542281037332744e-05
4933 2.564069103539461e-05
4942 6.804811807694473e-05
4972 4.681329625334851e-05
5011 0.00010310145735752775
5012 0.00010774605847492284
5016 8.117636599183342e-05
5024 6.025437603138515e-05
5031 6.913916575845257e-05
5043 0.00010422176939821458
5068 0.00017370426675739054
5171 7.52017798211394e-05
5177 6.196989942762013e-05
5198 0.00010654275221462514
5199 0.00014665847838343454
5222 2.3001954162320978e-05
5228 4.931901336427842e-05
5233 0.0001431761810607271
5279 0.00023397347506023475
5290 0.00013614669170503938
5369 7.562007790453742e-05
5370 0.00011154523568104574
5379 2.541525611908456e-05
5380 3.8298201700263376e-05
5395 3.215862746722012e-05
5411 8.164949036359771e-05
5412 0.00010856509334268535
5427 3.490353872923123e-05
5434 7.159039254876493e-05
5448 9.954283828468142e-05
5462 0.00010654275221462514
5469 1.1433598200043818e-05
5482 0.00013196715204843822
5558 9.68719546813797e-05
5561 0.00016007969731333051
5568 0.0001753021616311125
5600 0.00018227567001855016
5616 0.00013687950893562258
5687 2.724862948448243e-05
5691 8.383730339089555e-05
5775 0.00014576429866269
5797 5.544288630052885e-05
5858 6.663037655997976e-05
5862 6.610917985376751e-05
5888 8.358930576913648e-05
5891 0.00010310145735752775
5892 0.00011712061541501202
5894 1.5848029138067838e-05
5896 1.6219082409210568e-05
5911 7.47870417645905e-05
5984 3.088397517794058e-05
5995 0.00019268344080366
6022 2.0770655001689466e-05
6094 0.00011761535496899039
6114 0.00010536844412685977
6159 7.101368253390731e-05
6160 7.955569410086921e-05
6172 0.00012230970742046953
6193 0.00010694056199521868
6195 9.622649587425546e-05
6302 8.509658347491132e-05
6348 9.590694438493474e-05
6352 0.00011519040557349246
6399 8.212725328354177e-05
6429 5.815485137703107e-05
6452 8.63892700805903e-05
6467 4.669713069773751e-05
6468 4.669713069773751e-05
6490 2.724862948448243e-05
6506 8.88061998220748e-05
6507 6.212889280683989e-05
6512 0.0001431761810607271
6536 7.499396958083494e-05
6540 6.040786096929821e-05
6565 0.00011333374567896404
6566 7.082295263288685e-05
6568 3.9584588186023764e-05
6569 4.981125419104163e-05
6595 7.66818067754729e-05
6596 0.00015890538922556517
6653 0.0001423431449207802
6682 6.698096388147314e-05
6689 7.376538112671329e-05
6693 0.0001128804268053397
6694 0.00018227567001855016
6753 0.00011862016226846598
6760 1.9892587507080337e-05
6762 7.139739654402146e-05
6763 7.27647006365303e-05
6773 0.00013542473142615584
6774 0.00016378259903044513
6815 7.178415593526694e-05
6816 0.00021244233432427055
6823 0.00012176521653240713
6885 5.131853189681648e-05
6893 9.252359415714085e-05
6894 9.252359415714085e-05
6934 0.00010200632301179658
6960 3.259102983841739e-05
6967 0.00010536844412685977
6992 4.787143878550288e-05
6995 7.843020694973282e-05
7067 3.508605365233e-05
7073 5.516600244482883e-05
7124 6.859058854884968e-05
7165 6.628229345501092e-05
7192 0.00019756065060853997
7251 7.689695691525318e-05
7353 0.00022883910672981793
7354 0.00023971321052336105
7373 7.27647006365303e-05
7376 0.00013263932032595027
7377 0.00019756065060853997
7392 5.274239335290522e-05
7406 6.698096388147314e-05
7408 8.691610145495967e-05
7469 7.887728740211037e-05
7482 2.5340342303404983e-05
7483 2.8590308184836374e-05
7494 0.00010694056199521868
7503 3.173002815645075e-05
7523 8.935997200289977e-05
7524 0.00030726931367955075
7664 0.0001196461249524729
7665 0.00010422176939821458
7677 6.988034244141115e-05
7678 8.260974660633398e-05
7679 8.260974660633398e-05
7715 0.00014071861357331354
7724 9.920086195142229e-05
7808 4.7398314413738584e-05
7818 2.996997446737178e-05
7836 6.424444555902466e-05
7841 0.0001300045474523503
7858 4.509923582401553e-05
7862 9.077257605451787e-05
7863 7.64676023536449e-05
7876 0.0002734912621014559
7890 9.233159952796689e-06
7891 6.932340577943291e-05
7892 0.0001002340757964429
7893 5.131853189681648e-05
7894 6.374802604546662e-05
7896 0.0002199543170027505
7902 7.376538112671329e-05
7903 8.141235399539764e-05
8016 3.6571316885345003e-05
8042 6.663037655997976e-05
8054 2.9805618738211806e-05
8061 7.865323446718271e-05
8094 0.00021244233432427055
8134 0.00012176521653240713
8144 1.8182537399726556e-05
8149 0.00011811516886331826
8186 9.252359415714085e-05
8204 5.1064059112276297e-05
8234 4.8109734749355606e-05
8349 4.919672615455441e-05
8391 0.00023397347506023475
8392 0.0002537323685808453
8447 4.100899018649567e-05
8457 0.00016378259903044513
8513 4.3335009582674306e-05
8519 0.00014488623116808087
8520 5.874554257904601e-05
8521 6.610917985376751e-05
8539 7.955569410086921e-05
8639 3.69498153124238e-05
8652 0.00010982004923951138
8659 0.00012936752625714268
8666 0.0001128804268053397
8670 0.00010654275221462514
8687 0.00013837905578907654
8693 8.484211069037113e-05
8694 8.88061998220748e-05
8738 8.853165584237468e-05
8813 4.431951634967444e-05
8834 0.0001391464957049546
8836 0.00016508218077975113
8837 0.00018617626542465564
8863 0.0001664173719040451
8871 7.025520142447097e-05
8872 0.00010422176939821458
