355
58 3.9886331735258645e-05
68 3.241760820520544e-05
132 8.334256383691721e-05
138 5.5304247721948624e-05
139 0.00010897983139923425
151 0.00011712061541501202
158 1.722259642893919e-05
163 4.4209139343250144e-05
164 0.0001804365299615294
171 0.00015139340654708521
245 0.00013196715204843822
266 0.00030726931367955075
278 5.558192042480493e-05
283 0.00014488623116808087
290 5.516600244482883e-05
386 0.00012122674224136485
423 8.63892700805903e-05
436 6.181142310095298e-05
443 5.859719717528758e-05
449 6.628229345501092e-05
463 2.104404381130732e-05
467 0.0002734912621014559
473 4.858985121920245e-05
474 0.00014488623116808087
480 6.877276232176413e-05
494 0.00010815385522706535
509 1.4811799641107606e-05
511 4.409901177660094e-05
523 0.0001347133110905388
569 0.0001415241100530177
575 8.825864993225359e-05
621 0.00011110817958998604
624 0.0001300045474523503
626 0.00013263932032595027
682 0.0001228603508781383
855 9.464928935894339e-05
960 0.00012069415303305452
961 0.0001251273376474703
1080 0.0002875104201589402
1102 8.285279662389543e-05
1103 9.527405980765772e-05
1126 4.895306850942043e-05
1130 8.665197383001834e-05
1132 0.0001786642827461757
1140 3.8493910507496085e-05
1156 0.0002734912621014559
1157 0.00013614669170503938
1158 0.00022419450561242282
1176 0.0002059351589452662
1194 0.0001027336712532598
1223 0.00014849761844045535
1232 0.0002462203859023654
1234 2.8271279696782107e-05
1254 8.96392359620217e-05
1306 4.5550455969092306e-05
1310 8.285279662389543e-05
1334 9.886126874785542e-05
1365 6.733409171295719e-05
1389 0.00017370426675739054
1391 6.491430390704548e-05
1412 6.804811807694473e-05
1517 9.106007793564448e-05
1569 9.920086195142229e-05
1628 0.00016378259903044513
1649 8.744869066327002e-05
1671 7.64676023536449e-05
1742 0.00015775871449691997
1750 0.0001245506276326127
1901 0.00011243128604527755
1922 7.334292682143156e-06
1929 4.2158123180710165e-05
1931 7.754816608258265e-05
1932 0.0001275049519955334
1934 0.00021605372159664503
2026 8.535239208071232e-05
2040 4.7398314413738584e-05
2083 0.00010422176939821458
2085 0.0001147195668623605
2118 6.715720793434914e-05
2321 8.691610145495967e-05
2341 8.744869066327002e-05
2343 0.0001263016457352357
2371 8.858094887998e-06
2373 4.532432364915004e-05
2374 8.586807337437805e-05
2384 3.364472337590274e-05
2391 2.4157123570420575e-05
2402 8.825864993225359e-05
2439 5.502814824397996e-05
2493 2.5565430128539482e-05
2506 0.00014488623116808087
2563 2.4450245822639586e-05
2586 9.502842032885344e-06
2638 0.00012176521653240713
2639 0.0001504088997800851
2667 8.358930576913648e-05
2673 0.00014849761844045535
2739 7.583058115843726e-05
2762 0.00010200632301179658
2765 0.00012936752625714268
2903 8.718166847460814e-05
2904 0.00015139340654708521
2934 0.00021244233432427055
2935 0.0002734912621014559
2945 0.0001196461249524729
2947 0.00022883910672981793
2957 0.0001523982138465608
3050 5.1064059112276297e-05
3051 7.910237522724487e-05
3076 9.818910047034337e-05
3079 0.00011862016226846598
3080 0.00019756065060853997
3149 7.541048004377448e-05
3150 7.604199766141655e-05
3228 4.566391685271689e-05
3229 4.669713069773751e-05
3230 4.692973938522239e-05
3235 0.0001287387249198448
3269 0.00010310145735752775
3409 8.458895984833521e-05
3465 5.7716484755306535e-05
3564 0.00010774605847492284
3566 0.0002199543170027505
3576 5.3536945098705395e-05
3630 0.00026261715830791277
3654 6.663037655997976e-05
3664 0.0001431761810607271
3727 6.424444555902466e-05
3731 5.3138049876864844e-05
3732 0.00010654275221462514
3733 0.0001128804268053397
3743 3.233112827567267e-05
3746 1.903006184883404e-05
3747 0.00023397347506023475
3800 0.00015775871449691997
3969 6.0101372993599195e-05
3970 6.663037655997976e-05
4010 0.00014071861357331354
4046 9.312153328472917e-05
4047 0.00016508218077975113
4068 0.00019756065060853997
4069 0.00020908021320920737
4105 9.988723143186235e-05
4136 0.00013196715204843822
4220 4.3879500470736716e-05
4290 5.656642719180506e-05
4291 7.843020694973282e-05
4308 7.955569410086921e-05
4309 0.00022883910672981793
4310 0.00030726931367955075
4314 3.1644758795232604e-05
4321 0.00010200632301179658
4345 5.131853189681648e-05
4348 8.212725328354177e-05
4363 7.025520142447097e-05
4366 0.00016007969731333051
4381 4.3226837668107787e-05
4382 6.14960082295629e-05
4383 0.00016920278300425065
4386 0.00016007969731333051
4390 8.825864993225359e-05
4398 6.325661252824365e-05
4453 3.6854914742017664e-05
4456 0.00020908021320920737
4461 9.19329029551259e-05
4467 5.5861184383926875e-05
4502 6.424444555902466e-05
4503 7.798719092134497e-05
4566 9.68719546813797e-05
4567 6.341986704442123e-05
4569 0.00010422176939821458
4572 0.00013401212737453773
4591 0.0001475693727081854
4628 0.00011566583790554528
4633 0.00021244233432427055
4652 4.476354154013861e-05
4659 6.610917985376751e-05
4667 0.00021605372159664503
4676 1.811794967986411e-05
4691 0.00019041645403432799
4692 0.00019268344080366
4759 5.0810908270240366e-05
4762 0.0001399262151792957
4797 9.988723143186235e-05
4810 0.00010856509334268535
4821 8.691610145495967e-05
4831 0.00013065000625947455
4832 0.0001347133110905388
4833 0.0001431761810607271
4878 6.969398876306011e-05
4888 0.00019756065060853997
4933 2.564069103539461e-05
4948 0.00011110817958998604
4950 0.00011425323385392718
4972 4.681329625334851e-05
4977 0.00013401212737453773
5016 8.117636599183342e-05
5024 6.025437603138515e-05
5031 6.913916575845257e-05
5043 0.00010422176939821458
5161 5.502814824397996e-05
5162 5.6001418804450566e-05
5177 6.196989942762013e-05
5217 7.159039254876493e-05
5222 2.3001954162320978e-05
5254 5.9796800580258657e-05
5316 0.00016378259903044513
5319 0.0001664173719040451
5328 0.00026261715830791277
5379 2.541525611908456e-05
5380 3.8298201700263376e-05
5395 3.215862746722012e-05
5408 0.00010774605847492284
5469 1.1433598200043818e-05
5481 6.576478670658657e-05
5482 0.00013196715204843822
5509 8.935997200289977e-05
5550 4.944160821510571e-05
5554 0.0001440237055098346
5555 0.0001440237055098346
5569 9.527405980765772e-05
5616 0.00013687950893562258
5636 0.00010310145735752775
5644 7.711306116076915e-05
5648 0.00016378259903044513
5702 3.9886331735258645e-05
5721 0.0002875104201589402
5775 0.00014576429866269
5786 0.00017695423263882194
5797 5.544288630052885e-05
5806 7.910237522724487e-05
5810 5.261121850249547e-05
5811 0.00010310145735752775
5831 0.00013401212737453773
5832 0.00013542473142615584
5854 7.178415593526694e-05
5858 6.663037655997976e-05
5894 1.5848029138067838e-05
5896 1.6219082409210568e-05
5911 7.47870417645905e-05
5984 3.088397517794058e-05
6022 2.0770655001689466e-05
6040 0.00014488623116808087
6041 0.0001475693727081854
6042 0.00019756065060853997
6106 7.217400943451535e-05
6153 0.0001440237055098346
6193 0.00010694056199521868
6195 9.622649587425546e-05
6197 5.5304247721948624e-05
6198 0.00023397347506023475
6208 0.0001228603508781383
6218 9.464928935894339e-05
6220 0.00023397347506023475
6222 0.00010347204034115494
6242 3.105201474962982e-05
6262 0.0001128804268053397
6264 4.7398314413738584e-05
6284 0.00016920278300425065
6327 0.00010384546306881737
6345 0.0001251273376474703
6408 4.3989132524856074e-05
6413 9.590694438493474e-05
6429 5.815485137703107e-05
6465 0.00015663840245623315
6475 8.691610145495967e-05
6476 0.00010774605847492284
6490 2.724862948448243e-05
6507 6.212889280683989e-05
6578 6.025437603138515e-05
6611 0.00013614669170503938
6638 9.282164663063054e-05
6647 0.0001523982138465608
6706 7.910237522724487e-05
6753 0.00011862016226846598
6755 0.00015890538922556517
6760 1.9892587507080337e-05
6885 5.131853189681648e-05
6898 0.0001263016457352357
6960 3.259102983841739e-05
6961 0.0001423431449207802
6962 0.00010460100421098168
6992 4.787143878550288e-05
6995 7.843020694973282e-05
7067 3.508605365233e-05
7073 5.516600244482883e-05
7124 6.859058854884968e-05
7134 0.0002059351589452662
7136 0.0001664173719040451
7137 0.00016920278300425065
7174 7.256700694753944e-05
7178 3.714017269315804e-05
7185 0.0002875104201589402
7321 3.8200641252257444e-05
7339 0.0001504088997800851
7344 8.96392359620217e-05
7346 8.070779096331723e-05
7406 6.698096388147314e-05
7410 0.0001786642827461757
7414 0.00010460100421098168
7443 0.00014576429866269
7450 0.00012936752625714268
7451 0.0001300045474523503
7482 2.5340342303404983e-05
7483 2.8590308184836374e-05
7502 9.68719546813797e-05
7756 0.00019506105515172307
7760 0.00017695423263882194
7877 8.853165584237468e-05
7890 9.233159952796689e-06
7891 6.932340577943291e-05
7892 0.0001002340757964429
7904 6.056183085252843e-05
7981 6.950834500520415e-05
7987 7.843020694973282e-05
8000 0.00016378259903044513
8003 0.00030726931367955075
8008 0.0002537323685808453
8042 6.663037655997976e-05
8054 2.9805618738211806e-05
8061 7.865323446718271e-05
8088 8.509658347491132e-05
8089 0.00019268344080366
8095 0.00015342417653056774
8099 0.00015447220461114937
8109 8.285279662389543e-05
8122 0.00014576429866269
8144 1.8182537399726556e-05
8166 0.0001376235146469122
8204 5.1064059112276297e-05
8210 0.00020298083458234552
8211 0.00023971321052336105
8412 0.00017370426675739054
8413 0.00017695423263882194
8444 5.815485137703107e-05
8513 4.3335009582674306e-05
8520 5.874554257904601e-05
8521 6.610917985376751e-05
8571 9.496067334174995e-05
8574 0.0002734912621014559
8590 0.00013614669170503938
8600 8.383730339089555e-05
8678 4.409901177660094e-05
8693 8.484211069037113e-05
8694 8.88061998220748e-05
8722 7.217400943451535e-05
8761 0.00017370426675739054
8763 6.542281037332744e-05
8781 8.63892700805903e-05
8782 0.00019268344080366
8799 0.00012069415303305452
8822 0.00016378259903044513
8834 0.0001391464957049546
8836 0.00016508218077975113
8837 0.00018617626542465564
