82
17 0.00012016732165868515
46 0.00016920278300425065
94 0.00016128300357362823
160 3.6009024944890365e-05
328 5.502814824397996e-05
430 2.1595466130645556e-05
459 8.798716495431228e-05
535 8.236790279729728e-05
537 0.00017215710736717137
645 6.341986704442123e-05
651 0.00012571095453322076
652 0.0001664173719040451
855 9.464928935894339e-05
861 7.316251041712385e-05
1194 0.0001027336712532598
1391 6.491430390704548e-05
1749 0.00020019542348213994
1881 8.408656954820681e-05
1882 9.496067334174995e-05
1888 6.071628875522179e-05
1956 0.0001128804268053397
1970 0.00012122674224136485
1973 0.0001275049519955334
2083 0.00010422176939821458
2085 0.0001147195668623605
2162 0.0001263016457352357
2238 0.00011913044365880717
2239 0.0001251273376474703
2371 8.858094887998e-06
2417 8.63892700805903e-05
2493 2.5565430128539482e-05
2496 0.00026261715830791277
2675 0.00010694056199521868
2685 7.754816608258265e-05
2982 7.197869283035229e-05
3264 0.00018617626542465564
3719 2.489326185102742e-05
3746 1.903006184883404e-05
3932 4.895306850942043e-05
3943 7.689695691525318e-05
4220 4.3879500470736716e-05
4281 0.00014576429866269
4676 1.811794967986411e-05
4699 3.676019862375966e-05
4712 8.484211069037113e-05
4718 0.0001147195668623605
4933 2.564069103539461e-05
4972 4.681329625334851e-05
4974 0.00013263932032595027
5329 0.00014849761844045535
5469 1.1433598200043818e-05
5720 0.00020908021320920737
6254 8.141235399539764e-05
6348 9.590694438493474e-05
6452 8.63892700805903e-05
6687 6.196989942762013e-05
6725 8.458895984833521e-05
6727 8.612797493712278e-05
6728 9.527405980765772e-05
6762 7.139739654402146e-05
6763 7.27647006365303e-05
6783 0.00021605372159664503
6789 4.7516165565500014e-05
6805 0.0001664173719040451
6833 2.7093186202753706e-05
6848 0.00012122674224136485
6874 0.00020298083458234552
6885 5.131853189681648e-05
7174 7.256700694753944e-05
7627 7.887728740211037e-05
7634 0.0001391464957049546
7836 6.424444555902466e-05
7839 0.00010614816360120087
7890 9.233159952796689e-06
7891 6.932340577943291e-05
7892 0.0001002340757964429
7893 5.131853189681648e-05
8047 9.312153328472917e-05
8053 0.00016007969731333051
8305 0.00016251677649793962
8306 0.00019268344080366
8447 4.100899018649567e-05
