111
58 3.9886331735258645e-05
151 0.00011712061541501202
158 1.722259642893919e-05
290 5.516600244482883e-05
423 8.63892700805903e-05
449 6.628229345501092e-05
473 4.858985121920245e-05
509 1.4811799641107606e-05
511 4.409901177660094e-05
861 7.316251041712385e-05
1011 8.56095506062492e-05
1102 8.285279662389543e-05
1103 9.527405980765772e-05
1126 4.895306850942043e-05
1130 8.665197383001834e-05
1132 0.0001786642827461757
1140 3.8493910507496085e-05
1157 0.00013614669170503938
1365 6.733409171295719e-05
1750 0.0001245506276326127
1910 0.0002734912621014559
1922 7.334292682143156e-06
2371 8.858094887998e-06
2391 2.4157123570420575e-05
2506 0.00014488623116808087
2557 0.00012230970742046953
2586 9.502842032885344e-06
2796 0.00022883910672981793
2920 0.0001399262151792957
2921 0.00023971321052336105
3228 4.566391685271689e-05
3229 4.669713069773751e-05
3230 4.692973938522239e-05
3235 0.0001287387249198448
3478 7.865323446718271e-05
3746 1.903006184883404e-05
3800 0.00015775871449691997
3832 3.3290954653437934e-05
3969 6.0101372993599195e-05
3970 6.663037655997976e-05
4068 0.00019756065060853997
4069 0.00020908021320920737
4220 4.3879500470736716e-05
4290 5.656642719180506e-05
4291 7.843020694973282e-05
4314 3.1644758795232604e-05
4321 0.00010200632301179658
4453 3.6854914742017664e-05
4567 6.341986704442123e-05
4569 0.00010422176939821458
4572 0.00013401212737453773
4577 3.9085797470059324e-05
4586 0.00016920278300425065
4676 1.811794967986411e-05
4691 0.00019041645403432799
4692 0.00019268344080366
4821 8.691610145495967e-05
4972 4.681329625334851e-05
4977 0.00013401212737453773
5016 8.117636599183342e-05
5068 0.00017370426675739054
5069 0.0002199543170027505
5171 7.52017798211394e-05
5172 0.00030726931367955075
5177 6.196989942762013e-05
5254 5.9796800580258657e-05
5469 1.1433598200043818e-05
5482 0.00013196715204843822
5509 8.935997200289977e-05
5550 4.944160821510571e-05
5569 9.527405980765772e-05
5786 0.00017695423263882194
5797 5.544288630052885e-05
5806 7.910237522724487e-05
5810 5.261121850249547e-05
5811 0.00010310145735752775
5894 1.5848029138067838e-05
5896 1.6219082409210568e-05
6022 2.0770655001689466e-05
6033 0.00011519040557349246
6172 0.00012230970742046953
6262 0.0001128804268053397
6467 4.669713069773751e-05
6468 4.669713069773751e-05
6611 0.00013614669170503938
6619 5.7716484755306535e-05
6712 6.025437603138515e-05
6833 2.7093186202753706e-05
6960 3.259102983841739e-05
6962 0.00010460100421098168
7047 0.0002462203859023654
7048 0.0002734912621014559
7174 7.256700694753944e-05
7321 3.8200641252257444e-05
7344 8.96392359620217e-05
7443 0.00014576429866269
7482 2.5340342303404983e-05
7483 2.8590308184836374e-05
8009 2.7093186202753706e-05
8010 3.97855428110104e-05
8031 5.5721352358276173e-05
8032 6.056183085252843e-05
8210 0.00020298083458234552
8211 0.00023971321052336105
8234 4.8109734749355606e-05
8513 4.3335009582674306e-05
8520 5.874554257904601e-05
8521 6.610917985376751e-05
8689 0.0001523982138465608
8763 6.542281037332744e-05
8764 0.0001287387249198448
