90
68 3.241760820520544e-05
82 8.334256383691721e-05
145 5.786216925096193e-05
146 0.000101646679848061
158 1.722259642893919e-05
160 3.6009024944890365e-05
342 0.0001804365299615294
375 8.334256383691721e-05
430 2.1595466130645556e-05
443 5.859719717528758e-05
559 0.00015554326811050196
751 0.00011614595437539213
872 6.593667904531496e-05
1002 0.00018617626542465564
1216 4.5550455969092306e-05
1220 0.0001251273376474703
1306 4.5550455969092306e-05
1310 8.285279662389543e-05
1440 0.00010815385522706535
1442 0.00023397347506023475
1469 6.358367031630664e-05
1500 0.00010310145735752775
1511 9.312153328472917e-05
1512 0.0001275049519955334
1642 0.0001786642827461757
1922 7.334292682143156e-06
1953 0.0001281179340087181
1957 8.88061998220748e-05
2162 0.0001263016457352357
2371 8.858094887998e-06
2571 6.593667904531496e-05
2582 7.458098891001271e-05
2586 9.502842032885344e-06
3067 0.00010093525951244397
3147 0.00012936752625714268
3212 7.356359438910525e-05
3478 7.865323446718271e-05
3576 5.3536945098705395e-05
3743 3.233112827567267e-05
3891 8.334256383691721e-05
4495 3.207260550754382e-05
4676 1.811794967986411e-05
4834 1.7286007534181456e-05
4853 8.535239208071232e-05
4911 6.341986704442123e-05
4913 6.457822376461287e-05
4914 6.542281037332744e-05
5171 7.52017798211394e-05
5395 3.215862746722012e-05
5443 0.00011712061541501202
5447 0.00016251677649793962
5469 1.1433598200043818e-05
5636 0.00010310145735752775
5687 2.724862948448243e-05
5699 8.260974660633398e-05
5700 0.00010575674440844711
5701 0.00010575674440844711
5894 1.5848029138067838e-05
5896 1.6219082409210568e-05
6377 0.00010694056199521868
6387 9.558947467904783e-05
6506 8.88061998220748e-05
6760 1.9892587507080337e-05
6960 3.259102983841739e-05
6962 0.00010460100421098168
6992 4.787143878550288e-05
6995 7.843020694973282e-05
7067 3.508605365233e-05
7073 5.516600244482883e-05
7132 0.00022419450561242282
7784 7.082295263288685e-05
7818 2.996997446737178e-05
7890 9.233159952796689e-06
7894 6.374802604546662e-05
7902 7.376538112671329e-05
7903 8.141235399539764e-05
7981 6.950834500520415e-05
7987 7.843020694973282e-05
8009 2.7093186202753706e-05
8010 3.97855428110104e-05
8042 6.663037655997976e-05
8061 7.865323446718271e-05
8234 4.8109734749355606e-05
8447 4.100899018649567e-05
8594 0.00020019542348213994
8695 4.476354154013861e-05
8696 4.787143878550288e-05
8871 7.025520142447097e-05
8872 0.00010422176939821458
8906 0.00020019542348213994
