308
17 0.003915653274669843
74 0.0022181705968470035
79 0.002139273125128265
82 0.013578591022204864
91 0.002552031887915813
94 0.002627704072848583
128 0.003520056246561792
130 0.0019326195358986633
152 0.0024042746792967973
163 0.0014405552096052843
243 0.0010279577046736282
246 0.0016330641380217534
256 0.0031780331325633564
277 0.0044827317838240345
334 0.0015074410806735635
338 0.0022670449172258783
342 0.002939762989062431
375 0.002715718204440973
396 0.003583606715042984
405 0.0058227998933489365
423 0.0014074975776201476
443 0.0009546951027900602
446 0.004916266831382314
456 0.005336857486505766
459 0.0014335312871532559
490 0.0024829485956134366
506 0.0046842648344725315
513 0.0031392958399309285
521 0.009040403579089073
522 0.001810230523776884
559 0.0025341894065828035
573 0.0023748655021606827
668 0.0014074975776201476
689 0.0032616848520527074
707 0.0015471472044271948
726 0.002087995571349104
751 0.0018923084924926776
757 0.003524194361183204
858 0.001762097180591602
861 0.007152003212110505
872 0.004297094578806925
900 0.0032616848520527074
1002 0.0030332776553282106
1004 0.003520056246561792
1126 0.003000866746808226
1127 0.0028561112695730797
1145 0.002450537687093452
1164 0.0027481257376450133
1185 0.003812013911767481
1219 0.004077275441002762
1286 0.004933155536188751
1309 0.00809927740598343
1358 0.005513474230836863
1390 0.0010576165930888286
1430 0.002733722257451301
1439 0.001762097180591602
1441 0.007624027823534962
1460 0.0023605595834916577
1468 0.007251560674611469
1499 0.01679780965210763
1511 0.006232125039401426
1539 0.0026080992001031107
1568 0.004848691490188713
1575 0.0022422317413771146
1622 0.0027113557923379343
1640 0.0012354700900987074
1641 0.005821777286412862
1648 0.0014247581923054157
1705 0.0005510544658916022
1796 0.010750820145128952
1847 0.0010603686131936128
1881 0.0015471472044271948
1940 0.0013073705006918547
1952 0.002087362025385184
1956 0.0014468754164795805
1958 0.00251673909962443
1960 0.0024829485956134366
1983 0.003497728515026278
1984 0.0030942944088543896
2003 0.0011758953785747728
2053 0.00251673909962443
2075 0.0024986773747093767
2080 0.0032187578029676564
2086 0.0028561112695730797
2099 0.003583606715042984
2161 0.0020577701403883372
2246 0.0031780331325633564
2252 0.002499664097331663
2292 0.0030332776553282106
2320 0.0014160809801948824
2373 0.0013990059779021157
2499 0.00251673909962443
2556 0.001992731467150319
2598 0.004021553442623468
2619 0.0016858186901652153
2638 0.004901075374186904
2672 0.002419398127132245
2690 0.005513474230836863
2715 0.0024829485956134366
2743 0.0012252253414369182
2771 0.0018031730817051506
2785 0.004559497000650396
2829 0.0013498795676639048
2874 0.003307066175133205
2896 0.004344262414833864
2903 0.0024665777680943756
2908 0.0030670681593392033
2921 0.002552031887915813
2954 0.003870786723215138
2962 0.0013864364751890487
3144 0.01118508657683439
3146 0.0021077210128037575
3149 0.0024778291888795036
3213 0.0013036165598672498
3225 0.002660549389836866
3229 0.0015292059868413233
3342 0.003784616984985355
3418 0.0019081881619352598
3434 0.0034612177029212047
3450 0.003000866746808226
3464 0.0009403460916623251
3477 0.0012814581820320516
3489 0.0020292416699485274
3506 0.0014883086607866075
3512 0.001973407811911274
3544 0.0019784408240824006
3585 0.0010148341495966203
3599 0.0016330641380217534
3604 0.0008766133348080889
3630 0.0032616848520527074
3656 0.0007684109479879239
3680 0.0020974762641419683
3733 0.0018391048696328838
3767 0.0027804390846403104
3796 0.002279748500325198
3805 0.003812013911767481
3819 0.002093405845784379
3835 0.0038487838570745603
3884 0.0013740628688225067
3901 0.0016919026816623408
3926 0.001810230523776884
3970 0.005427878573149357
4109 0.0028048704586037133
4148 0.0026080992001031107
4202 0.004133935774757757
4221 0.0014298139239312818
4244 0.0023894339293476573
4250 0.002206408055703658
4251 0.001403240425300984
4316 0.0011822982923518674
4329 0.0018844861927133812
4349 0.0013380586494751814
4399 0.001030608648723414
4403 0.0011324650286771102
4461 0.0019326195358986633
4468 0.000910118601882187
4493 0.0011354896304504418
4592 0.0024042746792967973
4659 0.0013578591022204865
4660 0.0010770841149118392
4801 0.0034612177029212047
4802 0.002194817236634153
4834 0.0023326985843020107
4854 0.001390604238068205
4886 0.0016737888084260536
4915 0.0031977043110443916
4973 0.0015254116863248333
4975 0.0021610267326231604
5004 0.0029697271868470185
5092 0.008557382503985808
5136 0.0046842648344725315
5167 0.004389634473268306
5168 0.014610760029381442
5171 0.0018391048696328838
5172 0.012252253414369182
5177 0.002194817236634153
5178 0.0010096448696507324
5371 0.003634702524275977
5381 0.0018719208787170778
5429 0.003355199518318487
5431 0.0010494173084601808
5435 0.001166386797796331
5448 0.0052956106477134845
5552 0.0036526900073453605
5618 0.0046842648344725315
5637 0.0016797809652107627
5676 0.004011546762635979
5702 0.006892168966494192
5727 0.0022181705968470035
5730 0.001483596735946003
5807 0.00128877580991811
5811 0.000857168517905374
5812 0.0016797809652107627
5829 0.0029697271868470185
5855 0.001169543688656488
5897 0.0010569978971179859
5899 0.004455857637748035
5903 0.004011546762635979
5913 0.0017104394848632182
5939 0.0009644072361924366
5942 0.0026478053238567422
5954 0.0027113557923379343
5976 0.003408424678348332
5992 0.0027113557923379343
6014 0.002627704072848583
6033 0.0056097409172074265
6086 0.0019326195358986633
6122 0.0024829485956134366
6131 0.0031780331325633564
6293 0.0014424024074355451
6349 0.009375385978338629
6378 0.01219630716546567
6388 0.004672175859266952
6414 0.001562564329723105
6430 0.0028424645455508274
6459 0.0025341894065828035
6481 0.0023605595834916577
6503 0.002319126339184631
6507 0.002893750832959161
6508 0.001012235270008331
6518 0.0022670449172258783
6529 0.011645599786697873
6596 0.0024986773747093767
6626 0.0019243919285372802
6663 0.003520056246561792
6685 0.002038637720501381
6735 0.004278691251992904
6761 0.0058338013117656285
6764 0.0035565576530498613
6824 0.005951581040604089
6834 0.0017656634401385083
6849 0.0019750872520201894
6871 0.0036526900073453605
6895 0.0015074410806735635
6921 0.0015320237565917471
6930 0.005771808253472008
6935 0.0016619384838777531
6948 0.004455857637748035
6963 0.003408424678348332
6968 0.0017167158575111046
6973 0.000999366965538025
6990 0.002570284576958959
6993 0.0007799456352036594
6996 0.003833473515554034
7000 0.0010279577046736282
7009 0.003355199518318487
7047 0.0046842648344725315
7074 0.006291546428735287
7130 0.004011546762635979
7133 0.007305380014690721
7252 0.001252844021990377
7354 0.007456724384556261
7370 0.0015270459534190354
7376 0.0031392958399309285
7377 0.0021610267326231604
7411 0.002910888643206431
7452 0.0021180996835381094
7472 0.0031780331325633564
7484 0.00046580772677013116
7512 0.002910888643206431
7555 0.001345919674141953
7675 0.0030670681593392033
7793 0.001656078995988884
7840 0.0017294194406104243
7893 0.0016330641380217534
7902 0.006204721895261173
7904 0.006632055747778645
7961 0.004865406443106475
7988 0.007666947031108068
8011 0.002592824552334367
8033 0.000986703905955637
8043 0.002171151429259743
8055 0.0014568245385463085
8062 0.0012814581820320516
8085 0.0018464905694532496
8117 0.00251673909962443
8163 0.004344262414833864
8171 0.0018614713347462504
8187 0.004522323242020691
8213 0.0031392958399309285
8235 0.007054452659554505
8237 0.004278691251992904
8350 0.0008015378857210034
8361 0.0036526900073453605
8381 0.004455857637748035
8445 0.0028424645455508274
8448 0.0013362783200806193
8516 0.003812013911767481
8520 0.0023605595834916577
8527 0.001782369524587237
8537 0.0023748655021606827
8572 0.004641441613281584
8595 0.0032616848520527074
8639 0.0010576165930888286
8660 0.0021077210128037575
8679 0.0007184833509196847
8695 0.004340626249438742
8697 0.0015598912704073188
8698 0.0022422317413771146
8747 0.0019243919285372802
8758 0.003199492736349909
8825 0.0019081881619352598
8828 0.0023057822098583062
8839 0.003812013911767481
8867 0.0006271622128753292
8872 0.004578532761205743
8873 0.005094100962761727
8907 0.02609347881642166
