475
15 6.0101372993599195e-05
17 0.00012016732165868515
58 3.9886331735258645e-05
68 3.241760820520544e-05
72 0.00013837905578907654
74 0.00013614669170503938
82 8.334256383691721e-05
91 0.00015663840245623315
94 0.00016128300357362823
128 0.00021605372159664503
130 0.00011862016226846598
145 5.786216925096193e-05
146 0.000101646679848061
152 0.0001475693727081854
158 1.722259642893919e-05
160 3.6009024944890365e-05
163 4.4209139343250144e-05
243 6.309390310328486e-05
246 0.0001002340757964429
255 0.00016508218077975113
256 0.00019506105515172307
276 4.8109734749355606e-05
277 5.502814824397996e-05
278 5.558192042480493e-05
283 0.00014488623116808087
330 6.358367031630664e-05
334 9.252359415714085e-05
338 0.0001391464957049546
342 0.0001804365299615294
344 9.164022082905678e-05
375 8.334256383691721e-05
394 0.00018227567001855016
401 0.00010939812948263226
404 0.00011913044365880717
405 0.00011913044365880717
412 6.391293797104737e-05
413 7.562007790453742e-05
423 8.63892700805903e-05
430 2.1595466130645556e-05
443 5.859719717528758e-05
446 0.00010058340652177312
456 0.00016378259903044513
458 0.00011198624708459517
473 4.858985121920245e-05
490 0.0001523982138465608
506 0.0002875104201589402
509 1.4811799641107606e-05
513 0.00019268344080366
521 6.165346047478709e-05
522 0.00011110817958998604
527 0.0001431761810607271
559 0.00015554326811050196
573 0.00014576429866269
706 6.525271795805037e-05
707 9.496067334174995e-05
723 6.212889280683989e-05
726 6.4078409870285e-05
751 0.00011614595437539213
753 9.752607762356147e-05
757 0.00010815385522706535
765 7.499396958083494e-05
855 9.464928935894339e-05
858 0.00010815385522706535
861 7.316251041712385e-05
872 6.593667904531496e-05
891 5.757123449128065e-05
900 0.00020019542348213994
913 0.00015139340654708521
1002 0.00018617626542465564
1004 0.00021605372159664503
1126 4.895306850942043e-05
1127 0.00018418695135817993
1128 0.0001753021616311125
1140 3.8493910507496085e-05
1145 9.920086195142229e-05
1146 0.0001504088997800851
1164 8.408656954820681e-05
1165 8.433711728522342e-05
1216 4.5550455969092306e-05
1220 0.0001251273376474703
1287 0.00015139340654708521
1306 4.5550455969092306e-05
1310 8.285279662389543e-05
1356 0.00014488623116808087
1359 0.00016920278300425065
1391 6.491430390704548e-05
1440 0.00010815385522706535
1442 0.00023397347506023475
1461 0.00014488623116808087
1469 6.358367031630664e-05
1500 0.00010310145735752775
1511 9.312153328472917e-05
1512 0.0001275049519955334
1569 9.920086195142229e-05
1573 0.0001347133110905388
1576 0.0001376235146469122
1623 0.0001664173719040451
1638 7.33626397641186e-05
1641 7.583058115843726e-05
1642 0.0001786642827461757
1649 8.744869066327002e-05
1797 0.0002199543170027505
1848 6.508321716976057e-05
1901 0.00011243128604527755
1922 7.334292682143156e-06
1953 0.0001281179340087181
1957 8.88061998220748e-05
1959 0.00015447220461114937
1961 0.0001523982138465608
1984 0.00010734164596720007
1985 9.496067334174995e-05
2044 0.00010536844412685977
2054 0.00015447220461114937
2076 7.66818067754729e-05
2081 0.00019756065060853997
2087 0.0001753021616311125
2247 0.00019506105515172307
2253 0.00015342417653056774
2321 8.691610145495967e-05
2371 8.858094887998e-06
2373 4.532432364915004e-05
2374 8.586807337437805e-05
2384 3.364472337590274e-05
2391 2.4157123570420575e-05
2402 8.825864993225359e-05
2455 0.00010128967145643295
2493 2.5565430128539482e-05
2500 0.00015447220461114937
2550 5.3403616896513294e-05
2563 2.4450245822639586e-05
2564 4.692973938522239e-05
2571 6.593667904531496e-05
2582 7.458098891001271e-05
2586 9.502842032885344e-06
2590 8.771718405598661e-05
2599 0.00012341728754011654
2607 3.3290954653437934e-05
2612 8.001326955199571e-05
2613 0.00015554326811050196
2618 4.846937791309118e-05
2620 0.00010347204034115494
2638 0.00012176521653240713
2639 0.0001504088997800851
2673 0.00014849761844045535
2691 0.00016920278300425065
2699 0.00013065000625947455
2701 0.00017065756051371745
2710 0.00021605372159664503
2716 0.0001523982138465608
2718 8.88061998220748e-05
2721 0.0001475693727081854
2722 0.00014944388948364012
2723 0.00018227567001855016
2744 7.52017798211394e-05
2783 8.718166847460814e-05
2786 0.0001399262151792957
2797 0.00010347204034115494
2896 0.00011379132113009053
2897 0.00013332088986277624
2909 0.00018825025618924418
2955 4.7516165565500014e-05
2958 6.950834500520415e-05
2963 8.509658347491132e-05
3050 5.1064059112276297e-05
3067 0.00010093525951244397
3113 6.165346047478709e-05
3145 0.00022883910672981793
3147 0.00012936752625714268
3149 7.541048004377448e-05
3150 7.604199766141655e-05
3212 7.356359438910525e-05
3214 8.001326955199571e-05
3226 8.164949036359771e-05
3228 4.566391685271689e-05
3229 4.669713069773751e-05
3230 4.692973938522239e-05
3343 0.00011614595437539213
3419 0.00011712061541501202
3435 0.00021244233432427055
3450 0.00011198624708459517
3451 0.00018418695135817993
3465 5.7716484755306535e-05
3478 7.865323446718271e-05
3490 0.0001245506276326127
3495 0.0001504088997800851
3513 6.056183085252843e-05
3519 8.586807337437805e-05
3545 6.071628875522179e-05
3572 5.234992335902794e-05
3576 5.3536945098705395e-05
3586 6.228840662358072e-05
3600 0.0001002340757964429
3631 0.00020019542348213994
3681 0.0001287387249198448
3719 2.489326185102742e-05
3723 6.859058854884968e-05
3743 3.233112827567267e-05
3746 1.903006184883404e-05
3766 5.131853189681648e-05
3767 0.00017065756051371745
3796 0.0001399262151792957
3805 0.00023397347506023475
3819 6.424444555902466e-05
3832 3.3290954653437934e-05
3835 0.00011811516886331826
3875 3.285232498188492e-05
3884 8.433711728522342e-05
3891 8.334256383691721e-05
3926 0.00011110817958998604
3969 6.0101372993599195e-05
3970 6.663037655997976e-05
3974 0.00010128967145643295
4046 9.312153328472917e-05
4050 0.0001786642827461757
4051 0.00020019542348213994
4108 9.654815662959692e-05
4109 0.00017215710736717137
4220 4.3879500470736716e-05
4247 4.846937791309118e-05
4249 0.00013542473142615584
4250 8.612797493712278e-05
4290 5.656642719180506e-05
4291 7.843020694973282e-05
4314 3.1644758795232604e-05
4315 7.256700694753944e-05
4326 0.00011024565393173974
4328 0.00011566583790554528
4345 5.131853189681648e-05
4348 8.212725328354177e-05
4390 8.825864993225359e-05
4392 8.334256383691721e-05
4398 6.325661252824365e-05
4399 9.282164663063054e-05
4402 6.950834500520415e-05
4453 3.6854914742017664e-05
4460 0.00011862016226846598
4467 5.5861184383926875e-05
4495 3.207260550754382e-05
4509 0.0001281179340087181
4577 3.9085797470059324e-05
4652 4.476354154013861e-05
4658 8.334256383691721e-05
4670 7.541048004377448e-05
4676 1.811794967986411e-05
4797 9.988723143186235e-05
4799 0.0001664173719040451
4800 0.00021244233432427055
4801 0.0001347133110905388
4834 1.7286007534181456e-05
4839 3.088397517794058e-05
4846 4.681329625334851e-05
4878 6.969398876306011e-05
4885 0.0001027336712532598
4911 6.341986704442123e-05
4913 6.457822376461287e-05
4914 6.542281037332744e-05
4933 2.564069103539461e-05
4972 4.681329625334851e-05
4974 0.00013263932032595027
5000 0.00013065000625947455
5002 0.00014665847838343454
5003 0.00018227567001855016
5151 0.0001431761810607271
5166 0.0001347133110905388
5167 0.00022419450561242282
5170 0.0001128804268053397
5171 7.52017798211394e-05
5176 0.0001347133110905388
5217 7.159039254876493e-05
5222 2.3001954162320978e-05
5228 4.931901336427842e-05
5369 7.562007790453742e-05
5370 0.00011154523568104574
5379 2.541525611908456e-05
5380 3.8298201700263376e-05
5395 3.215862746722012e-05
5430 6.441104889224853e-05
5434 7.159039254876493e-05
5443 0.00011712061541501202
5447 0.00016251677649793962
5469 1.1433598200043818e-05
5550 4.944160821510571e-05
5557 0.0001786642827461757
5558 9.68719546813797e-05
5563 0.00016128300357362823
5574 0.00013401212737453773
5617 0.0002875104201589402
5636 0.00010310145735752775
5674 0.00010236864012694453
5675 0.0002462203859023654
5676 9.312153328472917e-05
5687 2.724862948448243e-05
5691 8.383730339089555e-05
5699 8.260974660633398e-05
5700 0.00010575674440844711
5701 0.00010575674440844711
5726 0.00013614669170503938
5729 9.106007793564448e-05
5806 7.910237522724487e-05
5810 5.261121850249547e-05
5826 0.0001391464957049546
5828 0.00018227567001855016
5854 7.178415593526694e-05
5862 6.610917985376751e-05
5894 1.5848029138067838e-05
5896 1.6219082409210568e-05
5912 0.00010498321344481378
5934 5.434466680855229e-05
5938 5.91933076971794e-05
5941 0.00016251677649793962
5953 0.0001664173719040451
5975 0.00010460100421098168
6000 3.4631041686461846e-05
6012 0.00014665847838343454
6013 0.00016128300357362823
6022 2.0770655001689466e-05
6032 0.00017215710736717137
6064 0.00010498321344481378
6079 0.0001251273376474703
6084 7.843020694973282e-05
6085 0.00011862016226846598
6120 0.0001504088997800851
6121 0.0001523982138465608
6159 7.101368253390731e-05
6197 5.5304247721948624e-05
6242 3.105201474962982e-05
6249 0.00010897983139923425
6254 8.141235399539764e-05
6377 0.00010694056199521868
6387 9.558947467904783e-05
6399 8.212725328354177e-05
6429 5.815485137703107e-05
6450 0.00017695423263882194
6458 0.00015554326811050196
6480 0.00014488623116808087
6502 0.0001423431449207802
6506 8.88061998220748e-05
6507 6.212889280683989e-05
6528 0.00011913044365880717
6568 3.9584588186023764e-05
6569 4.981125419104163e-05
6593 7.754816608258265e-05
6595 7.66818067754729e-05
6619 5.7716484755306535e-05
6623 0.00010460100421098168
6624 0.00011663084820199027
6625 0.00011811516886331826
6670 0.00010734164596720007
6675 5.7716484755306535e-05
6684 0.0001251273376474703
6689 7.376538112671329e-05
6760 1.9892587507080337e-05
6762 7.139739654402146e-05
6763 7.27647006365303e-05
6815 7.178415593526694e-05
6818 0.00022419450561242282
6819 0.0002537323685808453
6823 0.00012176521653240713
6833 2.7093186202753706e-05
6885 5.131853189681648e-05
6893 9.252359415714085e-05
6894 9.252359415714085e-05
6905 2.9805618738211806e-05
6919 7.3968006896828e-05
6920 9.403242760948e-05
6929 5.904359505253569e-05
6931 0.0001196461249524729
6934 0.00010200632301179658
6946 0.00015890538922556517
6947 0.0002734912621014559
6960 3.259102983841739e-05
6962 0.00010460100421098168
6967 0.00010536844412685977
6989 0.00015775871449691997
6992 4.787143878550288e-05
6995 7.843020694973282e-05
6999 6.309390310328486e-05
7003 8.771718405598661e-05
7008 0.0002059351589452662
7067 3.508605365233e-05
7073 5.516600244482883e-05
7129 0.0002462203859023654
7132 0.00022419450561242282
7174 7.256700694753944e-05
7178 3.714017269315804e-05
7251 7.689695691525318e-05
7321 3.8200641252257444e-05
7353 0.00022883910672981793
7369 9.372690041743856e-05
7373 7.27647006365303e-05
7376 0.00013263932032595027
7450 0.00012936752625714268
7451 0.0001300045474523503
7469 7.887728740211037e-05
7471 0.00019506105515172307
7482 2.5340342303404983e-05
7483 2.8590308184836374e-05
7554 8.260974660633398e-05
7671 9.134928606937549e-05
7674 0.00018825025618924418
7724 9.920086195142229e-05
7784 7.082295263288685e-05
7808 4.7398314413738584e-05
7818 2.996997446737178e-05
7852 0.00015447220461114937
7858 4.509923582401553e-05
7863 7.64676023536449e-05
7866 5.91933076971794e-05
7884 0.00010982004923951138
7890 9.233159952796689e-06
7891 6.932340577943291e-05
7892 0.0001002340757964429
7893 5.131853189681648e-05
7894 6.374802604546662e-05
7897 0.00013542473142615584
7901 0.00019041645403432799
7902 7.376538112671329e-05
7903 8.141235399539764e-05
7960 9.954283828468142e-05
7981 6.950834500520415e-05
7987 7.843020694973282e-05
8009 2.7093186202753706e-05
8010 3.97855428110104e-05
8016 3.6571316885345003e-05
8031 5.5721352358276173e-05
8032 6.056183085252843e-05
8042 6.663037655997976e-05
8054 2.9805618738211806e-05
8061 7.865323446718271e-05
8069 5.287392225192349e-05
8071 0.00013687950893562258
8084 0.00011333374567896404
8098 0.0001300045474523503
8109 8.285279662389543e-05
8116 0.00015447220461114937
8124 0.0001300045474523503
8162 0.00013332088986277624
8234 4.8109734749355606e-05
8236 0.00026261715830791277
8349 4.919672615455441e-05
8360 0.00022419450561242282
8380 0.0002734912621014559
8444 5.815485137703107e-05
8447 4.100899018649567e-05
8503 7.256700694753944e-05
8513 4.3335009582674306e-05
8519 0.00014488623116808087
8520 5.874554257904601e-05
8521 6.610917985376751e-05
8526 0.00010939812948263226
8535 0.00012341728754011654
8536 0.00014576429866269
8571 9.496067334174995e-05
8633 5.949411993323993e-05
8638 6.491430390704548e-05
8639 3.69498153124238e-05
8659 0.00012936752625714268
8661 7.843020694973282e-05
8663 8.001326955199571e-05
8678 4.409901177660094e-05
8693 8.484211069037113e-05
8694 8.88061998220748e-05
8695 4.476354154013861e-05
8696 4.787143878550288e-05
8746 0.00011811516886331826
8756 9.372690041743856e-05
8757 9.818910047034337e-05
8824 0.00011712061541501202
8834 0.0001391464957049546
8838 0.00023397347506023475
8866 3.8493910507496085e-05
8871 7.025520142447097e-05
8872 0.00010422176939821458
8876 0.00022883910672981793
8906 0.00020019542348213994
