214
68 3.241760820520544e-05
74 0.00013614669170503938
82 8.334256383691721e-05
145 5.786216925096193e-05
146 0.000101646679848061
151 0.00011712061541501202
153 0.00016007969731333051
158 1.722259642893919e-05
160 3.6009024944890365e-05
216 0.00013837905578907654
217 0.0001399262151792957
276 4.8109734749355606e-05
277 5.502814824397996e-05
295 6.969398876306011e-05
328 5.502814824397996e-05
342 0.0001804365299615294
371 9.818910047034337e-05
430 2.1595466130645556e-05
449 6.628229345501092e-05
463 2.104404381130732e-05
490 0.0001523982138465608
509 1.4811799641107606e-05
521 6.165346047478709e-05
549 6.786862826996617e-05
753 9.752607762356147e-05
757 0.00010815385522706535
785 9.134928606937549e-05
872 6.593667904531496e-05
1108 0.00019268344080366
1126 4.895306850942043e-05
1130 8.665197383001834e-05
1132 0.0001786642827461757
1216 4.5550455969092306e-05
1220 0.0001251273376474703
1469 6.358367031630664e-05
1497 6.663037655997976e-05
1569 9.920086195142229e-05
1610 9.590694438493474e-05
1682 0.00015447220461114937
1706 3.382257549850835e-05
1713 4.787143878550288e-05
1957 8.88061998220748e-05
1985 9.496067334174995e-05
2042 8.383730339089555e-05
2083 0.00010422176939821458
2085 0.0001147195668623605
2371 8.858094887998e-06
2384 3.364472337590274e-05
2389 8.070779096331723e-05
2391 2.4157123570420575e-05
2392 0.0001281179340087181
2421 0.00015447220461114937
2422 0.00017370426675739054
2550 5.3403616896513294e-05
2563 2.4450245822639586e-05
2564 4.692973938522239e-05
2571 6.593667904531496e-05
2586 9.502842032885344e-06
2839 0.0001391464957049546
3067 0.00010093525951244397
3149 7.541048004377448e-05
3150 7.604199766141655e-05
3212 7.356359438910525e-05
3214 8.001326955199571e-05
3545 6.071628875522179e-05
3557 0.00015775871449691997
3564 0.00010774605847492284
3576 5.3536945098705395e-05
3586 6.228840662358072e-05
3647 8.094151528426567e-05
3648 0.00030726931367955075
3719 2.489326185102742e-05
3743 3.233112827567267e-05
3746 1.903006184883404e-05
3766 5.131853189681648e-05
3796 0.0001399262151792957
3814 0.00014576429866269
3827 0.00013614669170503938
3891 8.334256383691721e-05
3969 6.0101372993599195e-05
3970 6.663037655997976e-05
4002 0.0001263016457352357
4094 0.00010694056199521868
4220 4.3879500470736716e-05
4247 4.846937791309118e-05
4250 8.612797493712278e-05
4295 0.00012176521653240713
4345 5.131853189681648e-05
4349 0.0001415241100530177
4356 0.00014944388948364012
4363 7.025520142447097e-05
4366 0.00016007969731333051
4390 8.825864993225359e-05
4467 5.5861184383926875e-05
4495 3.207260550754382e-05
4652 4.476354154013861e-05
4659 6.610917985376751e-05
4699 3.676019862375966e-05
4712 8.484211069037113e-05
4718 0.0001147195668623605
4834 1.7286007534181456e-05
4839 3.088397517794058e-05
4846 4.681329625334851e-05
4878 6.969398876306011e-05
4885 0.0001027336712532598
4900 0.00014944388948364012
4903 0.00021244233432427055
4911 6.341986704442123e-05
4913 6.457822376461287e-05
4914 6.542281037332744e-05
4933 2.564069103539461e-05
5171 7.52017798211394e-05
5176 0.0001347133110905388
5192 8.001326955199571e-05
5222 2.3001954162320978e-05
5254 5.9796800580258657e-05
5379 2.541525611908456e-05
5380 3.8298201700263376e-05
5427 3.490353872923123e-05
5469 1.1433598200043818e-05
5473 0.0001251273376474703
5687 2.724862948448243e-05
5699 8.260974660633398e-05
5700 0.00010575674440844711
5701 0.00010575674440844711
5711 0.00020019542348213994
5797 5.544288630052885e-05
5894 1.5848029138067838e-05
5896 1.6219082409210568e-05
6022 2.0770655001689466e-05
6348 9.590694438493474e-05
6377 0.00010694056199521868
6408 4.3989132524856074e-05
6413 9.590694438493474e-05
6429 5.815485137703107e-05
6467 4.669713069773751e-05
6468 4.669713069773751e-05
6528 0.00011913044365880717
6568 3.9584588186023764e-05
6569 4.981125419104163e-05
6583 0.0002875104201589402
6661 5.889434094657216e-05
6760 1.9892587507080337e-05
6762 7.139739654402146e-05
6763 7.27647006365303e-05
6784 9.68719546813797e-05
6785 0.0001228603508781383
6833 2.7093186202753706e-05
6905 2.9805618738211806e-05
6929 5.904359505253569e-05
6934 0.00010200632301179658
7067 3.508605365233e-05
7073 5.516600244482883e-05
7139 6.196989942762013e-05
7142 0.00015139340654708521
7143 0.0001523982138465608
7197 0.00011198624708459517
7272 0.00026261715830791277
7335 0.000126899584862824
7373 7.27647006365303e-05
7376 0.00013263932032595027
7482 2.5340342303404983e-05
7483 2.8590308184836374e-05
7503 3.173002815645075e-05
7658 0.00018227567001855016
7659 0.00020019542348213994
7784 7.082295263288685e-05
7785 0.0002734912621014559
7816 0.00014071861357331354
7817 0.00019506105515172307
7818 2.996997446737178e-05
7820 0.00013614669170503938
7890 9.233159952796689e-06
7891 6.932340577943291e-05
7892 0.0001002340757964429
7894 6.374802604546662e-05
7902 7.376538112671329e-05
7903 8.141235399539764e-05
7904 6.056183085252843e-05
7922 0.00010774605847492284
7960 9.954283828468142e-05
7961 0.0001523982138465608
7989 0.00011862016226846598
7995 9.134928606937549e-05
8009 2.7093186202753706e-05
8010 3.97855428110104e-05
8047 9.312153328472917e-05
8054 2.9805618738211806e-05
8058 8.853165584237468e-05
8059 0.00011425323385392718
8060 0.0001147195668623605
8144 1.8182537399726556e-05
8234 4.8109734749355606e-05
8447 4.100899018649567e-05
8520 5.874554257904601e-05
8521 6.610917985376751e-05
8533 0.00013687950893562258
8633 5.949411993323993e-05
8638 6.491430390704548e-05
8639 3.69498153124238e-05
8652 0.00010982004923951138
8659 0.00012936752625714268
8695 4.476354154013861e-05
8696 4.787143878550288e-05
8717 9.106007793564448e-05
8718 9.403242760948e-05
8722 7.217400943451535e-05
8754 0.00017695423263882194
8818 7.139739654402146e-05
8819 7.139739654402146e-05
8845 0.0001431761810607271
8866 3.8493910507496085e-05
8871 7.025520142447097e-05
8906 0.00020019542348213994
