254
58 3.9886331735258645e-05
68 3.241760820520544e-05
102 0.00013687950893562258
138 5.5304247721948624e-05
141 0.00012571095453322076
143 0.00018617626542465564
290 5.516600244482883e-05
292 0.00014576429866269
295 6.969398876306011e-05
297 0.00016378259903044513
328 5.502814824397996e-05
344 9.164022082905678e-05
371 9.818910047034337e-05
401 0.00010939812948263226
430 2.1595466130645556e-05
436 6.181142310095298e-05
459 8.798716495431228e-05
463 2.104404381130732e-05
466 0.00013401212737453773
473 4.858985121920245e-05
488 0.00019506105515172307
509 1.4811799641107606e-05
549 6.786862826996617e-05
706 6.525271795805037e-05
708 9.654815662959692e-05
723 6.212889280683989e-05
726 6.4078409870285e-05
858 0.00010815385522706535
872 6.593667904531496e-05
891 5.757123449128065e-05
911 0.00017065756051371745
912 0.00030726931367955075
918 0.0001275049519955334
1018 0.00023397347506023475
1083 7.178415593526694e-05
1140 3.8493910507496085e-05
1173 9.077257605451787e-05
1183 0.00010310145735752775
1234 2.8271279696782107e-05
1238 0.00022883910672981793
1287 0.00015139340654708521
1391 6.491430390704548e-05
1423 0.00015447220461114937
1497 6.663037655997976e-05
1541 0.00014488623116808087
1544 0.00026261715830791277
1566 0.00016920278300425065
1651 0.0001753021616311125
1652 0.0002059351589452662
1706 3.382257549850835e-05
1713 4.787143878550288e-05
1729 0.00010200632301179658
1777 4.871062309639001e-05
1778 0.0001287387249198448
1848 6.508321716976057e-05
1901 0.00011243128604527755
2028 0.00026261715830791277
2040 4.7398314413738584e-05
2060 0.00023971321052336105
2123 0.00011243128604527755
2148 8.383730339089555e-05
2149 8.408656954820681e-05
2151 0.00011566583790554528
2167 8.744869066327002e-05
2178 0.0001523982138465608
2179 0.0002199543170027505
2256 0.00015554326811050196
2371 8.858094887998e-06
2391 2.4157123570420575e-05
2448 8.825864993225359e-05
2563 2.4450245822639586e-05
2571 6.593667904531496e-05
2586 9.502842032885344e-06
2618 4.846937791309118e-05
2620 0.00010347204034115494
2638 0.00012176521653240713
2640 0.00016128300357362823
2664 0.00020019542348213994
2685 7.754816608258265e-05
2718 8.88061998220748e-05
2731 0.00022883910672981793
2772 0.00011067500849334801
2780 9.342327683396404e-05
2781 9.68719546813797e-05
2783 8.718166847460814e-05
2785 0.00010856509334268535
3031 8.691610145495967e-05
3035 0.00018418695135817993
3212 7.356359438910525e-05
3213 0.0001300045474523503
3214 8.001326955199571e-05
3368 0.00010058340652177312
3413 8.001326955199571e-05
3419 0.00011712061541501202
3495 0.0001504088997800851
3572 5.234992335902794e-05
3657 4.716346370617082e-05
3731 5.3138049876864844e-05
3732 0.00010654275221462514
3733 0.0001128804268053397
3743 3.233112827567267e-05
3746 1.903006184883404e-05
3875 3.285232498188492e-05
3969 6.0101372993599195e-05
3970 6.663037655997976e-05
4002 0.0001263016457352357
4003 0.0001300045474523503
4247 4.846937791309118e-05
4286 0.0001228603508781383
4314 3.1644758795232604e-05
4329 3.676019862375966e-05
4345 5.131853189681648e-05
4349 0.0001415241100530177
4356 0.00014944388948364012
4363 7.025520142447097e-05
4365 0.00023397347506023475
4406 6.508321716976057e-05
4453 3.6854914742017664e-05
4472 0.00021605372159664503
4495 3.207260550754382e-05
4502 6.424444555902466e-05
4503 7.798719092134497e-05
4516 0.00011663084820199027
4518 0.00015139340654708521
4533 5.685140711216779e-05
4546 7.625433537211054e-05
4567 6.341986704442123e-05
4569 0.00010422176939821458
4572 0.00013401212737453773
4676 1.811794967986411e-05
4759 5.0810908270240366e-05
4762 0.0001399262151792957
4763 0.00015890538922556517
4797 9.988723143186235e-05
4799 0.0001664173719040451
4800 0.00021244233432427055
4834 1.7286007534181456e-05
4911 6.341986704442123e-05
4913 6.457822376461287e-05
5009 0.00030726931367955075
5176 0.0001347133110905388
5177 6.196989942762013e-05
5179 0.00013687950893562258
5198 0.00010654275221462514
5222 2.3001954162320978e-05
5228 4.931901336427842e-05
5307 0.00013263932032595027
5369 7.562007790453742e-05
5372 0.0002875104201589402
5379 2.541525611908456e-05
5380 3.8298201700263376e-05
5395 3.215862746722012e-05
5427 3.490353872923123e-05
5434 7.159039254876493e-05
5455 8.908229930004346e-05
5469 1.1433598200043818e-05
5482 0.00013196715204843822
5550 4.944160821510571e-05
5588 6.913916575845257e-05
5616 0.00013687950893562258
5622 6.733409171295719e-05
5625 0.0001347133110905388
5626 0.00016007969731333051
5636 0.00010310145735752775
5641 0.00023397347506023475
5729 9.106007793564448e-05
5738 9.19329029551259e-05
5739 0.0001281179340087181
5810 5.261121850249547e-05
5817 0.00017695423263882194
5834 6.804811807694473e-05
5862 6.610917985376751e-05
5894 1.5848029138067838e-05
5896 1.6219082409210568e-05
5911 7.47870417645905e-05
5934 5.434466680855229e-05
5938 5.91933076971794e-05
5984 3.088397517794058e-05
6000 3.4631041686461846e-05
6019 0.00022883910672981793
6020 0.00023397347506023475
6022 2.0770655001689466e-05
6095 0.0001753021616311125
6193 0.00010694056199521868
6352 0.00011519040557349246
6408 4.3989132524856074e-05
6416 0.00023971321052336105
6467 4.669713069773751e-05
6468 4.669713069773751e-05
6490 2.724862948448243e-05
6566 7.082295263288685e-05
6589 5.9343481706634316e-05
6595 7.66818067754729e-05
6653 0.0001423431449207802
6693 0.0001128804268053397
6694 0.00018227567001855016
6831 0.00011198624708459517
6833 2.7093186202753706e-05
6881 0.0001804365299615294
6905 2.9805618738211806e-05
6908 8.935997200289977e-05
7034 0.0001786642827461757
7067 3.508605365233e-05
7091 9.464928935894339e-05
7100 0.00015342417653056774
7124 6.859058854884968e-05
7165 6.628229345501092e-05
7167 0.00011243128604527755
7171 0.00012341728754011654
7321 3.8200641252257444e-05
7414 0.00010460100421098168
7482 2.5340342303404983e-05
7483 2.8590308184836374e-05
7664 0.0001196461249524729
7685 0.00016378259903044513
7691 0.00020019542348213994
7710 0.00014488623116808087
7711 0.0002734912621014559
7818 2.996997446737178e-05
7890 9.233159952796689e-06
7894 6.374802604546662e-05
7902 7.376538112671329e-05
7904 6.056183085252843e-05
7922 0.00010774605847492284
7933 0.00017370426675739054
7960 9.954283828468142e-05
8009 2.7093186202753706e-05
8010 3.97855428110104e-05
8042 6.663037655997976e-05
8054 2.9805618738211806e-05
8094 0.00021244233432427055
8144 1.8182537399726556e-05
8147 0.00022883910672981793
8204 5.1064059112276297e-05
8234 4.8109734749355606e-05
8349 4.919672615455441e-05
8474 8.408656954820681e-05
8520 5.874554257904601e-05
8521 6.610917985376751e-05
8545 0.00022883910672981793
8550 0.00013542473142615584
8661 7.843020694973282e-05
8663 8.001326955199571e-05
8695 4.476354154013861e-05
8696 4.787143878550288e-05
8705 0.00022883910672981793
8756 9.372690041743856e-05
8757 9.818910047034337e-05
8813 4.431951634967444e-05
8818 7.139739654402146e-05
8819 7.139739654402146e-05
8821 0.00019041645403432799
8871 7.025520142447097e-05
8872 0.00010422176939821458
