213
2 0.00014944388948364012
15 6.0101372993599195e-05
32 0.00015775871449691997
68 3.241760820520544e-05
70 0.00011566583790554528
74 0.00013614669170503938
82 8.334256383691721e-05
145 5.786216925096193e-05
146 0.000101646679848061
158 1.722259642893919e-05
160 3.6009024944890365e-05
163 4.4209139343250144e-05
168 0.00014488623116808087
276 4.8109734749355606e-05
277 5.502814824397996e-05
295 6.969398876306011e-05
328 5.502814824397996e-05
373 0.00019756065060853997
393 0.00015139340654708521
430 2.1595466130645556e-05
463 2.104404381130732e-05
480 6.877276232176413e-05
521 6.165346047478709e-05
706 6.525271795805037e-05
709 0.00017370426675739054
753 9.752607762356147e-05
757 0.00010815385522706535
830 0.00021605372159664503
858 0.00010815385522706535
861 7.316251041712385e-05
891 5.757123449128065e-05
1002 0.00018617626542465564
1083 7.178415593526694e-05
1108 0.00019268344080366
1126 4.895306850942043e-05
1130 8.665197383001834e-05
1132 0.0001786642827461757
1391 6.491430390704548e-05
1469 6.358367031630664e-05
1569 9.920086195142229e-05
1649 8.744869066327002e-05
1706 3.382257549850835e-05
1713 4.787143878550288e-05
1764 0.00015890538922556517
1848 6.508321716976057e-05
1922 7.334292682143156e-06
1957 8.88061998220748e-05
1959 0.00015447220461114937
2118 6.715720793434914e-05
2238 0.00011913044365880717
2239 0.0001251273376474703
2278 0.00013837905578907654
2371 8.858094887998e-06
2384 3.364472337590274e-05
2391 2.4157123570420575e-05
2434 0.00010536844412685977
2563 2.4450245822639586e-05
2564 4.692973938522239e-05
2571 6.593667904531496e-05
2586 9.502842032885344e-06
2744 7.52017798211394e-05
3067 0.00010093525951244397
3149 7.541048004377448e-05
3150 7.604199766141655e-05
3212 7.356359438910525e-05
3228 4.566391685271689e-05
3229 4.669713069773751e-05
3230 4.692973938522239e-05
3343 0.00011614595437539213
3345 0.00011110817958998604
3419 0.00011712061541501202
3465 5.7716484755306535e-05
3478 7.865323446718271e-05
3564 0.00010774605847492284
3576 5.3536945098705395e-05
3605 5.380470086849468e-05
3719 2.489326185102742e-05
3746 1.903006184883404e-05
3766 5.131853189681648e-05
3788 0.0001300045474523503
3789 0.00016508218077975113
3796 0.0001399262151792957
3832 3.3290954653437934e-05
3887 5.5861184383926875e-05
3891 8.334256383691721e-05
3908 0.0002059351589452662
4105 9.988723143186235e-05
4516 0.00011663084820199027
4525 9.818910047034337e-05
4533 5.685140711216779e-05
4670 7.541048004377448e-05
4676 1.811794967986411e-05
4699 3.676019862375966e-05
4712 8.484211069037113e-05
4718 0.0001147195668623605
4834 1.7286007534181456e-05
4839 3.088397517794058e-05
4846 4.681329625334851e-05
4851 0.0001399262151792957
4852 0.00015663840245623315
5159 0.0002875104201589402
5171 7.52017798211394e-05
5222 2.3001954162320978e-05
5228 4.931901336427842e-05
5395 3.215862746722012e-05
5427 3.490353872923123e-05
5430 6.441104889224853e-05
5469 1.1433598200043818e-05
5636 0.00010310145735752775
5687 2.724862948448243e-05
5699 8.260974660633398e-05
5700 0.00010575674440844711
5701 0.00010575674440844711
5726 0.00013614669170503938
5797 5.544288630052885e-05
5841 0.00014488623116808087
5876 0.00019041645403432799
5894 1.5848029138067838e-05
5896 1.6219082409210568e-05
6022 2.0770655001689466e-05
6033 0.00011519040557349246
6106 7.217400943451535e-05
6130 0.00019506105515172307
6159 7.101368253390731e-05
6160 7.955569410086921e-05
6309 0.0001147195668623605
6356 6.733409171295719e-05
6377 0.00010694056199521868
6408 4.3989132524856074e-05
6409 0.00010575674440844711
6410 0.00016007969731333051
6443 0.0001275049519955334
6475 8.691610145495967e-05
6476 0.00010774605847492284
6568 3.9584588186023764e-05
6569 4.981125419104163e-05
6600 0.00013065000625947455
6613 0.00014944388948364012
6619 5.7716484755306535e-05
6684 0.0001251273376474703
6685 0.00019506105515172307
6687 6.196989942762013e-05
6753 0.00011862016226846598
6754 0.00030726931367955075
6757 0.0001287387249198448
6760 1.9892587507080337e-05
6762 7.139739654402146e-05
6763 7.27647006365303e-05
6833 2.7093186202753706e-05
6885 5.131853189681648e-05
6960 3.259102983841739e-05
6962 0.00010460100421098168
6968 0.0001287387249198448
6972 6.133906307779394e-05
7067 3.508605365233e-05
7073 5.516600244482883e-05
7251 7.689695691525318e-05
7254 0.00023397347506023475
7255 0.00030726931367955075
7301 0.00011024565393173974
7302 0.00011811516886331826
7310 0.0001347133110905388
7321 3.8200641252257444e-05
7373 7.27647006365303e-05
7376 0.00013263932032595027
7444 9.886126874785542e-05
7447 0.00012176521653240713
7468 0.00015775871449691997
7503 3.173002815645075e-05
7520 9.558947467904783e-05
7554 8.260974660633398e-05
7658 0.00018227567001855016
7659 0.00020019542348213994
7701 0.00011425323385392718
7775 0.00010536844412685977
7784 7.082295263288685e-05
7808 4.7398314413738584e-05
7812 0.0001786642827461757
7813 0.00030726931367955075
7890 9.233159952796689e-06
7894 6.374802604546662e-05
7902 7.376538112671329e-05
7903 8.141235399539764e-05
7938 4.907474504580058e-05
7943 7.64676023536449e-05
7960 9.954283828468142e-05
7995 9.134928606937549e-05
8016 3.6571316885345003e-05
8031 5.5721352358276173e-05
8032 6.056183085252843e-05
8047 9.312153328472917e-05
8053 0.00016007969731333051
8061 7.865323446718271e-05
8144 1.8182537399726556e-05
8166 0.0001376235146469122
8234 4.8109734749355606e-05
8394 0.00023397347506023475
8444 5.815485137703107e-05
8447 4.100899018649567e-05
8513 4.3335009582674306e-05
8565 0.0001786642827461757
8566 0.00018418695135817993
8633 5.949411993323993e-05
8638 6.491430390704548e-05
8639 3.69498153124238e-05
8659 0.00012936752625714268
8719 0.00015554326811050196
8724 0.00021244233432427055
8725 0.00022883910672981793
8801 0.00015890538922556517
8802 0.00016007969731333051
8871 7.025520142447097e-05
8906 0.00020019542348213994
