362
8 0.0001475693727081854
10 0.00016128300357362823
68 3.241760820520544e-05
82 8.334256383691721e-05
94 0.00016128300357362823
138 5.5304247721948624e-05
145 5.786216925096193e-05
146 0.000101646679848061
158 1.722259642893919e-05
160 3.6009024944890365e-05
225 4.311890533715833e-05
235 0.00021605372159664503
246 0.0001002340757964429
278 5.558192042480493e-05
283 0.00014488623116808087
319 0.0001523982138465608
342 0.0001804365299615294
370 0.0001347133110905388
378 7.955569410086921e-05
401 0.00010939812948263226
412 6.391293797104737e-05
413 7.562007790453742e-05
436 6.181142310095298e-05
443 5.859719717528758e-05
446 0.00010058340652177312
463 2.104404381130732e-05
466 0.00013401212737453773
480 6.877276232176413e-05
509 1.4811799641107606e-05
521 6.165346047478709e-05
549 6.786862826996617e-05
559 0.00015554326811050196
668 8.63892700805903e-05
692 0.00015342417653056774
693 0.00019506105515172307
706 6.525271795805037e-05
707 9.496067334174995e-05
723 6.212889280683989e-05
726 6.4078409870285e-05
751 0.00011614595437539213
855 9.464928935894339e-05
858 0.00010815385522706535
872 6.593667904531496e-05
878 0.0001440237055098346
1002 0.00018617626542465564
1011 8.56095506062492e-05
1140 3.8493910507496085e-05
1145 9.920086195142229e-05
1173 9.077257605451787e-05
1183 0.00010310145735752775
1195 0.00018825025618924418
1216 4.5550455969092306e-05
1220 0.0001251273376474703
1234 2.8271279696782107e-05
1265 6.576478670658657e-05
1269 8.433711728522342e-05
1356 0.00014488623116808087
1359 0.00016920278300425065
1380 0.00015890538922556517
1391 6.491430390704548e-05
1393 0.0002734912621014559
1418 6.424444555902466e-05
1420 0.00017695423263882194
1440 0.00010815385522706535
1442 0.00023397347506023475
1469 6.358367031630664e-05
1500 0.00010310145735752775
1511 9.312153328472917e-05
1512 0.0001275049519955334
1517 9.106007793564448e-05
1541 0.00014488623116808087
1544 0.00026261715830791277
1545 0.00022419450561242282
1546 0.0002734912621014559
1566 0.00016920278300425065
1573 0.0001347133110905388
1642 0.0001786642827461757
1678 0.00015663840245623315
1679 0.0001677901789526326
1729 0.00010200632301179658
1777 4.871062309639001e-05
1778 0.0001287387249198448
1797 0.0002199543170027505
1922 7.334292682143156e-06
1953 0.0001281179340087181
1957 8.88061998220748e-05
2040 4.7398314413738584e-05
2044 0.00010536844412685977
2059 0.00014071861357331354
2060 0.00023971321052336105
2148 8.383730339089555e-05
2149 8.408656954820681e-05
2151 0.00011566583790554528
2252 0.00015554326811050196
2253 0.00015342417653056774
2256 0.00015554326811050196
2316 0.00012341728754011654
2350 0.00016007969731333051
2371 8.858094887998e-06
2373 4.532432364915004e-05
2374 8.586807337437805e-05
2384 3.364472337590274e-05
2389 8.070779096331723e-05
2390 0.00014576429866269
2448 8.825864993225359e-05
2455 0.00010128967145643295
2462 0.00011712061541501202
2479 0.00013542473142615584
2493 2.5565430128539482e-05
2506 0.00014488623116808087
2557 0.00012230970742046953
2563 2.4450245822639586e-05
2571 6.593667904531496e-05
2582 7.458098891001271e-05
2586 9.502842032885344e-06
2618 4.846937791309118e-05
2620 0.00010347204034115494
2638 0.00012176521653240713
2639 0.0001504088997800851
2685 7.754816608258265e-05
2708 0.0001300045474523503
2718 8.88061998220748e-05
2772 0.00011067500849334801
2783 8.718166847460814e-05
2785 0.00010856509334268535
2958 6.950834500520415e-05
2963 8.509658347491132e-05
3031 8.691610145495967e-05
3035 0.00018418695135817993
3067 0.00010093525951244397
3113 6.165346047478709e-05
3144 0.0002875104201589402
3149 7.541048004377448e-05
3150 7.604199766141655e-05
3190 0.0001753021616311125
3212 7.356359438910525e-05
3214 8.001326955199571e-05
3307 8.408656954820681e-05
3308 0.00012571095453322076
3395 7.541048004377448e-05
3435 0.00021244233432427055
3478 7.865323446718271e-05
3576 5.3536945098705395e-05
3605 5.380470086849468e-05
3627 6.491430390704548e-05
3628 7.733012801189119e-05
3731 5.3138049876864844e-05
3732 0.00010654275221462514
3733 0.0001128804268053397
3746 1.903006184883404e-05
3832 3.3290954653437934e-05
3835 0.00011811516886331826
3887 5.5861184383926875e-05
3891 8.334256383691721e-05
3932 4.895306850942043e-05
3951 9.920086195142229e-05
3954 0.00010774605847492284
3969 6.0101372993599195e-05
3970 6.663037655997976e-05
4149 0.00023397347506023475
4181 0.0002875104201589402
4215 0.0001504088997800851
4216 0.0001677901789526326
4247 4.846937791309118e-05
4250 8.612797493712278e-05
4314 3.1644758795232604e-05
4329 3.676019862375966e-05
4345 5.131853189681648e-05
4349 0.0001415241100530177
4381 4.3226837668107787e-05
4390 8.825864993225359e-05
4453 3.6854914742017664e-05
4472 0.00021605372159664503
4484 0.00012176521653240713
4490 0.00019756065060853997
4495 3.207260550754382e-05
4518 0.00015139340654708521
4563 4.728074758348793e-05
4564 0.0001664173719040451
4567 6.341986704442123e-05
4569 0.00010422176939821458
4572 0.00013401212737453773
4577 3.9085797470059324e-05
4659 6.610917985376751e-05
4676 1.811794967986411e-05
4751 0.00010856509334268535
4818 9.048676041112919e-05
4834 1.7286007534181456e-05
4853 8.535239208071232e-05
4854 0.00016920278300425065
4933 2.564069103539461e-05
4972 4.681329625334851e-05
4974 0.00013263932032595027
5065 0.0001287387249198448
5096 0.00021244233432427055
5097 0.00023397347506023475
5151 0.0001431761810607271
5161 5.502814824397996e-05
5162 5.6001418804450566e-05
5171 7.52017798211394e-05
5222 2.3001954162320978e-05
5228 4.931901336427842e-05
5369 7.562007790453742e-05
5372 0.0002875104201589402
5379 2.541525611908456e-05
5380 3.8298201700263376e-05
5395 3.215862746722012e-05
5434 7.159039254876493e-05
5443 0.00011712061541501202
5447 0.00016251677649793962
5466 0.00015447220461114937
5469 1.1433598200043818e-05
5482 0.00013196715204843822
5622 6.733409171295719e-05
5625 0.0001347133110905388
5626 0.00016007969731333051
5631 0.00015663840245623315
5636 0.00010310145735752775
5676 9.312153328472917e-05
5687 2.724862948448243e-05
5691 8.383730339089555e-05
5699 8.260974660633398e-05
5700 0.00010575674440844711
5701 0.00010575674440844711
5729 9.106007793564448e-05
5810 5.261121850249547e-05
5826 0.0001391464957049546
5828 0.00018227567001855016
5834 6.804811807694473e-05
5836 0.0001786642827461757
5862 6.610917985376751e-05
5865 0.0001196461249524729
5894 1.5848029138067838e-05
5896 1.6219082409210568e-05
5909 6.663037655997976e-05
5984 3.088397517794058e-05
6022 2.0770655001689466e-05
6032 0.00017215710736717137
6051 0.0001677901789526326
6095 0.0001753021616311125
6159 7.101368253390731e-05
6160 7.955569410086921e-05
6172 0.00012230970742046953
6242 3.105201474962982e-05
6253 0.0002875104201589402
6277 0.00011067500849334801
6348 9.590694438493474e-05
6349 0.0001523982138465608
6352 0.00011519040557349246
6377 0.00010694056199521868
6387 9.558947467904783e-05
6399 8.212725328354177e-05
6408 4.3989132524856074e-05
6416 0.00023971321052336105
6441 0.00020019542348213994
6490 2.724862948448243e-05
6506 8.88061998220748e-05
6528 0.00011913044365880717
6566 7.082295263288685e-05
6586 5.24803957997587e-05
6589 5.9343481706634316e-05
6595 7.66818067754729e-05
6619 5.7716484755306535e-05
6623 0.00010460100421098168
6653 0.0001423431449207802
6682 6.698096388147314e-05
6687 6.196989942762013e-05
6712 6.025437603138515e-05
6760 1.9892587507080337e-05
6773 0.00013542473142615584
6774 0.00016378259903044513
6815 7.178415593526694e-05
6816 0.00021244233432427055
6833 2.7093186202753706e-05
6848 0.00012122674224136485
6881 0.0001804365299615294
6885 5.131853189681648e-05
6893 9.252359415714085e-05
6894 9.252359415714085e-05
6905 2.9805618738211806e-05
6929 5.904359505253569e-05
6934 0.00010200632301179658
6960 3.259102983841739e-05
6962 0.00010460100421098168
6992 4.787143878550288e-05
6995 7.843020694973282e-05
7067 3.508605365233e-05
7073 5.516600244482883e-05
7087 0.0001376235146469122
7174 7.256700694753944e-05
7178 3.714017269315804e-05
7181 0.0001263016457352357
7195 0.00018418695135817993
7321 3.8200641252257444e-05
7327 0.00011761535496899039
7369 9.372690041743856e-05
7382 0.00015663840245623315
7414 0.00010460100421098168
7454 0.00014944388948364012
7503 3.173002815645075e-05
7523 8.935997200289977e-05
7587 0.00013687950893562258
7588 0.0002462203859023654
7664 0.0001196461249524729
7665 0.00010422176939821458
7694 6.804811807694473e-05
7715 0.00014071861357331354
7724 9.920086195142229e-05
7784 7.082295263288685e-05
7808 4.7398314413738584e-05
7810 0.00021605372159664503
7858 4.509923582401553e-05
7862 9.077257605451787e-05
7863 7.64676023536449e-05
7890 9.233159952796689e-06
7893 5.131853189681648e-05
7894 6.374802604546662e-05
7902 7.376538112671329e-05
7903 8.141235399539764e-05
7904 6.056183085252843e-05
8009 2.7093186202753706e-05
8010 3.97855428110104e-05
8031 5.5721352358276173e-05
8032 6.056183085252843e-05
8042 6.663037655997976e-05
8061 7.865323446718271e-05
8084 0.00011333374567896404
8109 8.285279662389543e-05
8122 0.00014576429866269
8144 1.8182537399726556e-05
8146 0.00022883910672981793
8204 5.1064059112276297e-05
8444 5.815485137703107e-05
8447 4.100899018649567e-05
8495 0.00015342417653056774
8520 5.874554257904601e-05
8521 6.610917985376751e-05
8539 7.955569410086921e-05
8550 0.00013542473142615584
8571 9.496067334174995e-05
8633 5.949411993323993e-05
8638 6.491430390704548e-05
8687 0.00013837905578907654
8695 4.476354154013861e-05
8696 4.787143878550288e-05
8717 9.106007793564448e-05
8718 9.403242760948e-05
8756 9.372690041743856e-05
8757 9.818910047034337e-05
8772 0.00019756065060853997
8781 8.63892700805903e-05
8813 4.431951634967444e-05
8817 0.0002875104201589402
8818 7.139739654402146e-05
8819 7.139739654402146e-05
8834 0.0001391464957049546
8836 0.00016508218077975113
8837 0.00018617626542465564
8871 7.025520142447097e-05
8872 0.00010422176939821458
8873 0.00013614669170503938
8906 0.00020019542348213994
