140
56 0.0001027336712532598
77 8.691610145495967e-05
82 8.334256383691721e-05
132 8.334256383691721e-05
134 0.0001376235146469122
138 5.5304247721948624e-05
141 0.00012571095453322076
250 0.00016251677649793962
328 5.502814824397996e-05
370 0.0001347133110905388
375 8.334256383691721e-05
423 8.63892700805903e-05
463 2.104404381130732e-05
509 1.4811799641107606e-05
549 6.786862826996617e-05
723 6.212889280683989e-05
726 6.4078409870285e-05
785 9.134928606937549e-05
829 0.00015890538922556517
858 0.00010815385522706535
872 6.593667904531496e-05
873 0.00020908021320920737
875 0.00022419450561242282
878 0.0001440237055098346
1427 0.0001804365299615294
1469 6.358367031630664e-05
1881 8.408656954820681e-05
1882 9.496067334174995e-05
1922 7.334292682143156e-06
2076 7.66818067754729e-05
2148 8.383730339089555e-05
2149 8.408656954820681e-05
2151 0.00011566583790554528
2223 0.0002537323685808453
2238 0.00011913044365880717
2239 0.0001251273376474703
2371 8.858094887998e-06
2373 4.532432364915004e-05
2466 0.00010939812948263226
2563 2.4450245822639586e-05
2571 6.593667904531496e-05
2586 9.502842032885344e-06
2588 0.00019756065060853997
2618 4.846937791309118e-05
2620 0.00010347204034115494
2772 0.00011067500849334801
2913 0.00016378259903044513
3031 8.691610145495967e-05
3035 0.00018418695135817993
3214 8.001326955199571e-05
3627 6.491430390704548e-05
3819 6.424444555902466e-05
3832 3.3290954653437934e-05
3887 5.5861184383926875e-05
3969 6.0101372993599195e-05
3970 6.663037655997976e-05
4108 9.654815662959692e-05
4189 4.981125419104163e-05
4195 0.00016251677649793962
4295 0.00012176521653240713
4314 3.1644758795232604e-05
4315 7.256700694753944e-05
4316 0.0002537323685808453
4453 3.6854914742017664e-05
4484 0.00012176521653240713
4533 5.685140711216779e-05
4546 7.625433537211054e-05
4558 0.0002199543170027505
4569 0.00010422176939821458
4572 0.00013401212737453773
4577 3.9085797470059324e-05
4670 7.541048004377448e-05
4756 0.00014071861357331354
4757 0.00015663840245623315
4758 0.00017065756051371745
4759 5.0810908270240366e-05
4762 0.0001399262151792957
4763 0.00015890538922556517
4834 1.7286007534181456e-05
4933 2.564069103539461e-05
4935 0.00011862016226846598
5222 2.3001954162320978e-05
5289 0.0001300045474523503
5379 2.541525611908456e-05
5380 3.8298201700263376e-05
5427 3.490353872923123e-05
5473 0.0001251273376474703
5482 0.00013196715204843822
5552 0.00019268344080366
5774 0.0001677901789526326
6022 2.0770655001689466e-05
6035 9.818910047034337e-05
6038 0.00011663084820199027
6114 0.00010536844412685977
6159 7.101368253390731e-05
6160 7.955569410086921e-05
6302 8.509658347491132e-05
6352 0.00011519040557349246
6452 8.63892700805903e-05
6534 0.00018418695135817993
6689 7.376538112671329e-05
6784 9.68719546813797e-05
6785 0.0001228603508781383
6823 0.00012176521653240713
6833 2.7093186202753706e-05
6885 5.131853189681648e-05
6960 3.259102983841739e-05
6967 0.00010536844412685977
7087 0.0001376235146469122
7243 0.00013687950893562258
7246 0.00018227567001855016
7251 7.689695691525318e-05
7382 0.00015663840245623315
7482 2.5340342303404983e-05
7503 3.173002815645075e-05
7559 8.509658347491132e-05
7665 0.00010422176939821458
7724 9.920086195142229e-05
7808 4.7398314413738584e-05
7815 0.00016508218077975113
7890 9.233159952796689e-06
7891 6.932340577943291e-05
7892 0.0001002340757964429
7893 5.131853189681648e-05
7894 6.374802604546662e-05
7902 7.376538112671329e-05
7903 8.141235399539764e-05
7922 0.00010774605847492284
8069 5.287392225192349e-05
8144 1.8182537399726556e-05
8234 4.8109734749355606e-05
8447 4.100899018649567e-05
8520 5.874554257904601e-05
8521 6.610917985376751e-05
8705 0.00022883910672981793
8781 8.63892700805903e-05
8813 4.431951634967444e-05
8871 7.025520142447097e-05
8872 0.00010422176939821458
8897 0.00015342417653056774
