39
160 3.6009024944890365e-05
163 4.4209139343250144e-05
459 8.798716495431228e-05
573 0.00014576429866269
668 8.63892700805903e-05
861 7.316251041712385e-05
1469 6.358367031630664e-05
1497 6.663037655997976e-05
1922 7.334292682143156e-06
2004 7.217400943451535e-05
2005 0.00018418695135817993
2292 0.00018418695135817993
2293 0.00018617626542465564
2586 9.502842032885344e-06
2685 7.754816608258265e-05
2830 8.285279662389543e-05
2920 0.0001399262151792957
2922 0.00015663840245623315
2955 4.7516165565500014e-05
3605 5.380470086849468e-05
3746 1.903006184883404e-05
4220 4.3879500470736716e-05
4363 7.025520142447097e-05
4577 3.9085797470059324e-05
5702 3.9886331735258645e-05
6348 9.590694438493474e-05
6762 7.139739654402146e-05
6763 7.27647006365303e-05
7503 3.173002815645075e-05
7677 6.988034244141115e-05
7678 8.260974660633398e-05
7679 8.260974660633398e-05
7890 9.233159952796689e-06
8031 5.5721352358276173e-05
8032 6.056183085252843e-05
8234 4.8109734749355606e-05
8639 3.69498153124238e-05
8829 0.00011663084820199027
8873 0.00013614669170503938
