46
158 0.0028959958372586046
423 0.014526437263362654
474 0.02436275645603654
523 0.02265217034790343
1102 0.016020423037846142
1129 0.014570611146662705
1156 0.045786389300955126
1175 0.03462819125509835
1193 0.01727476373979342
1242 0.020752733331273934
1411 0.011442355250976064
1749 0.02094330553701593
1881 0.01596772680795614
2084 0.01929020339391239
2758 0.026154747271713085
2780 0.016289110568310488
2827 0.02711988920468254
2909 0.026917552121818896
3051 0.019134117998327677
3222 0.02301641855913714
3234 0.04329507609379836
3970 0.011203960677406408
4105 0.016796132198504853
4221 0.007378379399909539
4382 0.00726863353392786
4822 0.014615024455973596
4834 0.024075209917230184
4978 0.06760279693369134
5017 0.013649882523004139
5070 0.07397105181617028
5255 0.010054888429646512
5399 0.039342860561071925
5643 0.016566907866814383
5812 0.017336607320194097
5985 0.010386339123992694
6285 0.028451607587431732
6477 0.01811760137978325
6834 0.0045557448196026605
6963 0.01758875753826922
6996 0.02637622657871769
7322 0.0064234738649078926
7959 0.01596772680795614
8033 0.010183528991655345
8085 0.019057176254545803
8527 0.018395398678287142
8867 0.0064727873668453785
