39
56 0.020345832849090032
84 0.04140717466934347
246 0.01985080185550887
277 0.010898019047785543
377 0.023593122530828653
397 0.026963095921673574
458 0.022178254089286937
549 0.013441004780931966
882 0.02904489687451486
1058 0.05808979374902972
1065 0.030804480120017633
1109 0.030804480120017633
1268 0.016702497538798024
1721 0.03215305660974309
2100 0.048762579536930674
2254 0.058818256690726135
2407 0.036098683804562645
2638 0.029787646996447075
2975 0.0108165756236432
3819 0.012723255529378393
3872 0.018148836622856754
3926 0.022004357700132347
4372 0.02626848050544153
4811 0.021500713597111372
5172 0.014893294705910986
5380 0.005033350278517369
5890 0.08221560967948333
6015 0.019445805853148892
6262 0.02886780954848652
6406 0.027868539648119337
6729 0.037736996489148696
6834 0.005365655009754246
6920 0.014648952832545137
7393 0.010445337990246472
7470 0.015621208562835723
8073 0.027405203226494444
8145 0.0036009505179191797
8146 0.02501333926205379
8639 0.01285591725376865
