203
58 3.9886331735258645e-05
68 3.241760820520544e-05
92 0.00010774605847492284
93 0.00010982004923951138
158 1.722259642893919e-05
238 0.00012176521653240713
240 0.00010347204034115494
371 9.818910047034337e-05
380 0.0001423431449207802
384 0.00016920278300425065
463 2.104404381130732e-05
480 6.877276232176413e-05
509 1.4811799641107606e-05
511 4.409901177660094e-05
519 0.00022883910672981793
722 0.00011663084820199027
723 6.212889280683989e-05
726 6.4078409870285e-05
765 7.499396958083494e-05
969 0.00010536844412685977
1234 2.8271279696782107e-05
1243 0.00012341728754011654
1391 6.491430390704548e-05
1412 6.804811807694473e-05
1573 0.0001347133110905388
1659 0.0001786642827461757
1706 3.382257549850835e-05
1713 4.787143878550288e-05
1733 0.00011243128604527755
1777 4.871062309639001e-05
1778 0.0001287387249198448
1785 0.00010734164596720007
1888 6.071628875522179e-05
1922 7.334292682143156e-06
1929 4.2158123180710165e-05
1941 8.024367862190805e-05
2040 4.7398314413738584e-05
2042 8.383730339089555e-05
2167 8.744869066327002e-05
2184 0.00013130412920165632
2216 0.0001677901789526326
2371 8.858094887998e-06
2391 2.4157123570420575e-05
2439 5.502814824397996e-05
2493 2.5565430128539482e-05
2550 5.3403616896513294e-05
2563 2.4450245822639586e-05
2586 9.502842032885344e-06
2667 8.358930576913648e-05
2699 0.00013065000625947455
2701 0.00017065756051371745
2714 8.691610145495967e-05
2718 8.88061998220748e-05
2940 7.910237522724487e-05
2955 4.7516165565500014e-05
3319 0.00019268344080366
3367 0.00017065756051371745
3372 6.542281037332744e-05
3383 0.00010815385522706535
3395 7.541048004377448e-05
3396 0.00030726931367955075
3413 8.001326955199571e-05
3465 5.7716484755306535e-05
3468 0.00030726931367955075
3513 6.056183085252843e-05
3717 0.0002537323685808453
3719 2.489326185102742e-05
3731 5.3138049876864844e-05
3743 3.233112827567267e-05
3819 6.424444555902466e-05
3832 3.3290954653437934e-05
3840 0.00010774605847492284
3841 0.00015139340654708521
3875 3.285232498188492e-05
3902 0.00012122674224136485
3932 4.895306850942043e-05
3943 7.689695691525318e-05
3973 0.00018227567001855016
3996 7.417147870601431e-05
4005 9.222735356398462e-05
4158 0.00011519040557349246
4266 0.00015342417653056774
4267 0.00011519040557349246
4296 9.527405980765772e-05
4406 6.508321716976057e-05
4453 3.6854914742017664e-05
4457 0.00010058340652177312
4486 0.00012571095453322076
4513 9.19329029551259e-05
4563 4.728074758348793e-05
4567 6.341986704442123e-05
4577 3.9085797470059324e-05
4676 1.811794967986411e-05
4808 0.0001245506276326127
4809 0.0002059351589452662
4834 1.7286007534181456e-05
4839 3.088397517794058e-05
4926 0.00010236864012694453
4927 0.00010236864012694453
4933 2.564069103539461e-05
4942 6.804811807694473e-05
5011 0.00010310145735752775
5012 0.00010774605847492284
5016 8.117636599183342e-05
5051 0.0001281179340087181
5192 8.001326955199571e-05
5222 2.3001954162320978e-05
5228 4.931901336427842e-05
5242 6.786862826996617e-05
5378 0.00010347204034115494
5411 8.164949036359771e-05
5469 1.1433598200043818e-05
5550 4.944160821510571e-05
5716 0.00015775871449691997
5754 0.00017215710736717137
5758 0.00020908021320920737
5768 0.0001677901789526326
5834 6.804811807694473e-05
5858 6.663037655997976e-05
5894 1.5848029138067838e-05
5896 1.6219082409210568e-05
5925 0.00010734164596720007
5934 5.434466680855229e-05
5938 5.91933076971794e-05
5984 3.088397517794058e-05
5985 7.52017798211394e-05
5987 7.798719092134497e-05
5988 7.044371782011974e-05
5989 0.00013130412920165632
6022 2.0770655001689466e-05
6095 0.0001753021616311125
6134 0.00013332088986277624
6159 7.101368253390731e-05
6160 7.955569410086921e-05
6197 5.5304247721948624e-05
6242 3.105201474962982e-05
6364 0.00023397347506023475
6380 0.00011067500849334801
6461 0.00014849761844045535
6462 0.0001786642827461757
6467 4.669713069773751e-05
6468 4.669713069773751e-05
6490 2.724862948448243e-05
6491 7.604199766141655e-05
6497 0.0001664173719040451
6566 7.082295263288685e-05
6589 5.9343481706634316e-05
6590 8.691610145495967e-05
6593 7.754816608258265e-05
6712 6.025437603138515e-05
6717 0.00017215710736717137
6725 8.458895984833521e-05
6727 8.612797493712278e-05
6728 9.527405980765772e-05
6753 0.00011862016226846598
6755 0.00015890538922556517
6760 1.9892587507080337e-05
6833 2.7093186202753706e-05
6934 0.00010200632301179658
6960 3.259102983841739e-05
6965 0.00013332088986277624
6977 0.00015342417653056774
6980 0.00011379132113009053
6982 0.0001147195668623605
6983 0.00013263932032595027
7034 0.0001786642827461757
7236 0.00010536844412685977
7237 0.00010536844412685977
7311 0.0001475693727081854
7406 6.698096388147314e-05
7408 8.691610145495967e-05
7482 2.5340342303404983e-05
7483 2.8590308184836374e-05
7620 0.0001027336712532598
7671 9.134928606937549e-05
7674 0.00018825025618924418
7677 6.988034244141115e-05
7678 8.260974660633398e-05
7679 8.260974660633398e-05
7718 9.527405980765772e-05
7799 9.403242760948e-05
7850 0.000126899584862824
7890 9.233159952796689e-06
7893 5.131853189681648e-05
8016 3.6571316885345003e-05
8054 2.9805618738211806e-05
8098 0.0001300045474523503
8144 1.8182537399726556e-05
8148 0.0001753021616311125
8186 9.252359415714085e-05
8204 5.1064059112276297e-05
8349 4.919672615455441e-05
8447 4.100899018649567e-05
8550 0.00013542473142615584
8582 0.00010774605847492284
8591 0.00011761535496899039
8633 5.949411993323993e-05
8638 6.491430390704548e-05
8639 3.69498153124238e-05
8717 9.106007793564448e-05
8718 9.403242760948e-05
8890 0.00010058340652177312
8891 0.00010058340652177312
