60
310 8.408656954820681e-05
318 9.719791862251607e-05
328 5.502814824397996e-05
430 2.1595466130645556e-05
449 6.628229345501092e-05
459 8.798716495431228e-05
535 8.236790279729728e-05
537 0.00017215710736717137
706 6.525271795805037e-05
707 9.496067334174995e-05
975 0.00014488623116808087
1391 6.491430390704548e-05
1559 0.00011425323385392718
1773 0.0001002340757964429
1776 0.00022883910672981793
1888 6.071628875522179e-05
1895 0.00011519040557349246
2118 6.715720793434914e-05
2137 0.00015342417653056774
2238 0.00011913044365880717
2239 0.0001251273376474703
2371 8.858094887998e-06
2550 5.3403616896513294e-05
2955 4.7516165565500014e-05
3113 6.165346047478709e-05
3719 2.489326185102742e-05
3724 5.7716484755306535e-05
3814 0.00014576429866269
4099 0.0001147195668623605
4281 0.00014576429866269
4652 4.476354154013861e-05
4699 3.676019862375966e-05
4712 8.484211069037113e-05
4718 0.0001147195668623605
4834 1.7286007534181456e-05
5171 7.52017798211394e-05
5329 0.00014849761844045535
5379 2.541525611908456e-05
5380 3.8298201700263376e-05
5925 0.00010734164596720007
5975 0.00010460100421098168
6348 9.590694438493474e-05
6429 5.815485137703107e-05
6577 0.00010897983139923425
6725 8.458895984833521e-05
6727 8.612797493712278e-05
6728 9.527405980765772e-05
6753 0.00011862016226846598
6755 0.00015890538922556517
6789 4.7516165565500014e-05
6805 0.0001664173719040451
7415 0.0001475693727081854
7627 7.887728740211037e-05
7634 0.0001391464957049546
8144 1.8182537399726556e-05
8150 0.00012176521653240713
8151 0.0002537323685808453
8447 4.100899018649567e-05
8639 3.69498153124238e-05
8652 0.00010982004923951138
