167
15 6.0101372993599195e-05
46 0.00016920278300425065
82 8.334256383691721e-05
145 5.786216925096193e-05
146 0.000101646679848061
158 1.722259642893919e-05
216 0.00013837905578907654
217 0.0001399262151792957
219 0.00018825025618924418
375 8.334256383691721e-05
393 0.00015139340654708521
443 5.859719717528758e-05
479 0.00017065756051371745
480 6.877276232176413e-05
490 0.0001523982138465608
493 0.0001300045474523503
521 6.165346047478709e-05
723 6.212889280683989e-05
724 0.0002875104201589402
821 0.00011243128604527755
829 0.00015890538922556517
858 0.00010815385522706535
872 6.593667904531496e-05
891 5.757123449128065e-05
1140 3.8493910507496085e-05
1164 8.408656954820681e-05
1165 8.433711728522342e-05
1356 0.00014488623116808087
1359 0.00016920278300425065
1469 6.358367031630664e-05
1500 0.00010310145735752775
1578 0.00010856509334268535
1689 0.00018227567001855016
1777 4.871062309639001e-05
1779 0.00011333374567896404
1929 4.2158123180710165e-05
1931 7.754816608258265e-05
1932 0.0001275049519955334
2076 7.66818067754729e-05
2371 8.858094887998e-06
2373 4.532432364915004e-05
2571 6.593667904531496e-05
2582 7.458098891001271e-05
2586 9.502842032885344e-06
2607 3.3290954653437934e-05
2612 8.001326955199571e-05
2618 4.846937791309118e-05
2679 0.00021605372159664503
2685 7.754816608258265e-05
2843 7.33626397641186e-05
2850 9.252359415714085e-05
3067 0.00010093525951244397
3212 7.356359438910525e-05
3278 0.0001753021616311125
3321 0.00011761535496899039
3419 0.00011712061541501202
3501 0.00016508218077975113
3502 0.00017695423263882194
3576 5.3536945098705395e-05
3654 6.663037655997976e-05
3727 6.424444555902466e-05
3875 3.285232498188492e-05
3969 6.0101372993599195e-05
3970 6.663037655997976e-05
4005 9.222735356398462e-05
4314 3.1644758795232604e-05
4381 4.3226837668107787e-05
4451 0.00010200632301179658
4452 0.0001664173719040451
4481 9.282164663063054e-05
4652 4.476354154013861e-05
4670 7.541048004377448e-05
4676 1.811794967986411e-05
4748 0.00026261715830791277
4759 5.0810908270240366e-05
4768 0.00012176521653240713
4769 0.00012936752625714268
4821 8.691610145495967e-05
4834 1.7286007534181456e-05
4853 8.535239208071232e-05
4933 2.564069103539461e-05
5033 0.0001347133110905388
5036 0.0001677901789526326
5072 0.00016508218077975113
5171 7.52017798211394e-05
5177 6.196989942762013e-05
5180 0.00010982004923951138
5222 2.3001954162320978e-05
5228 4.931901336427842e-05
5366 0.00013542473142615584
5378 0.00010347204034115494
5379 2.541525611908456e-05
5380 3.8298201700263376e-05
5434 7.159039254876493e-05
5466 0.00015447220461114937
5469 1.1433598200043818e-05
5687 2.724862948448243e-05
5699 8.260974660633398e-05
5700 0.00010575674440844711
5701 0.00010575674440844711
5810 5.261121850249547e-05
5858 6.663037655997976e-05
5894 1.5848029138067838e-05
5896 1.6219082409210568e-05
5912 0.00010498321344481378
6022 2.0770655001689466e-05
6114 0.00010536844412685977
6159 7.101368253390731e-05
6160 7.955569410086921e-05
6222 0.00010347204034115494
6377 0.00010694056199521868
6429 5.815485137703107e-05
6467 4.669713069773751e-05
6468 4.669713069773751e-05
6481 0.00012936752625714268
6505 0.00013196715204843822
6516 9.818910047034337e-05
6540 6.040786096929821e-05
6549 0.0002059351589452662
6586 5.24803957997587e-05
6589 5.9343481706634316e-05
6613 0.00014944388948364012
6689 7.376538112671329e-05
6760 1.9892587507080337e-05
6833 2.7093186202753706e-05
6905 2.9805618738211806e-05
6929 5.904359505253569e-05
7067 3.508605365233e-05
7073 5.516600244482883e-05
7165 6.628229345501092e-05
7167 0.00011243128604527755
7171 0.00012341728754011654
7178 3.714017269315804e-05
7251 7.689695691525318e-05
7261 0.00017695423263882194
7262 0.00018418695135817993
7392 5.274239335290522e-05
7406 6.698096388147314e-05
7408 8.691610145495967e-05
7482 2.5340342303404983e-05
7496 0.00018227567001855016
7665 0.00010422176939821458
7727 0.00015342417653056774
7728 0.0001664173719040451
7775 0.00010536844412685977
7784 7.082295263288685e-05
7890 9.233159952796689e-06
7894 6.374802604546662e-05
7902 7.376538112671329e-05
7903 8.141235399539764e-05
8009 2.7093186202753706e-05
8010 3.97855428110104e-05
8011 0.0002734912621014559
8012 0.00026261715830791277
8305 0.00016251677649793962
8307 0.00023397347506023475
8447 4.100899018649567e-05
8503 7.256700694753944e-05
8520 5.874554257904601e-05
8521 6.610917985376751e-05
8571 9.496067334174995e-05
8585 0.0001431761810607271
8678 4.409901177660094e-05
8695 4.476354154013861e-05
8696 4.787143878550288e-05
8871 7.025520142447097e-05
8872 0.00010422176939821458
