50
15 6.0101372993599195e-05
53 0.00010200632301179658
509 1.4811799641107606e-05
821 0.00011243128604527755
858 0.00010815385522706535
1140 3.8493910507496085e-05
1164 8.408656954820681e-05
1165 8.433711728522342e-05
1469 6.358367031630664e-05
1706 3.382257549850835e-05
1922 7.334292682143156e-06
2371 8.858094887998e-06
2586 9.502842032885344e-06
2618 4.846937791309118e-05
2685 7.754816608258265e-05
3050 5.1064059112276297e-05
3051 7.910237522724487e-05
3067 0.00010093525951244397
3185 0.00010939812948263226
3576 5.3536945098705395e-05
3727 6.424444555902466e-05
3746 1.903006184883404e-05
3814 0.00014576429866269
4220 4.3879500470736716e-05
4670 7.541048004377448e-05
4834 1.7286007534181456e-05
5171 7.52017798211394e-05
5177 6.196989942762013e-05
5222 2.3001954162320978e-05
6159 7.101368253390731e-05
6160 7.955569410086921e-05
6222 0.00010347204034115494
6377 0.00010694056199521868
6540 6.040786096929821e-05
6549 0.0002059351589452662
6578 6.025437603138515e-05
6595 7.66818067754729e-05
6833 2.7093186202753706e-05
6999 6.309390310328486e-05
7067 3.508605365233e-05
7073 5.516600244482883e-05
7251 7.689695691525318e-05
7482 2.5340342303404983e-05
7483 2.8590308184836374e-05
7491 0.0001147195668623605
7866 5.91933076971794e-05
8447 4.100899018649567e-05
8695 4.476354154013861e-05
8696 4.787143878550288e-05
8871 7.025520142447097e-05
