444
15 6.0101372993599195e-05
33 0.00022883910672981793
58 3.9886331735258645e-05
68 3.241760820520544e-05
70 0.00011566583790554528
82 8.334256383691721e-05
94 0.00016128300357362823
107 0.0002199543170027505
138 5.5304247721948624e-05
145 5.786216925096193e-05
148 0.00010614816360120087
158 1.722259642893919e-05
160 3.6009024944890365e-05
225 4.311890533715833e-05
243 6.309390310328486e-05
245 0.00013196715204843822
267 0.00021605372159664503
295 6.969398876306011e-05
328 5.502814824397996e-05
344 9.164022082905678e-05
360 0.00020298083458234552
386 0.00012122674224136485
394 0.00018227567001855016
430 2.1595466130645556e-05
436 6.181142310095298e-05
463 2.104404381130732e-05
466 0.00013401212737453773
509 1.4811799641107606e-05
513 0.00019268344080366
521 6.165346047478709e-05
523 0.0001347133110905388
668 8.63892700805903e-05
669 0.00026261715830791277
682 0.0001228603508781383
687 0.00021605372159664503
732 0.00011614595437539213
751 0.00011614595437539213
773 0.00011110817958998604
837 0.0001128804268053397
838 0.00011614595437539213
847 0.00016508218077975113
859 0.00017065756051371745
860 0.0002537323685808453
861 7.316251041712385e-05
872 6.593667904531496e-05
891 5.757123449128065e-05
954 0.0002734912621014559
960 0.00012069415303305452
961 0.0001251273376474703
969 0.00010536844412685977
974 0.00016508218077975113
990 0.00010939812948263226
1005 0.00018825025618924418
1096 6.950834500520415e-05
1126 4.895306850942043e-05
1135 0.00010774605847492284
1139 0.0001415241100530177
1140 3.8493910507496085e-05
1145 9.920086195142229e-05
1146 0.0001504088997800851
1216 4.5550455969092306e-05
1350 6.374802604546662e-05
1365 6.733409171295719e-05
1371 0.00011519040557349246
1418 6.424444555902466e-05
1420 0.00017695423263882194
1469 6.358367031630664e-05
1497 6.663037655997976e-05
1500 0.00010310145735752775
1508 0.00011198624708459517
1510 0.00020908021320920737
1524 0.0001300045474523503
1536 0.0001475693727081854
1537 0.00019268344080366
1674 0.00014944388948364012
1706 3.382257549850835e-05
1713 4.787143878550288e-05
1721 0.0001399262151792957
1773 0.0001002340757964429
1813 0.00019041645403432799
1916 0.00014071861357331354
1922 7.334292682143156e-06
1929 4.2158123180710165e-05
1984 0.00010734164596720007
2076 7.66818067754729e-05
2078 0.0002875104201589402
2092 0.0001423431449207802
2093 0.00011811516886331826
2118 6.715720793434914e-05
2160 0.00018418695135817993
2162 0.0001263016457352357
2167 8.744869066327002e-05
2184 0.00013130412920165632
2191 0.00021244233432427055
2192 0.00030726931367955075
2226 0.0002462203859023654
2235 0.00022883910672981793
2294 8.535239208071232e-05
2298 0.00017695423263882194
2310 0.0001391464957049546
2345 0.0002875104201589402
2371 8.858094887998e-06
2384 3.364472337590274e-05
2391 2.4157123570420575e-05
2414 0.0002875104201589402
2434 0.00010536844412685977
2450 0.0001504088997800851
2468 0.00019506105515172307
2493 2.5565430128539482e-05
2514 0.00019756065060853997
2516 0.00021244233432427055
2526 8.070779096331723e-05
2527 0.0002734912621014559
2532 0.00015554326811050196
2563 2.4450245822639586e-05
2586 9.502842032885344e-06
2606 0.00013196715204843822
2607 3.3290954653437934e-05
2612 8.001326955199571e-05
2625 0.00016251677649793962
2626 0.0001287387249198448
2718 8.88061998220748e-05
2783 8.718166847460814e-05
2785 0.00010856509334268535
2794 0.00012341728754011654
2797 0.00010347204034115494
2817 0.0001275049519955334
2819 0.0001423431449207802
2862 0.00012230970742046953
2890 0.0001415241100530177
2896 0.00011379132113009053
2897 0.00013332088986277624
2938 0.00030726931367955075
2939 0.00013065000625947455
2940 7.910237522724487e-05
2945 0.0001196461249524729
2955 4.7516165565500014e-05
3076 9.818910047034337e-05
3112 0.0001440237055098346
3113 6.165346047478709e-05
3149 7.541048004377448e-05
3150 7.604199766141655e-05
3212 7.356359438910525e-05
3213 0.0001300045474523503
3226 8.164949036359771e-05
3269 0.00010310145735752775
3271 0.00020298083458234552
3307 8.408656954820681e-05
3354 0.00016508218077975113
3413 8.001326955199571e-05
3414 9.852402568908913e-05
3419 0.00011712061541501202
3421 8.586807337437805e-05
3430 0.0002059351589452662
3465 5.7716484755306535e-05
3471 0.0001804365299615294
3474 0.00011862016226846598
3475 0.000126899584862824
3476 0.00023397347506023475
3478 7.865323446718271e-05
3482 0.00014665847838343454
3485 0.0002734912621014559
3572 5.234992335902794e-05
3576 5.3536945098705395e-05
3605 5.380470086849468e-05
3607 0.0002734912621014559
3625 0.0001431761810607271
3631 0.00020019542348213994
3642 0.00013542473142615584
3723 6.859058854884968e-05
3724 5.7716484755306535e-05
3729 0.00012936752625714268
3743 3.233112827567267e-05
3746 1.903006184883404e-05
3766 5.131853189681648e-05
3774 0.0002875104201589402
3786 0.00010058340652177312
3832 3.3290954653437934e-05
3875 3.285232498188492e-05
3884 8.433711728522342e-05
3887 5.5861184383926875e-05
3932 4.895306850942043e-05
3943 7.689695691525318e-05
3969 6.0101372993599195e-05
3971 0.0002059351589452662
3973 0.00018227567001855016
3974 0.00010128967145643295
4010 0.00014071861357331354
4018 9.342327683396404e-05
4056 0.00013401212737453773
4057 0.0001664173719040451
4059 0.00021244233432427055
4112 0.00016007969731333051
4114 0.00021605372159664503
4128 0.00016128300357362823
4143 0.0001376235146469122
4144 0.00013837905578907654
4148 0.00016007969731333051
4189 4.981125419104163e-05
4220 4.3879500470736716e-05
4224 8.236790279729728e-05
4225 0.00010897983139923425
4243 0.00014665847838343454
4247 4.846937791309118e-05
4290 5.656642719180506e-05
4291 7.843020694973282e-05
4295 0.00012176521653240713
4301 0.00011154523568104574
4314 3.1644758795232604e-05
4329 3.676019862375966e-05
4345 5.131853189681648e-05
4348 8.212725328354177e-05
4375 7.541048004377448e-05
4384 0.0001753021616311125
4399 9.282164663063054e-05
4423 0.0001128804268053397
4457 0.00010058340652177312
4467 5.5861184383926875e-05
4484 0.00012176521653240713
4492 6.969398876306011e-05
4495 3.207260550754382e-05
4502 6.424444555902466e-05
4503 7.798719092134497e-05
4519 0.00010128967145643295
4546 7.625433537211054e-05
4563 4.728074758348793e-05
4564 0.0001664173719040451
4566 9.68719546813797e-05
4567 6.341986704442123e-05
4577 3.9085797470059324e-05
4652 4.476354154013861e-05
4658 8.334256383691721e-05
4676 1.811794967986411e-05
4679 0.00012122674224136485
4699 3.676019862375966e-05
4733 0.0002199543170027505
4744 0.0002875104201589402
4745 0.00030726931367955075
4759 5.0810908270240366e-05
4768 0.00012176521653240713
4769 0.00012936752625714268
4818 9.048676041112919e-05
4829 8.383730339089555e-05
4853 8.535239208071232e-05
4856 0.0002875104201589402
4911 6.341986704442123e-05
4913 6.457822376461287e-05
4914 6.542281037332744e-05
4933 2.564069103539461e-05
4948 0.00011110817958998604
4950 0.00011425323385392718
4972 4.681329625334851e-05
4974 0.00013263932032595027
4992 0.00017695423263882194
5161 5.502814824397996e-05
5162 5.6001418804450566e-05
5170 0.0001128804268053397
5171 7.52017798211394e-05
5222 2.3001954162320978e-05
5228 4.931901336427842e-05
5254 5.9796800580258657e-05
5259 0.0002462203859023654
5290 0.00013614669170503938
5334 9.719791862251607e-05
5335 9.852402568908913e-05
5379 2.541525611908456e-05
5462 0.00010654275221462514
5469 1.1433598200043818e-05
5481 6.576478670658657e-05
5552 0.00019268344080366
5566 0.00018227567001855016
5588 6.913916575845257e-05
5616 0.00013687950893562258
5622 6.733409171295719e-05
5625 0.0001347133110905388
5626 0.00016007969731333051
5636 0.00010310145735752775
5642 9.852402568908913e-05
5669 0.0001300045474523503
5677 0.0002875104201589402
5687 2.724862948448243e-05
5691 8.383730339089555e-05
5699 8.260974660633398e-05
5702 3.9886331735258645e-05
5710 0.00021244233432427055
5732 0.00022883910672981793
5797 5.544288630052885e-05
5798 0.00023397347506023475
5806 7.910237522724487e-05
5808 0.00011913044365880717
5818 0.00021244233432427055
5822 9.134928606937549e-05
5854 7.178415593526694e-05
5894 1.5848029138067838e-05
5896 1.6219082409210568e-05
6000 3.4631041686461846e-05
6001 0.00017215710736717137
6022 2.0770655001689466e-05
6030 0.0001391464957049546
6064 0.00010498321344481378
6159 7.101368253390731e-05
6229 7.458098891001271e-05
6230 0.0001239806629188251
6242 3.105201474962982e-05
6286 0.00030726931367955075
6297 9.164022082905678e-05
6302 8.509658347491132e-05
6305 0.00017215710736717137
6306 0.00011425323385392718
6308 0.0001523982138465608
6327 0.00010384546306881737
6328 9.920086195142229e-05
6408 4.3989132524856074e-05
6409 0.00010575674440844711
6410 0.00016007969731333051
6429 5.815485137703107e-05
6434 0.00014576429866269
6480 0.00014488623116808087
6560 0.0001504088997800851
6566 7.082295263288685e-05
6571 0.00014849761844045535
6586 5.24803957997587e-05
6588 6.576478670658657e-05
6590 8.691610145495967e-05
6602 0.0001300045474523503
6619 5.7716484755306535e-05
6670 0.00010734164596720007
6679 9.527405980765772e-05
6680 9.558947467904783e-05
6689 7.376538112671329e-05
6724 0.00012936752625714268
6760 1.9892587507080337e-05
6762 7.139739654402146e-05
6763 7.27647006365303e-05
6811 0.00014576429866269
6815 7.178415593526694e-05
6820 0.0002059351589452662
6833 2.7093186202753706e-05
6885 5.131853189681648e-05
6896 0.00019268344080366
6946 0.00015890538922556517
6960 3.259102983841739e-05
6965 0.00013332088986277624
6972 6.133906307779394e-05
6989 0.00015775871449691997
7047 0.0002462203859023654
7048 0.0002734912621014559
7067 3.508605365233e-05
7071 0.00022883910672981793
7073 5.516600244482883e-05
7156 0.0001475693727081854
7174 7.256700694753944e-05
7178 3.714017269315804e-05
7181 0.0001263016457352357
7316 0.00019041645403432799
7321 3.8200641252257444e-05
7335 0.000126899584862824
7346 8.070779096331723e-05
7373 7.27647006365303e-05
7374 0.00010498321344481378
7390 0.00013065000625947455
7411 0.00018825025618924418
7424 0.00017370426675739054
7449 0.00021605372159664503
7469 7.887728740211037e-05
7476 8.117636599183342e-05
7482 2.5340342303404983e-05
7483 2.8590308184836374e-05
7494 0.00010694056199521868
7577 8.853165584237468e-05
7578 8.88061998220748e-05
7620 0.0001027336712532598
7627 7.887728740211037e-05
7656 0.00016508218077975113
7702 0.0001677901789526326
7703 0.00017065756051371745
7718 9.527405980765772e-05
7719 0.00012016732165868515
7792 0.000101646679848061
7799 9.403242760948e-05
7808 4.7398314413738584e-05
7814 0.0001275049519955334
7816 0.00014071861357331354
7818 2.996997446737178e-05
7836 6.424444555902466e-05
7839 0.00010614816360120087
7858 4.509923582401553e-05
7863 7.64676023536449e-05
7877 8.853165584237468e-05
7890 9.233159952796689e-06
7893 5.131853189681648e-05
7894 6.374802604546662e-05
7897 0.00013542473142615584
7898 0.00017695423263882194
7904 6.056183085252843e-05
7938 4.907474504580058e-05
7942 9.134928606937549e-05
7943 7.64676023536449e-05
7954 0.0002734912621014559
7957 0.00011379132113009053
7991 0.00016007969731333051
7992 0.00022419450561242282
7994 0.0002462203859023654
8009 2.7093186202753706e-05
8014 0.0001804365299615294
8016 3.6571316885345003e-05
8054 2.9805618738211806e-05
8061 7.865323446718271e-05
8075 0.00020298083458234552
8088 8.509658347491132e-05
8090 9.558947467904783e-05
8137 8.63892700805903e-05
8144 1.8182537399726556e-05
8149 0.00011811516886331826
8204 5.1064059112276297e-05
8234 4.8109734749355606e-05
8301 0.00014488623116808087
8349 4.919672615455441e-05
8444 5.815485137703107e-05
8447 4.100899018649567e-05
8457 0.00016378259903044513
8468 0.00016508218077975113
8487 0.00012571095453322076
8503 7.256700694753944e-05
8520 5.874554257904601e-05
8539 7.955569410086921e-05
8633 5.949411993323993e-05
8638 6.491430390704548e-05
8639 3.69498153124238e-05
8666 0.0001128804268053397
8678 4.409901177660094e-05
8693 8.484211069037113e-05
8694 8.88061998220748e-05
8695 4.476354154013861e-05
8696 4.787143878550288e-05
8753 0.00010614816360120087
8801 0.00015890538922556517
8802 0.00016007969731333051
8818 7.139739654402146e-05
8819 7.139739654402146e-05
8861 0.00015775871449691997
8862 0.0002537323685808453
8866 3.8493910507496085e-05
8879 0.0001196461249524729
