348
15 6.0101372993599195e-05
53 0.00010200632301179658
55 0.00019756065060853997
68 3.241760820520544e-05
77 8.691610145495967e-05
79 0.00013130412920165632
82 8.334256383691721e-05
91 0.00015663840245623315
92 0.00010774605847492284
93 0.00010982004923951138
102 0.00013687950893562258
132 8.334256383691721e-05
145 5.786216925096193e-05
146 0.000101646679848061
158 1.722259642893919e-05
160 3.6009024944890365e-05
163 4.4209139343250144e-05
168 0.00014488623116808087
216 0.00013837905578907654
217 0.0001399262151792957
255 0.00016508218077975113
256 0.00019506105515172307
342 0.0001804365299615294
378 7.955569410086921e-05
393 0.00015139340654708521
430 2.1595466130645556e-05
436 6.181142310095298e-05
443 5.859719717528758e-05
449 6.628229345501092e-05
463 2.104404381130732e-05
466 0.00013401212737453773
480 6.877276232176413e-05
492 0.00018617626542465564
494 0.00010815385522706535
509 1.4811799641107606e-05
521 6.165346047478709e-05
605 0.0001677901789526326
668 8.63892700805903e-05
706 6.525271795805037e-05
707 9.496067334174995e-05
709 0.00017370426675739054
723 6.212889280683989e-05
726 6.4078409870285e-05
785 9.134928606937549e-05
789 0.00026261715830791277
858 0.00010815385522706535
861 7.316251041712385e-05
872 6.593667904531496e-05
891 5.757123449128065e-05
960 0.00012069415303305452
961 0.0001251273376474703
1041 0.00010734164596720007
1042 0.00021605372159664503
1083 7.178415593526694e-05
1109 0.00016378259903044513
1216 4.5550455969092306e-05
1234 2.8271279696782107e-05
1239 0.00013196715204843822
1240 0.00014576429866269
1254 8.96392359620217e-05
1306 4.5550455969092306e-05
1310 8.285279662389543e-05
1380 0.00015890538922556517
1391 6.491430390704548e-05
1418 6.424444555902466e-05
1419 0.0002537323685808453
1431 0.0001677901789526326
1469 6.358367031630664e-05
1477 0.00016378259903044513
1511 9.312153328472917e-05
1512 0.0001275049519955334
1539 0.00011198624708459517
1573 0.0001347133110905388
1671 7.64676023536449e-05
1682 0.00015447220461114937
1686 0.00017215710736717137
1706 3.382257549850835e-05
1729 0.00010200632301179658
1742 0.00015775871449691997
1773 0.0001002340757964429
1848 6.508321716976057e-05
1922 7.334292682143156e-06
1957 8.88061998220748e-05
2004 7.217400943451535e-05
2040 4.7398314413738584e-05
2042 8.383730339089555e-05
2087 0.0001753021616311125
2253 0.00015342417653056774
2278 0.00013837905578907654
2292 0.00018418695135817993
2293 0.00018617626542465564
2371 8.858094887998e-06
2373 4.532432364915004e-05
2374 8.586807337437805e-05
2409 0.00021605372159664503
2493 2.5565430128539482e-05
2550 5.3403616896513294e-05
2570 0.0002875104201589402
2582 7.458098891001271e-05
2586 9.502842032885344e-06
2587 0.00014944388948364012
2607 3.3290954653437934e-05
2612 8.001326955199571e-05
2618 4.846937791309118e-05
2685 7.754816608258265e-05
2718 8.88061998220748e-05
2823 0.00016508218077975113
2839 0.0001391464957049546
2896 0.00011379132113009053
2897 0.00013332088986277624
2909 0.00018825025618924418
2917 0.0002199543170027505
2920 0.0001399262151792957
2922 0.00015663840245623315
2936 0.0002537323685808453
2955 4.7516165565500014e-05
2976 5.461691012835996e-05
3050 5.1064059112276297e-05
3051 7.910237522724487e-05
3067 0.00010093525951244397
3113 6.165346047478709e-05
3147 0.00012936752625714268
3212 7.356359438910525e-05
3214 8.001326955199571e-05
3228 4.566391685271689e-05
3229 4.669713069773751e-05
3230 4.692973938522239e-05
3278 0.0001753021616311125
3345 0.00011110817958998604
3368 0.00010058340652177312
3370 0.00011811516886331826
3409 8.458895984833521e-05
3413 8.001326955199571e-05
3414 9.852402568908913e-05
3419 0.00011712061541501202
3478 7.865323446718271e-05
3479 0.0001245506276326127
3545 6.071628875522179e-05
3558 0.00016007969731333051
3576 5.3536945098705395e-05
3605 5.380470086849468e-05
3654 6.663037655997976e-05
3664 0.0001431761810607271
3727 6.424444555902466e-05
3731 5.3138049876864844e-05
3732 0.00010654275221462514
3733 0.0001128804268053397
3746 1.903006184883404e-05
3826 0.0002875104201589402
3872 9.164022082905678e-05
3882 0.00012016732165868515
3884 8.433711728522342e-05
3891 8.334256383691721e-05
3897 0.00017370426675739054
3898 0.0001753021616311125
3969 6.0101372993599195e-05
3970 6.663037655997976e-05
3974 0.00010128967145643295
4105 9.988723143186235e-05
4189 4.981125419104163e-05
4220 4.3879500470736716e-05
4247 4.846937791309118e-05
4250 8.612797493712278e-05
4314 3.1644758795232604e-05
4329 3.676019862375966e-05
4332 8.117636599183342e-05
4381 4.3226837668107787e-05
4399 9.282164663063054e-05
4432 6.4078409870285e-05
4435 0.00010856509334268535
4436 0.0001128804268053397
4453 3.6854914742017664e-05
4481 9.282164663063054e-05
4516 0.00011663084820199027
4563 4.728074758348793e-05
4567 6.341986704442123e-05
4577 3.9085797470059324e-05
4652 4.476354154013861e-05
4670 7.541048004377448e-05
4676 1.811794967986411e-05
4699 3.676019862375966e-05
4712 8.484211069037113e-05
4718 0.0001147195668623605
4748 0.00026261715830791277
4797 9.988723143186235e-05
4821 8.691610145495967e-05
4829 8.383730339089555e-05
4834 1.7286007534181456e-05
4933 2.564069103539461e-05
4942 6.804811807694473e-05
4948 0.00011110817958998604
4950 0.00011425323385392718
4986 0.0002734912621014559
5033 0.0001347133110905388
5036 0.0001677901789526326
5170 0.0001128804268053397
5171 7.52017798211394e-05
5177 6.196989942762013e-05
5180 0.00010982004923951138
5192 8.001326955199571e-05
5217 7.159039254876493e-05
5222 2.3001954162320978e-05
5228 4.931901336427842e-05
5233 0.0001431761810607271
5237 0.0001786642827461757
5283 0.00030726931367955075
5355 0.00015447220461114937
5359 0.00014071861357331354
5366 0.00013542473142615584
5369 7.562007790453742e-05
5370 0.00011154523568104574
5379 2.541525611908456e-05
5380 3.8298201700263376e-05
5385 0.00011519040557349246
5395 3.215862746722012e-05
5427 3.490353872923123e-05
5428 0.0002059351589452662
5434 7.159039254876493e-05
5466 0.00015447220461114937
5469 1.1433598200043818e-05
5554 0.0001440237055098346
5555 0.0001440237055098346
5588 6.913916575845257e-05
5593 0.0002059351589452662
5622 6.733409171295719e-05
5625 0.0001347133110905388
5687 2.724862948448243e-05
5699 8.260974660633398e-05
5700 0.00010575674440844711
5701 0.00010575674440844711
5705 0.00011566583790554528
5810 5.261121850249547e-05
5854 7.178415593526694e-05
5858 6.663037655997976e-05
5894 1.5848029138067838e-05
5896 1.6219082409210568e-05
5959 0.00019756065060853997
5975 0.00010460100421098168
5998 0.00014488623116808087
5999 0.0001804365299615294
6022 2.0770655001689466e-05
6106 7.217400943451535e-05
6159 7.101368253390731e-05
6160 7.955569410086921e-05
6189 0.0002875104201589402
6208 0.0001228603508781383
6218 9.464928935894339e-05
6222 0.00010347204034115494
6345 0.0001251273376474703
6348 9.590694438493474e-05
6377 0.00010694056199521868
6429 5.815485137703107e-05
6467 4.669713069773751e-05
6468 4.669713069773751e-05
6506 8.88061998220748e-05
6528 0.00011913044365880717
6536 7.499396958083494e-05
6540 6.040786096929821e-05
6549 0.0002059351589452662
6565 0.00011333374567896404
6578 6.025437603138515e-05
6586 5.24803957997587e-05
6613 0.00014944388948364012
6661 5.889434094657216e-05
6760 1.9892587507080337e-05
6762 7.139739654402146e-05
6763 7.27647006365303e-05
6848 0.00012122674224136485
6905 2.9805618738211806e-05
6908 8.935997200289977e-05
6910 0.0002462203859023654
6929 5.904359505253569e-05
6934 0.00010200632301179658
6960 3.259102983841739e-05
6961 0.0001423431449207802
6962 0.00010460100421098168
6972 6.133906307779394e-05
6992 4.787143878550288e-05
6995 7.843020694973282e-05
6998 0.00016251677649793962
6999 6.309390310328486e-05
7067 3.508605365233e-05
7073 5.516600244482883e-05
7129 0.0002462203859023654
7139 6.196989942762013e-05
7142 0.00015139340654708521
7143 0.0001523982138465608
7174 7.256700694753944e-05
7251 7.689695691525318e-05
7261 0.00017695423263882194
7262 0.00018418695135817993
7344 8.96392359620217e-05
7345 0.00011425323385392718
7392 5.274239335290522e-05
7406 6.698096388147314e-05
7408 8.691610145495967e-05
7444 9.886126874785542e-05
7447 0.00012176521653240713
7482 2.5340342303404983e-05
7483 2.8590308184836374e-05
7491 0.0001147195668623605
7552 0.000126899584862824
7677 6.988034244141115e-05
7701 0.00011425323385392718
7727 0.00015342417653056774
7728 0.0001664173719040451
7775 0.00010536844412685977
7784 7.082295263288685e-05
7866 5.91933076971794e-05
7890 9.233159952796689e-06
7893 5.131853189681648e-05
7933 0.00017370426675739054
7981 6.950834500520415e-05
7987 7.843020694973282e-05
7995 9.134928606937549e-05
8007 0.00019756065060853997
8009 2.7093186202753706e-05
8010 3.97855428110104e-05
8011 0.0002734912621014559
8042 6.663037655997976e-05
8054 2.9805618738211806e-05
8204 5.1064059112276297e-05
8234 4.8109734749355606e-05
8289 0.00023397347506023475
8302 0.00020908021320920737
8341 0.00020908021320920737
8349 4.919672615455441e-05
8444 5.815485137703107e-05
8447 4.100899018649567e-05
8457 0.00016378259903044513
8474 8.408656954820681e-05
8503 7.256700694753944e-05
8513 4.3335009582674306e-05
8520 5.874554257904601e-05
8521 6.610917985376751e-05
8530 0.0001147195668623605
8639 3.69498153124238e-05
8652 0.00010982004923951138
8653 0.0002537323685808453
8666 0.0001128804268053397
8685 0.00012571095453322076
8695 4.476354154013861e-05
8696 4.787143878550288e-05
8697 0.0001376235146469122
8813 4.431951634967444e-05
8845 0.0001431761810607271
8871 7.025520142447097e-05
8906 0.00020019542348213994
