169
70 0.004541030605348985
130 0.0046570171195443565
131 0.005943691802412439
145 0.002271663666804285
203 0.007083922268798018
225 0.0016928444245143397
230 0.008984203168176818
281 0.005757798939881801
393 0.005943691802412439
599 0.006380394326650388
626 0.0052074080297130785
707 0.0037281476688179544
752 0.009961510435209223
920 0.007859654687545512
1102 0.007480902387716703
1106 0.008340467328184577
1110 0.019406423503984308
1111 0.008208470749429321
1139 0.0015112675349903308
1176 0.004062303187314418
1309 0.0032527934956482645
1364 0.005287061016263212
1417 0.0025222312723437346
1439 0.01273833248172167
1440 0.008984203168176818
1451 0.008340467328184577
1457 0.007014343999268361
1621 0.0044494728700040865
1632 0.007231163482396915
1648 0.006866455781419052
1701 0.009185778016461728
1712 0.0056382854069127976
1716 0.01473746475481395
1721 0.009560930930209948
1921 0.00028794368450775243
1947 0.005983140448460572
1952 0.010059797602517143
1956 0.0034865235806798706
1960 0.005983140448460572
2025 0.003350927393054221
2211 0.0069472075827188605
2310 0.008208470749429321
2398 0.004982066521134307
2438 0.006481200755290961
2492 0.0010036965343856558
2599 0.005830003416481665
2646 0.007390688472064072
2649 0.022974239517781797
2650 0.007390688472064072
2666 0.0032817087797997547
2686 0.007475733208607626
2737 0.009961510435209223
2818 0.0055883793283435824
2962 0.003340884369728677
3055 0.007564734909437084
3078 0.0046570171195443565
3133 0.004823486550775192
3141 0.006430090407750339
3146 0.005078957682835487
3327 0.019290271223251016
3408 0.003320955110873848
3582 0.0045789168245644815
3591 0.012063366182872935
3604 0.002112367815594822
3630 0.007859654687545512
3819 0.0025222312723437346
3971 0.008084996196124284
4022 0.017601461802795607
4023 0.014167844537596036
4125 0.006481111872727498
4151 0.007390688472064072
4152 0.009961510435209223
4158 0.004522365173880902
4265 0.018822239050081003
4337 0.004935400999119222
4360 0.0069472075827188605
4383 0.004828655729884269
4534 0.00223198123428916
4546 0.007156126745397882
4659 0.0032720217132802035
4724 0.0035750106368390468
4915 0.00770548131339772
5032 0.002714397556120393
5126 0.009185778016461728
5129 0.009666590657100795
5163 0.0021986107682170197
5178 0.0024329327916253335
5223 0.0009030546938088306
5298 0.016668672274790665
5345 0.012063366182872935
5356 0.006064565143147856
5438 0.005129307734733204
5441 0.006742345990418125
5463 0.004182859064919556
5467 0.006064565143147856
5481 0.020647042261539312
5603 0.007390688472064072
5613 0.005556224091596888
5623 0.015861183048789636
5703 0.0015659338697120047
5717 0.006193593231702867
5730 0.0035750106368390468
5808 0.008984203168176818
5817 0.012063366182872935
5823 0.0035863649226884333
5869 0.0056979485983830085
5873 0.005154988543811283
5921 0.017968406336353635
5939 0.004647848089843726
5988 0.0030617702444538613
6002 0.0067588728672080675
6005 0.008084996196124284
6039 0.0045789168245644815
6046 0.006642886353012696
6058 0.008656469320173256
6088 0.004018983792120395
6161 0.00312334954108787
6165 0.010207934157668247
6228 0.012410267498571466
6329 0.0038946171000487904
6409 0.001727009467231354
6471 0.009917182967334102
6477 0.008460201525361343
6479 0.006642886353012696
6482 0.005078957682835487
6626 0.0046371911229510674
6707 0.006211104564098734
6713 0.002365581494236584
6761 0.0015619624657541846
6823 0.006701854786108442
7000 0.0024770610769007696
7105 0.0069472075827188605
7140 0.0024329327916253335
7253 0.007231163482396915
7289 0.010737242853956717
7447 0.01221323000353122
7484 0.001122452980366792
7503 0.0038031844058169866
7513 0.008208470749429321
7606 0.007083922268798018
7639 0.009185778016461728
7667 0.0058671539342652025
7695 0.002671563120271945
7699 0.011810080306961396
7825 0.012063366182872935
7996 0.0035863649226884333
8008 0.007756213736666556
8043 0.002615902713227047
8062 0.0061758381107624
8072 0.005373877460943914
8078 0.005103967078834123
8345 0.0073092637773767895
8347 0.005493490879638253
8350 0.0038629182686289775
8351 0.007390688472064072
8379 0.007859654687545512
8438 0.003311067794034851
8496 0.006023419653041497
8549 0.013285772706025392
8601 0.009874335433740014
8684 0.0073092637773767895
8697 0.0018794284689709327
8723 0.0028335452514555103
8747 0.0046371911229510674
8764 0.0025684937711325734
8766 0.0061496098796914095
8785 0.010310326497093033
8867 0.0015112675349903308
8888 0.008208470749429321
