163
46 0.011920436380504995
74 0.004795807575001228
134 0.004847829100922061
161 0.0062564494293622964
423 0.0030430876480562084
459 0.003099373968667316
536 0.012022926318563238
652 0.011724202517066008
707 0.0033450178688603774
825 0.006558114140176012
855 0.0033340492757585115
861 0.007731513353803253
961 0.004407647561716424
969 0.0037116346800734157
1035 0.005517634160829841
1092 0.005769290603001292
1134 0.00759077370062065
1164 0.00297079995749372
1193 0.0036188240245417047
1309 0.0029185143221824345
1364 0.0023718633412880413
1482 0.013742166984285818
1520 0.003913818563264646
1525 0.011538581206002584
1542 0.005862101258533004
1564 0.005404412099764505
1568 0.0034943797696089934
1609 0.003378350546871693
1758 0.004901476560168203
1847 0.011462878091243207
1878 0.010823652662103382
1881 0.0033450178688603774
2053 0.0054413291995832535
2064 0.0056812416120481215
2084 0.004041030750503386
2117 0.0023656325577506698
2237 0.004196405193230393
2238 0.03966882805544782
2283 0.0054413291995832535
2362 0.032470957986310146
2416 0.0030430876480562084
2523 0.0059602181902524975
2525 0.0028429558619173243
2655 0.006707476040924628
2681 0.01080882419952901
2684 0.0027316571388457567
2743 0.0026490049872173686
2896 0.004696267867419216
2912 0.005769290603001292
3050 0.00835921385010126
3213 0.00281849113931773
3307 0.004428205639525942
3383 0.01926762156401719
3544 0.002138749270302516
3585 0.0021941275882583055
3599 0.0105923251007656
3653 0.0023470747664132
3680 0.027209158493730987
3740 0.005769290603001292
3741 0.009250767252332483
3755 0.008241785018722577
3760 0.0037391005296992176
3786 0.00354308031194483
3892 0.007827637126529292
3901 0.003657987220827274
3903 0.00642071451069296
3943 0.00270871810288038
4237 0.016483570037445154
4282 0.020538362524614915
4346 0.001807710499068887
4377 0.010207320886718867
4468 0.001967726779563463
4668 0.007610556390787748
4802 0.004745316317940244
4859 0.010127639780460374
4915 0.002304537889514206
4943 0.0023970151316273967
5017 0.002859461556202448
5032 0.0024354476096416174
5045 0.00354308031194483
5052 0.004512992205081801
5057 0.004795807575001228
5115 0.009250767252332483
5171 0.003976246496795207
5172 0.005298009974434737
5174 0.008443968901913807
5187 0.0056388547923177925
5221 0.009633810782008595
5255 0.002106360026763894
5298 0.004985228730405113
5303 0.007483344203549008
5304 0.022070536643319365
5330 0.005230872630598174
5368 0.007610556390787748
5381 0.0026981310162272508
5386 0.0040576161836797025
5431 0.0022688982914139083
5435 0.005043585599957257
5463 0.0037530000305799967
5493 0.01579463584203883
5693 0.008443968901913807
5795 0.007610556390787748
5807 0.0027864046167004196
5811 0.0018532457679614211
5897 0.0011426439717856487
5942 0.0057247016290499515
5976 0.011053804144603977
5990 0.009250453750554631
6006 0.003838846867312156
6031 0.004901476560168203
6034 0.0040576161836797025
6115 0.0037116346800734157
6133 0.005815068755372102
6300 0.0050434234213960465
6309 0.010736544520162448
6349 0.003378350546871693
6350 0.010736544520162448
6384 0.010823652662103382
6388 0.0033671675823702535
6681 0.0033671675823702535
6700 0.008673186083643794
6728 0.0030338834491685303
6729 0.01342422800009242
6756 0.0055974894418112115
6761 0.00840866750338814
6763 0.0025149944584992854
6764 0.0025631581504852096
6784 0.007610556390787748
6806 0.01758630377559901
6823 0.009019689939406815
6852 0.004491399731953334
6886 0.009038552495344436
6891 0.008060925372237696
6987 0.008241785018722577
6996 0.002762727289865687
7074 0.003886477579354265
7181 0.004491399731953334
7227 0.008060925372237696
7409 0.012246581757574712
7455 0.005264205308609489
7481 0.006518342064256437
7635 0.03921181248134562
7636 0.009250767252332483
7642 0.010127639780460374
7661 0.004196405193230393
7680 0.002909952813263432
7704 0.006011463159281619
7840 0.007478201059398435
7940 0.010127639780460374
8011 0.0014014575396510856
8043 0.0023470747664132
8187 0.006518342064256437
8463 0.008443968901913807
8583 0.003795386850310325
8640 0.001301568197882691
8653 0.003868443789812353
8671 0.0037530000305799967
8690 0.005368272260081224
8695 0.0031282247146811482
8697 0.0016862856223573187
8724 0.0036980648150995265
8814 0.0031223362032276564
8820 0.0025149944584992854
