74
68 3.241760820520544e-05
74 0.00013614669170503938
328 5.502814824397996e-05
430 2.1595466130645556e-05
535 8.236790279729728e-05
537 0.00017215710736717137
645 6.341986704442123e-05
651 0.00012571095453322076
652 0.0001664173719040451
668 8.63892700805903e-05
706 6.525271795805037e-05
708 9.654815662959692e-05
727 0.00021605372159664503
861 7.316251041712385e-05
1391 6.491430390704548e-05
1759 0.0001391464957049546
1773 0.0001002340757964429
1848 6.508321716976057e-05
1922 7.334292682143156e-06
2238 0.00011913044365880717
2239 0.0001251273376474703
2371 8.858094887998e-06
2391 2.4157123570420575e-05
2451 0.00014576429866269
2550 5.3403616896513294e-05
2667 8.358930576913648e-05
3576 5.3536945098705395e-05
3681 0.0001287387249198448
3719 2.489326185102742e-05
3819 6.424444555902466e-05
3932 4.895306850942043e-05
3943 7.689695691525318e-05
4189 4.981125419104163e-05
4281 0.00014576429866269
4699 3.676019862375966e-05
4712 8.484211069037113e-05
4718 0.0001147195668623605
4829 8.383730339089555e-05
4933 2.564069103539461e-05
5303 0.00015663840245623315
5329 0.00014849761844045535
5430 6.441104889224853e-05
5434 7.159039254876493e-05
5687 2.724862948448243e-05
5969 0.00018617626542465564
5975 0.00010460100421098168
6348 9.590694438493474e-05
6408 4.3989132524856074e-05
6417 9.954283828468142e-05
6452 8.63892700805903e-05
6560 0.0001504088997800851
6725 8.458895984833521e-05
6727 8.612797493712278e-05
6728 9.527405980765772e-05
6789 4.7516165565500014e-05
6805 0.0001664173719040451
6885 5.131853189681648e-05
7067 3.508605365233e-05
7073 5.516600244482883e-05
7627 7.887728740211037e-05
7634 0.0001391464957049546
7677 6.988034244141115e-05
7681 0.00017215710736717137
7682 0.00018418695135817993
7702 0.0001677901789526326
7703 0.00017065756051371745
7836 6.424444555902466e-05
7839 0.00010614816360120087
7890 9.233159952796689e-06
7893 5.131853189681648e-05
8144 1.8182537399726556e-05
8186 9.252359415714085e-05
8447 4.100899018649567e-05
8813 4.431951634967444e-05
