284
14 0.0001275049519955334
82 8.334256383691721e-05
97 8.612797493712278e-05
138 5.5304247721948624e-05
139 0.00010897983139923425
141 0.00012571095453322076
148 0.00010614816360120087
158 1.722259642893919e-05
160 3.6009024944890365e-05
163 4.4209139343250144e-05
171 0.00015139340654708521
225 4.311890533715833e-05
268 0.00015342417653056774
276 4.8109734749355606e-05
277 5.502814824397996e-05
370 0.0001347133110905388
401 0.00010939812948263226
430 2.1595466130645556e-05
443 5.859719717528758e-05
459 8.798716495431228e-05
463 2.104404381130732e-05
483 0.0001523982138465608
509 1.4811799641107606e-05
549 6.786862826996617e-05
645 6.341986704442123e-05
647 0.00017215710736717137
648 0.00018227567001855016
649 0.00018617626542465564
704 0.0002537323685808453
706 6.525271795805037e-05
708 9.654815662959692e-05
723 6.212889280683989e-05
726 6.4078409870285e-05
849 0.00014576429866269
858 0.00010815385522706535
861 7.316251041712385e-05
862 0.00023397347506023475
872 6.593667904531496e-05
873 0.00020908021320920737
875 0.00022419450561242282
878 0.0001440237055098346
891 5.757123449128065e-05
959 0.00019506105515172307
1083 7.178415593526694e-05
1093 0.00016378259903044513
1101 0.0002462203859023654
1126 4.895306850942043e-05
1130 8.665197383001834e-05
1173 9.077257605451787e-05
1350 6.374802604546662e-05
1365 6.733409171295719e-05
1469 6.358367031630664e-05
1541 0.00014488623116808087
1544 0.00026261715830791277
1566 0.00016920278300425065
1573 0.0001347133110905388
1665 0.00013263932032595027
1667 0.0001376235146469122
1798 0.00010498321344481378
1800 0.00011333374567896404
1804 0.00019268344080366
1922 7.334292682143156e-06
2029 0.00012122674224136485
2030 0.0001228603508781383
2073 0.00010939812948263226
2079 0.00017215710736717137
2087 0.0001753021616311125
2118 6.715720793434914e-05
2148 8.383730339089555e-05
2149 8.408656954820681e-05
2151 0.00011566583790554528
2253 0.00015342417653056774
2299 0.00010982004923951138
2300 0.00011024565393173974
2371 8.858094887998e-06
2433 0.00018617626542465564
2563 2.4450245822639586e-05
2564 4.692973938522239e-05
2580 8.992010952057247e-05
2586 9.502842032885344e-06
2618 4.846937791309118e-05
2620 0.00010347204034115494
2644 0.00026261715830791277
2685 7.754816608258265e-05
2762 0.00010200632301179658
2766 0.0002462203859023654
2772 0.00011067500849334801
2858 0.00020019542348213994
2860 0.00026261715830791277
2877 0.00014944388948364012
2909 0.00018825025618924418
2929 0.0001251273376474703
2930 0.0001523982138465608
3031 8.691610145495967e-05
3035 0.00018418695135817993
3067 0.00010093525951244397
3075 0.00016128300357362823
3131 0.00019268344080366
3149 7.541048004377448e-05
3150 7.604199766141655e-05
3321 0.00011761535496899039
3372 6.542281037332744e-05
3375 0.00010236864012694453
3413 8.001326955199571e-05
3414 9.852402568908913e-05
3415 0.00015663840245623315
3419 0.00011712061541501202
3465 5.7716484755306535e-05
3508 0.00018227567001855016
3576 5.3536945098705395e-05
3654 6.663037655997976e-05
3657 4.716346370617082e-05
3661 0.0002537323685808453
3691 0.00011425323385392718
3743 3.233112827567267e-05
3746 1.903006184883404e-05
3814 0.00014576429866269
3832 3.3290954653437934e-05
3884 8.433711728522342e-05
3969 6.0101372993599195e-05
3970 6.663037655997976e-05
3986 0.0001504088997800851
4002 0.0001263016457352357
4003 0.0001300045474523503
4046 9.312153328472917e-05
4099 0.0001147195668623605
4149 0.00023397347506023475
4220 4.3879500470736716e-05
4286 0.0001228603508781383
4288 0.0001423431449207802
4298 0.00011614595437539213
4345 5.131853189681648e-05
4348 8.212725328354177e-05
4375 7.541048004377448e-05
4381 4.3226837668107787e-05
4382 6.14960082295629e-05
4402 6.950834500520415e-05
4453 3.6854914742017664e-05
4472 0.00021605372159664503
4485 7.159039254876493e-05
4495 3.207260550754382e-05
4516 0.00011663084820199027
4519 0.00010128967145643295
4533 5.685140711216779e-05
4569 0.00010422176939821458
4572 0.00013401212737453773
4628 0.00011566583790554528
4670 7.541048004377448e-05
4676 1.811794967986411e-05
4683 0.00017695423263882194
4699 3.676019862375966e-05
4712 8.484211069037113e-05
4718 0.0001147195668623605
4759 5.0810908270240366e-05
4762 0.0001399262151792957
4763 0.00015890538922556517
4834 1.7286007534181456e-05
4839 3.088397517794058e-05
4846 4.681329625334851e-05
4911 6.341986704442123e-05
4913 6.457822376461287e-05
4914 6.542281037332744e-05
4923 8.188778632745044e-05
4933 2.564069103539461e-05
4935 0.00011862016226846598
4981 0.00016508218077975113
5007 0.00018617626542465564
5140 0.0001504088997800851
5177 6.196989942762013e-05
5192 8.001326955199571e-05
5217 7.159039254876493e-05
5222 2.3001954162320978e-05
5228 4.931901336427842e-05
5281 0.00023397347506023475
5369 7.562007790453742e-05
5370 0.00011154523568104574
5379 2.541525611908456e-05
5380 3.8298201700263376e-05
5395 3.215862746722012e-05
5408 0.00010774605847492284
5427 3.490353872923123e-05
5434 7.159039254876493e-05
5443 0.00011712061541501202
5469 1.1433598200043818e-05
5482 0.00013196715204843822
5524 0.00020298083458234552
5526 0.00021605372159664503
5558 9.68719546813797e-05
5561 0.00016007969731333051
5644 7.711306116076915e-05
5654 0.00019506105515172307
5687 2.724862948448243e-05
5702 3.9886331735258645e-05
5729 9.106007793564448e-05
5731 0.0001415241100530177
5797 5.544288630052885e-05
5822 9.134928606937549e-05
5834 6.804811807694473e-05
5862 6.610917985376751e-05
5894 1.5848029138067838e-05
5896 1.6219082409210568e-05
5981 0.0001664173719040451
6022 2.0770655001689466e-05
6084 7.843020694973282e-05
6087 0.00010236864012694453
6131 0.00016378259903044513
6132 0.00016508218077975113
6159 7.101368253390731e-05
6160 7.955569410086921e-05
6242 3.105201474962982e-05
6249 0.00010897983139923425
6292 8.853165584237468e-05
6352 0.00011519040557349246
6377 0.00010694056199521868
6384 0.00015663840245623315
6452 8.63892700805903e-05
6490 2.724862948448243e-05
6507 6.212889280683989e-05
6568 3.9584588186023764e-05
6569 4.981125419104163e-05
6578 6.025437603138515e-05
6581 0.00017370426675739054
6653 0.0001423431449207802
6661 5.889434094657216e-05
6675 5.7716484755306535e-05
6682 6.698096388147314e-05
6687 6.196989942762013e-05
6748 0.00012016732165868515
6760 1.9892587507080337e-05
6762 7.139739654402146e-05
6763 7.27647006365303e-05
6789 4.7516165565500014e-05
6790 0.00030726931367955075
6815 7.178415593526694e-05
6822 8.535239208071232e-05
6905 2.9805618738211806e-05
6929 5.904359505253569e-05
6934 0.00010200632301179658
6960 3.259102983841739e-05
6972 6.133906307779394e-05
6974 0.00019041645403432799
7067 3.508605365233e-05
7073 5.516600244482883e-05
7251 7.689695691525318e-05
7296 0.00018825025618924418
7301 0.00011024565393173974
7302 0.00011811516886331826
7321 3.8200641252257444e-05
7392 5.274239335290522e-05
7454 0.00014944388948364012
7482 2.5340342303404983e-05
7483 2.8590308184836374e-05
7502 9.68719546813797e-05
7552 0.000126899584862824
7577 8.853165584237468e-05
7578 8.88061998220748e-05
7665 0.00010422176939821458
7694 6.804811807694473e-05
7724 9.920086195142229e-05
7784 7.082295263288685e-05
7818 2.996997446737178e-05
7890 9.233159952796689e-06
7904 6.056183085252843e-05
7981 6.950834500520415e-05
7987 7.843020694973282e-05
8009 2.7093186202753706e-05
8010 3.97855428110104e-05
8054 2.9805618738211806e-05
8137 8.63892700805903e-05
8234 4.8109734749355606e-05
8349 4.919672615455441e-05
8362 0.00030726931367955075
8447 4.100899018649567e-05
8520 5.874554257904601e-05
8521 6.610917985376751e-05
8639 3.69498153124238e-05
8659 0.00012936752625714268
8670 0.00010654275221462514
8678 4.409901177660094e-05
8695 4.476354154013861e-05
8696 4.787143878550288e-05
8813 4.431951634967444e-05
8871 7.025520142447097e-05
8872 0.00010422176939821458
