32
136 0.06054610406114885
145 0.015626292495896144
163 0.011939146964455917
375 0.02250754330044261
459 0.02376186709311609
521 0.01665017090155462
668 0.0233303386350976
861 0.01975831190416387
961 0.03379196463982592
1164 0.022776133007451852
1222 0.040103356834586004
1468 0.01717144454117954
1921 0.0019807035267654484
2004 0.04974163971224544
2292 0.05027887507468276
2829 0.022375276470065333
2954 0.012832244470295033
3506 0.024669843559099222
3604 0.01453053012545529
4221 0.011850124490763806
4349 0.02217933579584619
5045 0.027163615724910366
5812 0.027843642059705673
5897 0.00438013522517832
6349 0.025900687526016316
6430 0.01570533440824548
6537 0.02025291687589094
6764 0.039301758307439885
7904 0.02198626966081769
8033 0.016355364744173737
8448 0.011074912743698467
8872 0.018973162275602588
