108
138 5.5304247721948624e-05
139 0.00010897983139923425
158 1.722259642893919e-05
339 0.0001523982138465608
377 0.00011913044365880717
458 0.00011198624708459517
473 4.858985121920245e-05
509 1.4811799641107606e-05
645 6.341986704442123e-05
753 9.752607762356147e-05
754 0.00023971321052336105
773 0.00011110817958998604
775 0.00016251677649793962
941 9.719791862251607e-05
1381 0.00014665847838343454
1438 0.00014071861357331354
1497 6.663037655997976e-05
1540 0.00016007969731333051
1548 0.0001753021616311125
1888 6.071628875522179e-05
1922 7.334292682143156e-06
2044 0.00010536844412685977
2118 6.715720793434914e-05
2321 8.691610145495967e-05
2326 0.00011913044365880717
2371 8.858094887998e-06
2391 2.4157123570420575e-05
2392 0.0001281179340087181
2402 8.825864993225359e-05
2439 5.502814824397996e-05
2441 0.0001431761810607271
2493 2.5565430128539482e-05
2526 8.070779096331723e-05
2586 9.502842032885344e-06
2716 0.0001523982138465608
2742 0.0001677901789526326
2744 7.52017798211394e-05
2865 0.0002734912621014559
3228 4.566391685271689e-05
3229 4.669713069773751e-05
3230 4.692973938522239e-05
3513 6.056183085252843e-05
3832 3.3290954653437934e-05
3835 0.00011811516886331826
4256 0.00020298083458234552
4340 0.00012936752625714268
4356 0.00014944388948364012
4381 4.3226837668107787e-05
4382 6.14960082295629e-05
4392 8.334256383691721e-05
4509 0.0001281179340087181
4513 9.19329029551259e-05
4563 4.728074758348793e-05
4658 8.334256383691721e-05
4926 0.00010236864012694453
4927 0.00010236864012694453
4933 2.564069103539461e-05
4936 0.00019506105515172307
5177 6.196989942762013e-05
5179 0.00013687950893562258
5222 2.3001954162320978e-05
5228 4.931901336427842e-05
5395 3.215862746722012e-05
5550 4.944160821510571e-05
5687 2.724862948448243e-05
5691 8.383730339089555e-05
5834 6.804811807694473e-05
5862 6.610917985376751e-05
5931 0.00014665847838343454
5934 5.434466680855229e-05
5938 5.91933076971794e-05
5963 0.0002734912621014559
5984 3.088397517794058e-05
6175 0.00015139340654708521
6177 0.00015447220461114937
6211 7.356359438910525e-05
6356 6.733409171295719e-05
6380 0.00011067500849334801
6490 2.724862948448243e-05
6507 6.212889280683989e-05
6760 1.9892587507080337e-05
7236 0.00010536844412685977
7237 0.00010536844412685977
7301 0.00011024565393173974
7302 0.00011811516886331826
7346 8.070779096331723e-05
7503 3.173002815645075e-05
7514 0.00022883910672981793
7515 0.00023397347506023475
7516 0.0002734912621014559
7590 0.0001239806629188251
7593 0.0002199543170027505
7693 0.00014576429866269
7858 4.509923582401553e-05
7861 0.00013263932032595027
7890 9.233159952796689e-06
7960 9.954283828468142e-05
7961 0.0001523982138465608
8088 8.509658347491132e-05
8090 9.558947467904783e-05
8144 1.8182537399726556e-05
8170 0.00011425323385392718
8173 0.00026261715830791277
8513 4.3335009582674306e-05
8693 8.484211069037113e-05
8694 8.88061998220748e-05
8890 0.00010058340652177312
8891 0.00010058340652177312
