342
12 0.0001523982138465608
13 0.0001664173719040451
14 0.0001275049519955334
58 3.9886331735258645e-05
130 0.00011862016226846598
131 0.00015139340654708521
138 5.5304247721948624e-05
158 1.722259642893919e-05
196 8.935997200289977e-05
203 0.0001804365299615294
225 4.311890533715833e-05
230 0.00022883910672981793
243 6.309390310328486e-05
290 5.516600244482883e-05
295 6.969398876306011e-05
310 8.408656954820681e-05
375 8.334256383691721e-05
378 7.955569410086921e-05
430 2.1595466130645556e-05
443 5.859719717528758e-05
446 0.00010058340652177312
463 2.104404381130732e-05
486 0.00019268344080366
509 1.4811799641107606e-05
522 0.00011110817958998604
539 0.0001391464957049546
578 0.0001440237055098346
597 0.00011198624708459517
599 0.00016251677649793962
602 0.00013401212737453773
645 6.341986704442123e-05
651 0.00012571095453322076
668 8.63892700805903e-05
706 6.525271795805037e-05
708 9.654815662959692e-05
751 0.00011614595437539213
752 0.0002537323685808453
772 0.00011712061541501202
918 0.0001275049519955334
919 0.00016378259903044513
920 0.00020019542348213994
990 0.00010939812948263226
1096 6.950834500520415e-05
1102 8.285279662389543e-05
1103 9.527405980765772e-05
1107 0.00021244233432427055
1111 9.886126874785542e-05
1290 0.0001664173719040451
1365 6.733409171295719e-05
1418 6.424444555902466e-05
1440 0.00010815385522706535
1451 0.00019756065060853997
1452 0.00021244233432427055
1458 0.0001786642827461757
1531 0.0001664173719040451
1532 0.00018825025618924418
1621 0.00011198624708459517
1622 0.00011333374567896404
1650 0.00016920278300425065
1699 0.00013130412920165632
1706 3.382257549850835e-05
1713 4.787143878550288e-05
1717 0.0001251273376474703
1722 8.117636599183342e-05
1777 4.871062309639001e-05
1780 0.00016128300357362823
1781 0.00021244233432427055
1922 7.334292682143156e-06
1953 0.0001281179340087181
1957 8.88061998220748e-05
1961 0.0001523982138465608
2026 8.535239208071232e-05
2040 4.7398314413738584e-05
2104 0.00022419450561242282
2118 6.715720793434914e-05
2217 0.0002537323685808453
2310 0.0001391464957049546
2311 0.00020908021320920737
2316 0.00012341728754011654
2317 0.00019041645403432799
2321 8.691610145495967e-05
2325 0.0002875104201589402
2371 8.858094887998e-06
2373 4.532432364915004e-05
2384 3.364472337590274e-05
2398 0.0001027336712532598
2399 0.000126899584862824
2403 0.0001431761810607271
2439 5.502814824397996e-05
2563 2.4450245822639586e-05
2586 9.502842032885344e-06
2599 0.00012341728754011654
2600 0.00014849761844045535
2650 0.00019506105515172307
2651 0.00018825025618924418
2661 0.00018227567001855016
2687 0.00019041645403432799
2714 8.691610145495967e-05
2773 0.00011067500849334801
2958 6.950834500520415e-05
2963 8.509658347491132e-05
3024 0.0001347133110905388
3050 5.1064059112276297e-05
3056 0.00019268344080366
3076 9.818910047034337e-05
3079 0.00011862016226846598
3113 6.165346047478709e-05
3142 0.00016378259903044513
3147 0.00012936752625714268
3177 0.00016378259903044513
3228 4.566391685271689e-05
3229 4.669713069773751e-05
3230 4.692973938522239e-05
3328 0.00016378259903044513
3450 0.00011198624708459517
3582 0.00010815385522706535
3583 0.00011663084820199027
3654 6.663037655997976e-05
3719 2.489326185102742e-05
3723 6.859058854884968e-05
3724 5.7716484755306535e-05
3731 5.3138049876864844e-05
3743 3.233112827567267e-05
3819 6.424444555902466e-05
3969 6.0101372993599195e-05
3971 0.0002059351589452662
3994 0.0001147195668623605
4018 9.342327683396404e-05
4022 0.00014944388948364012
4023 0.0001804365299615294
4046 9.312153328472917e-05
4151 0.00018825025618924418
4152 0.0002537323685808453
4247 4.846937791309118e-05
4250 8.612797493712278e-05
4264 0.00023971321052336105
4329 3.676019862375966e-05
4332 8.117636599183342e-05
4336 0.00012571095453322076
4359 0.00017695423263882194
4381 4.3226837668107787e-05
4382 6.14960082295629e-05
4399 9.282164663063054e-05
4481 9.282164663063054e-05
4495 3.207260550754382e-05
4533 5.685140711216779e-05
4545 0.00018227567001855016
4563 4.728074758348793e-05
4652 4.476354154013861e-05
4658 8.334256383691721e-05
4676 1.811794967986411e-05
4699 3.676019862375966e-05
4712 8.484211069037113e-05
4911 6.341986704442123e-05
4913 6.457822376461287e-05
4914 6.542281037332744e-05
5024 6.025437603138515e-05
5031 6.913916575845257e-05
5044 0.00010058340652177312
5125 0.00023397347506023475
5127 0.00023971321052336105
5128 0.0002462203859023654
5161 5.502814824397996e-05
5162 5.6001418804450566e-05
5177 6.196989942762013e-05
5180 0.00010982004923951138
5222 2.3001954162320978e-05
5282 0.00026261715830791277
5294 9.68719546813797e-05
5297 0.0001415241100530177
5355 0.00015447220461114937
5379 2.541525611908456e-05
5380 3.8298201700263376e-05
5395 3.215862746722012e-05
5427 3.490353872923123e-05
5430 6.441104889224853e-05
5437 0.00013065000625947455
5439 8.024367862190805e-05
5440 8.586807337437805e-05
5462 0.00010654275221462514
5466 0.00015447220461114937
5469 1.1433598200043818e-05
5480 0.0001753021616311125
5481 6.576478670658657e-05
5535 0.00014944388948364012
5550 4.944160821510571e-05
5569 9.527405980765772e-05
5612 0.0001415241100530177
5622 6.733409171295719e-05
5642 9.852402568908913e-05
5673 0.0002537323685808453
5687 2.724862948448243e-05
5702 3.9886331735258645e-05
5738 9.19329029551259e-05
5744 0.00015890538922556517
5868 7.256700694753944e-05
5872 0.00013130412920165632
5894 1.5848029138067838e-05
5896 1.6219082409210568e-05
5909 6.663037655997976e-05
5934 5.434466680855229e-05
5938 5.91933076971794e-05
5964 0.0001440237055098346
5984 3.088397517794058e-05
5985 7.52017798211394e-05
5987 7.798719092134497e-05
6000 3.4631041686461846e-05
6001 0.00017215710736717137
6004 0.0002059351589452662
6022 2.0770655001689466e-05
6043 0.0001504088997800851
6045 0.00016920278300425065
6057 0.00011024565393173974
6084 7.843020694973282e-05
6087 0.00010236864012694453
6106 7.217400943451535e-05
6145 0.0001804365299615294
6146 0.00018825025618924418
6159 7.101368253390731e-05
6160 7.955569410086921e-05
6162 0.0001128804268053397
6164 0.0001300045474523503
6227 0.00010536844412685977
6229 7.458098891001271e-05
6230 0.0001239806629188251
6242 3.105201474962982e-05
6264 4.7398314413738584e-05
6277 0.00011067500849334801
6282 0.00023397347506023475
6356 6.733409171295719e-05
6399 8.212725328354177e-05
6408 4.3989132524856074e-05
6452 8.63892700805903e-05
6475 8.691610145495967e-05
6476 0.00010774605847492284
6478 0.00016920278300425065
6481 0.00012936752625714268
6490 2.724862948448243e-05
6491 7.604199766141655e-05
6568 3.9584588186023764e-05
6569 4.981125419104163e-05
6571 0.00014849761844045535
6586 5.24803957997587e-05
6588 6.576478670658657e-05
6589 5.9343481706634316e-05
6595 7.66818067754729e-05
6596 0.00015890538922556517
6598 0.00012936752625714268
6619 5.7716484755306535e-05
6623 0.00010460100421098168
6624 0.00011663084820199027
6625 0.00011811516886331826
6667 0.00012069415303305452
6675 5.7716484755306535e-05
6679 9.527405980765772e-05
6680 9.558947467904783e-05
6686 0.00011333374567896404
6687 6.196989942762013e-05
6706 7.910237522724487e-05
6707 0.00016251677649793962
6712 6.025437603138515e-05
6760 1.9892587507080337e-05
6789 4.7516165565500014e-05
6815 7.178415593526694e-05
6822 8.535239208071232e-05
6833 2.7093186202753706e-05
6851 0.0001275049519955334
6885 5.131853189681648e-05
6896 0.00019268344080366
6905 2.9805618738211806e-05
6929 5.904359505253569e-05
6934 0.00010200632301179658
6978 0.00013687950893562258
6989 0.00015775871449691997
6992 4.787143878550288e-05
7042 0.00017065756051371745
7165 6.628229345501092e-05
7178 3.714017269315804e-05
7223 0.00016508218077975113
7301 0.00011024565393173974
7302 0.00011811516886331826
7321 3.8200641252257444e-05
7444 9.886126874785542e-05
7446 0.00015554326811050196
7454 0.00014944388948364012
7482 2.5340342303404983e-05
7483 2.8590308184836374e-05
7494 0.00010694056199521868
7503 3.173002815645075e-05
7512 0.00020908021320920737
7520 9.558947467904783e-05
7559 8.509658347491132e-05
7627 7.887728740211037e-05
7638 0.00023397347506023475
7660 0.00011913044365880717
7677 6.988034244141115e-05
7678 8.260974660633398e-05
7679 8.260974660633398e-05
7694 6.804811807694473e-05
7698 0.0001504088997800851
7718 9.527405980765772e-05
7784 7.082295263288685e-05
7793 0.00020908021320920737
7818 2.996997446737178e-05
7866 5.91933076971794e-05
7890 9.233159952796689e-06
7904 6.056183085252843e-05
8009 2.7093186202753706e-05
8016 3.6571316885345003e-05
8017 0.00012122674224136485
8042 6.663037655997976e-05
8047 9.312153328472917e-05
8053 0.00016007969731333051
8069 5.287392225192349e-05
8109 8.285279662389543e-05
8111 0.0002537323685808453
8144 1.8182537399726556e-05
8168 0.0001664173719040451
8204 5.1064059112276297e-05
8206 0.0001804365299615294
8213 0.0001376235146469122
8225 0.0002875104201589402
8346 0.0001399262151792957
8349 4.919672615455441e-05
8350 0.00018825025618924418
8437 8.433711728522342e-05
8513 4.3335009582674306e-05
8516 8.024367862190805e-05
8520 5.874554257904601e-05
8541 0.00018825025618924418
8600 8.383730339089555e-05
8621 0.000101646679848061
8666 0.0001128804268053397
8683 0.00018617626542465564
8695 4.476354154013861e-05
8696 4.787143878550288e-05
8781 8.63892700805903e-05
8783 0.00018617626542465564
8784 0.00026261715830791277
8813 4.431951634967444e-05
8814 9.988723143186235e-05
8866 3.8493910507496085e-05
