49
145 5.786216925096193e-05
160 3.6009024944890365e-05
163 4.4209139343250144e-05
375 8.334256383691721e-05
459 8.798716495431228e-05
521 6.165346047478709e-05
573 0.00014576429866269
668 8.63892700805903e-05
861 7.316251041712385e-05
1140 3.8493910507496085e-05
1164 8.408656954820681e-05
1165 8.433711728522342e-05
1469 6.358367031630664e-05
1922 7.334292682143156e-06
2004 7.217400943451535e-05
2005 0.00018418695135817993
2292 0.00018418695135817993
2293 0.00018617626542465564
2571 6.593667904531496e-05
2830 8.285279662389543e-05
2955 4.7516165565500014e-05
3605 5.380470086849468e-05
3746 1.903006184883404e-05
4220 4.3879500470736716e-05
4314 3.1644758795232604e-05
4321 0.00010200632301179658
4363 7.025520142447097e-05
4652 4.476354154013861e-05
4834 1.7286007534181456e-05
5469 1.1433598200043818e-05
5810 5.261121850249547e-05
5811 0.00010310145735752775
5894 1.5848029138067838e-05
5896 1.6219082409210568e-05
6348 9.590694438493474e-05
6429 5.815485137703107e-05
6536 7.499396958083494e-05
6762 7.139739654402146e-05
6763 7.27647006365303e-05
7890 9.233159952796689e-06
7894 6.374802604546662e-05
7902 7.376538112671329e-05
7903 8.141235399539764e-05
8031 5.5721352358276173e-05
8032 6.056183085252843e-05
8204 5.1064059112276297e-05
8447 4.100899018649567e-05
8639 3.69498153124238e-05
8871 7.025520142447097e-05
