144
46 0.014856504454521004
421 0.011139225954642824
536 0.0074921191098435945
652 0.007305968563590394
772 0.00514176810137235
855 0.004155243678654697
861 0.009635826987744942
1134 0.004730211197677401
1171 0.009842470118314838
1193 0.009020319982355186
1309 0.003637360214345596
1482 0.008563468588729833
1525 0.00719029814068634
1538 0.004916361743930601
1539 0.007027735283036461
1558 0.00501588581333103
1640 0.0033290745777536596
1837 0.012006670580532881
1847 0.008571748247540485
1881 0.004168913895673278
1921 0.0006439725752045301
1945 0.006735548084928176
2075 0.0033664446403104164
2084 0.005036358521563334
2117 0.002948300675423249
2198 0.010523764197951693
2237 0.00523000253146448
2238 0.03845292527980191
2492 0.0011223601640667185
2514 0.012006670580532881
2556 0.00536957690902081
2655 0.00835956373573365
2666 0.0036696940542588386
2674 0.004694848711829502
2684 0.0034044790942264853
2772 0.004858796431983829
2785 0.0061429676338811984
2896 0.005852984090921487
2912 0.00719029814068634
2929 0.006690506806899261
2954 0.004172059778519567
2993 0.013489576963114069
3050 0.0034727111725379616
3105 0.011139225954642824
3239 0.010271781328752769
3585 0.0027345531026076422
3599 0.01320127216991969
3627 0.0033949069006993806
3680 0.03956274194778126
3741 0.01152928135389221
3819 0.00564085220514313
3828 0.007696023962839776
3892 0.014633439849841707
3901 0.009117938589845324
3943 0.0033758900494026416
4035 0.009656319572061638
4282 0.019197804379535367
4349 0.0036055077894725333
4377 0.006360719665861758
4382 0.0018977220556560424
4437 0.004955617555119149
4462 0.004035990301162966
4668 0.009485077669306898
4855 0.007428252227260502
4915 0.0028721580593452914
4923 0.013489576963114069
5023 0.009178930345420964
5066 0.0056518202782544665
5171 0.004955617555119149
5172 0.00990440780934967
5174 0.03157129259385508
5288 0.012006670580532881
5293 0.005914113440585625
5298 0.006213117580258589
5304 0.013753314706304925
5330 0.013038529808289045
5381 0.0033626953059383963
5435 0.009428772094501374
5493 0.009842470118314838
5510 0.003923034829999225
5531 0.01617215872417832
5771 0.005823062181009205
5778 0.009842470118314838
5795 0.009485077669306898
5811 0.0023097102428287666
5912 0.0032832616561873423
5953 0.013489576963114069
6201 0.012622132337224014
6293 0.0038866705264396216
6297 0.01152928135389221
6309 0.013381013613798521
6349 0.004210456592899204
6350 0.006690506806899261
6444 0.0055976558235674555
6469 0.0020500730481686534
6535 0.00808607936208916
6681 0.004196519203643715
6695 0.00800217128672571
6729 0.02091336012329669
6756 0.00697618142255289
6761 0.003493255957893595
6764 0.00319447789198403
6823 0.0037470961488832917
6886 0.0067588781713954936
6891 0.010046374971311021
6987 0.010271781328752769
7004 0.003850914011364299
7181 0.011195311647134911
7184 0.013489576963114069
7227 0.010046374971311021
7358 0.008673204523267529
7409 0.007631490602626608
7507 0.01152928135389221
7512 0.007843626048442945
7521 0.004196519203643715
7611 0.005823062181009205
7625 0.013489576963114069
7635 0.03054368398331417
7661 0.00523000253146448
7667 0.0065608076013704475
7680 0.01088006987816229
7683 0.00808607936208916
7704 0.0074921191098435945
7840 0.00466006125130001
7842 0.0057073917581051525
7961 0.0043700777083403
7962 0.006690506806899261
8011 0.0017466441257720428
8051 0.01152928135389221
8187 0.0040619225178740856
8307 0.008459087805134078
8358 0.009326532431024133
8463 0.010523764197951693
8583 0.004730211197677401
8640 0.0016221514978537973
8653 0.00482126245725382
8690 0.006690506806899261
8724 0.004608918217833401
8765 0.011303640556508933
8773 0.008673204523267529
8814 0.005837076793718698
8820 0.0031344512216764497
8825 0.00514176810137235
8837 0.007247351700045035
