211
12 0.0001523982138465608
13 0.0001664173719040451
68 3.241760820520544e-05
70 0.00011566583790554528
130 0.00011862016226846598
131 0.00015139340654708521
158 1.722259642893919e-05
238 0.00012176521653240713
240 0.00010347204034115494
310 8.408656954820681e-05
430 2.1595466130645556e-05
463 2.104404381130732e-05
509 1.4811799641107606e-05
539 0.0001391464957049546
602 0.00013401212737453773
700 0.00013542473142615584
702 0.0001786642827461757
772 0.00011712061541501202
918 0.0001275049519955334
919 0.00016378259903044513
920 0.00020019542348213994
1057 9.988723143186235e-05
1058 0.00014665847838343454
1070 0.00013130412920165632
1111 9.886126874785542e-05
1140 3.8493910507496085e-05
1145 9.920086195142229e-05
1146 0.0001504088997800851
1234 2.8271279696782107e-05
1243 0.00012341728754011654
1306 4.5550455969092306e-05
1310 8.285279662389543e-05
1371 0.00011519040557349246
1372 0.00014849761844045535
1391 6.491430390704548e-05
1440 0.00010815385522706535
1451 0.00019756065060853997
1453 0.0002875104201589402
1455 0.00023971321052336105
1610 9.590694438493474e-05
1699 0.00013130412920165632
1706 3.382257549850835e-05
1713 4.787143878550288e-05
1717 0.0001251273376474703
1922 7.334292682143156e-06
1948 0.0001523982138465608
2026 8.535239208071232e-05
2038 0.00021605372159664503
2044 0.00010536844412685977
2118 6.715720793434914e-05
2341 8.744869066327002e-05
2371 8.858094887998e-06
2411 0.00013837905578907654
2439 5.502814824397996e-05
2493 2.5565430128539482e-05
2586 9.502842032885344e-06
2940 7.910237522724487e-05
2976 5.461691012835996e-05
3006 0.00030726931367955075
3014 0.0001263016457352357
3016 0.00015554326811050196
3042 0.0001287387249198448
3050 5.1064059112276297e-05
3142 0.00016378259903044513
3147 0.00012936752625714268
3328 0.00016378259903044513
3372 6.542281037332744e-05
3383 0.00010815385522706535
3494 0.0002537323685808453
3519 8.586807337437805e-05
3522 0.00016378259903044513
3545 6.071628875522179e-05
3557 0.00015775871449691997
3582 0.00010815385522706535
3583 0.00011663084820199027
3719 2.489326185102742e-05
3743 3.233112827567267e-05
3832 3.3290954653437934e-05
3835 0.00011811516886331826
3882 0.00012016732165868515
3925 0.00026261715830791277
4018 9.342327683396404e-05
4022 0.00014944388948364012
4023 0.0001804365299615294
4046 9.312153328472917e-05
4151 0.00018825025618924418
4258 0.0002199543170027505
4314 3.1644758795232604e-05
4329 3.676019862375966e-05
4345 5.131853189681648e-05
4348 8.212725328354177e-05
4359 0.00017695423263882194
4363 7.025520142447097e-05
4381 4.3226837668107787e-05
4382 6.14960082295629e-05
4398 6.325661252824365e-05
4406 6.508321716976057e-05
4495 3.207260550754382e-05
4533 5.685140711216779e-05
4545 0.00018227567001855016
4566 9.68719546813797e-05
4577 3.9085797470059324e-05
4676 1.811794967986411e-05
4781 0.0001753021616311125
4821 8.691610145495967e-05
4911 6.341986704442123e-05
4913 6.457822376461287e-05
4914 6.542281037332744e-05
4933 2.564069103539461e-05
4942 6.804811807694473e-05
5103 0.00030726931367955075
5161 5.502814824397996e-05
5162 5.6001418804450566e-05
5203 0.0002734912621014559
5215 0.0001300045474523503
5222 2.3001954162320978e-05
5225 0.00016920278300425065
5242 6.786862826996617e-05
5250 0.00023397347506023475
5251 0.00023971321052336105
5379 2.541525611908456e-05
5380 3.8298201700263376e-05
5395 3.215862746722012e-05
5427 3.490353872923123e-05
5439 8.024367862190805e-05
5440 8.586807337437805e-05
5448 9.954283828468142e-05
5484 0.00012936752625714268
5550 4.944160821510571e-05
5622 6.733409171295719e-05
5687 2.724862948448243e-05
5691 8.383730339089555e-05
5702 3.9886331735258645e-05
5797 5.544288630052885e-05
5810 5.261121850249547e-05
5868 7.256700694753944e-05
5872 0.00013130412920165632
5888 8.358930576913648e-05
5891 0.00010310145735752775
5892 0.00011712061541501202
5909 6.663037655997976e-05
5934 5.434466680855229e-05
5938 5.91933076971794e-05
5984 3.088397517794058e-05
6022 2.0770655001689466e-05
6043 0.0001504088997800851
6045 0.00016920278300425065
6197 5.5304247721948624e-05
6199 0.0001251273376474703
6218 9.464928935894339e-05
6242 3.105201474962982e-05
6264 4.7398314413738584e-05
6443 0.0001275049519955334
6452 8.63892700805903e-05
6490 2.724862948448243e-05
6507 6.212889280683989e-05
6512 0.0001431761810607271
6528 0.00011913044365880717
6568 3.9584588186023764e-05
6569 4.981125419104163e-05
6619 5.7716484755306535e-05
6623 0.00010460100421098168
6624 0.00011663084820199027
6625 0.00011811516886331826
6661 5.889434094657216e-05
6706 7.910237522724487e-05
6712 6.025437603138515e-05
6760 1.9892587507080337e-05
6992 4.787143878550288e-05
7165 6.628229345501092e-05
7178 3.714017269315804e-05
7301 0.00011024565393173974
7302 0.00011811516886331826
7559 8.509658347491132e-05
7602 9.654815662959692e-05
7627 7.887728740211037e-05
7646 0.0001664173719040451
7666 0.00014944388948364012
7677 6.988034244141115e-05
7678 8.260974660633398e-05
7679 8.260974660633398e-05
7818 2.996997446737178e-05
7858 4.509923582401553e-05
7863 7.64676023536449e-05
7890 9.233159952796689e-06
7930 0.00030726931367955075
7938 4.907474504580058e-05
7995 9.134928606937549e-05
8009 2.7093186202753706e-05
8018 0.0001281179340087181
8061 7.865323446718271e-05
8069 5.287392225192349e-05
8096 0.00013065000625947455
8105 0.0001281179340087181
8144 1.8182537399726556e-05
8275 0.00016007969731333051
8278 0.0001804365299615294
8287 0.0002875104201589402
8342 0.00016251677649793962
8344 0.00018617626542465564
8346 0.0001399262151792957
8347 0.00030726931367955075
8624 0.0001677901789526326
8683 0.00018617626542465564
8684 0.0002059351589452662
8700 0.00016508218077975113
8701 0.00019268344080366
8722 7.217400943451535e-05
8813 4.431951634967444e-05
8814 9.988723143186235e-05
8866 3.8493910507496085e-05
