255
2 0.00014944388948364012
15 6.0101372993599195e-05
55 0.00019756065060853997
56 0.0001027336712532598
58 3.9886331735258645e-05
82 8.334256383691721e-05
138 5.5304247721948624e-05
139 0.00010897983139923425
141 0.00012571095453322076
151 0.00011712061541501202
160 3.6009024944890365e-05
163 4.4209139343250144e-05
276 4.8109734749355606e-05
277 5.502814824397996e-05
295 6.969398876306011e-05
371 9.818910047034337e-05
412 6.391293797104737e-05
413 7.562007790453742e-05
436 6.181142310095298e-05
449 6.628229345501092e-05
463 2.104404381130732e-05
509 1.4811799641107606e-05
521 6.165346047478709e-05
573 0.00014576429866269
668 8.63892700805903e-05
723 6.212889280683989e-05
726 6.4078409870285e-05
785 9.134928606937549e-05
837 0.0001128804268053397
838 0.00011614595437539213
858 0.00010815385522706535
872 6.593667904531496e-05
878 0.0001440237055098346
891 5.757123449128065e-05
1014 0.00017695423263882194
1140 3.8493910507496085e-05
1144 0.0001523982138465608
1164 8.408656954820681e-05
1165 8.433711728522342e-05
1173 9.077257605451787e-05
1209 0.00016007969731333051
1216 4.5550455969092306e-05
1217 9.818910047034337e-05
1399 0.0002537323685808453
1418 6.424444555902466e-05
1420 0.00017695423263882194
1469 6.358367031630664e-05
1477 0.00016378259903044513
1497 6.663037655997976e-05
1536 0.0001475693727081854
1555 0.00015139340654708521
1619 0.00019506105515172307
1620 0.00022883910672981793
1638 7.33626397641186e-05
1641 7.583058115843726e-05
1692 0.00030726931367955075
1832 0.00023397347506023475
1922 7.334292682143156e-06
1929 4.2158123180710165e-05
1931 7.754816608258265e-05
2004 7.217400943451535e-05
2005 0.00018418695135817993
2040 4.7398314413738584e-05
2076 7.66818067754729e-05
2079 0.00017215710736717137
2238 0.00011913044365880717
2239 0.0001251273376474703
2292 0.00018418695135817993
2293 0.00018617626542465564
2299 0.00010982004923951138
2300 0.00011024565393173974
2371 8.858094887998e-06
2377 0.0001228603508781383
2384 3.364472337590274e-05
2526 8.070779096331723e-05
2561 0.0002462203859023654
2563 2.4450245822639586e-05
2564 4.692973938522239e-05
2571 6.593667904531496e-05
2582 7.458098891001271e-05
2586 9.502842032885344e-06
2618 4.846937791309118e-05
2620 0.00010347204034115494
2772 0.00011067500849334801
2920 0.0001399262151792957
2922 0.00015663840245623315
2955 4.7516165565500014e-05
3067 0.00010093525951244397
3113 6.165346047478709e-05
3131 0.00019268344080366
3228 4.566391685271689e-05
3229 4.669713069773751e-05
3230 4.692973938522239e-05
3343 0.00011614595437539213
3372 6.542281037332744e-05
3375 0.00010236864012694453
3419 0.00011712061541501202
3465 5.7716484755306535e-05
3473 0.00014665847838343454
3601 0.00015139340654708521
3605 5.380470086849468e-05
3657 4.716346370617082e-05
3731 5.3138049876864844e-05
3746 1.903006184883404e-05
3819 6.424444555902466e-05
3969 6.0101372993599195e-05
3970 6.663037655997976e-05
4005 9.222735356398462e-05
4105 9.988723143186235e-05
4220 4.3879500470736716e-05
4247 4.846937791309118e-05
4290 5.656642719180506e-05
4291 7.843020694973282e-05
4295 0.00012176521653240713
4301 0.00011154523568104574
4329 3.676019862375966e-05
4345 5.131853189681648e-05
4348 8.212725328354177e-05
4363 7.025520142447097e-05
4381 4.3226837668107787e-05
4382 6.14960082295629e-05
4388 0.0001415241100530177
4390 8.825864993225359e-05
4392 8.334256383691721e-05
4398 6.325661252824365e-05
4453 3.6854914742017664e-05
4502 6.424444555902466e-05
4503 7.798719092134497e-05
4519 0.00010128967145643295
4533 5.685140711216779e-05
4563 4.728074758348793e-05
4564 0.0001664173719040451
4567 6.341986704442123e-05
4577 3.9085797470059324e-05
4586 0.00016920278300425065
4652 4.476354154013861e-05
4676 1.811794967986411e-05
4679 0.00012122674224136485
4834 1.7286007534181456e-05
4839 3.088397517794058e-05
4846 4.681329625334851e-05
4853 8.535239208071232e-05
4854 0.00016920278300425065
4908 9.372690041743856e-05
4921 0.0002537323685808453
5072 0.00016508218077975113
5177 6.196989942762013e-05
5198 0.00010654275221462514
5222 2.3001954162320978e-05
5228 4.931901336427842e-05
5268 0.0002875104201589402
5273 0.00014665847838343454
5274 0.0002462203859023654
5427 3.490353872923123e-05
5434 7.159039254876493e-05
5462 0.00010654275221462514
5469 1.1433598200043818e-05
5473 0.0001251273376474703
5550 4.944160821510571e-05
5600 0.00018227567001855016
5642 9.852402568908913e-05
5806 7.910237522724487e-05
5808 0.00011913044365880717
5836 0.0001786642827461757
5894 1.5848029138067838e-05
5896 1.6219082409210568e-05
5911 7.47870417645905e-05
5925 0.00010734164596720007
6022 2.0770655001689466e-05
6092 0.00014576429866269
6114 0.00010536844412685977
6159 7.101368253390731e-05
6160 7.955569410086921e-05
6377 0.00010694056199521868
6388 0.0001664173719040451
6389 0.0002537323685808453
6408 4.3989132524856074e-05
6413 9.590694438493474e-05
6429 5.815485137703107e-05
6467 4.669713069773751e-05
6468 4.669713069773751e-05
6506 8.88061998220748e-05
6529 0.00020298083458234552
6536 7.499396958083494e-05
6568 3.9584588186023764e-05
6569 4.981125419104163e-05
6593 7.754816608258265e-05
6595 7.66818067754729e-05
6686 0.00011333374567896404
6689 7.376538112671329e-05
6702 0.0001440237055098346
6704 0.00010694056199521868
6762 7.139739654402146e-05
6763 7.27647006365303e-05
6784 9.68719546813797e-05
6785 0.0001228603508781383
6789 4.7516165565500014e-05
6831 0.00011198624708459517
6833 2.7093186202753706e-05
6885 5.131853189681648e-05
6893 9.252359415714085e-05
6894 9.252359415714085e-05
6905 2.9805618738211806e-05
6929 5.904359505253569e-05
6960 3.259102983841739e-05
6972 6.133906307779394e-05
6989 0.00015775871449691997
7124 6.859058854884968e-05
7156 0.0001475693727081854
7157 0.00014849761844045535
7344 8.96392359620217e-05
7345 0.00011425323385392718
7415 0.0001475693727081854
7476 8.117636599183342e-05
7478 0.0002537323685808453
7502 9.68719546813797e-05
7577 8.853165584237468e-05
7665 0.00010422176939821458
7724 9.920086195142229e-05
7808 4.7398314413738584e-05
7814 0.0001275049519955334
7816 0.00014071861357331354
7818 2.996997446737178e-05
7890 9.233159952796689e-06
7894 6.374802604546662e-05
7902 7.376538112671329e-05
7903 8.141235399539764e-05
8016 3.6571316885345003e-05
8031 5.5721352358276173e-05
8032 6.056183085252843e-05
8137 8.63892700805903e-05
8144 1.8182537399726556e-05
8158 0.00010939812948263226
8170 0.00011425323385392718
8174 0.00016508218077975113
8204 5.1064059112276297e-05
8444 5.815485137703107e-05
8447 4.100899018649567e-05
8511 0.0002462203859023654
8513 4.3335009582674306e-05
8520 5.874554257904601e-05
8521 6.610917985376751e-05
8533 0.00013687950893562258
8534 0.0001753021616311125
8539 7.955569410086921e-05
8630 0.0001275049519955334
8639 3.69498153124238e-05
8670 0.00010654275221462514
8678 4.409901177660094e-05
8695 4.476354154013861e-05
8696 4.787143878550288e-05
8813 4.431951634967444e-05
8863 0.0001664173719040451
8871 7.025520142447097e-05
8872 0.00010422176939821458
