144
32 0.00717319216120689
56 0.004671237133719649
69 0.004756143620042188
139 0.009910492422754852
238 0.00553658984559598
339 0.0069294534785742335
377 0.00541678833615964
458 0.010183892183856244
722 0.005303133261102741
754 0.03269883875792133
775 0.0073895383272940705
838 0.005281085435681094
839 0.009506749286328857
920 0.00910276333710628
941 0.0044195298508360355
990 0.0049742659691286665
1095 0.003160501891257037
1111 0.009506749286328857
1242 0.005611708502844482
1373 0.009021204915419136
1380 0.006668471221189636
1437 0.006398389204925357
1438 0.007629316708295211
1496 0.0030296424280741815
1510 0.004234179105272991
1539 0.007278725828859191
1547 0.007970881961512626
1554 0.013767531011710441
1621 0.005153216028014936
1649 0.007693546949662662
1668 0.008982961827669939
1721 0.007382079323665504
1788 0.00910276333710628
1921 0.0003334857978737745
1980 0.004510602457709568
2031 0.005012802386937063
2179 0.010405174077429271
2325 0.00541678833615964
2327 0.008465320803390464
2373 0.003904368724043149
2438 0.0075062886298522865
2439 0.005797572102980579
2440 0.006510133293944897
2468 0.005052020900540589
2525 0.007339467684337582
2715 0.0069294534785742335
2743 0.00683875777312239
2767 0.0064350146366963954
2789 0.005195024592378566
2863 0.010405174077429271
2864 0.01243548024412334
2954 0.0021605309567333474
3023 0.012250663555498793
3219 0.011537055453022924
3229 0.0064015995520576826
3477 0.003576314416181287
3512 0.002753709370192517
3615 0.00936374559449088
3753 0.010193986908254652
3835 0.010741248825611144
3872 0.00416682473483956
4257 0.009229414274478893
4267 0.00697610337367561
4268 0.010475274433377191
4357 0.013590244317124496
4383 0.008388557530742824
4393 0.0037895353516051327
4590 0.009229414274478893
4659 0.0075790707032102654
4689 0.008204338546005866
4756 0.006257656951700416
4768 0.01243548024412334
4802 0.0061253317777493965
4854 0.0038809210113434087
4909 0.004261704778164348
4928 0.037237115135156304
4937 0.01773861350522608
4943 0.0030941062668455683
5163 0.0025463502264554258
5167 0.0061253317777493965
5180 0.006223827467521778
5229 0.0044850106847188695
5336 0.0044798271272508275
5360 0.006398389204925357
5441 0.019521843620215744
5504 0.00936374559449088
5863 0.009017831798828205
5939 0.002691483460190116
5941 0.011941041402245502
5964 0.01243548024412334
5985 0.0028085508855694528
6051 0.013020266587889793
6093 0.006627813416744353
6096 0.007970881961512626
6100 0.00936374559449088
6178 0.007023756568849812
6194 0.004862521880109126
6381 0.010064649751966503
6447 0.010193986908254652
6491 0.0012389784998250376
6517 0.008929196565221429
6587 0.002386251466160457
6615 0.007715437657883546
6715 0.010001188128206695
6761 0.005427022648870406
6978 0.00697610337367561
6999 0.0073895383272940705
7000 0.002868841145186095
7092 0.00430364523860665
7238 0.00479103864315599
7300 0.011195490199805511
7303 0.005370624412805572
7332 0.008658119583438421
7340 0.00683900058591897
7347 0.003669733842168791
7348 0.007122252258622192
7375 0.004773522439898879
7517 0.01243548024412334
7591 0.02254929934556264
7593 0.013072922777839155
7594 0.010001188128206695
7680 0.0037562146007941236
7694 0.006627813416744353
7862 0.006031028687473819
7962 0.013858906957148467
8062 0.003576314416181287
8091 0.004346394889488133
8145 0.0008267488433998116
8149 0.007970881961512626
8171 0.005195024592378566
8174 0.011941041402245502
8350 0.0022369450178030045
8445 0.00528853097420511
8470 0.009823830443210715
8510 0.008465320803390464
8560 0.005174021703629422
8592 0.005347898181038991
8601 0.0038120308562227603
8695 0.008075927069533985
8697 0.0021766850125326614
8814 0.0020151812740219315
8867 0.001750294543075536
8892 0.009146931825735121
8893 0.004721789626884186
