289
1 0.0029801430291144814
10 0.005915037563161214
15 0.001102105835635712
49 0.003129424237239197
53 0.0018705357009899818
62 0.002672945328563567
79 0.0024077827149077387
82 0.004584869931571642
122 0.0027945944069970165
124 0.014163130529779456
130 0.002175191123737796
133 0.0038956503775676938
141 0.0023052181621400483
152 0.0027060457810192348
153 0.0029354532149308676
190 0.005272207540033899
225 0.000790690708569455
239 0.0034520293892151117
246 0.003676074417686828
250 0.0029801430291144814
268 0.0028134079449391356
277 0.013117985890852966
303 0.0033424707226446895
375 0.0015282899771905476
378 0.0014588484482035936
401 0.002006082571911973
403 0.005272207540033899
405 0.0021845483824841348
406 0.002872348647510185
457 0.004395728667045666
473 0.0008910138972541816
476 0.0028522666777794107
494 0.0019832657567563916
496 0.0028326261059558916
521 0.009044537279856832
537 0.003156922100527225
569 0.0051903821761007975
649 0.003413997690256237
693 0.0035769220648398273
708 0.0017704468557262713
726 0.0011750345447818517
728 0.0031852930562589806
785 0.008375564171299118
821 0.0020617029243529083
847 0.003027185998166959
858 0.009916328783781958
862 0.00429047656324447
872 0.003627331380566956
918 0.007014346494964157
941 0.0017823618328474552
946 0.004033400973515458
961 0.0022945161175190443
969 0.001932188423988836
977 0.0019042608371796306
1101 0.0015193088961155475
1143 0.005589188813994033
1172 0.0016645374440285253
1194 0.0034520293892151117
1255 0.0036710732799852494
1315 0.003622758267949194
1363 0.0030033549846899734
1364 0.0012347354430985074
1411 0.002495657729636755
1417 0.0035342376470495532
1426 0.0033087455864550413
1467 0.0028522666777794107
1468 0.01049366055294305
1564 0.0028134079449391356
1575 0.0025236641204388513
1577 0.003981613629094699
1609 0.0017586886591739474
1617 0.0036710732799852494
1627 0.0030033549846899734
1712 0.0017556800924131758
1807 0.0036710732799852494
1921 0.00026898442956073995
1959 0.002147693260449768
2012 0.0030033549846899734
2060 0.0030768437753618556
2072 0.002006082571911973
2075 0.0014061486872078489
2078 0.003156922100527225
2086 0.0032145943713096188
2105 0.005272207540033899
2117 0.001231491845907242
2171 0.0035333226840374857
2176 0.004515053660826915
2177 0.0027945944069970165
2178 0.004033400973515458
2255 0.011409066711117643
2316 0.0034917519307694055
2327 0.01024199307076871
2372 0.0008311324534181586
2373 0.003149202756841388
2388 0.0044399248954634755
2389 0.002672945328563567
2465 0.002006082571911973
2492 0.0004688047598879503
2525 0.0014799749651544921
2578 0.0024077827149077387
2586 0.002740419635963376
2619 0.0037948264342402174
2638 0.0027581154626339886
2659 0.002892892311927059
2663 0.0036710732799852494
2684 0.0014220355064361657
2730 0.004196325348099049
2733 0.0030768437753618556
2738 0.001390539381242784
2743 0.002758017538131664
2771 0.004058994550175792
2785 0.007697669318999279
2810 0.00429047656324447
2826 0.0021940046616799147
2893 0.0024077827149077387
2929 0.0027945944069970165
2939 0.0014505357366773792
2999 0.004515053660826915
3046 0.0032762470943084733
3047 0.0033424707226446895
3212 0.002383951701430753
3306 0.006167732574597688
3361 0.009305608513549356
3413 0.0018066792529653547
3418 0.006443079781349303
3464 0.0010583730702454564
3506 0.0016751128342598239
3573 0.003961874005903911
3597 0.005015131950304887
3599 0.001838037208843414
3600 0.002776168804830501
3604 0.000986640934444495
3656 0.004324287948039037
3729 0.002372270358032213
3731 0.002923248768534688
3733 0.006209817059809798
3763 0.004815728631358269
3782 0.002496582955710516
3786 0.0018444430430494695
3812 0.004395728667045666
3840 0.003951575609582356
3847 0.0030768437753618556
3872 0.0016804478354496995
3902 0.00889195659962999
3970 0.010996479924121104
3974 0.001857394139958293
3997 0.004940596824851366
4005 0.006764857407096551
4091 0.0034917519307694055
4093 0.005634535233564108
4160 0.0036710732799852494
4169 0.005272207540033899
4209 0.005015131950304887
4221 0.0008046380827061844
4226 0.003996824104650106
4251 0.0015793673099581034
4290 0.004033400973515458
4296 0.01116431697260095
4300 0.004815728631358269
4382 0.0007926699121361659
4399 0.003479894634887083
4403 0.0025492114020015614
4451 0.018113791339745968
4482 0.0017021121703131264
4500 0.0017076113264063917
4504 0.0014300861018333878
4534 0.0010425097534642787
4660 0.001212273684890486
4677 0.0006644739405224236
4735 0.004815728631358269
4815 0.005634535233564108
4835 0.0006339625479202681
4886 0.0018838734119527808
4909 0.003437424430124331
4912 0.0023259170991764694
4915 0.0035990622595499636
4916 0.004395728667045666
4924 0.001501613069444935
4974 0.005345890657127134
5037 0.0030768437753618556
5045 0.0018444430430494695
5060 0.003027185998166959
5067 0.0029139194007782652
5172 0.001379008769065832
5178 0.0022727396860039123
5200 0.0026893423031958204
5220 0.0025804203377888277
5223 0.00042179715122346616
5269 0.005272207540033899
5295 0.0017763844858445597
5380 0.0004660509517145712
5381 0.009129786946884185
5448 0.005960286058228963
5456 0.0016335420809917437
5467 0.0028326261059558916
5474 0.0022945161175190443
5488 0.005272207540033899
5509 0.005015131950304887
5576 0.003129424237239197
5637 0.0018906176707207557
5767 0.003377518745893209
5807 0.0029010714733547585
5855 0.0039490148005870305
5897 0.00029741658936396003
5912 0.004114210593864386
5929 0.0027581154626339886
5985 0.0011326666122872693
5989 0.0012917580518784098
6006 0.003996824104650106
6014 0.002957518781580607
6096 0.0032145943713096188
6107 0.0013234871853506191
6115 0.001932188423988836
6141 0.0038339976545688397
6239 0.00631384420105445
6329 0.0036381814062184177
6338 0.0029354532149308676
6381 0.002029497275087896
6442 0.007342146559970499
6469 0.002568918696161955
6471 0.0023160499316716475
6507 0.0065139164840685645
6526 0.003244889138430414
6527 0.005015131950304887
6557 0.0030033549846899734
6637 0.004515053660826915
6705 0.0019610170545296068
6754 0.002175191123737796
6761 0.0029182344010386823
6764 0.0013343189548822184
6775 0.0030033549846899734
6817 0.0038956503775676938
6823 0.003130290198449828
6824 0.00446572678904038
6834 0.0014904597249317346
6930 0.002165417774107811
7019 0.005272207540033899
7036 0.005015131950304887
7101 0.0028134079449391356
7144 0.0027945944069970165
7199 0.004196325348099049
7346 0.004190225597144852
7379 0.004815728631358269
7383 0.00574469729502037
7455 0.002740419635963376
7484 0.0005242733056445715
7492 0.0021036641561262485
7581 0.0033087455864550413
7591 0.006820467086003514
7603 0.0017704468557262713
7609 0.0028522666777794107
7656 0.004033400973515458
7665 0.004388009323359829
7680 0.007574259894605436
7725 0.009095453515546043
7813 0.0032762470943084733
7821 0.009986331822842065
7863 0.0016645374440285253
7904 0.0014928948535123123
7905 0.001110549457937723
7958 0.0020866424977600143
8019 0.002349356024456164
8024 0.005634535233564108
8078 0.002383951701430753
8091 0.0017528670747729922
8104 0.005345890657127134
8105 0.003961874005903911
8106 0.002349356024456164
8145 0.0003334213442517759
8157 0.004033400973515458
8286 0.0077913007551353875
8350 0.0009021424351633517
8445 0.0063984695737296406
8496 0.008440223834817405
8520 0.002656843811049253
8535 0.0032145943713096188
8639 0.0011903627086822825
8640 0.0006775653375809071
8653 0.0020138195037500525
8664 0.0029344784290015876
8679 0.0008086633599857358
8697 0.0008778400462065879
8739 0.001623444684912023
8747 0.0021659308331479265
8800 0.0022132228226966707
8814 0.0008127068512516432
8830 0.002138712179374768
8872 0.0051532045686821844
8873 0.021022774686513934
