408
12 0.0001523982138465608
13 0.0001664173719040451
18 0.0002875104201589402
24 0.00014849761844045535
49 0.00017065756051371745
53 0.00010200632301179658
58 3.9886331735258645e-05
68 3.241760820520544e-05
72 0.00013837905578907654
87 0.00030726931367955075
97 8.612797493712278e-05
130 0.00011862016226846598
131 0.00015139340654708521
158 1.722259642893919e-05
160 3.6009024944890365e-05
161 8.88061998220748e-05
196 8.935997200289977e-05
203 0.0001804365299615294
225 4.311890533715833e-05
227 0.0002734912621014559
243 6.309390310328486e-05
245 0.00013196715204843822
246 0.0001002340757964429
290 5.516600244482883e-05
295 6.969398876306011e-05
310 8.408656954820681e-05
378 7.955569410086921e-05
430 2.1595466130645556e-05
463 2.104404381130732e-05
509 1.4811799641107606e-05
539 0.0001391464957049546
602 0.00013401212737453773
621 0.00011110817958998604
624 0.0001300045474523503
626 0.00013263932032595027
645 6.341986704442123e-05
651 0.00012571095453322076
772 0.00011712061541501202
773 0.00011110817958998604
775 0.00016251677649793962
859 0.00017065756051371745
884 0.00012936752625714268
889 0.00021605372159664503
890 0.00023971321052336105
891 5.757123449128065e-05
918 0.0001275049519955334
919 0.00016378259903044513
920 0.00020019542348213994
977 0.00010384546306881737
1096 6.950834500520415e-05
1102 8.285279662389543e-05
1103 9.527405980765772e-05
1111 9.886126874785542e-05
1126 4.895306850942043e-05
1130 8.665197383001834e-05
1177 0.00010347204034115494
1216 4.5550455969092306e-05
1305 0.00019506105515172307
1332 0.00018418695135817993
1333 0.00021244233432427055
1334 9.886126874785542e-05
1336 0.00017065756051371745
1337 0.0001804365299615294
1350 6.374802604546662e-05
1371 0.00011519040557349246
1372 0.00014849761844045535
1382 0.00011862016226846598
1391 6.491430390704548e-05
1440 0.00010815385522706535
1494 0.00014576429866269
1506 0.0001523982138465608
1507 0.00016378259903044513
1511 9.312153328472917e-05
1521 0.00011110817958998604
1559 0.00011425323385392718
1610 9.590694438493474e-05
1621 0.00011198624708459517
1622 0.00011333374567896404
1638 7.33626397641186e-05
1641 7.583058115843726e-05
1649 8.744869066327002e-05
1674 0.00014944388948364012
1699 0.00013130412920165632
1706 3.382257549850835e-05
1713 4.787143878550288e-05
1717 0.0001251273376474703
1722 8.117636599183342e-05
1777 4.871062309639001e-05
1785 0.00010734164596720007
1848 6.508321716976057e-05
1888 6.071628875522179e-05
1891 0.00020908021320920737
1922 7.334292682143156e-06
2026 8.535239208071232e-05
2040 4.7398314413738584e-05
2044 0.00010536844412685977
2054 0.00015447220461114937
2061 0.0001677901789526326
2118 6.715720793434914e-05
2123 0.00011243128604527755
2124 0.00011663084820199027
2148 8.383730339089555e-05
2149 8.408656954820681e-05
2151 0.00011566583790554528
2276 0.00022419450561242282
2294 8.535239208071232e-05
2299 0.00010982004923951138
2300 0.00011024565393173974
2319 0.0001228603508781383
2320 0.00014665847838343454
2371 8.858094887998e-06
2373 4.532432364915004e-05
2374 8.586807337437805e-05
2375 0.0002462203859023654
2402 8.825864993225359e-05
2439 5.502814824397996e-05
2451 0.00014576429866269
2493 2.5565430128539482e-05
2586 9.502842032885344e-06
2590 8.771718405598661e-05
2593 0.00016920278300425065
2599 0.00012341728754011654
2600 0.00014849761844045535
2650 0.00019506105515172307
2667 8.358930576913648e-05
2689 0.0001300045474523503
2718 8.88061998220748e-05
2721 0.0001475693727081854
2722 0.00014944388948364012
2725 0.00010536844412685977
2773 0.00011067500849334801
2794 0.00012341728754011654
2827 0.0001196461249524729
2832 0.0001196461249524729
2833 0.0001391464957049546
2892 0.00020019542348213994
2940 7.910237522724487e-05
2955 4.7516165565500014e-05
2982 7.197869283035229e-05
2985 0.00017065756051371745
3024 0.0001347133110905388
3029 0.0002462203859023654
3030 0.0002875104201589402
3042 0.0001287387249198448
3050 5.1064059112276297e-05
3076 9.818910047034337e-05
3079 0.00011862016226846598
3117 0.00017065756051371745
3142 0.00016378259903044513
3147 0.00012936752625714268
3149 7.541048004377448e-05
3150 7.604199766141655e-05
3212 7.356359438910525e-05
3328 0.00016378259903044513
3336 0.0002875104201589402
3494 0.0002537323685808453
3596 8.285279662389543e-05
3627 6.491430390704548e-05
3628 7.733012801189119e-05
3639 0.00016920278300425065
3654 6.663037655997976e-05
3657 4.716346370617082e-05
3719 2.489326185102742e-05
3731 5.3138049876864844e-05
3743 3.233112827567267e-05
3746 1.903006184883404e-05
3756 0.00014576429866269
3757 0.00017370426675739054
3819 6.424444555902466e-05
3832 3.3290954653437934e-05
3835 0.00011811516886331826
3840 0.00010774605847492284
3875 3.285232498188492e-05
3882 0.00012016732165868515
3891 8.334256383691721e-05
3892 0.00011110817958998604
3901 0.00010384546306881737
3916 0.00020908021320920737
3932 4.895306850942043e-05
3943 7.689695691525318e-05
3951 9.920086195142229e-05
3954 0.00010774605847492284
3996 7.417147870601431e-05
4015 8.798716495431228e-05
4018 9.342327683396404e-05
4022 0.00014944388948364012
4023 0.0001804365299615294
4042 0.00012571095453322076
4046 9.312153328472917e-05
4143 0.0001376235146469122
4144 0.00013837905578907654
4151 0.00018825025618924418
4224 8.236790279729728e-05
4227 0.0001753021616311125
4244 0.0002537323685808453
4247 4.846937791309118e-05
4250 8.612797493712278e-05
4290 5.656642719180506e-05
4291 7.843020694973282e-05
4329 3.676019862375966e-05
4332 8.117636599183342e-05
4336 0.00012571095453322076
4345 5.131853189681648e-05
4348 8.212725328354177e-05
4359 0.00017695423263882194
4363 7.025520142447097e-05
4381 4.3226837668107787e-05
4382 6.14960082295629e-05
4392 8.334256383691721e-05
4398 6.325661252824365e-05
4406 6.508321716976057e-05
4411 0.0001504088997800851
4424 0.0002059351589452662
4453 3.6854914742017664e-05
4455 0.00021244233432427055
4461 9.19329029551259e-05
4467 5.5861184383926875e-05
4481 9.282164663063054e-05
4485 7.159039254876493e-05
4492 6.969398876306011e-05
4495 3.207260550754382e-05
4499 9.312153328472917e-05
4500 0.00030726931367955075
4533 5.685140711216779e-05
4545 0.00018227567001855016
4563 4.728074758348793e-05
4564 0.0001664173719040451
4567 6.341986704442123e-05
4577 3.9085797470059324e-05
4586 0.00016920278300425065
4658 8.334256383691721e-05
4676 1.811794967986411e-05
4679 0.00012122674224136485
4839 3.088397517794058e-05
4842 0.00015554326811050196
4911 6.341986704442123e-05
4913 6.457822376461287e-05
4914 6.542281037332744e-05
4923 8.188778632745044e-05
4933 2.564069103539461e-05
5016 8.117636599183342e-05
5017 0.00021605372159664503
5024 6.025437603138515e-05
5031 6.913916575845257e-05
5044 0.00010058340652177312
5123 0.0001423431449207802
5149 0.0001376235146469122
5161 5.502814824397996e-05
5162 5.6001418804450566e-05
5198 0.00010654275221462514
5199 0.00014665847838343454
5217 7.159039254876493e-05
5242 6.786862826996617e-05
5294 9.68719546813797e-05
5297 0.0001415241100530177
5355 0.00015447220461114937
5379 2.541525611908456e-05
5395 3.215862746722012e-05
5398 0.00023397347506023475
5427 3.490353872923123e-05
5430 6.441104889224853e-05
5439 8.024367862190805e-05
5440 8.586807337437805e-05
5448 9.954283828468142e-05
5469 1.1433598200043818e-05
5480 0.0001753021616311125
5490 0.00015447220461114937
5509 8.935997200289977e-05
5550 4.944160821510571e-05
5569 9.527405980765772e-05
5588 6.913916575845257e-05
5622 6.733409171295719e-05
5624 0.0001415241100530177
5673 0.0002537323685808453
5674 0.00010236864012694453
5687 2.724862948448243e-05
5691 8.383730339089555e-05
5705 0.00011566583790554528
5797 5.544288630052885e-05
5806 7.910237522724487e-05
5862 6.610917985376751e-05
5868 7.256700694753944e-05
5872 0.00013130412920165632
5888 8.358930576913648e-05
5891 0.00010310145735752775
5892 0.00011712061541501202
5894 1.5848029138067838e-05
5896 1.6219082409210568e-05
5909 6.663037655997976e-05
5934 5.434466680855229e-05
5938 5.91933076971794e-05
5984 3.088397517794058e-05
5985 7.52017798211394e-05
5987 7.798719092134497e-05
5988 7.044371782011974e-05
6022 2.0770655001689466e-05
6033 0.00011519040557349246
6106 7.217400943451535e-05
6133 0.00013614669170503938
6135 0.0002875104201589402
6227 0.00010536844412685977
6242 3.105201474962982e-05
6264 4.7398314413738584e-05
6328 9.920086195142229e-05
6334 0.00014944388948364012
6352 0.00011519040557349246
6356 6.733409171295719e-05
6366 0.0001251273376474703
6367 0.00023397347506023475
6388 0.0001664173719040451
6452 8.63892700805903e-05
6475 8.691610145495967e-05
6476 0.00010774605847492284
6490 2.724862948448243e-05
6491 7.604199766141655e-05
6516 9.818910047034337e-05
6556 0.00016378259903044513
6568 3.9584588186023764e-05
6569 4.981125419104163e-05
6572 0.00011614595437539213
6574 0.00030726931367955075
6605 0.00010200632301179658
6606 0.00014944388948364012
6607 0.00022883910672981793
6614 8.484211069037113e-05
6619 5.7716484755306535e-05
6623 0.00010460100421098168
6624 0.00011663084820199027
6625 0.00011811516886331826
6661 5.889434094657216e-05
6667 0.00012069415303305452
6760 1.9892587507080337e-05
6789 4.7516165565500014e-05
6833 2.7093186202753706e-05
6857 0.00014665847838343454
6868 0.00016508218077975113
6905 2.9805618738211806e-05
6929 5.904359505253569e-05
6943 0.00017065756051371745
6960 3.259102983841739e-05
6984 0.00016508218077975113
6992 4.787143878550288e-05
7021 0.0001677901789526326
7178 3.714017269315804e-05
7232 0.00013401212737453773
7289 0.00013542473142615584
7290 0.00016508218077975113
7301 0.00011024565393173974
7302 0.00011811516886331826
7332 0.00023971321052336105
7346 8.070779096331723e-05
7469 7.887728740211037e-05
7476 8.117636599183342e-05
7480 9.252359415714085e-05
7482 2.5340342303404983e-05
7483 2.8590308184836374e-05
7494 0.00010694056199521868
7502 9.68719546813797e-05
7602 9.654815662959692e-05
7605 0.0001804365299615294
7666 0.00014944388948364012
7677 6.988034244141115e-05
7678 8.260974660633398e-05
7679 8.260974660633398e-05
7694 6.804811807694473e-05
7808 4.7398314413738584e-05
7818 2.996997446737178e-05
7836 6.424444555902466e-05
7837 0.00018617626542465564
7838 0.0002059351589452662
7858 4.509923582401553e-05
7863 7.64676023536449e-05
7884 0.00010982004923951138
7890 9.233159952796689e-06
7893 5.131853189681648e-05
7989 0.00011862016226846598
8009 2.7093186202753706e-05
8010 3.97855428110104e-05
8016 3.6571316885345003e-05
8061 7.865323446718271e-05
8144 1.8182537399726556e-05
8204 5.1064059112276297e-05
8206 0.0001804365299615294
8336 0.00020298083458234552
8346 0.0001399262151792957
8349 4.919672615455441e-05
8444 5.815485137703107e-05
8539 7.955569410086921e-05
8571 9.496067334174995e-05
8600 8.383730339089555e-05
8603 0.0001376235146469122
8639 3.69498153124238e-05
8642 9.164022082905678e-05
8695 4.476354154013861e-05
8696 4.787143878550288e-05
8700 0.00016508218077975113
8701 0.00019268344080366
8722 7.217400943451535e-05
8763 6.542281037332744e-05
8767 0.0001239806629188251
8781 8.63892700805903e-05
8785 0.0002059351589452662
8795 0.0002462203859023654
8813 4.431951634967444e-05
8816 0.0002537323685808453
8823 0.0001475693727081854
8856 0.0002734912621014559
8878 0.00026261715830791277
