135
82 0.00884224915374531
116 0.008084362391669939
163 0.0023451895823038407
338 0.0073813902959675905
392 0.015251743240812347
521 0.006541138568467887
523 0.014292440814748592
549 0.0036002691377496334
668 0.009165490178074056
700 0.007183959562320838
726 0.0033992070759760705
861 0.003881096981175046
878 0.007640114663712177
1041 0.005694218743212423
1042 0.034383406551237505
1164 0.008947766538641799
1175 0.010924369860239359
1309 0.004395143592334261
1381 0.006292517179384338
1416 0.014508060284810564
1468 0.010118886961766512
1476 0.008688276919995993
1568 0.0052623695339944964
1640 0.004022631781452338
1744 0.011461135517079168
1881 0.005037437623938545
1921 0.0003890667641860702
1935 0.005848269451426575
1951 0.012716215072524961
1958 0.008194382663658113
2012 0.008688276919995993
2075 0.012203361821125257
2238 0.006637707339965806
2292 0.009876207603955542
2432 0.009876207603955542
2594 0.014508060284810564
2612 0.00825120003214758
2619 0.01646683613429237
2638 0.007978834016905465
2684 0.004113745572190336
2738 0.016090527125809353
2743 0.0039892753676547274
2846 0.014508060284810564
2877 0.013459898028526745
2944 0.00634694205700261
2954 0.0025206194495222384
2964 0.01022139776453701
3019 0.00830929430172589
3082 0.010480122132281595
3227 0.0024223620654250768
3229 0.002489510936911321
3268 0.005469286833156471
3320 0.00623921454454549
3479 0.010619890559957327
3489 0.006607114246796692
3599 0.005317179068439875
3615 0.010924369860239359
3624 0.00759515550960238
3656 0.0025019094556511566
3661 0.011269560020820827
3663 0.00759515550960238
3680 0.006829282836224146
3733 0.011976075758204611
3786 0.0053357102316788215
3819 0.003408014873940641
3884 0.0044738832693208995
3974 0.005373175904879347
4180 0.014508060284810564
4191 0.010101139514011493
4192 0.010101139514011493
4221 0.004655406049942923
4461 0.006292517179384338
4519 0.008031059756831091
4592 0.00782820386651993
4656 0.010480122132281595
4657 0.01393121496928642
4748 0.015251743240812347
4806 0.015251743240812347
4830 0.008894738664519775
4915 0.0034705243217088935
5172 0.0039892753676547274
5178 0.003287355617255658
5218 0.003797699871396387
5371 0.0059172091689849975
5380 0.0013482188246028664
5381 0.0020316284140044476
5653 0.0077324489862017455
5703 0.0021158749310989586
5769 0.00890086949301108
5812 0.005469286833156471
5897 0.0008603837049457414
5912 0.003967274501226372
5976 0.005548834223382552
6107 0.003828659357621433
6378 0.005672942193460648
6430 0.009254929204858944
6444 0.006763834120144008
6459 0.00825120003214758
6529 0.0063195863921862465
6537 0.011934754587578589
6690 0.003913077836912314
6761 0.00316576321184107
6764 0.01929997059740351
6823 0.004527741179900644
6886 0.002722325930145407
6890 0.012411735772242928
6895 0.00490815637576452
6968 0.005589545083681989
6996 0.00416053574009535
7074 0.0029264250820733007
7407 0.0035531806554267176
7484 0.003033295554086449
7666 0.0055287167195052864
7680 0.004382250367593144
7722 0.008975804774606438
7725 0.0052623695339944964
7824 0.011668052816241144
7846 0.011091207500717
7904 0.00431873154051776
8069 0.006036358654234326
8235 0.0025521068814658163
8350 0.005219538374873677
8445 0.003084976401619648
8448 0.00652628786682231
8458 0.008688276919995993
8520 0.007685869596249623
8622 0.005392114350035235
8667 0.005988037879102306
8724 0.005569109513215359
8745 0.01393121496928642
8760 0.014508060284810564
8814 0.0023510448196922534
8867 0.002042010300254792
8872 0.003726871161279079
8873 0.0055287167195052864
