535
1 0.00016251677649793962
8 0.0001475693727081854
10 0.00016128300357362823
15 6.0101372993599195e-05
49 0.00017065756051371745
53 0.00010200632301179658
58 3.9886331735258645e-05
62 0.00014576429866269
68 3.241760820520544e-05
77 8.691610145495967e-05
79 0.00013130412920165632
82 8.334256383691721e-05
97 8.612797493712278e-05
122 0.0001523982138465608
124 0.00015447220461114937
130 0.00011862016226846598
138 5.5304247721948624e-05
141 0.00012571095453322076
151 0.00011712061541501202
152 0.0001475693727081854
153 0.00016007969731333051
158 1.722259642893919e-05
160 3.6009024944890365e-05
190 0.0002875104201589402
225 4.311890533715833e-05
226 0.00011712061541501202
238 0.00012176521653240713
239 0.00018825025618924418
246 0.0001002340757964429
250 0.00016251677649793962
268 0.00015342417653056774
276 4.8109734749355606e-05
277 5.502814824397996e-05
278 5.558192042480493e-05
283 0.00014488623116808087
290 5.516600244482883e-05
303 0.00018227567001855016
328 5.502814824397996e-05
330 6.358367031630664e-05
375 8.334256383691721e-05
378 7.955569410086921e-05
401 0.00010939812948263226
403 0.0002875104201589402
404 0.00011913044365880717
405 0.00011913044365880717
406 0.00015663840245623315
430 2.1595466130645556e-05
449 6.628229345501092e-05
457 0.00023971321052336105
473 4.858985121920245e-05
476 0.00015554326811050196
483 0.0001523982138465608
494 0.00010815385522706535
496 0.00015447220461114937
509 1.4811799641107606e-05
521 6.165346047478709e-05
535 8.236790279729728e-05
537 0.00017215710736717137
569 0.0001415241100530177
578 0.0001440237055098346
632 6.4078409870285e-05
633 0.00010058340652177312
645 6.341986704442123e-05
647 0.00017215710736717137
648 0.00018227567001855016
649 0.00018617626542465564
692 0.00015342417653056774
693 0.00019506105515172307
706 6.525271795805037e-05
708 9.654815662959692e-05
723 6.212889280683989e-05
726 6.4078409870285e-05
728 0.00017370426675739054
765 7.499396958083494e-05
785 9.134928606937549e-05
821 0.00011243128604527755
847 0.00016508218077975113
855 9.464928935894339e-05
858 0.00010815385522706535
861 7.316251041712385e-05
862 0.00023397347506023475
872 6.593667904531496e-05
891 5.757123449128065e-05
918 0.0001275049519955334
941 9.719791862251607e-05
946 0.0002199543170027505
960 0.00012069415303305452
961 0.0001251273376474703
969 0.00010536844412685977
977 0.00010384546306881737
1102 8.285279662389543e-05
1140 3.8493910507496085e-05
1144 0.0001523982138465608
1173 9.077257605451787e-05
1195 0.00018825025618924418
1216 4.5550455969092306e-05
1234 2.8271279696782107e-05
1256 0.00020019542348213994
1306 4.5550455969092306e-05
1316 0.00019756065060853997
1364 0.00016378259903044513
1365 6.733409171295719e-05
1412 6.804811807694473e-05
1418 6.424444555902466e-05
1427 0.0001804365299615294
1468 0.00015554326811050196
1469 6.358367031630664e-05
1503 0.00015663840245623315
1521 0.00011110817958998604
1565 0.00015342417653056774
1576 0.0001376235146469122
1578 0.00010856509334268535
1610 9.590694438493474e-05
1617 0.00019506105515172307
1618 0.00020019542348213994
1628 0.00016378259903044513
1706 3.382257549850835e-05
1713 4.787143878550288e-05
1719 0.0001504088997800851
1729 0.00010200632301179658
1808 0.00020019542348213994
1888 6.071628875522179e-05
1922 7.334292682143156e-06
1929 4.2158123180710165e-05
1960 0.00011712061541501202
2004 7.217400943451535e-05
2009 0.00012176521653240713
2013 0.00016378259903044513
2040 4.7398314413738584e-05
2061 0.0001677901789526326
2073 0.00010939812948263226
2076 7.66818067754729e-05
2079 0.00017215710736717137
2087 0.0001753021616311125
2106 0.0002875104201589402
2118 6.715720793434914e-05
2137 0.00015342417653056774
2167 8.744869066327002e-05
2172 0.00019268344080366
2177 0.0002462203859023654
2178 0.0001523982138465608
2179 0.0002199543170027505
2242 0.00013614669170503938
2256 0.00015554326811050196
2316 0.00012341728754011654
2317 0.00019041645403432799
2321 8.691610145495967e-05
2326 0.00011913044365880717
2328 0.00018617626542465564
2350 0.00016007969731333051
2371 8.858094887998e-06
2373 4.532432364915004e-05
2374 8.586807337437805e-05
2384 3.364472337590274e-05
2389 8.070779096331723e-05
2390 0.00014576429866269
2402 8.825864993225359e-05
2448 8.825864993225359e-05
2455 0.00010128967145643295
2458 0.00017065756051371745
2466 0.00010939812948263226
2479 0.00013542473142615584
2493 2.5565430128539482e-05
2526 8.070779096331723e-05
2563 2.4450245822639586e-05
2564 4.692973938522239e-05
2571 6.593667904531496e-05
2579 0.00013130412920165632
2580 8.992010952057247e-05
2582 7.458098891001271e-05
2586 9.502842032885344e-06
2587 0.00014944388948364012
2618 4.846937791309118e-05
2620 0.00010347204034115494
2638 0.00012176521653240713
2639 0.0001504088997800851
2660 0.00015775871449691997
2664 0.00020019542348213994
2685 7.754816608258265e-05
2731 0.00022883910672981793
2734 0.0001677901789526326
2739 7.583058115843726e-05
2744 7.52017798211394e-05
2772 0.00011067500849334801
2783 8.718166847460814e-05
2786 0.0001399262151792957
2811 0.00023397347506023475
2827 0.0001196461249524729
2843 7.33626397641186e-05
2850 9.252359415714085e-05
2894 0.00013130412920165632
2929 0.0001251273376474703
2930 0.0001523982138465608
2940 7.910237522724487e-05
2976 5.461691012835996e-05
2999 0.00023971321052336105
3000 0.0002462203859023654
3047 0.0001786642827461757
3048 0.00018227567001855016
3050 5.1064059112276297e-05
3190 0.0001753021616311125
3212 7.356359438910525e-05
3213 0.0001300045474523503
3307 8.408656954820681e-05
3362 0.0002537323685808453
3363 0.0002734912621014559
3372 6.542281037332744e-05
3373 0.00022883910672981793
3413 8.001326955199571e-05
3414 9.852402568908913e-05
3419 0.00011712061541501202
3421 8.586807337437805e-05
3465 5.7716484755306535e-05
3498 0.00019756065060853997
3507 9.134928606937549e-05
3519 8.586807337437805e-05
3564 0.00010774605847492284
3572 5.234992335902794e-05
3574 0.00021605372159664503
3586 6.228840662358072e-05
3596 8.285279662389543e-05
3598 0.0002734912621014559
3600 0.0001002340757964429
3601 0.00015139340654708521
3605 5.380470086849468e-05
3647 8.094151528426567e-05
3657 4.716346370617082e-05
3719 2.489326185102742e-05
3723 6.859058854884968e-05
3729 0.00012936752625714268
3731 5.3138049876864844e-05
3732 0.00010654275221462514
3733 0.0001128804268053397
3743 3.233112827567267e-05
3746 1.903006184883404e-05
3763 0.00026261715830791277
3766 5.131853189681648e-05
3782 0.00013614669170503938
3786 0.00010058340652177312
3812 0.00023971321052336105
3832 3.3290954653437934e-05
3840 0.00010774605847492284
3847 0.0001677901789526326
3872 9.164022082905678e-05
3875 3.285232498188492e-05
3902 0.00012122674224136485
3969 6.0101372993599195e-05
3970 6.663037655997976e-05
3974 0.00010128967145643295
3977 0.0001128804268053397
3996 7.417147870601431e-05
3997 0.0001347133110905388
4005 9.222735356398462e-05
4091 0.00019041645403432799
4092 0.0002875104201589402
4093 0.00030726931367955075
4159 0.00018825025618924418
4160 0.00020019542348213994
4169 0.0002875104201589402
4207 0.00015663840245623315
4209 0.0002734912621014559
4220 4.3879500470736716e-05
4224 8.236790279729728e-05
4225 0.00010897983139923425
4247 4.846937791309118e-05
4249 0.00013542473142615584
4250 8.612797493712278e-05
4286 0.0001228603508781383
4288 0.0001423431449207802
4289 0.0002199543170027505
4290 5.656642719180506e-05
4291 7.843020694973282e-05
4295 0.00012176521653240713
4299 0.00026261715830791277
4308 7.955569410086921e-05
4314 3.1644758795232604e-05
4322 0.00017370426675739054
4323 0.00018418695135817993
4329 3.676019862375966e-05
4381 4.3226837668107787e-05
4398 6.325661252824365e-05
4402 6.950834500520415e-05
4406 6.508321716976057e-05
4450 0.00019756065060853997
4453 3.6854914742017664e-05
4481 9.282164663063054e-05
4485 7.159039254876493e-05
4495 3.207260550754382e-05
4499 9.312153328472917e-05
4502 6.424444555902466e-05
4503 7.798719092134497e-05
4533 5.685140711216779e-05
4563 4.728074758348793e-05
4577 3.9085797470059324e-05
4659 6.610917985376751e-05
4676 1.811794967986411e-05
4699 3.676019862375966e-05
4733 0.0002199543170027505
4734 0.00026261715830791277
4813 0.0002462203859023654
4814 0.00030726931367955075
4834 1.7286007534181456e-05
4835 0.0001440237055098346
4839 3.088397517794058e-05
4846 4.681329625334851e-05
4853 8.535239208071232e-05
4878 6.969398876306011e-05
4885 0.0001027336712532598
4908 9.372690041743856e-05
4911 6.341986704442123e-05
4913 6.457822376461287e-05
4914 6.542281037332744e-05
4915 0.00023971321052336105
4923 8.188778632745044e-05
4933 2.564069103539461e-05
4972 4.681329625334851e-05
4973 0.00014576429866269
5033 0.0001347133110905388
5036 0.0001677901789526326
5044 0.00010058340652177312
5059 0.00016508218077975113
5065 0.0001287387249198448
5066 0.00015890538922556517
5171 7.52017798211394e-05
5177 6.196989942762013e-05
5198 0.00010654275221462514
5199 0.00014665847838343454
5217 7.159039254876493e-05
5219 0.00014071861357331354
5222 2.3001954162320978e-05
5268 0.0002875104201589402
5294 9.68719546813797e-05
5379 2.541525611908456e-05
5380 3.8298201700263376e-05
5395 3.215862746722012e-05
5397 0.00021244233432427055
5408 0.00010774605847492284
5427 3.490353872923123e-05
5443 0.00011712061541501202
5447 0.00016251677649793962
5451 0.00019506105515172307
5452 0.00020019542348213994
5455 8.908229930004346e-05
5466 0.00015447220461114937
5469 1.1433598200043818e-05
5473 0.0001251273376474703
5481 6.576478670658657e-05
5487 0.0002875104201589402
5508 0.0002734912621014559
5575 0.00017065756051371745
5588 6.913916575845257e-05
5636 0.00010310145735752775
5687 2.724862948448243e-05
5765 0.00015554326811050196
5766 0.00018418695135817993
5797 5.544288630052885e-05
5806 7.910237522724487e-05
5834 6.804811807694473e-05
5854 7.178415593526694e-05
5894 1.5848029138067838e-05
5896 1.6219082409210568e-05
5911 7.47870417645905e-05
5925 0.00010734164596720007
5927 0.0001475693727081854
5928 0.0001504088997800851
5984 3.088397517794058e-05
5988 7.044371782011974e-05
6000 3.4631041686461846e-05
6005 0.00010897983139923425
6012 0.00014665847838343454
6013 0.00016128300357362823
6022 2.0770655001689466e-05
6095 0.0001753021616311125
6106 7.217400943451535e-05
6114 0.00010536844412685977
6140 0.00020908021320920737
6211 7.356359438910525e-05
6215 0.00013614669170503938
6218 9.464928935894339e-05
6229 7.458098891001271e-05
6230 0.0001239806629188251
6238 0.00017215710736717137
6254 8.141235399539764e-05
6264 4.7398314413738584e-05
6277 0.00011067500849334801
6278 0.00011566583790554528
6328 9.920086195142229e-05
6336 0.00015890538922556517
6337 0.00016007969731333051
6380 0.00011067500849334801
6441 0.00020019542348213994
6467 4.669713069773751e-05
6468 4.669713069773751e-05
6470 0.0001263016457352357
6490 2.724862948448243e-05
6506 8.88061998220748e-05
6525 0.00017695423263882194
6526 0.0002734912621014559
6556 0.00016378259903044513
6568 3.9584588186023764e-05
6569 4.981125419104163e-05
6586 5.24803957997587e-05
6589 5.9343481706634316e-05
6590 8.691610145495967e-05
6593 7.754816608258265e-05
6608 0.00016251677649793962
6614 8.484211069037113e-05
6633 0.00011811516886331826
6636 0.0002462203859023654
6661 5.889434094657216e-05
6679 9.527405980765772e-05
6680 9.558947467904783e-05
6689 7.376538112671329e-05
6704 0.00010694056199521868
6748 0.00012016732165868515
6753 0.00011862016226846598
6760 1.9892587507080337e-05
6762 7.139739654402146e-05
6763 7.27647006365303e-05
6773 0.00013542473142615584
6774 0.00016378259903044513
6784 9.68719546813797e-05
6785 0.0001228603508781383
6789 4.7516165565500014e-05
6815 7.178415593526694e-05
6816 0.00021244233432427055
6822 8.535239208071232e-05
6823 0.00012176521653240713
6831 0.00011198624708459517
6833 2.7093186202753706e-05
6872 0.00020298083458234552
6905 2.9805618738211806e-05
6929 5.904359505253569e-05
6999 6.309390310328486e-05
7018 0.0002875104201589402
7035 0.0002734912621014559
7067 3.508605365233e-05
7091 9.464928935894339e-05
7100 0.00015342417653056774
7124 6.859058854884968e-05
7139 6.196989942762013e-05
7142 0.00015139340654708521
7143 0.0001523982138465608
7197 0.00011198624708459517
7198 0.00022883910672981793
7211 0.00010498321344481378
7344 8.96392359620217e-05
7345 0.00011425323385392718
7373 7.27647006365303e-05
7378 0.00026261715830791277
7382 0.00015663840245623315
7392 5.274239335290522e-05
7444 9.886126874785542e-05
7447 0.00012176521653240713
7454 0.00014944388948364012
7482 2.5340342303404983e-05
7483 2.8590308184836374e-05
7491 0.0001147195668623605
7503 3.173002815645075e-05
7523 8.935997200289977e-05
7579 0.00015775871449691997
7580 0.0001804365299615294
7590 0.0001239806629188251
7602 9.654815662959692e-05
7608 0.00015554326811050196
7655 0.0002199543170027505
7664 0.0001196461249524729
7671 9.134928606937549e-05
7677 6.988034244141115e-05
7678 8.260974660633398e-05
7679 8.260974660633398e-05
7724 9.920086195142229e-05
7775 0.00010536844412685977
7784 7.082295263288685e-05
7808 4.7398314413738584e-05
7812 0.0001786642827461757
7816 0.00014071861357331354
7818 2.996997446737178e-05
7820 0.00013614669170503938
7858 4.509923582401553e-05
7862 9.077257605451787e-05
7863 7.64676023536449e-05
7866 5.91933076971794e-05
7886 7.910237522724487e-05
7890 9.233159952796689e-06
7893 5.131853189681648e-05
7894 6.374802604546662e-05
7902 7.376538112671329e-05
7903 8.141235399539764e-05
7904 6.056183085252843e-05
7957 0.00011379132113009053
8018 0.0001281179340087181
8023 0.00030726931367955075
8054 2.9805618738211806e-05
8069 5.287392225192349e-05
8077 0.0001300045474523503
8088 8.509658347491132e-05
8090 9.558947467904783e-05
8103 0.00014576429866269
8104 0.00021605372159664503
8105 0.0001281179340087181
8144 1.8182537399726556e-05
8156 0.0002199543170027505
8170 0.00011425323385392718
8285 0.00021244233432427055
8349 4.919672615455441e-05
8442 8.001326955199571e-05
8444 5.815485137703107e-05
8495 0.00015342417653056774
8519 0.00014488623116808087
8520 5.874554257904601e-05
8521 6.610917985376751e-05
8533 0.00013687950893562258
8534 0.0001753021616311125
8550 0.00013542473142615584
8590 0.00013614669170503938
8604 0.00015447220461114937
8633 5.949411993323993e-05
8638 6.491430390704548e-05
8639 3.69498153124238e-05
8642 9.164022082905678e-05
8652 0.00010982004923951138
8661 7.843020694973282e-05
8663 8.001326955199571e-05
8678 4.409901177660094e-05
8695 4.476354154013861e-05
8696 4.787143878550288e-05
8731 0.00021244233432427055
8738 8.853165584237468e-05
8746 0.00011811516886331826
8799 0.00012069415303305452
8813 4.431951634967444e-05
8829 0.00011663084820199027
8871 7.025520142447097e-05
8872 0.00010422176939821458
