108
10 0.007525414281927617
17 0.005606969479697393
82 0.011666213543161351
153 0.0074692683898240925
190 0.02683029177441335
338 0.012985063557304246
385 0.009608869824713154
401 0.005104482355755072
521 0.008630193294523076
549 0.015833644375443413
700 0.006318875426543984
726 0.014949392376020415
829 0.007414475543341553
872 0.0061531694623230045
878 0.02016030256812009
1095 0.003243237542860625
1143 0.04266511670577643
1164 0.0039351433991932526
1370 0.016124244415774314
1417 0.0029976256482828678
1426 0.008419111806372512
1468 0.0029667940830310196
1476 0.007642044620729461
1568 0.004628681056078929
1640 0.003538231095727712
1712 0.002233666295583255
1935 0.00514402758031238
2041 0.003911822239893514
2075 0.003577949015617877
2238 0.005838402267613903
2373 0.004006577329384593
2432 0.008686926060023723
2525 0.0037658001731156188
2619 0.01931189159204969
2684 0.0036183730687328612
2730 0.05338780416691459
2964 0.008990548819069204
3229 0.0021897268973879685
3268 0.004810681612409881
3342 0.005419333745515679
3506 0.004262328991886253
3599 0.0046768904895177965
3656 0.008802529603128679
3732 0.014913754048221034
3840 0.005027397241510536
3884 0.0039351433991932526
3902 0.005656401711282951
3954 0.005027397241510536
3970 0.009326857317840937
3974 0.004726144251412201
4005 0.02151649672675997
4144 0.006456723273257853
4209 0.012761016376168454
4221 0.0020474037078283018
4287 0.005732625377099313
4300 0.024507268218221138
4474 0.007525414281927617
4485 0.011363053505097512
4519 0.014127937582697628
4909 0.0043732677304723164
4973 0.0021842936974337274
5178 0.002891496040308642
5295 0.004520014974452649
5371 0.0052046656564894225
5380 0.003557603599999187
5381 0.008934910302427938
5510 0.00416950822245991
5601 0.00850492550369277
5703 0.005583251127088351
5714 0.008336419308030984
5769 0.007829037040973097
5897 0.0007567772902140553
6161 0.007424087390858078
6390 0.0473562904459161
6459 0.007257600028276406
6491 0.0012714124919670545
6761 0.009281818840999998
6764 0.006790356147358723
6834 0.002528319114543885
6886 0.0023945065773006728
6895 0.008634243676737584
6935 0.004759582987859325
6968 0.009832917005848945
6973 0.002862061414394239
7181 0.005949341006199966
7336 0.005921094765955432
7346 0.031986120003336095
7407 0.0031253107335690506
7484 0.0013340147986558206
7503 0.004520014974452649
7638 0.00859410529059738
7647 0.007764982295334294
7666 0.0048629550202978445
7680 0.0038545448259458027
7725 0.013886043168236785
7845 0.007642044620729461
7905 0.00282579600292007
8145 0.0008483914832793879
8235 0.006734355331197756
8342 0.009755617068693486
8350 0.00229550378790256
8445 0.005426974193425141
8448 0.0019134665996965936
8487 0.00859410529059738
8660 0.006036248136144793
8814 0.0020679347105146523
8872 0.006556171257538067
8873 0.014588865060893531
