39
56 0.020345832849090032
378 0.01575556324059881
850 0.04440047631150916
1058 0.02904489687451486
1065 0.030804480120017633
1248 0.022719572886163483
1268 0.016702497538798024
1721 0.016076528304871544
1724 0.048762579536930674
2031 0.02183353928532588
2406 0.034094758685694025
2580 0.03350967115853071
2727 0.021665691776649305
3552 0.036098683804562645
3872 0.018148836622856754
4915 0.01295662413437987
5052 0.025373045064126572
5396 0.006368837510841461
5890 0.08221560967948333
6078 0.048762579536930674
6081 0.027868539648119337
6088 0.02027354046247399
6298 0.018148836622856754
6728 0.017057166947547518
6729 0.05660549473372304
6834 0.016096965029262736
6920 0.014648952832545137
6932 0.023695250346143077
7393 0.010445337990246472
7492 0.022719572886163483
7695 0.013476551740038476
8033 0.011993934145727409
8073 0.027405203226494444
8137 0.03350967115853071
8145 0.0036009505179191797
8146 0.02501333926205379
8235 0.009527865690805715
8307 0.03815988498760484
8445 0.011517245232713353
