81
68 3.241760820520544e-05
72 0.00013837905578907654
430 2.1595466130645556e-05
645 6.341986704442123e-05
651 0.00012571095453322076
652 0.0001664173719040451
861 7.316251041712385e-05
1391 6.491430390704548e-05
1729 0.00010200632301179658
1777 4.871062309639001e-05
1780 0.00016128300357362823
1848 6.508321716976057e-05
1946 0.00015342417653056774
1970 0.00012122674224136485
1973 0.0001275049519955334
1974 0.0002537323685808453
2238 0.00011913044365880717
2239 0.0001251273376474703
2371 8.858094887998e-06
2394 0.0001523982138465608
2417 8.63892700805903e-05
2563 2.4450245822639586e-05
2607 3.3290954653437934e-05
2685 7.754816608258265e-05
2773 0.00011067500849334801
2955 4.7516165565500014e-05
2982 7.197869283035229e-05
3372 6.542281037332744e-05
3387 0.00019041645403432799
3545 6.071628875522179e-05
3600 0.0001002340757964429
3627 6.491430390704548e-05
3628 7.733012801189119e-05
3681 0.0001287387249198448
3719 2.489326185102742e-05
3746 1.903006184883404e-05
3832 3.3290954653437934e-05
4189 4.981125419104163e-05
4220 4.3879500470736716e-05
4281 0.00014576429866269
4652 4.476354154013861e-05
4699 3.676019862375966e-05
4712 8.484211069037113e-05
4718 0.0001147195668623605
4853 8.535239208071232e-05
4854 0.00016920278300425065
5171 7.52017798211394e-05
5329 0.00014849761844045535
5469 1.1433598200043818e-05
6114 0.00010536844412685977
6294 0.00017065756051371745
6296 0.00026261715830791277
6348 9.590694438493474e-05
6349 0.0001523982138465608
6429 5.815485137703107e-05
6452 8.63892700805903e-05
6517 0.0001391464957049546
6595 7.66818067754729e-05
6596 0.00015890538922556517
6725 8.458895984833521e-05
6727 8.612797493712278e-05
6728 9.527405980765772e-05
6753 0.00011862016226846598
6755 0.00015890538922556517
6885 5.131853189681648e-05
7003 8.771718405598661e-05
7503 3.173002815645075e-05
7518 0.00019756065060853997
7627 7.887728740211037e-05
7634 0.0001391464957049546
7671 9.134928606937549e-05
7677 6.988034244141115e-05
7681 0.00017215710736717137
7682 0.00018418695135817993
7866 5.91933076971794e-05
8144 1.8182537399726556e-05
8447 4.100899018649567e-05
8519 0.00014488623116808087
8763 6.542281037332744e-05
8764 0.0001287387249198448
8813 4.431951634967444e-05
