486
32 0.00015775871449691997
56 0.0001027336712532598
58 3.9886331735258645e-05
62 0.00014576429866269
68 3.241760820520544e-05
69 0.00010460100421098168
70 0.00011566583790554528
138 5.5304247721948624e-05
139 0.00010897983139923425
158 1.722259642893919e-05
160 3.6009024944890365e-05
161 8.88061998220748e-05
225 4.311890533715833e-05
238 0.00012176521653240713
240 0.00010347204034115494
243 6.309390310328486e-05
290 5.516600244482883e-05
310 8.408656954820681e-05
330 6.358367031630664e-05
334 9.252359415714085e-05
339 0.0001523982138465608
344 9.164022082905678e-05
352 0.00019506105515172307
377 0.00011913044365880717
378 7.955569410086921e-05
423 8.63892700805903e-05
449 6.628229345501092e-05
458 0.00011198624708459517
463 2.104404381130732e-05
473 4.858985121920245e-05
509 1.4811799641107606e-05
522 0.00011110817958998604
602 0.00013401212737453773
645 6.341986704442123e-05
700 0.00013542473142615584
702 0.0001786642827461757
722 0.00011663084820199027
723 6.212889280683989e-05
726 6.4078409870285e-05
753 9.752607762356147e-05
754 0.00023971321052336105
773 0.00011110817958998604
775 0.00016251677649793962
837 0.0001128804268053397
838 0.00011614595437539213
839 0.00020908021320920737
918 0.0001275049519955334
919 0.00016378259903044513
920 0.00020019542348213994
941 9.719791862251607e-05
990 0.00010939812948263226
1096 6.950834500520415e-05
1102 8.285279662389543e-05
1103 9.527405980765772e-05
1111 9.886126874785542e-05
1112 0.00020908021320920737
1140 3.8493910507496085e-05
1164 8.408656954820681e-05
1165 8.433711728522342e-05
1183 0.00010310145735752775
1234 2.8271279696782107e-05
1243 0.00012341728754011654
1284 0.00022419450561242282
1350 6.374802604546662e-05
1365 6.733409171295719e-05
1371 0.00011519040557349246
1374 9.920086195142229e-05
1381 0.00014665847838343454
1391 6.491430390704548e-05
1418 6.424444555902466e-05
1438 0.00014071861357331354
1439 0.0001677901789526326
1477 0.00016378259903044513
1478 0.00026261715830791277
1497 6.663037655997976e-05
1504 0.0001239806629188251
1511 9.312153328472917e-05
1540 0.00016007969731333051
1548 0.0001753021616311125
1555 0.00015139340654708521
1621 0.00011198624708459517
1622 0.00011333374567896404
1629 0.00015447220461114937
1636 0.00015663840245623315
1649 8.744869066327002e-05
1650 0.00016920278300425065
1667 0.0001376235146469122
1669 0.00019756065060853997
1674 0.00014944388948364012
1699 0.00013130412920165632
1722 8.117636599183342e-05
1733 0.00011243128604527755
1765 0.00016920278300425065
1777 4.871062309639001e-05
1785 0.00010734164596720007
1789 0.00020019542348213994
1848 6.508321716976057e-05
1872 0.00017695423263882194
1888 6.071628875522179e-05
1922 7.334292682143156e-06
1960 0.00011712061541501202
1981 9.920086195142229e-05
2032 0.00011024565393173974
2044 0.00010536844412685977
2118 6.715720793434914e-05
2131 0.0002734912621014559
2137 0.00015342417653056774
2167 8.744869066327002e-05
2180 0.00022883910672981793
2202 0.00021244233432427055
2299 0.00010982004923951138
2300 0.00011024565393173974
2321 8.691610145495967e-05
2326 0.00011913044365880717
2328 0.00018617626542465564
2371 8.858094887998e-06
2373 4.532432364915004e-05
2374 8.586807337437805e-05
2384 3.364472337590274e-05
2389 8.070779096331723e-05
2391 2.4157123570420575e-05
2392 0.0001281179340087181
2402 8.825864993225359e-05
2404 0.00012341728754011654
2405 0.0001677901789526326
2406 0.0002059351589452662
2415 0.0001275049519955334
2439 5.502814824397996e-05
2440 0.0001275049519955334
2441 0.0001431761810607271
2469 0.00011110817958998604
2493 2.5565430128539482e-05
2526 8.070779096331723e-05
2550 5.3403616896513294e-05
2563 2.4450245822639586e-05
2586 9.502842032885344e-06
2607 3.3290954653437934e-05
2612 8.001326955199571e-05
2618 4.846937791309118e-05
2673 0.00014849761844045535
2716 0.0001523982138465608
2742 0.0001677901789526326
2744 7.52017798211394e-05
2768 0.0001415241100530177
2776 9.222735356398462e-05
2790 0.00011425323385392718
2830 8.285279662389543e-05
2864 0.00022883910672981793
2865 0.0002734912621014559
2920 0.0001399262151792957
2940 7.910237522724487e-05
2955 4.7516165565500014e-05
2976 5.461691012835996e-05
3024 0.0001347133110905388
3027 0.0002734912621014559
3113 6.165346047478709e-05
3120 0.00020298083458234552
3220 0.0002537323685808453
3228 4.566391685271689e-05
3229 4.669713069773751e-05
3230 4.692973938522239e-05
3247 0.00013263932032595027
3284 0.00019756065060853997
3372 6.542281037332744e-05
3383 0.00010815385522706535
3478 7.865323446718271e-05
3487 0.00014849761844045535
3513 6.056183085252843e-05
3519 8.586807337437805e-05
3605 5.380470086849468e-05
3616 0.0002059351589452662
3657 4.716346370617082e-05
3691 0.00011425323385392718
3719 2.489326185102742e-05
3727 6.424444555902466e-05
3743 3.233112827567267e-05
3746 1.903006184883404e-05
3752 0.0002059351589452662
3753 0.00022419450561242282
3832 3.3290954653437934e-05
3835 0.00011811516886331826
3872 9.164022082905678e-05
3902 0.00012122674224136485
3932 4.895306850942043e-05
3951 9.920086195142229e-05
3954 0.00010774605847492284
3974 0.00010128967145643295
3996 7.417147870601431e-05
4005 9.222735356398462e-05
4010 0.00014071861357331354
4099 0.0001147195668623605
4108 9.654815662959692e-05
4203 0.00011614595437539213
4247 4.846937791309118e-05
4249 0.00013542473142615584
4256 0.00020298083458234552
4257 0.00030726931367955075
4266 0.00015342417653056774
4267 0.00011519040557349246
4290 5.656642719180506e-05
4291 7.843020694973282e-05
4292 0.00011110817958998604
4293 0.0002875104201589402
4314 3.1644758795232604e-05
4329 3.676019862375966e-05
4340 0.00012936752625714268
4345 5.131853189681648e-05
4348 8.212725328354177e-05
4356 0.00014944388948364012
4381 4.3226837668107787e-05
4382 6.14960082295629e-05
4392 8.334256383691721e-05
4398 6.325661252824365e-05
4406 6.508321716976057e-05
4451 0.00010200632301179658
4453 3.6854914742017664e-05
4473 0.00016128300357362823
4481 9.282164663063054e-05
4492 6.969398876306011e-05
4495 3.207260550754382e-05
4509 0.0001281179340087181
4513 9.19329029551259e-05
4519 0.00010128967145643295
4563 4.728074758348793e-05
4577 3.9085797470059324e-05
4588 0.00016508218077975113
4589 0.00020298083458234552
4609 0.00018825025618924418
4652 4.476354154013861e-05
4658 8.334256383691721e-05
4676 1.811794967986411e-05
4688 0.0001804365299615294
4751 0.00010856509334268535
4754 0.00013542473142615584
4755 0.0001376235146469122
4759 5.0810908270240366e-05
4767 0.0002734912621014559
4801 0.0001347133110905388
4808 0.0001245506276326127
4834 1.7286007534181456e-05
4839 3.088397517794058e-05
4844 0.00010734164596720007
4853 8.535239208071232e-05
4908 9.372690041743856e-05
4926 0.00010236864012694453
4927 0.00010236864012694453
4933 2.564069103539461e-05
4936 0.00019506105515172307
4942 6.804811807694473e-05
5038 0.00016251677649793962
5051 0.0001281179340087181
5161 5.502814824397996e-05
5162 5.6001418804450566e-05
5166 0.0001347133110905388
5177 6.196989942762013e-05
5179 0.00013687950893562258
5222 2.3001954162320978e-05
5228 4.931901336427842e-05
5242 6.786862826996617e-05
5267 0.0001677901789526326
5289 0.0001300045474523503
5294 9.68719546813797e-05
5297 0.0001415241100530177
5309 0.00019506105515172307
5334 9.719791862251607e-05
5335 9.852402568908913e-05
5336 0.00018825025618924418
5346 0.0002059351589452662
5348 0.0001664173719040451
5359 0.00014071861357331354
5395 3.215862746722012e-05
5439 8.024367862190805e-05
5440 8.586807337437805e-05
5449 0.00016128300357362823
5455 8.908229930004346e-05
5462 0.00010654275221462514
5469 1.1433598200043818e-05
5481 6.576478670658657e-05
5503 0.0002059351589452662
5507 0.00019268344080366
5523 0.0002734912621014559
5550 4.944160821510571e-05
5569 9.527405980765772e-05
5622 6.733409171295719e-05
5624 0.0001415241100530177
5665 0.00018418695135817993
5667 0.0002734912621014559
5682 0.0002875104201589402
5687 2.724862948448243e-05
5691 8.383730339089555e-05
5702 3.9886331735258645e-05
5783 0.00020298083458234552
5806 7.910237522724487e-05
5810 5.261121850249547e-05
5834 6.804811807694473e-05
5862 6.610917985376751e-05
5865 0.0001196461249524729
5894 1.5848029138067838e-05
5896 1.6219082409210568e-05
5909 6.663037655997976e-05
5912 0.00010498321344481378
5919 0.00030726931367955075
5931 0.00014665847838343454
5934 5.434466680855229e-05
5938 5.91933076971794e-05
5940 0.00026261715830791277
5963 0.0002734912621014559
5975 0.00010460100421098168
5982 0.0001376235146469122
5984 3.088397517794058e-05
5998 0.00014488623116808087
5999 0.0001804365299615294
6000 3.4631041686461846e-05
6006 0.0001664173719040451
6008 0.00018418695135817993
6022 2.0770655001689466e-05
6050 0.0001431761810607271
6064 0.00010498321344481378
6065 0.00019506105515172307
6066 0.00019756065060853997
6079 0.0001251273376474703
6080 0.00014071861357331354
6084 7.843020694973282e-05
6087 0.00010236864012694453
6092 0.00014576429866269
6095 0.0001753021616311125
6099 0.0002059351589452662
6109 0.00016920278300425065
6133 0.00013614669170503938
6175 0.00015139340654708521
6177 0.00015447220461114937
6193 0.00010694056199521868
6197 5.5304247721948624e-05
6211 7.356359438910525e-05
6218 9.464928935894339e-05
6227 0.00010536844412685977
6229 7.458098891001271e-05
6242 3.105201474962982e-05
6262 0.0001128804268053397
6278 0.00011566583790554528
6356 6.733409171295719e-05
6374 0.0002875104201589402
6380 0.00011067500849334801
6386 0.00013837905578907654
6446 0.00022419450561242282
6467 4.669713069773751e-05
6468 4.669713069773751e-05
6481 0.00012936752625714268
6487 0.00012936752625714268
6490 2.724862948448243e-05
6498 0.00018617626542465564
6507 6.212889280683989e-05
6516 9.818910047034337e-05
6540 6.040786096929821e-05
6566 7.082295263288685e-05
6586 5.24803957997587e-05
6588 6.576478670658657e-05
6608 0.00016251677649793962
6614 8.484211069037113e-05
6617 0.0002199543170027505
6661 5.889434094657216e-05
6670 0.00010734164596720007
6675 5.7716484755306535e-05
6679 9.527405980765772e-05
6680 9.558947467904783e-05
6686 0.00011333374567896404
6712 6.025437603138515e-05
6714 0.0002199543170027505
6760 1.9892587507080337e-05
6789 4.7516165565500014e-05
6796 8.260974660633398e-05
6815 7.178415593526694e-05
6846 0.00021605372159664503
6905 2.9805618738211806e-05
6960 3.259102983841739e-05
6972 6.133906307779394e-05
6977 0.00015342417653056774
6992 4.787143878550288e-05
6995 7.843020694973282e-05
6998 0.00016251677649793962
6999 6.309390310328486e-05
7091 9.464928935894339e-05
7139 6.196989942762013e-05
7174 7.256700694753944e-05
7178 3.714017269315804e-05
7236 0.00010536844412685977
7237 0.00010536844412685977
7286 0.00019756065060853997
7296 0.00018825025618924418
7299 0.0002462203859023654
7301 0.00011024565393173974
7302 0.00011811516886331826
7310 0.0001347133110905388
7330 0.00018227567001855016
7331 0.00019041645403432799
7335 0.000126899584862824
7339 0.0001504088997800851
7340 0.0002734912621014559
7346 8.070779096331723e-05
7347 0.00015663840245623315
7373 7.27647006365303e-05
7374 0.00010498321344481378
7482 2.5340342303404983e-05
7483 2.8590308184836374e-05
7488 0.00018418695135817993
7502 9.68719546813797e-05
7503 3.173002815645075e-05
7514 0.00022883910672981793
7515 0.00023397347506023475
7516 0.0002734912621014559
7558 0.00013614669170503938
7577 8.853165584237468e-05
7578 8.88061998220748e-05
7579 0.00015775871449691997
7580 0.0001804365299615294
7590 0.0001239806629188251
7592 0.0002875104201589402
7593 0.0002199543170027505
7620 0.0001027336712532598
7627 7.887728740211037e-05
7638 0.00023397347506023475
7677 6.988034244141115e-05
7678 8.260974660633398e-05
7679 8.260974660633398e-05
7693 0.00014576429866269
7756 0.00019506105515172307
7858 4.509923582401553e-05
7861 0.00013263932032595027
7866 5.91933076971794e-05
7884 0.00010982004923951138
7885 0.00018418695135817993
7890 9.233159952796689e-06
7904 6.056183085252843e-05
7958 9.496067334174995e-05
7960 9.954283828468142e-05
7961 0.0001523982138465608
7981 6.950834500520415e-05
7987 7.843020694973282e-05
8061 7.865323446718271e-05
8068 0.00011379132113009053
8069 5.287392225192349e-05
8070 0.00022883910672981793
8088 8.509658347491132e-05
8090 9.558947467904783e-05
8099 0.00015447220461114937
8125 0.00021605372159664503
8137 8.63892700805903e-05
8144 1.8182537399726556e-05
8148 0.0001753021616311125
8168 0.0001664173719040451
8170 0.00011425323385392718
8172 0.00030726931367955075
8173 0.00026261715830791277
8186 9.252359415714085e-05
8208 0.00020298083458234552
8349 4.919672615455441e-05
8442 8.001326955199571e-05
8444 5.815485137703107e-05
8469 0.00021605372159664503
8495 0.00015342417653056774
8503 7.256700694753944e-05
8509 0.00018617626542465564
8513 4.3335009582674306e-05
8516 8.024367862190805e-05
8539 7.955569410086921e-05
8550 0.00013542473142615584
8559 0.00011379132113009053
8591 0.00011761535496899039
8593 0.00026261715830791277
8600 8.383730339089555e-05
8626 0.0001263016457352357
8629 0.0002462203859023654
8639 3.69498153124238e-05
8652 0.00010982004923951138
8693 8.484211069037113e-05
8694 8.88061998220748e-05
8695 4.476354154013861e-05
8696 4.787143878550288e-05
8722 7.217400943451535e-05
8781 8.63892700805903e-05
8782 0.00019268344080366
8813 4.431951634967444e-05
8866 3.8493910507496085e-05
8890 0.00010058340652177312
8891 0.00010058340652177312
8892 0.00010384546306881737
