29
82 0.02250754330044261
513 0.052036206801279336
521 0.01665017090155462
1138 0.03822008693310587
1164 0.022776133007451852
1468 0.05151433362353861
1779 0.04355618569236893
2075 0.020708735211606502
2619 0.027943721924859784
2939 0.02136243539470322
3613 0.07764523831686287
3627 0.020883821237635585
3675 0.034937072545565315
4221 0.011850124490763806
4382 0.011673865978732625
5172 0.02030903823533316
5291 0.036767858075009416
5304 0.04230186189969545
5368 0.058347598996039404
5381 0.020685671124408923
5776 0.039365194838845256
6300 0.03866624623070303
6507 0.023983056145888804
6764 0.019650879153719943
6834 0.014633604572057032
7725 0.02679024490033562
7904 0.02198626966081769
8123 0.039365194838845256
8520 0.039128063399088996
