51
13 0.050274970115554235
334 0.013975767307261683
1011 0.012931395169540559
1110 0.014933078425099788
1371 0.022430691110870135
1439 0.03267346297571547
1507 0.016915617525727324
1688 0.0275328944272088
1705 0.005108928692249261
1716 0.01890059039176704
1952 0.019352322506537213
2005 0.02555822376498105
2029 0.037116320238168424
2372 0.0068462774976478825
2438 0.016624096852554216
2439 0.01925973105396938
2939 0.011948480813986546
2954 0.007177357076605696
3141 0.024739500382361473
3149 0.011486208189127869
3229 0.0070887769051034225
3327 0.024739500382361473
3928 0.02257362615386781
4022 0.04514725230773562
4349 0.012405391207846174
4360 0.026729086801308154
4382 0.0065294504626809595
4915 0.019764341899901495
5017 0.024523517753193877
5081 0.015974645867255603
5163 0.008459061769241754
5441 0.025940890505507023
5988 0.011780031279508923
6513 0.02162688348496949
6517 0.01483154683714746
6537 0.011327902659396627
6626 0.017841396354404952
6707 0.011948480813986546
6708 0.024548296816095556
6834 0.0040924487362532375
7230 0.025137485057777118
7291 0.02493580330693461
7303 0.017841396354404952
7680 0.01247827223314658
7695 0.010278725903419177
7843 0.04131108691268093
8033 0.009147915873859887
8145 0.002746487683158696
8586 0.02162688348496949
8601 0.012663695725756968
8679 0.00666119310089945
