203
46 0.004697617452130473
52 0.00543362482509633
131 0.004203171461519076
134 0.003820874649636391
161 0.0024655478280820264
334 0.017981283171025153
378 0.002208723818775534
458 0.003109101040554243
459 0.002442808766582028
490 0.004231068167602959
569 0.003929167815552939
626 0.003682497267117971
668 0.0047968920558144595
702 0.009920598678092946
707 0.0026364159527155
812 0.007593003513545716
890 0.013310430730119584
920 0.005558073564089816
1102 0.0026451165763421982
1110 0.008234127355896143
1134 0.0029913796670670164
1176 0.0028727190763874542
1200 0.00511362651247383
1207 0.006980286771339958
1289 0.004620285415603894
1336 0.005009502663604828
1364 0.0018694125400183005
1417 0.0017836339527165972
1439 0.012010805704468615
1507 0.015545505202771216
1523 0.0036093474358110463
1572 0.00748015594042917
1575 0.007641749299272782
1635 0.004348789541090186
1637 0.002036784565663006
1648 0.0024278589756730916
1705 0.0018780485535371115
1712 0.006645331190909683
1716 0.003473940290075562
1721 0.006761156763731022
1763 0.004411728438561485
1784 0.0029801518656065017
1890 0.005804744112524784
1948 0.003490143385669979
1952 0.003556968934223351
1956 0.0024655478280820264
1959 0.003251647740120209
2005 0.009395234904260946
2025 0.004739317870550206
2145 0.003740077970214585
2216 0.007044432613060727
2242 0.0050605631501723335
2372 0.002516700139322275
2438 0.0030555193591922077
2439 0.007079901135104009
2592 0.004697617452130473
2593 0.008530791662031639
2599 0.004122775001686411
2666 0.0023207099470858076
2678 0.005998351298658256
2688 0.0036093474358110463
2727 0.0030372465107452295
2772 0.0030726968090115806
2788 0.006495861712575738
2826 0.003321764067216319
2829 0.0023002620670160624
2831 0.003321764067216319
2940 0.00798222076154665
3013 0.0070130857744076045
3125 0.007291103161495696
3141 0.022735677921484843
3146 0.0035916616635627893
3149 0.002111172221677708
3229 0.005211686447365756
3327 0.02728281350578181
3335 0.00798222076154665
3374 0.002842085111561774
3472 0.004071714515118906
3506 0.0025361521415896396
3512 0.0016813926372515058
3521 0.009094271168593937
3624 0.003975034659231152
3652 0.007044432613060727
3690 0.003172039938025542
3835 0.0032792597660744305
3906 0.005898087487532395
3997 0.003740077970214585
4019 0.014088865226121454
4022 0.01659618620658194
4151 0.005226437019185496
4259 0.0061066444645748045
4337 0.003490143385669979
4346 0.0014247687111041383
4349 0.0022801186332178326
4360 0.004912822807717075
4383 0.005121985283568826
4393 0.002313859591634287
4403 0.0019297768557208078
4412 0.004175838363987907
4500 0.0025853554661479945
4534 0.0015783792529085337
4546 0.0050605631501723335
4653 0.004971123765803305
4659 0.002313859591634287
4660 0.0036708100364908165
4689 0.005009502663604828
4700 0.001020582212258399
4830 0.002327595164547231
4915 0.005449047533150412
4924 0.0022734702546736395
5017 0.01126859460621837
5032 0.0019195272437362281
5035 0.0054155268645238504
5045 0.005585042485495589
5124 0.011855720631158813
5163 0.004664342470890312
5180 0.0038002186406051975
5181 0.0030489603701636305
5187 0.004444331035689725
5229 0.0027385111968999953
5232 0.006835875636018319
5295 0.0026894793150169967
5356 0.004288648870699573
5380 0.0007056098521286031
5381 0.002126564321200917
5438 0.007254534927005838
5441 0.004767951837460793
5463 0.0029579719867188136
5491 0.004288648870699573
5510 0.004961844675949176
5542 0.007291103161495696
5556 0.007997129367623961
5623 0.011216475240109804
5624 0.006224365838062031
5650 0.007291103161495696
5665 0.006655215365059792
5706 0.0256900672252765
5707 0.0061066444645748045
5855 0.001992960740483174
5869 0.004029390441847174
5912 0.002076330580081092
5970 0.005168856316088882
5985 0.0025723176335122095
5988 0.0021651770887570914
6088 0.002842085111561774
6147 0.005226437019185496
6228 0.002925369389590574
6293 0.0024579255977172686
6328 0.0028830865011504683
6389 0.004620285415603894
6477 0.0029913796670670164
6517 0.024534427945561686
6518 0.0038631575380764964
6575 0.008530791662031639
6607 0.004149046551645485
6626 0.0032792597660744305
6707 0.0021961382181470597
6710 0.004822593225364063
6713 0.0016728566953012598
6718 0.004779639068087947
6761 0.0033136960722074753
6786 0.006822002785208526
6834 0.0007521946275356418
6849 0.003365647124159014
6966 0.0037014198456606284
6976 0.003998564683811981
7072 0.006353315013009773
7092 0.0026277709245074873
7254 0.008530791662031639
7283 0.006353315013009773
7303 0.0032792597660744305
7342 0.003906804623568131
7350 0.003779873260047697
7409 0.0024130725737277277
7484 0.0015875191684938427
7555 0.004587028422153572
7579 0.0024655478280820264
7632 0.006835875636018319
7653 0.004511992249687346
7680 0.004587028422153572
7695 0.0056677086757171155
7803 0.005804744112524784
7863 0.005040281606217216
7996 0.0025361521415896396
8043 0.0018498751274222418
8062 0.0021836686154876393
8078 0.0036093474358110463
8104 0.004046889189040166
8145 0.0005048061473718476
8175 0.004583216184140629
8187 0.0025687547387178793
8205 0.001417703722145191
8207 0.005009502663604828
8296 0.005898087487532395
8347 0.0038848050768781413
8350 0.001365860509312738
8445 0.0016145670886981336
8510 0.005168856316088882
8533 0.0027828226900246077
8601 0.018620761316377847
8604 0.003820874649636391
8713 0.006224365838062031
8764 0.003632698355433608
