218
45 0.004058027449680086
69 0.0027098957835124094
80 0.0035654091934107022
116 0.007896353963956685
139 0.0028233379576452777
202 0.007085331767000508
225 0.0011170804778045205
244 0.005928529416209701
277 0.007128064784162055
305 0.007960418963698129
386 0.0031406183920204755
416 0.015559374541332828
436 0.0032026942016028658
442 0.0062102445703028876
474 0.00750712844284847
526 0.011857058832419403
544 0.005186458180444276
626 0.006872567574098074
807 0.003490014617554889
814 0.003753564221424235
855 0.002452076938275882
903 0.005928529416209701
929 0.006061545377141896
1001 0.006378825811517094
1055 0.036107886467214925
1087 0.006378825811517094
1088 0.004460070176907649
1095 0.001800751077576684
1102 0.004936525703522358
1110 0.002561196590351417
1156 0.024690044230602257
1164 0.002184919736179974
1172 0.0023516430168542537
1364 0.0017444227480984723
1365 0.007448525768768821
1417 0.0016643793570407781
1496 0.003452383231991509
1503 0.0032119641509667715
1509 0.005416636221280395
1511 0.0033032678261168415
1536 0.004991845419890169
1556 0.005053442219512081
1558 0.0029599558724017414
1572 0.003490014617554889
1610 0.004628651418121854
1640 0.0019645411025697467
1665 0.009349129971029942
1702 0.020290137248400432
1712 0.001240204251326749
1749 0.0032267302135518734
1784 0.002780897525754904
1823 0.009349129971029942
1864 0.005928529416209701
1921 0.00019000934995133662
1933 0.005597298740899129
1940 0.004157742231851422
2025 0.008844889746782653
2047 0.007448525768768821
2150 0.0029965521727157544
2182 0.007960418963698129
2300 0.0062102445703028876
2302 0.005335157373605268
2416 0.00223808481092506
2464 0.005928529416209701
2466 0.006061545377141896
2485 0.003896639868721274
2497 0.005698351375373582
2578 0.00340169302164291
2588 0.0031829402529824666
2611 0.0020729019135098422
2653 0.003453941193189133
2794 0.005597298740899129
2818 0.0036876805451569565
2827 0.004178355022814461
2874 0.005258619761040299
3149 0.0019700182649957684
3160 0.008189333494696869
3184 0.005668349592728016
3222 0.039007476802258585
3225 0.0021152914480243685
3227 0.0023660280639035635
3234 0.016676155762872916
3306 0.004356857603567552
3413 0.0025524596422708207
3474 0.009862753781664135
3500 0.004276780218340529
3512 0.003137947886963566
3544 0.0015729754807748157
3580 0.0062102445703028876
3653 0.003452383231991509
3703 0.00340169302164291
3742 0.006061545377141896
3747 0.006061545377141896
3786 0.0026058119736105875
3840 0.002791374631187536
3920 0.009000304798499212
3976 0.005698351375373582
4005 0.004778663807919947
4032 0.007960418963698129
4061 0.00340169302164291
4105 0.0025877761817463874
4170 0.004087051347664392
4203 0.003008990538934577
4252 0.006803616612907321
4333 0.0021030342259279636
4383 0.003186351310127119
4393 0.002159153863123855
4403 0.001800751077576684
4420 0.005335157373605268
4457 0.005416636221280395
4468 0.004341583214211246
4500 0.00482499479438085
4526 0.002543782742417733
4549 0.006061545377141896
4653 0.001159688029667777
4660 0.0017126889850487676
4680 0.0031406183920204755
4706 0.003645593849317936
4822 0.0022517334190889555
4853 0.004058027449680086
4854 0.0022112224366956632
4875 0.005186458180444276
4909 0.002428180629419222
4924 0.00424292995203627
4933 0.006573438572071201
4978 0.0034718490673310474
5017 0.00630910267778389
5045 0.0026058119736105875
5082 0.009444423088403018
5124 0.040564485996726525
5143 0.005503738614819474
5158 0.006378825811517094
5223 0.0017877332746622488
5229 0.0012777065322745619
5336 0.0025524596422708207
5367 0.0035084453676450605
5381 0.0029765718623786094
5461 0.006378825811517094
5463 0.005520401207771739
5559 0.0025096594770943484
5560 0.004628651418121854
5623 0.0017444227480984723
5645 0.0019977662821650424
5703 0.0010333342686762357
5771 0.003436283787049037
5807 0.002049303395422111
5812 0.005342094116106321
5823 0.002366583829797309
5869 0.0037599835227701828
5892 0.0026710470580531605
5903 0.006378825811517094
5988 0.0020204123415436814
5990 0.00340169302164291
6058 0.0028561315925571644
6082 0.004933114646377706
6083 0.004500152399249606
6107 0.0018698103839546534
6194 0.011082026610481266
6229 0.005928529416209701
6266 0.0033032678261168415
6346 0.0032416710264949284
6373 0.003948176981978343
6409 0.0011396254333183643
6471 0.003272093798815176
6477 0.005582749262375072
6494 0.006483342052989857
6507 0.004601400307060061
6634 0.006120013865755188
6648 0.003948176981978343
6713 0.0015610087185805362
6761 0.0005153568019276161
6827 0.003527149175800322
6834 0.0007019025448806425
6852 0.006606535652233683
6900 0.0058082018430753255
6924 0.006803616612907321
6930 0.0015296410439191806
6962 0.0036876805451569565
6963 0.010839583134049638
6972 0.0058082018430753255
6993 0.002480408502653498
7004 0.002272487047403932
7114 0.007960418963698129
7252 0.003984335349004281
7290 0.0035084453676450605
7425 0.004500152399249606
7483 0.0006564916587440267
7484 0.005184819144775675
7492 0.0029720371508062697
7603 0.002501270848496999
7715 0.013607233225814643
7840 0.0027499780058543666
7854 0.005503738614819474
7882 0.012420489140605775
7913 0.009141174797822463
7944 0.0019810443958595443
8011 0.0010307231323596648
8033 0.001568973943481783
8058 0.006061545377141896
8129 0.006907882386378266
8167 0.0035654091934107022
8187 0.002397006602117556
8350 0.0012745384403761305
8386 0.0058082018430753255
8533 0.0025967618706334273
8565 0.003645593849317936
8572 0.004920287911753927
8601 0.004343942138486402
8604 0.0035654091934107022
8663 0.014897051537537643
8664 0.0020729019135098422
8697 0.003720612753980247
8752 0.008059311659306938
8758 0.002543782742417733
8762 0.013500457197748818
8764 0.00677962890752435
8814 0.002296369358769178
8880 0.003099669376675693
