128
68 3.241760820520544e-05
70 0.00011566583790554528
82 8.334256383691721e-05
92 0.00010774605847492284
93 0.00010982004923951138
138 5.5304247721948624e-05
140 0.00021244233432427055
145 5.786216925096193e-05
146 0.000101646679848061
216 0.00013837905578907654
217 0.0001399262151792957
238 0.00012176521653240713
449 6.628229345501092e-05
494 0.00010815385522706535
509 1.4811799641107606e-05
521 6.165346047478709e-05
605 0.0001677901789526326
706 6.525271795805037e-05
708 9.654815662959692e-05
723 6.212889280683989e-05
726 6.4078409870285e-05
785 9.134928606937549e-05
1365 6.733409171295719e-05
1367 0.0001275049519955334
1412 6.804811807694473e-05
1469 6.358367031630664e-05
1569 9.920086195142229e-05
1764 0.00015890538922556517
1922 7.334292682143156e-06
1985 9.496067334174995e-05
2004 7.217400943451535e-05
2017 0.00023397347506023475
2123 0.00011243128604527755
2371 8.858094887998e-06
2377 0.0001228603508781383
2384 3.364472337590274e-05
2391 2.4157123570420575e-05
2493 2.5565430128539482e-05
2571 6.593667904531496e-05
2586 9.502842032885344e-06
2716 0.0001523982138465608
2955 4.7516165565500014e-05
3212 7.356359438910525e-05
3343 0.00011614595437539213
3545 6.071628875522179e-05
3558 0.00016007969731333051
3763 0.00026261715830791277
3887 5.5861184383926875e-05
3969 6.0101372993599195e-05
3970 6.663037655997976e-05
4203 0.00011614595437539213
4247 4.846937791309118e-05
4250 8.612797493712278e-05
4295 0.00012176521653240713
4381 4.3226837668107787e-05
4382 6.14960082295629e-05
4388 0.0001415241100530177
4406 6.508321716976057e-05
4453 3.6854914742017664e-05
4484 0.00012176521653240713
4759 5.0810908270240366e-05
4768 0.00012176521653240713
4769 0.00012936752625714268
4818 9.048676041112919e-05
4834 1.7286007534181456e-05
4933 2.564069103539461e-05
4942 6.804811807694473e-05
5024 6.025437603138515e-05
5031 6.913916575845257e-05
5161 5.502814824397996e-05
5162 5.6001418804450566e-05
5222 2.3001954162320978e-05
5291 0.00011067500849334801
5292 0.0001347133110905388
5379 2.541525611908456e-05
5380 3.8298201700263376e-05
5469 1.1433598200043818e-05
5473 0.0001251273376474703
5687 2.724862948448243e-05
5699 8.260974660633398e-05
5700 0.00010575674440844711
5701 0.00010575674440844711
5894 1.5848029138067838e-05
5896 1.6219082409210568e-05
5911 7.47870417645905e-05
6140 0.00020908021320920737
6218 9.464928935894339e-05
6309 0.0001147195668623605
6356 6.733409171295719e-05
6488 0.00017065756051371745
6784 9.68719546813797e-05
6785 0.0001228603508781383
6833 2.7093186202753706e-05
6905 2.9805618738211806e-05
6908 8.935997200289977e-05
6910 0.0002462203859023654
6929 5.904359505253569e-05
6960 3.259102983841739e-05
6967 0.00010536844412685977
6992 4.787143878550288e-05
7124 6.859058854884968e-05
7178 3.714017269315804e-05
7181 0.0001263016457352357
7321 3.8200641252257444e-05
7373 7.27647006365303e-05
7376 0.00013263932032595027
7482 2.5340342303404983e-05
7483 2.8590308184836374e-05
7694 6.804811807694473e-05
7724 9.920086195142229e-05
7784 7.082295263288685e-05
7818 2.996997446737178e-05
7890 9.233159952796689e-06
7894 6.374802604546662e-05
7902 7.376538112671329e-05
7903 8.141235399539764e-05
7960 9.954283828468142e-05
8031 5.5721352358276173e-05
8032 6.056183085252843e-05
8054 2.9805618738211806e-05
8200 0.00019506105515172307
8201 0.00020298083458234552
8234 4.8109734749355606e-05
8520 5.874554257904601e-05
8521 6.610917985376751e-05
8639 3.69498153124238e-05
8652 0.00010982004923951138
8871 7.025520142447097e-05
