62
151 0.00011712061541501202
158 1.722259642893919e-05
245 0.00013196715204843822
386 0.00012122674224136485
449 6.628229345501092e-05
473 4.858985121920245e-05
474 0.00014488623116808087
509 1.4811799641107606e-05
621 0.00011110817958998604
624 0.0001300045474523503
626 0.00013263932032595027
1140 3.8493910507496085e-05
1157 0.00013614669170503938
1717 0.0001251273376474703
1718 0.00016128300357362823
1750 0.0001245506276326127
1922 7.334292682143156e-06
2294 8.535239208071232e-05
2439 5.502814824397996e-05
2493 2.5565430128539482e-05
2563 2.4450245822639586e-05
3228 4.566391685271689e-05
3229 4.669713069773751e-05
3230 4.692973938522239e-05
3235 0.0001287387249198448
3746 1.903006184883404e-05
3932 4.895306850942043e-05
3939 0.00018418695135817993
4105 9.988723143186235e-05
4220 4.3879500470736716e-05
4314 3.1644758795232604e-05
4321 0.00010200632301179658
4345 5.131853189681648e-05
4567 6.341986704442123e-05
4652 4.476354154013861e-05
4821 8.691610145495967e-05
4972 4.681329625334851e-05
4977 0.00013401212737453773
5081 0.00018227567001855016
5810 5.261121850249547e-05
5811 0.00010310145735752775
5854 7.178415593526694e-05
5912 0.00010498321344481378
6262 0.0001128804268053397
6429 5.815485137703107e-05
6443 0.0001275049519955334
6589 5.9343481706634316e-05
6611 0.00013614669170503938
6712 6.025437603138515e-05
6960 3.259102983841739e-05
6962 0.00010460100421098168
7321 3.8200641252257444e-05
7344 8.96392359620217e-05
7890 9.233159952796689e-06
8513 4.3335009582674306e-05
8600 8.383730339089555e-05
8633 5.949411993323993e-05
8638 6.491430390704548e-05
8695 4.476354154013861e-05
8696 4.787143878550288e-05
8751 0.00015554326811050196
8761 0.00017370426675739054
