489
12 0.0001523982138465608
13 0.0001664173719040451
15 6.0101372993599195e-05
35 0.00015139340654708521
44 0.00010575674440844711
53 0.00010200632301179658
56 0.0001027336712532598
68 3.241760820520544e-05
69 0.00010460100421098168
92 0.00010774605847492284
93 0.00010982004923951138
109 0.00011913044365880717
125 0.00015554326811050196
130 0.00011862016226846598
131 0.00015139340654708521
132 8.334256383691721e-05
158 1.722259642893919e-05
160 3.6009024944890365e-05
161 8.88061998220748e-05
163 4.4209139343250144e-05
225 4.311890533715833e-05
243 6.309390310328486e-05
245 0.00013196715204843822
246 0.0001002340757964429
290 5.516600244482883e-05
295 6.969398876306011e-05
330 6.358367031630664e-05
334 9.252359415714085e-05
338 0.0001391464957049546
378 7.955569410086921e-05
412 6.391293797104737e-05
413 7.562007790453742e-05
423 8.63892700805903e-05
430 2.1595466130645556e-05
443 5.859719717528758e-05
446 0.00010058340652177312
463 2.104404381130732e-05
480 6.877276232176413e-05
509 1.4811799641107606e-05
539 0.0001391464957049546
559 0.00015554326811050196
602 0.00013401212737453773
604 0.00026261715830791277
621 0.00011110817958998604
624 0.0001300045474523503
626 0.00013263932032595027
629 0.0002875104201589402
632 6.4078409870285e-05
633 0.00010058340652177312
645 6.341986704442123e-05
675 0.0002537323685808453
706 6.525271795805037e-05
708 9.654815662959692e-05
709 0.00017370426675739054
772 0.00011712061541501202
807 0.0001347133110905388
814 0.00014488623116808087
837 0.0001128804268053397
838 0.00011614595437539213
861 7.316251041712385e-05
891 5.757123449128065e-05
918 0.0001275049519955334
919 0.00016378259903044513
941 9.719791862251607e-05
977 0.00010384546306881737
979 0.0001415241100530177
990 0.00010939812948263226
1052 0.00021605372159664503
1083 7.178415593526694e-05
1093 0.00016378259903044513
1096 6.950834500520415e-05
1102 8.285279662389543e-05
1103 9.527405980765772e-05
1107 0.00021244233432427055
1126 4.895306850942043e-05
1130 8.665197383001834e-05
1177 0.00010347204034115494
1194 0.0001027336712532598
1216 4.5550455969092306e-05
1234 2.8271279696782107e-05
1257 0.00016508218077975113
1290 0.0001664173719040451
1306 4.5550455969092306e-05
1365 6.733409171295719e-05
1374 9.920086195142229e-05
1424 0.00018825025618924418
1440 0.00010815385522706535
1451 0.00019756065060853997
1452 0.00021244233432427055
1504 0.0001239806629188251
1506 0.0001523982138465608
1507 0.00016378259903044513
1508 0.00011198624708459517
1524 0.0001300045474523503
1539 0.00011198624708459517
1569 9.920086195142229e-05
1582 0.00019041645403432799
1650 0.00016920278300425065
1654 0.00021244233432427055
1699 0.00013130412920165632
1706 3.382257549850835e-05
1713 4.787143878550288e-05
1717 0.0001251273376474703
1722 8.117636599183342e-05
1798 0.00010498321344481378
1800 0.00011333374567896404
1855 0.0002462203859023654
1888 6.071628875522179e-05
1897 0.00018227567001855016
1922 7.334292682143156e-06
1953 0.0001281179340087181
1956 0.0001128804268053397
1957 8.88061998220748e-05
1960 0.00011712061541501202
1981 9.920086195142229e-05
2029 0.00012122674224136485
2030 0.0001228603508781383
2040 4.7398314413738584e-05
2042 8.383730339089555e-05
2047 0.00019041645403432799
2076 7.66818067754729e-05
2093 0.00011811516886331826
2118 6.715720793434914e-05
2148 8.383730339089555e-05
2149 8.408656954820681e-05
2151 0.00011566583790554528
2152 0.00030726931367955075
2164 0.0002537323685808453
2210 0.00021605372159664503
2224 0.0002199543170027505
2294 8.535239208071232e-05
2298 0.00017695423263882194
2304 0.00016920278300425065
2320 0.00014665847838343454
2341 8.744869066327002e-05
2371 8.858094887998e-06
2373 4.532432364915004e-05
2374 8.586807337437805e-05
2384 3.364472337590274e-05
2391 2.4157123570420575e-05
2402 8.825864993225359e-05
2439 5.502814824397996e-05
2440 0.0001275049519955334
2451 0.00014576429866269
2550 5.3403616896513294e-05
2559 7.604199766141655e-05
2563 2.4450245822639586e-05
2577 0.00022883910672981793
2586 9.502842032885344e-06
2599 0.00012341728754011654
2600 0.00014849761844045535
2607 3.3290954653437934e-05
2651 0.00018825025618924418
2673 0.00014849761844045535
2728 0.00010939812948263226
2776 9.222735356398462e-05
2827 0.0001196461249524729
2843 7.33626397641186e-05
2940 7.910237522724487e-05
2955 4.7516165565500014e-05
3007 0.0002462203859023654
3024 0.0001347133110905388
3031 8.691610145495967e-05
3050 5.1064059112276297e-05
3076 9.818910047034337e-05
3079 0.00011862016226846598
3086 0.00018418695135817993
3087 0.00020019542348213994
3090 0.0002537323685808453
3097 0.00012230970742046953
3113 6.165346047478709e-05
3120 0.00020298083458234552
3142 0.00016378259903044513
3147 0.00012936752625714268
3149 7.541048004377448e-05
3150 7.604199766141655e-05
3185 0.00010939812948263226
3307 8.408656954820681e-05
3328 0.00016378259903044513
3331 0.00019506105515172307
3336 0.0002875104201589402
3345 0.00011110817958998604
3347 0.00023397347506023475
3395 7.541048004377448e-05
3465 5.7716484755306535e-05
3473 0.00014665847838343454
3494 0.0002537323685808453
3625 0.0001431761810607271
3654 6.663037655997976e-05
3657 4.716346370617082e-05
3719 2.489326185102742e-05
3723 6.859058854884968e-05
3731 5.3138049876864844e-05
3743 3.233112827567267e-05
3746 1.903006184883404e-05
3760 0.00010614816360120087
3766 5.131853189681648e-05
3788 0.0001300045474523503
3789 0.00016508218077975113
3801 0.00023397347506023475
3819 6.424444555902466e-05
3884 8.433711728522342e-05
3891 8.334256383691721e-05
3892 0.00011110817958998604
3914 0.00012936752625714268
3932 4.895306850942043e-05
3940 0.00019041645403432799
3947 0.00021605372159664503
3951 9.920086195142229e-05
3954 0.00010774605847492284
3994 0.0001147195668623605
4018 9.342327683396404e-05
4022 0.00014944388948364012
4023 0.0001804365299615294
4046 9.312153328472917e-05
4125 0.00016508218077975113
4134 0.00021605372159664503
4151 0.00018825025618924418
4220 4.3879500470736716e-05
4290 5.656642719180506e-05
4292 0.00011110817958998604
4298 0.00011614595437539213
4308 7.955569410086921e-05
4329 3.676019862375966e-05
4332 8.117636599183342e-05
4336 0.00012571095453322076
4345 5.131853189681648e-05
4359 0.00017695423263882194
4375 7.541048004377448e-05
4381 4.3226837668107787e-05
4382 6.14960082295629e-05
4390 8.825864993225359e-05
4392 8.334256383691721e-05
4432 6.4078409870285e-05
4453 3.6854914742017664e-05
4467 5.5861184383926875e-05
4485 7.159039254876493e-05
4492 6.969398876306011e-05
4495 3.207260550754382e-05
4519 0.00010128967145643295
4563 4.728074758348793e-05
4564 0.0001664173719040451
4567 6.341986704442123e-05
4569 0.00010422176939821458
4570 0.00015775871449691997
4577 3.9085797470059324e-05
4619 0.00010856509334268535
4625 0.00017695423263882194
4658 8.334256383691721e-05
4676 1.811794967986411e-05
4679 0.00012122674224136485
4699 3.676019862375966e-05
4703 0.00012069415303305452
4705 0.00014071861357331354
4751 0.00010856509334268535
4754 0.00013542473142615584
4755 0.0001376235146469122
4834 1.7286007534181456e-05
4839 3.088397517794058e-05
4842 0.00015554326811050196
4878 6.969398876306011e-05
4884 0.00022419450561242282
4911 6.341986704442123e-05
4913 6.457822376461287e-05
4914 6.542281037332744e-05
4923 8.188778632745044e-05
4933 2.564069103539461e-05
4942 6.804811807694473e-05
4943 0.0001677901789526326
4948 0.00011110817958998604
4950 0.00011425323385392718
4972 4.681329625334851e-05
4981 0.00016508218077975113
5011 0.00010310145735752775
5012 0.00010774605847492284
5016 8.117636599183342e-05
5086 0.00017370426675739054
5140 0.0001504088997800851
5161 5.502814824397996e-05
5162 5.6001418804450566e-05
5198 0.00010654275221462514
5199 0.00014665847838343454
5239 0.00030726931367955075
5332 0.00022883910672981793
5333 0.00023397347506023475
5334 9.719791862251607e-05
5335 9.852402568908913e-05
5355 0.00015447220461114937
5379 2.541525611908456e-05
5380 3.8298201700263376e-05
5395 3.215862746722012e-05
5411 8.164949036359771e-05
5434 7.159039254876493e-05
5437 0.00013065000625947455
5439 8.024367862190805e-05
5440 8.586807337437805e-05
5448 9.954283828468142e-05
5455 8.908229930004346e-05
5462 0.00010654275221462514
5469 1.1433598200043818e-05
5481 6.576478670658657e-05
5535 0.00014944388948364012
5550 4.944160821510571e-05
5569 9.527405980765772e-05
5602 0.00018825025618924418
5622 6.733409171295719e-05
5676 9.312153328472917e-05
5705 0.00011566583790554528
5729 9.106007793564448e-05
5731 0.0001415241100530177
5797 5.544288630052885e-05
5840 0.00012230970742046953
5862 6.610917985376751e-05
5868 7.256700694753944e-05
5888 8.358930576913648e-05
5891 0.00010310145735752775
5892 0.00011712061541501202
5894 1.5848029138067838e-05
5896 1.6219082409210568e-05
5909 6.663037655997976e-05
5911 7.47870417645905e-05
5912 0.00010498321344481378
5920 0.00022883910672981793
5934 5.434466680855229e-05
5938 5.91933076971794e-05
5969 0.00018617626542465564
5984 3.088397517794058e-05
5985 7.52017798211394e-05
5987 7.798719092134497e-05
6000 3.4631041686461846e-05
6012 0.00014665847838343454
6022 2.0770655001689466e-05
6035 9.818910047034337e-05
6036 0.00017370426675739054
6040 0.00014488623116808087
6041 0.0001475693727081854
6062 0.0002199543170027505
6084 7.843020694973282e-05
6087 0.00010236864012694453
6096 0.00021244233432427055
6097 0.0002734912621014559
6197 5.5304247721948624e-05
6202 0.00013196715204843822
6211 7.356359438910525e-05
6227 0.00010536844412685977
6334 0.00014944388948364012
6352 0.00011519040557349246
6371 0.0001664173719040451
6387 9.558947467904783e-05
6388 0.0001664173719040451
6392 0.00026261715830791277
6408 4.3989132524856074e-05
6413 9.590694438493474e-05
6417 9.954283828468142e-05
6452 8.63892700805903e-05
6461 0.00014849761844045535
6462 0.0001786642827461757
6470 0.0001263016457352357
6478 0.00016920278300425065
6490 2.724862948448243e-05
6491 7.604199766141655e-05
6516 9.818910047034337e-05
6568 3.9584588186023764e-05
6569 4.981125419104163e-05
6593 7.754816608258265e-05
6598 0.00012936752625714268
6609 0.00030726931367955075
6614 8.484211069037113e-05
6615 0.00020298083458234552
6619 5.7716484755306535e-05
6623 0.00010460100421098168
6624 0.00011663084820199027
6625 0.00011811516886331826
6633 0.00011811516886331826
6638 9.282164663063054e-05
6661 5.889434094657216e-05
6667 0.00012069415303305452
6675 5.7716484755306535e-05
6679 9.527405980765772e-05
6680 9.558947467904783e-05
6686 0.00011333374567896404
6687 6.196989942762013e-05
6689 7.376538112671329e-05
6706 7.910237522724487e-05
6707 0.00016251677649793962
6712 6.025437603138515e-05
6760 1.9892587507080337e-05
6789 4.7516165565500014e-05
6796 8.260974660633398e-05
6831 0.00011198624708459517
6833 2.7093186202753706e-05
6848 0.00012122674224136485
6905 2.9805618738211806e-05
6929 5.904359505253569e-05
6934 0.00010200632301179658
6960 3.259102983841739e-05
6972 6.133906307779394e-05
6992 4.787143878550288e-05
6999 6.309390310328486e-05
7055 0.00022883910672981793
7124 6.859058854884968e-05
7139 6.196989942762013e-05
7174 7.256700694753944e-05
7178 3.714017269315804e-05
7264 0.00017695423263882194
7301 0.00011024565393173974
7302 0.00011811516886331826
7311 0.0001475693727081854
7321 3.8200641252257444e-05
7369 9.372690041743856e-05
7373 7.27647006365303e-05
7376 0.00013263932032595027
7377 0.00019756065060853997
7482 2.5340342303404983e-05
7483 2.8590308184836374e-05
7503 3.173002815645075e-05
7520 9.558947467904783e-05
7554 8.260974660633398e-05
7577 8.853165584237468e-05
7578 8.88061998220748e-05
7627 7.887728740211037e-05
7646 0.0001664173719040451
7677 6.988034244141115e-05
7678 8.260974660633398e-05
7679 8.260974660633398e-05
7694 6.804811807694473e-05
7698 0.0001504088997800851
7735 0.0002059351589452662
7779 0.0002462203859023654
7799 9.403242760948e-05
7818 2.996997446737178e-05
7836 6.424444555902466e-05
7841 0.0001300045474523503
7850 0.000126899584862824
7890 9.233159952796689e-06
7894 6.374802604546662e-05
7897 0.00013542473142615584
7901 0.00019041645403432799
7904 6.056183085252843e-05
7958 9.496067334174995e-05
8016 3.6571316885345003e-05
8017 0.00012122674224136485
8042 6.663037655997976e-05
8061 7.865323446718271e-05
8069 5.287392225192349e-05
8077 0.0001300045474523503
8088 8.509658347491132e-05
8090 9.558947467904783e-05
8137 8.63892700805903e-05
8144 1.8182537399726556e-05
8162 0.00013332088986277624
8168 0.0001664173719040451
8186 9.252359415714085e-05
8204 5.1064059112276297e-05
8209 0.00015890538922556517
8256 0.0002462203859023654
8346 0.0001399262151792957
8349 4.919672615455441e-05
8350 0.00018825025618924418
8391 0.00023397347506023475
8392 0.0002537323685808453
8437 8.433711728522342e-05
8442 8.001326955199571e-05
8444 5.815485137703107e-05
8447 4.100899018649567e-05
8510 0.00019268344080366
8516 8.024367862190805e-05
8539 7.955569410086921e-05
8547 0.00015775871449691997
8548 0.00016920278300425065
8559 0.00011379132113009053
8569 0.00016508218077975113
8570 0.00021244233432427055
8600 8.383730339089555e-05
8603 0.0001376235146469122
8617 0.00030726931367955075
8639 3.69498153124238e-05
8648 0.00016128300357362823
8685 0.00012571095453322076
8687 0.00013837905578907654
8700 0.00016508218077975113
8701 0.00019268344080366
8722 7.217400943451535e-05
8763 6.542281037332744e-05
8767 0.0001239806629188251
8781 8.63892700805903e-05
8785 0.0002059351589452662
8818 7.139739654402146e-05
8819 7.139739654402146e-05
