187
2 0.00014944388948364012
8 0.0001475693727081854
10 0.00016128300357362823
68 3.241760820520544e-05
82 8.334256383691721e-05
102 0.00013687950893562258
138 5.5304247721948624e-05
139 0.00010897983139923425
158 1.722259642893919e-05
276 4.8109734749355606e-05
277 5.502814824397996e-05
339 0.0001523982138465608
449 6.628229345501092e-05
459 8.798716495431228e-05
463 2.104404381130732e-05
521 6.165346047478709e-05
687 0.00021605372159664503
723 6.212889280683989e-05
726 6.4078409870285e-05
849 0.00014576429866269
855 9.464928935894339e-05
856 0.00026261715830791277
858 0.00010815385522706535
872 6.593667904531496e-05
878 0.0001440237055098346
891 5.757123449128065e-05
1183 0.00010310145735752775
1365 6.733409171295719e-05
1427 0.0001804365299615294
1469 6.358367031630664e-05
1477 0.00016378259903044513
1497 6.663037655997976e-05
1521 0.00011110817958998604
1642 0.0001786642827461757
1659 0.0001786642827461757
1706 3.382257549850835e-05
1713 4.787143878550288e-05
1848 6.508321716976057e-05
1922 7.334292682143156e-06
2040 4.7398314413738584e-05
2057 0.00020019542348213994
2118 6.715720793434914e-05
2278 0.00013837905578907654
2294 8.535239208071232e-05
2321 8.691610145495967e-05
2323 0.00023971321052336105
2350 0.00016007969731333051
2371 8.858094887998e-06
2373 4.532432364915004e-05
2377 0.0001228603508781383
2485 0.00013542473142615584
2486 0.0001504088997800851
2493 2.5565430128539482e-05
2518 0.0001804365299615294
2563 2.4450245822639586e-05
2564 4.692973938522239e-05
2571 6.593667904531496e-05
2586 9.502842032885344e-06
2685 7.754816608258265e-05
2744 7.52017798211394e-05
2772 0.00011067500849334801
2783 8.718166847460814e-05
2785 0.00010856509334268535
2929 0.0001251273376474703
2976 5.461691012835996e-05
3067 0.00010093525951244397
3204 0.00017065756051371745
3228 4.566391685271689e-05
3229 4.669713069773751e-05
3230 4.692973938522239e-05
3419 0.00011712061541501202
3450 0.00011198624708459517
3511 0.00016007969731333051
3513 6.056183085252843e-05
3545 6.071628875522179e-05
3564 0.00010774605847492284
3567 0.00020019542348213994
3576 5.3536945098705395e-05
3657 4.716346370617082e-05
3731 5.3138049876864844e-05
3746 1.903006184883404e-05
3766 5.131853189681648e-05
3782 0.00013614669170503938
3832 3.3290954653437934e-05
3840 0.00010774605847492284
3872 9.164022082905678e-05
3901 0.00010384546306881737
3969 6.0101372993599195e-05
3970 6.663037655997976e-05
3974 0.00010128967145643295
4099 0.0001147195668623605
4105 9.988723143186235e-05
4388 0.0001415241100530177
4423 0.0001128804268053397
4453 3.6854914742017664e-05
4502 6.424444555902466e-05
4503 7.798719092134497e-05
4518 0.00015139340654708521
4546 7.625433537211054e-05
4567 6.341986704442123e-05
4676 1.811794967986411e-05
4834 1.7286007534181456e-05
4839 3.088397517794058e-05
4846 4.681329625334851e-05
4921 0.0002537323685808453
5171 7.52017798211394e-05
5177 6.196989942762013e-05
5192 8.001326955199571e-05
5222 2.3001954162320978e-05
5228 4.931901336427842e-05
5291 0.00011067500849334801
5334 9.719791862251607e-05
5335 9.852402568908913e-05
5434 7.159039254876493e-05
5469 1.1433598200043818e-05
5509 8.935997200289977e-05
5547 0.00017695423263882194
5588 6.913916575845257e-05
5622 6.733409171295719e-05
5624 0.0001415241100530177
5702 3.9886331735258645e-05
5711 0.00020019542348213994
5833 0.0002462203859023654
5834 6.804811807694473e-05
5836 0.0001786642827461757
5840 0.00012230970742046953
5854 7.178415593526694e-05
5894 1.5848029138067838e-05
5896 1.6219082409210568e-05
5959 0.00019756065060853997
6159 7.101368253390731e-05
6160 7.955569410086921e-05
6377 0.00010694056199521868
6452 8.63892700805903e-05
6568 3.9584588186023764e-05
6569 4.981125419104163e-05
6702 0.0001440237055098346
6712 6.025437603138515e-05
6713 0.0002734912621014559
6760 1.9892587507080337e-05
6833 2.7093186202753706e-05
6905 2.9805618738211806e-05
6924 0.0001677901789526326
6926 0.00019756065060853997
7067 3.508605365233e-05
7073 5.516600244482883e-05
7139 6.196989942762013e-05
7140 0.0001677901789526326
7161 0.0001423431449207802
7162 0.00015447220461114937
7319 0.00023397347506023475
7327 0.00011761535496899039
7665 0.00010422176939821458
7890 9.233159952796689e-06
7894 6.374802604546662e-05
7902 7.376538112671329e-05
7903 8.141235399539764e-05
7933 0.00017370426675739054
7934 0.0002734912621014559
8009 2.7093186202753706e-05
8010 3.97855428110104e-05
8031 5.5721352358276173e-05
8032 6.056183085252843e-05
8144 1.8182537399726556e-05
8174 0.00016508218077975113
8234 4.8109734749355606e-05
8444 5.815485137703107e-05
8447 4.100899018649567e-05
8474 8.408656954820681e-05
8477 0.0002537323685808453
8513 4.3335009582674306e-05
8520 5.874554257904601e-05
8521 6.610917985376751e-05
8539 7.955569410086921e-05
8550 0.00013542473142615584
8621 0.000101646679848061
8633 5.949411993323993e-05
8638 6.491430390704548e-05
8639 3.69498153124238e-05
8659 0.00012936752625714268
8695 4.476354154013861e-05
8696 4.787143878550288e-05
8763 6.542281037332744e-05
8764 0.0001287387249198448
8765 0.00015663840245623315
8871 7.025520142447097e-05
8872 0.00010422176939821458
