45
44 0.016535159757334748
131 0.023670491914870584
446 0.01572630384073758
668 0.013507038157161767
919 0.02560755302735661
1373 0.015510141784404831
1439 0.033819900273108994
1507 0.017509147965226526
1721 0.012691996030161743
1959 0.03662382191503814
2223 0.03439005040576337
2438 0.025811097744755228
3137 0.033780188892443865
3141 0.05121510605471322
3149 0.023778466075738396
3696 0.07010601522869866
4022 0.046731366423796515
4023 0.02821140973714298
4337 0.019655018014036196
4383 0.028844864491677075
4563 0.048041826728283436
4915 0.010228913790299896
5163 0.008755870954127429
5441 0.01342554859495539
5623 0.021055488608627174
5625 0.0221274187507455
5869 0.011345915191517042
5873 0.020529515779739667
5988 0.012193365710368883
5997 0.02238572150198596
6040 0.031300730071453176
6311 0.048041826728283436
6381 0.01730413466127574
6517 0.015351951989328072
6625 0.018235335424142757
6707 0.012367725754828179
7579 0.013884927242356675
7692 0.031300730071453176
7695 0.010639382952661954
7699 0.023516563418247687
8033 0.009468895378205848
8669 0.0410604230673705
8723 0.011284469685621065
8768 0.038768970804651554
8874 0.021286654675005453
