371
15 6.0101372993599195e-05
24 0.00014849761844045535
68 3.241760820520544e-05
69 0.00010460100421098168
70 0.00011566583790554528
92 0.00010774605847492284
93 0.00010982004923951138
145 5.786216925096193e-05
146 0.000101646679848061
225 4.311890533715833e-05
243 6.309390310328486e-05
246 0.0001002340757964429
276 4.8109734749355606e-05
277 5.502814824397996e-05
278 5.558192042480493e-05
309 0.0002734912621014559
318 9.719791862251607e-05
328 5.502814824397996e-05
329 0.00019756065060853997
344 9.164022082905678e-05
354 0.00021244233432427055
393 0.00015139340654708521
427 0.0001440237055098346
430 2.1595466130645556e-05
436 6.181142310095298e-05
463 2.104404381130732e-05
473 4.858985121920245e-05
491 0.00022419450561242282
509 1.4811799641107606e-05
511 4.409901177660094e-05
521 6.165346047478709e-05
571 0.0001804365299615294
573 0.00014576429866269
574 0.00023397347506023475
632 6.4078409870285e-05
668 8.63892700805903e-05
706 6.525271795805037e-05
707 9.496067334174995e-05
723 6.212889280683989e-05
726 6.4078409870285e-05
728 0.00017370426675739054
847 0.00016508218077975113
861 7.316251041712385e-05
872 6.593667904531496e-05
878 0.0001440237055098346
977 0.00010384546306881737
982 0.0002875104201589402
988 0.00013263932032595027
1140 3.8493910507496085e-05
1145 9.920086195142229e-05
1177 0.00010347204034115494
1180 0.00023397347506023475
1216 4.5550455969092306e-05
1217 9.818910047034337e-05
1380 0.00015890538922556517
1391 6.491430390704548e-05
1394 0.00014488623116808087
1412 6.804811807694473e-05
1469 6.358367031630664e-05
1477 0.00016378259903044513
1497 6.663037655997976e-05
1514 0.00015554326811050196
1530 0.0002875104201589402
1559 0.00011425323385392718
1610 9.590694438493474e-05
1611 0.0001786642827461757
1637 0.00022883910672981793
1706 3.382257549850835e-05
1713 4.787143878550288e-05
1722 8.117636599183342e-05
1758 0.00017370426675739054
1816 0.00022883910672981793
1817 0.0002875104201589402
1818 0.00030726931367955075
1829 0.0002734912621014559
1848 6.508321716976057e-05
1881 8.408656954820681e-05
1882 9.496067334174995e-05
1922 7.334292682143156e-06
1929 4.2158123180710165e-05
1941 8.024367862190805e-05
1960 0.00011712061541501202
2065 0.00016128300357362823
2262 0.0001523982138465608
2263 0.00015342417653056774
2371 8.858094887998e-06
2373 4.532432364915004e-05
2384 3.364472337590274e-05
2385 0.00011712061541501202
2391 2.4157123570420575e-05
2392 0.0001281179340087181
2415 0.0001275049519955334
2434 0.00010536844412685977
2458 0.00017065756051371745
2493 2.5565430128539482e-05
2526 8.070779096331723e-05
2550 5.3403616896513294e-05
2563 2.4450245822639586e-05
2564 4.692973938522239e-05
2571 6.593667904531496e-05
2586 9.502842032885344e-06
2607 3.3290954653437934e-05
2612 8.001326955199571e-05
2618 4.846937791309118e-05
2667 8.358930576913648e-05
2739 7.583058115843726e-05
2955 4.7516165565500014e-05
2958 6.950834500520415e-05
2963 8.509658347491132e-05
2976 5.461691012835996e-05
3020 0.00015663840245623315
3022 0.00023971321052336105
3061 0.00022419450561242282
3062 0.0002734912621014559
3076 9.818910047034337e-05
3079 0.00011862016226846598
3113 6.165346047478709e-05
3204 0.00017065756051371745
3212 7.356359438910525e-05
3226 8.164949036359771e-05
3228 4.566391685271689e-05
3229 4.669713069773751e-05
3230 4.692973938522239e-05
3303 0.00010058340652177312
3337 0.00015775871449691997
3338 0.00016007969731333051
3465 5.7716484755306535e-05
3477 0.0002199543170027505
3572 5.234992335902794e-05
3586 6.228840662358072e-05
3622 0.0002875104201589402
3642 0.00013542473142615584
3644 0.0001753021616311125
3647 8.094151528426567e-05
3691 0.00011425323385392718
3719 2.489326185102742e-05
3743 3.233112827567267e-05
3746 1.903006184883404e-05
3766 5.131853189681648e-05
3782 0.00013614669170503938
3783 0.0002059351589452662
3827 0.00013614669170503938
3828 0.0001753021616311125
3832 3.3290954653437934e-05
3875 3.285232498188492e-05
3887 5.5861184383926875e-05
3908 0.0002059351589452662
3977 0.0001128804268053397
3978 0.00018617626542465564
3980 0.00026261715830791277
3996 7.417147870601431e-05
4005 9.222735356398462e-05
4136 0.00013196715204843822
4158 0.00011519040557349246
4181 0.0002875104201589402
4189 4.981125419104163e-05
4220 4.3879500470736716e-05
4224 8.236790279729728e-05
4225 0.00010897983139923425
4247 4.846937791309118e-05
4250 8.612797493712278e-05
4262 0.00021244233432427055
4301 0.00011154523568104574
4314 3.1644758795232604e-05
4322 0.00017370426675739054
4323 0.00018418695135817993
4329 3.676019862375966e-05
4381 4.3226837668107787e-05
4382 6.14960082295629e-05
4392 8.334256383691721e-05
4396 0.0002199543170027505
4406 6.508321716976057e-05
4411 0.0001504088997800851
4453 3.6854914742017664e-05
4467 5.5861184383926875e-05
4484 0.00012176521653240713
4485 7.159039254876493e-05
4495 3.207260550754382e-05
4499 9.312153328472917e-05
4533 5.685140711216779e-05
4565 0.00013837905578907654
4567 6.341986704442123e-05
4577 3.9085797470059324e-05
4659 6.610917985376751e-05
4759 5.0810908270240366e-05
4762 0.0001399262151792957
4763 0.00015890538922556517
4834 1.7286007534181456e-05
4838 0.00030726931367955075
4839 3.088397517794058e-05
4846 4.681329625334851e-05
4894 0.00014849761844045535
4923 8.188778632745044e-05
4933 2.564069103539461e-05
4935 0.00011862016226846598
4942 6.804811807694473e-05
5018 0.00010982004923951138
5070 0.00021605372159664503
5111 0.00014849761844045535
5161 5.502814824397996e-05
5162 5.6001418804450566e-05
5168 0.00014488623116808087
5177 6.196989942762013e-05
5180 0.00010982004923951138
5185 0.00015447220461114937
5186 0.00016007969731333051
5192 8.001326955199571e-05
5194 0.00011712061541501202
5197 0.0001391464957049546
5222 2.3001954162320978e-05
5228 4.931901336427842e-05
5359 0.00014071861357331354
5379 2.541525611908456e-05
5380 3.8298201700263376e-05
5427 3.490353872923123e-05
5469 1.1433598200043818e-05
5516 0.00030726931367955075
5669 0.0001300045474523503
5671 0.00021244233432427055
5687 2.724862948448243e-05
5688 0.00018617626542465564
5689 0.00019041645403432799
5690 0.00019756065060853997
5699 8.260974660633398e-05
5702 3.9886331735258645e-05
5704 0.00022883910672981793
5716 0.00015775871449691997
5762 0.0001391464957049546
5786 0.00017695423263882194
5808 0.00011913044365880717
5834 6.804811807694473e-05
5862 6.610917985376751e-05
5865 0.0001196461249524729
5868 7.256700694753944e-05
5894 1.5848029138067838e-05
5896 1.6219082409210568e-05
5907 0.0001786642827461757
5911 7.47870417645905e-05
5975 0.00010460100421098168
5984 3.088397517794058e-05
5996 0.0001431761810607271
5998 0.00014488623116808087
6022 2.0770655001689466e-05
6030 0.0001391464957049546
6035 9.818910047034337e-05
6037 0.00018617626542465564
6038 0.00011663084820199027
6096 0.00021244233432427055
6120 0.0001504088997800851
6121 0.0001523982138465608
6133 0.00013614669170503938
6242 3.105201474962982e-05
6251 0.0001228603508781383
6302 8.509658347491132e-05
6305 0.00017215710736717137
6306 0.00011425323385392718
6309 0.0001147195668623605
6399 8.212725328354177e-05
6408 4.3989132524856074e-05
6409 0.00010575674440844711
6467 4.669713069773751e-05
6468 4.669713069773751e-05
6490 2.724862948448243e-05
6536 7.499396958083494e-05
6540 6.040786096929821e-05
6565 0.00011333374567896404
6568 3.9584588186023764e-05
6569 4.981125419104163e-05
6586 5.24803957997587e-05
6588 6.576478670658657e-05
6593 7.754816608258265e-05
6600 0.00013065000625947455
6613 0.00014944388948364012
6614 8.484211069037113e-05
6619 5.7716484755306535e-05
6675 5.7716484755306535e-05
6678 0.00012230970742046953
6682 6.698096388147314e-05
6815 7.178415593526694e-05
6833 2.7093186202753706e-05
6905 2.9805618738211806e-05
6929 5.904359505253569e-05
6943 0.00017065756051371745
6999 6.309390310328486e-05
7003 8.771718405598661e-05
7067 3.508605365233e-05
7101 0.00011862016226846598
7124 6.859058854884968e-05
7139 6.196989942762013e-05
7141 0.0002462203859023654
7156 0.0001475693727081854
7157 0.00014849761844045535
7158 0.00026261715830791277
7165 6.628229345501092e-05
7167 0.00011243128604527755
7171 0.00012341728754011654
7215 0.00015139340654708521
7316 0.00019041645403432799
7321 3.8200641252257444e-05
7344 8.96392359620217e-05
7345 0.00011425323385392718
7390 0.00013065000625947455
7403 0.00018825025618924418
7411 0.00018825025618924418
7468 0.00015775871449691997
7469 7.887728740211037e-05
7476 8.117636599183342e-05
7480 9.252359415714085e-05
7482 2.5340342303404983e-05
7483 2.8590308184836374e-05
7651 0.00011566583790554528
7658 0.00018227567001855016
7665 0.00010422176939821458
7666 0.00014944388948364012
7695 0.00018617626542465564
7696 0.0002734912621014559
7704 0.00014576429866269
7746 0.0002462203859023654
7784 7.082295263288685e-05
7792 0.000101646679848061
7799 9.403242760948e-05
7808 4.7398314413738584e-05
7818 2.996997446737178e-05
7829 0.00020019542348213994
7890 9.233159952796689e-06
7894 6.374802604546662e-05
7897 0.00013542473142615584
7902 7.376538112671329e-05
7903 8.141235399539764e-05
7904 6.056183085252843e-05
7911 0.00010774605847492284
7913 0.00018825025618924418
7938 4.907474504580058e-05
7943 7.64676023536449e-05
7960 9.954283828468142e-05
7961 0.0001523982138465608
8009 2.7093186202753706e-05
8010 3.97855428110104e-05
8054 2.9805618738211806e-05
8069 5.287392225192349e-05
8109 8.285279662389543e-05
8117 0.00019268344080366
8144 1.8182537399726556e-05
8145 0.0001263016457352357
8204 5.1064059112276297e-05
8301 0.00014488623116808087
8349 4.919672615455441e-05
8405 0.00030726931367955075
8412 0.00017370426675739054
8413 0.00017695423263882194
8425 0.00023971321052336105
8429 0.00016128300357362823
8437 8.433711728522342e-05
8444 5.815485137703107e-05
8447 4.100899018649567e-05
8503 7.256700694753944e-05
8513 4.3335009582674306e-05
8530 0.0001147195668623605
8559 0.00011379132113009053
8621 0.000101646679848061
8639 3.69498153124238e-05
8642 9.164022082905678e-05
8661 7.843020694973282e-05
8663 8.001326955199571e-05
8678 4.409901177660094e-05
8695 4.476354154013861e-05
8700 0.00016508218077975113
8763 6.542281037332744e-05
8818 7.139739654402146e-05
8819 7.139739654402146e-05
8866 3.8493910507496085e-05
