340
17 0.00012016732165868515
58 3.9886331735258645e-05
68 3.241760820520544e-05
74 0.00013614669170503938
94 0.00016128300357362823
138 5.5304247721948624e-05
145 5.786216925096193e-05
152 0.0001475693727081854
158 1.722259642893919e-05
160 3.6009024944890365e-05
243 6.309390310328486e-05
290 5.516600244482883e-05
292 0.00014576429866269
318 9.719791862251607e-05
319 0.0001523982138465608
328 5.502814824397996e-05
412 6.391293797104737e-05
413 7.562007790453742e-05
430 2.1595466130645556e-05
507 0.00018617626542465564
509 1.4811799641107606e-05
511 4.409901177660094e-05
575 8.825864993225359e-05
597 0.00011198624708459517
645 6.341986704442123e-05
651 0.00012571095453322076
652 0.0001664173719040451
668 8.63892700805903e-05
688 0.00017695423263882194
706 6.525271795805037e-05
708 9.654815662959692e-05
723 6.212889280683989e-05
726 6.4078409870285e-05
800 0.00011154523568104574
802 0.0001753021616311125
803 0.00022883910672981793
855 9.464928935894339e-05
861 7.316251041712385e-05
969 0.00010536844412685977
1096 6.950834500520415e-05
1098 0.00017695423263882194
1109 0.00016378259903044513
1194 0.0001027336712532598
1216 4.5550455969092306e-05
1226 0.00011110817958998604
1227 0.00014488623116808087
1306 4.5550455969092306e-05
1310 8.285279662389543e-05
1391 6.491430390704548e-05
1468 0.00015554326811050196
1481 0.0002462203859023654
1483 0.00019506105515172307
1497 6.663037655997976e-05
1508 0.00011198624708459517
1559 0.00011425323385392718
1569 9.920086195142229e-05
1576 0.0001376235146469122
1610 9.590694438493474e-05
1611 0.0001786642827461757
1638 7.33626397641186e-05
1641 7.583058115843726e-05
1649 8.744869066327002e-05
1671 7.64676023536449e-05
1717 0.0001251273376474703
1718 0.00016128300357362823
1719 0.0001504088997800851
1721 0.0001399262151792957
1773 0.0001002340757964429
1775 0.00026261715830791277
1848 6.508321716976057e-05
1881 8.408656954820681e-05
1882 9.496067334174995e-05
1888 6.071628875522179e-05
1895 0.00011519040557349246
1922 7.334292682143156e-06
1957 8.88061998220748e-05
1970 0.00012122674224136485
1973 0.0001275049519955334
1974 0.0002537323685808453
2118 6.715720793434914e-05
2124 0.00011663084820199027
2162 0.0001263016457352357
2220 0.00023397347506023475
2238 0.00011913044365880717
2239 0.0001251273376474703
2371 8.858094887998e-06
2391 2.4157123570420575e-05
2402 8.825864993225359e-05
2428 0.0002875104201589402
2448 8.825864993225359e-05
2479 0.00013542473142615584
2492 0.00017065756051371745
2493 2.5565430128539482e-05
2518 0.0001804365299615294
2526 8.070779096331723e-05
2544 0.00019041645403432799
2545 0.00019756065060853997
2546 0.00021605372159664503
2559 7.604199766141655e-05
2586 9.502842032885344e-06
2607 3.3290954653437934e-05
2618 4.846937791309118e-05
2679 0.00021605372159664503
2685 7.754816608258265e-05
2699 0.00013065000625947455
2700 0.0002537323685808453
2705 0.00016378259903044513
2714 8.691610145495967e-05
2718 8.88061998220748e-05
2762 0.00010200632301179658
2763 0.00023397347506023475
2773 0.00011067500849334801
2830 8.285279662389543e-05
2839 0.0001391464957049546
2843 7.33626397641186e-05
2958 6.950834500520415e-05
2963 8.509658347491132e-05
3067 0.00010093525951244397
3137 0.00011379132113009053
3185 0.00010939812948263226
3214 8.001326955199571e-05
3228 4.566391685271689e-05
3229 4.669713069773751e-05
3230 4.692973938522239e-05
3264 0.00018617626542465564
3413 8.001326955199571e-05
3414 9.852402568908913e-05
3465 5.7716484755306535e-05
3545 6.071628875522179e-05
3572 5.234992335902794e-05
3574 0.00021605372159664503
3576 5.3536945098705395e-05
3586 6.228840662358072e-05
3600 0.0001002340757964429
3681 0.0001287387249198448
3719 2.489326185102742e-05
3766 5.131853189681648e-05
3782 0.00013614669170503938
3832 3.3290954653437934e-05
3875 3.285232498188492e-05
3887 5.5861184383926875e-05
3891 8.334256383691721e-05
3892 0.00011110817958998604
3901 0.00010384546306881737
3932 4.895306850942043e-05
3943 7.689695691525318e-05
3969 6.0101372993599195e-05
3970 6.663037655997976e-05
3974 0.00010128967145643295
3986 0.0001504088997800851
4035 0.0002199543170027505
4189 4.981125419104163e-05
4224 8.236790279729728e-05
4225 0.00010897983139923425
4247 4.846937791309118e-05
4280 0.00026261715830791277
4281 0.00014576429866269
4290 5.656642719180506e-05
4291 7.843020694973282e-05
4296 9.527405980765772e-05
4314 3.1644758795232604e-05
4385 0.0002059351589452662
4392 8.334256383691721e-05
4451 0.00010200632301179658
4453 3.6854914742017664e-05
4467 5.5861184383926875e-05
4484 0.00012176521653240713
4502 6.424444555902466e-05
4503 7.798719092134497e-05
4546 7.625433537211054e-05
4577 3.9085797470059324e-05
4652 4.476354154013861e-05
4659 6.610917985376751e-05
4670 7.541048004377448e-05
4676 1.811794967986411e-05
4699 3.676019862375966e-05
4712 8.484211069037113e-05
4718 0.0001147195668623605
4797 9.988723143186235e-05
4834 1.7286007534181456e-05
4839 3.088397517794058e-05
4853 8.535239208071232e-05
4854 0.00016920278300425065
4964 0.0002875104201589402
4972 4.681329625334851e-05
5011 0.00010310145735752775
5012 0.00010774605847492284
5024 6.025437603138515e-05
5031 6.913916575845257e-05
5044 0.00010058340652177312
5171 7.52017798211394e-05
5222 2.3001954162320978e-05
5291 0.00011067500849334801
5303 0.00015663840245623315
5329 0.00014849761844045535
5334 9.719791862251607e-05
5335 9.852402568908913e-05
5379 2.541525611908456e-05
5380 3.8298201700263376e-05
5395 3.215862746722012e-05
5411 8.164949036359771e-05
5427 3.490353872923123e-05
5434 7.159039254876493e-05
5455 8.908229930004346e-05
5469 1.1433598200043818e-05
5676 9.312153328472917e-05
5687 2.724862948448243e-05
5702 3.9886331735258645e-05
5705 0.00011566583790554528
5775 0.00014576429866269
5806 7.910237522724487e-05
5810 5.261121850249547e-05
5834 6.804811807694473e-05
5911 7.47870417645905e-05
5984 3.088397517794058e-05
6022 2.0770655001689466e-05
6051 0.0001677901789526326
6084 7.843020694973282e-05
6085 0.00011862016226846598
6092 0.00014576429866269
6134 0.00013332088986277624
6197 5.5304247721948624e-05
6200 0.0002875104201589402
6211 7.356359438910525e-05
6212 0.0001391464957049546
6222 0.00010347204034115494
6302 8.509658347491132e-05
6306 0.00011425323385392718
6384 0.00015663840245623315
6399 8.212725328354177e-05
6408 4.3989132524856074e-05
6429 5.815485137703107e-05
6434 0.00014576429866269
6441 0.00020019542348213994
6452 8.63892700805903e-05
6490 2.724862948448243e-05
6502 0.0001423431449207802
6516 9.818910047034337e-05
6590 8.691610145495967e-05
6595 7.66818067754729e-05
6600 0.00013065000625947455
6661 5.889434094657216e-05
6670 0.00010734164596720007
6671 0.00023397347506023475
6675 5.7716484755306535e-05
6686 0.00011333374567896404
6689 7.376538112671329e-05
6725 8.458895984833521e-05
6727 8.612797493712278e-05
6728 9.527405980765772e-05
6753 0.00011862016226846598
6760 1.9892587507080337e-05
6762 7.139739654402146e-05
6763 7.27647006365303e-05
6783 0.00021605372159664503
6784 9.68719546813797e-05
6786 0.00023397347506023475
6833 2.7093186202753706e-05
6885 5.131853189681648e-05
6893 9.252359415714085e-05
6894 9.252359415714085e-05
6960 3.259102983841739e-05
6965 0.00013332088986277624
6999 6.309390310328486e-05
7090 0.00019756065060853997
7124 6.859058854884968e-05
7161 0.0001423431449207802
7162 0.00015447220461114937
7178 3.714017269315804e-05
7180 0.0001275049519955334
7192 0.00019756065060853997
7251 7.689695691525318e-05
7369 9.372690041743856e-05
7373 7.27647006365303e-05
7376 0.00013263932032595027
7377 0.00019756065060853997
7503 3.173002815645075e-05
7520 9.558947467904783e-05
7526 0.00020298083458234552
7560 0.00014849761844045535
7561 0.00030726931367955075
7563 0.00017695423263882194
7602 9.654815662959692e-05
7627 7.887728740211037e-05
7634 0.0001391464957049546
7664 0.0001196461249524729
7666 0.00014944388948364012
7701 0.00011425323385392718
7752 0.00026261715830791277
7792 0.000101646679848061
7808 4.7398314413738584e-05
7810 0.00021605372159664503
7836 6.424444555902466e-05
7839 0.00010614816360120087
7841 0.0001300045474523503
7858 4.509923582401553e-05
7862 9.077257605451787e-05
7890 9.233159952796689e-06
7893 5.131853189681648e-05
7904 6.056183085252843e-05
7922 0.00010774605847492284
7938 4.907474504580058e-05
7942 9.134928606937549e-05
7943 7.64676023536449e-05
8016 3.6571316885345003e-05
8031 5.5721352358276173e-05
8032 6.056183085252843e-05
8072 0.00013837905578907654
8101 0.0001523982138465608
8144 1.8182537399726556e-05
8421 0.00020019542348213994
8447 4.100899018649567e-05
8513 4.3335009582674306e-05
8520 5.874554257904601e-05
8521 6.610917985376751e-05
8569 0.00016508218077975113
8575 0.00020019542348213994
8582 0.00010774605847492284
8639 3.69498153124238e-05
8670 0.00010654275221462514
8676 0.0001423431449207802
8678 4.409901177660094e-05
8689 0.0001523982138465608
8704 0.00015139340654708521
8717 9.106007793564448e-05
8718 9.403242760948e-05
8735 0.0002537323685808453
8742 0.00030726931367955075
8763 6.542281037332744e-05
8764 0.0001287387249198448
8801 0.00015890538922556517
8802 0.00016007969731333051
8811 0.00011913044365880717
8813 4.431951634967444e-05
8818 7.139739654402146e-05
8819 7.139739654402146e-05
8828 0.00016508218077975113
8834 0.0001391464957049546
8836 0.00016508218077975113
8873 0.00013614669170503938
