123
56 0.0001027336712532598
68 3.241760820520544e-05
138 5.5304247721948624e-05
158 1.722259642893919e-05
310 8.408656954820681e-05
430 2.1595466130645556e-05
463 2.104404381130732e-05
473 4.858985121920245e-05
509 1.4811799641107606e-05
538 0.00020019542348213994
688 0.00017695423263882194
1111 9.886126874785542e-05
1391 6.491430390704548e-05
1440 0.00010815385522706535
1568 0.00018617626542465564
1621 0.00011198624708459517
1622 0.00011333374567896404
1744 0.0002875104201589402
1777 4.871062309639001e-05
1960 0.00011712061541501202
2025 0.00012571095453322076
2026 8.535239208071232e-05
2040 4.7398314413738584e-05
2042 8.383730339089555e-05
2059 0.00014071861357331354
2213 0.00030726931367955075
2371 8.858094887998e-06
2384 3.364472337590274e-05
2402 8.825864993225359e-05
2439 5.502814824397996e-05
2550 5.3403616896513294e-05
2586 9.502842032885344e-06
2651 0.00018825025618924418
3138 0.00021605372159664503
3149 7.541048004377448e-05
3150 7.604199766141655e-05
3278 0.0001753021616311125
3279 0.0002537323685808453
3301 0.00030726931367955075
3572 5.234992335902794e-05
3625 0.0001431761810607271
3731 5.3138049876864844e-05
3743 3.233112827567267e-05
3875 3.285232498188492e-05
4018 9.342327683396404e-05
4022 0.00014944388948364012
4329 3.676019862375966e-05
4390 8.825864993225359e-05
4398 6.325661252824365e-05
4486 0.00012571095453322076
4495 3.207260550754382e-05
4530 0.00017065756051371745
4659 6.610917985376751e-05
4676 1.811794967986411e-05
4911 6.341986704442123e-05
4913 6.457822376461287e-05
4914 6.542281037332744e-05
5222 2.3001954162320978e-05
5228 4.931901336427842e-05
5355 0.00015447220461114937
5427 3.490353872923123e-05
5439 8.024367862190805e-05
5440 8.586807337437805e-05
5469 1.1433598200043818e-05
5702 3.9886331735258645e-05
5754 0.00017215710736717137
5758 0.00020908021320920737
5826 0.0001391464957049546
5828 0.00018227567001855016
5829 0.00023397347506023475
5831 0.00013401212737453773
5832 0.00013542473142615584
5858 6.663037655997976e-05
5894 1.5848029138067838e-05
5896 1.6219082409210568e-05
5909 6.663037655997976e-05
5941 0.00016251677649793962
5984 3.088397517794058e-05
5985 7.52017798211394e-05
5987 7.798719092134497e-05
6115 0.00019506105515172307
6211 7.356359438910525e-05
6212 0.0001391464957049546
6264 4.7398314413738584e-05
6467 4.669713069773751e-05
6468 4.669713069773751e-05
6490 2.724862948448243e-05
6491 7.604199766141655e-05
6502 0.0001423431449207802
6507 6.212889280683989e-05
6512 0.0001431761810607271
6566 7.082295263288685e-05
6619 5.7716484755306535e-05
6623 0.00010460100421098168
6624 0.00011663084820199027
6661 5.889434094657216e-05
6706 7.910237522724487e-05
6707 0.00016251677649793962
6760 1.9892587507080337e-05
6833 2.7093186202753706e-05
6992 4.787143878550288e-05
7067 3.508605365233e-05
7178 3.714017269315804e-05
7321 3.8200641252257444e-05
7406 6.698096388147314e-05
7408 8.691610145495967e-05
7482 2.5340342303404983e-05
7483 2.8590308184836374e-05
7602 9.654815662959692e-05
7606 0.00020908021320920737
7818 2.996997446737178e-05
7995 9.134928606937549e-05
8054 2.9805618738211806e-05
8437 8.433711728522342e-05
8531 9.752607762356147e-05
8558 0.00017370426675739054
8661 7.843020694973282e-05
8663 8.001326955199571e-05
8675 0.00030726931367955075
8695 4.476354154013861e-05
8696 4.787143878550288e-05
8818 7.139739654402146e-05
8819 7.139739654402146e-05
