54
94 0.020244424335889785
217 0.03512739238529249
423 0.010843678520538321
490 0.019129195518317602
521 0.0232164354824494
605 0.04212242464298202
668 0.021687357041076643
1358 0.021238523973716648
1468 0.015962187883349993
1568 0.012451803967761625
1577 0.013627212843239603
1640 0.009518339989915393
1744 0.027119306575623947
1763 0.019945983503918827
2414 0.016004565242030894
2556 0.015352452289172175
2809 0.02547838306757554
2822 0.02072130133956538
2896 0.016734588316296647
2939 0.009929019267960651
2954 0.011928565282246088
3149 0.009544877227585132
3184 0.013731776478158009
3212 0.01631831728021614
3320 0.014763211880051301
3342 0.014578771061880207
3556 0.03960410319990283
3557 0.040186767956518356
3872 0.011502783775050056
3926 0.013946423894450078
3970 0.00836351994228929
4437 0.01416887836181954
4547 0.009571530096285199
4654 0.02547838306757554
5702 0.026549411441354386
5732 0.017764265757640757
5912 0.009387353749380711
6104 0.03184877279989427
6141 0.052487967890717066
6170 0.03296400161746646
6309 0.019129195518317602
6329 0.012451803967761625
6388 0.011998498568164425
6834 0.00680153451940679
7163 0.019389525175979763
7377 0.03329807388013715
7409 0.01090980698826198
7497 0.04575889496353012
7943 0.011466265316201046
7958 0.014283214843822068
7959 0.011919570715798248
7961 0.04997891688975103
8448 0.0051474946555218224
8872 0.008818512043589934
