224
119 0.005395275447555918
145 0.0013642001385306155
339 0.0035930499518533063
378 0.001875662290547477
386 0.00571625781404785
436 0.0014573105890891345
442 0.005651651143344427
474 0.006831884085555221
480 0.0016214361317766185
575 0.002080849439672603
626 0.00312720006017161
679 0.006448026793249139
682 0.0028966440397512395
689 0.004719951359981035
707 0.0022388611661949085
775 0.003831612466004333
855 0.0022315197533515963
1001 0.005805068992491747
1055 0.0383367683479072
1087 0.005805068992491747
1088 0.01623559937414001
1102 0.01572374853714529
1110 0.004661648820533796
1156 0.019259354229766837
1226 0.0034159420427776104
1297 0.004095376786618689
1364 0.0015875169982695091
1365 0.006778552551472155
1366 0.0030061484978417814
1373 0.002338830903997554
1390 0.0015304663397343631
1411 0.008021756988118139
1571 0.007002173415562634
1609 0.0022611711332236463
1635 0.0036930196896559518
1749 0.00587299044159706
1921 0.00034583712372095133
1933 0.005093838007590741
1940 0.0018918827086731335
1941 0.003244711011992808
1956 0.002093758869879181
2025 0.010061647066445875
2112 0.0038920962833575183
2299 0.0025992308673006997
2328 0.0033559844114655897
2373 0.002024487486540892
2398 0.0029918759267129297
2438 0.0025947664399489385
2439 0.0030061484978417814
2492 0.0006027489769987932
2611 0.0018864504186438774
2713 0.0020491965507052927
2767 0.003336674256064798
2780 0.002283922910371576
2874 0.009571244432792926
2907 0.006448026793249139
2928 0.0029500921510959136
3017 0.0038920962833575183
3071 0.007244402443153852
3078 0.0027966743019485945
3106 0.006778552551472155
3160 0.00993696903765687
3206 0.006448026793249139
3222 0.05163471676758808
3227 0.004306421449644581
3234 0.015176184080498104
3274 0.004438323500419429
3277 0.004133049905969509
3306 0.007929941881625598
3437 0.005805068992491747
3441 0.004929425555874222
3500 0.0038920962833575183
3512 0.0014278493030627866
3544 0.001431490913720996
3595 0.0019533971521485606
3627 0.0018231907429681858
3650 0.0055163270098857456
3653 0.003141851406891744
3703 0.003095720633452807
3718 0.005651651143344427
3729 0.003050061888898559
3747 0.0055163270098857456
3840 0.0025402986061600855
3900 0.006778552551472155
3914 0.003050061888898559
3933 0.007244402443153852
4031 0.006191651097460631
4032 0.007244402443153852
4061 0.003095720633452807
4105 0.002355013244763908
4121 0.003746467801000626
4170 0.003719432972477647
4221 0.001034534677765094
4252 0.006191651097460631
4346 0.001209922635620181
4382 0.004076588119557424
4420 0.004855275493439715
4437 0.0026613501684899137
4455 0.004254101468299338
4457 0.004929425555874222
4468 0.006585117397216352
4500 0.0021955002768082174
4526 0.00231497688727963
4534 0.0013403696830255009
4653 0.0010553774661526858
4660 0.0015586375948591958
4761 0.0031760979588330205
4822 0.0020491965507052927
4853 0.0036930196896559518
4909 0.0022097728479370696
4933 0.005982176901567443
4978 0.006319132693978202
5017 0.001913872417246612
5032 0.0032601494457107365
5082 0.008594924715372059
5139 0.0055163270098857456
5140 0.004254101468299338
5143 0.030052160055522206
5158 0.011610137984983494
5163 0.002640659494101923
5193 0.0018864504186438774
5223 0.0016269318690047979
5226 0.003989246566491751
5234 0.003375624670934391
5255 0.0014098123988657808
5285 0.005982176901567443
5317 0.003861456408887108
5336 0.00232287332524117
5367 0.003192870916587039
5380 0.0005992083664901629
5381 0.001805891923559509
5419 0.007244402443153852
5437 0.004438323500419429
5623 0.0031750339965390183
5653 0.0034366439938674424
5703 0.0009403888582662038
5706 0.019089147174337396
5707 0.005185801251662731
5717 0.003719432972477647
5741 0.0036419478505147172
5811 0.001240399945222856
5812 0.0048615882961390855
5823 0.002153716501191202
5855 0.005077304743611896
5866 0.0028208631364456042
5873 0.021670044434169648
5875 0.006448026793249139
5946 0.008266099811939018
5985 0.002912571288738692
5988 0.001838682130928641
6060 0.003501086707781317
6107 0.003403252762330163
6147 0.004438323500419429
6194 0.0025213076415380657
6229 0.016185826342667756
6293 0.0020872860234583154
6300 0.003375624670934391
6328 0.0024483353620880963
6414 0.006783513399670939
6426 0.007244402443153852
6477 0.005080597212320171
6500 0.007244402443153852
6537 0.0017681117907523834
6632 0.007244402443153852
6634 0.002784768214047334
6648 0.0035930499518533063
6680 0.0022462497910207555
6709 0.004095376786618689
6713 0.002841201053924362
6761 0.002345009786548941
6790 0.0011202753108987727
6852 0.0030061484978417814
6909 0.0021068150012958802
6962 0.0033559844114655897
6963 0.004932297087451157
6979 0.003227169797974255
6993 0.002257302975959797
7022 0.007911883993787627
7114 0.007244402443153852
7234 0.004095376786618689
7360 0.003861456408887108
7481 0.0021814028336731195
7483 0.0005974421444654635
7484 0.0026962627147435105
7503 0.002283922910371576
7514 0.005651651143344427
7553 0.0029918759267129297
7572 0.003746467801000626
7645 0.006448026793249139
7695 0.006417405590494512
7715 0.006191651097460631
7718 0.008594924715372059
7793 0.002396495266682327
7832 0.0035693598919249296
7882 0.01695495343003328
7946 0.007244402443153852
7971 0.007244402443153852
8002 0.0052857709894653755
8011 0.0009380125860627636
8043 0.001570925703445872
8078 0.0030650807589823964
8104 0.0034366439938674424
8129 0.006286538468026782
8169 0.003923575710076323
8187 0.006544208501019359
8386 0.0052857709894653755
8400 0.005982176901567443
8424 0.007244402443153852
8438 0.001988392564142622
8527 0.005158498042059358
8528 0.006448026793249139
8540 0.001875662290547477
8572 0.0022388611661949085
8601 0.013836260144808538
8604 0.012978844047971233
8639 0.0015304663397343631
8664 0.0018864504186438774
8695 0.002093758869879181
8697 0.002257302975959797
8752 0.007334400028575627
8761 0.0052857709894653755
8762 0.012286130359856066
8764 0.003084910508185683
8775 0.009858851111748444
