165
58 3.9886331735258645e-05
145 5.786216925096193e-05
146 0.000101646679848061
160 3.6009024944890365e-05
216 0.00013837905578907654
217 0.0001399262151792957
328 5.502814824397996e-05
430 2.1595466130645556e-05
443 5.859719717528758e-05
473 4.858985121920245e-05
509 1.4811799641107606e-05
521 6.165346047478709e-05
605 0.0001677901789526326
872 6.593667904531496e-05
1208 0.00012571095453322076
1216 4.5550455969092306e-05
1418 6.424444555902466e-05
1464 0.00022883910672981793
1465 0.0002462203859023654
1469 6.358367031630664e-05
1511 9.312153328472917e-05
1512 0.0001275049519955334
1638 7.33626397641186e-05
1641 7.583058115843726e-05
1706 3.382257549850835e-05
1713 4.787143878550288e-05
1922 7.334292682143156e-06
1929 4.2158123180710165e-05
2341 8.744869066327002e-05
2371 8.858094887998e-06
2384 3.364472337590274e-05
2389 8.070779096331723e-05
2391 2.4157123570420575e-05
2411 0.00013837905578907654
2466 0.00010939812948263226
2571 6.593667904531496e-05
2586 9.502842032885344e-06
2607 3.3290954653437934e-05
2699 0.00013065000625947455
2823 0.00016508218077975113
2887 0.0002875104201589402
2896 0.00011379132113009053
2897 0.00013332088986277624
2955 4.7516165565500014e-05
2958 6.950834500520415e-05
2967 0.0002734912621014559
3097 0.00012230970742046953
3212 7.356359438910525e-05
3343 0.00011614595437539213
3372 6.542281037332744e-05
3375 0.00010236864012694453
3478 7.865323446718271e-05
3545 6.071628875522179e-05
3558 0.00016007969731333051
3572 5.234992335902794e-05
3576 5.3536945098705395e-05
3654 6.663037655997976e-05
3719 2.489326185102742e-05
3729 0.00012936752625714268
3743 3.233112827567267e-05
3746 1.903006184883404e-05
3814 0.00014576429866269
3827 0.00013614669170503938
3832 3.3290954653437934e-05
3849 0.00023397347506023475
3875 3.285232498188492e-05
4108 9.654815662959692e-05
4220 4.3879500470736716e-05
4290 5.656642719180506e-05
4291 7.843020694973282e-05
4329 3.676019862375966e-05
4398 6.325661252824365e-05
4399 9.282164663063054e-05
4435 0.00010856509334268535
4436 0.0001128804268053397
4495 3.207260550754382e-05
4563 4.728074758348793e-05
4652 4.476354154013861e-05
4676 1.811794967986411e-05
4834 1.7286007534181456e-05
4878 6.969398876306011e-05
4887 0.00018418695135817993
4911 6.341986704442123e-05
4913 6.457822376461287e-05
4914 6.542281037332744e-05
4919 0.00026261715830791277
4920 0.0002734912621014559
5044 0.00010058340652177312
5171 7.52017798211394e-05
5222 2.3001954162320978e-05
5228 4.931901336427842e-05
5369 7.562007790453742e-05
5371 0.0001300045474523503
5379 2.541525611908456e-05
5380 3.8298201700263376e-05
5469 1.1433598200043818e-05
5687 2.724862948448243e-05
5699 8.260974660633398e-05
5700 0.00010575674440844711
5701 0.00010575674440844711
5726 0.00013614669170503938
5729 9.106007793564448e-05
5731 0.0001415241100530177
5806 7.910237522724487e-05
5858 6.663037655997976e-05
5894 1.5848029138067838e-05
5896 1.6219082409210568e-05
5910 0.00019756065060853997
5911 7.47870417645905e-05
5953 0.0001664173719040451
6140 0.00020908021320920737
6218 9.464928935894339e-05
6327 0.00010384546306881737
6328 9.920086195142229e-05
6356 6.733409171295719e-05
6362 0.00017695423263882194
6429 5.815485137703107e-05
6467 4.669713069773751e-05
6468 4.669713069773751e-05
6469 0.0001786642827461757
6762 7.139739654402146e-05
6763 7.27647006365303e-05
6833 2.7093186202753706e-05
6885 5.131853189681648e-05
6960 3.259102983841739e-05
6962 0.00010460100421098168
6992 4.787143878550288e-05
6995 7.843020694973282e-05
7067 3.508605365233e-05
7073 5.516600244482883e-05
7124 6.859058854884968e-05
7156 0.0001475693727081854
7157 0.00014849761844045535
7321 3.8200641252257444e-05
7373 7.27647006365303e-05
7376 0.00013263932032595027
7406 6.698096388147314e-05
7408 8.691610145495967e-05
7482 2.5340342303404983e-05
7483 2.8590308184836374e-05
7784 7.082295263288685e-05
7818 2.996997446737178e-05
7850 0.000126899584862824
7890 9.233159952796689e-06
7894 6.374802604546662e-05
7902 7.376538112671329e-05
7903 8.141235399539764e-05
7922 0.00010774605847492284
7960 9.954283828468142e-05
8016 3.6571316885345003e-05
8031 5.5721352358276173e-05
8032 6.056183085252843e-05
8054 2.9805618738211806e-05
8144 1.8182537399726556e-05
8234 4.8109734749355606e-05
8447 4.100899018649567e-05
8559 0.00011379132113009053
8608 0.0001677901789526326
8661 7.843020694973282e-05
8663 8.001326955199571e-05
8818 7.139739654402146e-05
8819 7.139739654402146e-05
8821 0.00019041645403432799
8829 0.00011663084820199027
8871 7.025520142447097e-05
