54
158 1.722259642893919e-05
494 0.00010815385522706535
521 6.165346047478709e-05
858 0.00010815385522706535
1065 0.00015554326811050196
1140 3.8493910507496085e-05
1160 0.0002462203859023654
1164 8.408656954820681e-05
1165 8.433711728522342e-05
1391 6.491430390704548e-05
1469 6.358367031630664e-05
1574 0.00022883910672981793
1922 7.334292682143156e-06
2079 0.00017215710736717137
2371 8.858094887998e-06
2685 7.754816608258265e-05
3137 0.00011379132113009053
3455 0.00022883910672981793
3513 6.056183085252843e-05
3974 0.00010128967145643295
4243 0.00014665847838343454
4314 3.1644758795232604e-05
4509 0.0001281179340087181
4670 7.541048004377448e-05
4676 1.811794967986411e-05
4834 1.7286007534181456e-05
5005 0.0002537323685808453
5018 0.00010982004923951138
5222 2.3001954162320978e-05
5379 2.541525611908456e-05
5380 3.8298201700263376e-05
5408 0.00010774605847492284
5687 2.724862948448243e-05
5699 8.260974660633398e-05
5702 3.9886331735258645e-05
5810 5.261121850249547e-05
5988 7.044371782011974e-05
6760 1.9892587507080337e-05
6833 2.7093186202753706e-05
6905 2.9805618738211806e-05
6929 5.904359505253569e-05
7090 0.00019756065060853997
7251 7.689695691525318e-05
7344 8.96392359620217e-05
7345 0.00011425323385392718
7858 4.509923582401553e-05
7863 7.64676023536449e-05
8031 5.5721352358276173e-05
8032 6.056183085252843e-05
8444 5.815485137703107e-05
8447 4.100899018649567e-05
8799 0.00012069415303305452
8871 7.025520142447097e-05
8872 0.00010422176939821458
