245
13 0.01863205550764887
68 0.0007258937797105299
102 0.003065000461392634
130 0.0026561379048657507
163 0.0009899292709222244
171 0.0033899950732352345
246 0.0022444373957233644
334 0.0020717846008252243
378 0.001781407904087805
443 0.0013121060834828213
521 0.001380541808420358
522 0.0024879298907184814
549 0.0015197115958340162
588 0.009514000419587432
599 0.0036390691260041155
629 0.006437921769991142
645 0.0014200951133162864
665 0.008965535749109703
668 0.0019344250627090973
695 0.00515867786166314
740 0.005367648573327119
810 0.006124005346352198
838 0.002600735541189685
883 0.006437921769991142
919 0.0036674133732646406
979 0.006338004365791425
983 0.0023169417676391275
984 0.0033463415655231176
1092 0.0036674133732646406
1095 0.0015564280670512043
1134 0.002412645409870634
1188 0.006437921769991142
1193 0.0023004082367061593
1207 0.002814914640201164
1230 0.006880362119377276
1256 0.0036965135555506084
1322 0.011363129993932127
1364 0.0015077422747383782
1371 0.003325152702365171
1373 0.004442603425683796
1380 0.0032839707521436397
1439 0.012108883891753849
1487 0.004367799305306925
1507 0.005015183085517147
1523 0.0029110566002395625
1567 0.004168851450915907
1577 0.004861970411407094
1606 0.004423770146289719
1609 0.0021475444431119056
1648 0.001958147565806689
1649 0.003788781914909251
1705 0.0015147075017221427
1712 0.0010719353328050294
1716 0.008405538943072277
1718 0.0033679500372867295
1721 0.0018176979239176367
1799 0.002537764677112883
1829 0.005124156078332004
1833 0.003325152702365171
1854 0.005513356982818795
1890 0.004681715728945869
1896 0.0040815094753902485
1920 0.0041243068103118076
1952 0.002868811627853507
1955 0.002527613979118561
1959 0.013112800560032502
1981 0.013760724238754553
2029 0.00550216807550738
2050 0.006124005346352198
2117 0.0030075630005573844
2129 0.005367648573327119
2188 0.005880512851357082
2200 0.0038549350272769627
2223 0.004925208223940986
2297 0.007924704127021011
2333 0.005681564996966064
2372 0.0010149004330684047
2438 0.004928752333169341
2439 0.005710171518513535
2468 0.0024879298907184814
2492 0.001144920167364542
2599 0.003325152702365171
2681 0.003435467993066381
2713 0.0019462218496648258
2715 0.003412494677890829
2824 0.002600735541189685
2826 0.0026791112200413025
2829 0.0018552364912365728
2893 0.0058803135650510605
2895 0.0025480106882195147
2954 0.002127960138290131
3006 0.005513356982818795
3013 0.005656282747700606
3033 0.003611442532281846
3041 0.002882712352979037
3082 0.004423770146289719
3101 0.006124005346352198
3141 0.044008960479175685
3146 0.0028967924472453653
3212 0.0029110566002395625
3229 0.001050848837691211
3268 0.0023086436883675556
3327 0.05867861397223425
3344 0.0024879298907184814
3346 0.00523912464757993
3369 0.002644830112838925
3464 0.0012923852063801303
3493 0.005681564996966064
3521 0.0036674133732646406
3690 0.002558353819362309
3835 0.002644830112838925
3872 0.0020520041407752613
3874 0.006437921769991142
3884 0.003776946679627694
3914 0.0028967924472453653
3940 0.004263797583803846
3943 0.0017218735679113977
3947 0.004837866248415327
3961 0.004611291800302042
4022 0.01673170782761559
4023 0.008080655050337436
4034 0.005513356982818795
4108 0.004323804883834009
4151 0.016861168674960243
4221 0.0029476440316221525
4337 0.002814914640201164
4346 0.0011491225031769559
4349 0.0036779803078538908
4360 0.003962352063510506
4382 0.0019358672226039025
4383 0.004131048432225109
4393 0.0018662033389814224
4462 0.0020585578671760856
4468 0.0012508413950491363
4590 0.00454513868793433
4626 0.003962352063510506
4653 0.0010023434226274254
4677 0.000405696400871731
4689 0.004040327525168718
4706 0.003150965538103945
4830 0.001877281527185078
4885 0.005020154356828925
4915 0.0029298898796336387
4943 0.0015237307243762097
4944 0.0037571509417735215
5017 0.0036353958478352734
5045 0.002252259595281513
5111 0.0041243068103118076
5128 0.005367648573327119
5163 0.0012539815185559384
5180 0.003065000461392634
5211 0.006880362119377276
5261 0.005681564996966064
5345 0.006880362119377276
5380 0.001138194786599405
5381 0.0025727153785382955
5441 0.0019227544470162242
5510 0.0020009449007282482
5534 0.006880362119377276
5536 0.0033463415655231176
5623 0.0015077422747383782
5626 0.003016495046328849
5670 0.0029110566002395625
5703 0.0017862662734905782
5706 0.010359939169992156
5734 0.004040327525168718
5808 0.005124156078332004
5869 0.003249835004605384
5893 0.0026225601120065003
5939 0.001325454166324781
5946 0.003925358955920791
5985 0.0013831054612352082
5988 0.005238858131841907
6058 0.0024686162508534286
6088 0.013753406846401953
6107 0.0016161175177899518
6178 0.0034589353957149827
6203 0.005910006326912971
6228 0.002359405964971292
6410 0.0023681007692665343
6430 0.0013022010941510073
6494 0.0028018463143574257
6517 0.002198646390431407
6537 0.001679261952021108
6626 0.002644830112838925
6707 0.001771257206093483
6708 0.0036390691260041155
6713 0.0026984271316166054
6761 0.006681510296347988
6766 0.006124005346352198
6786 0.00825325211326107
6823 0.0019112073322193673
6879 0.004681715728945869
6930 0.0013221018068045177
6968 0.004718811929942584
7000 0.0014127961418504387
7056 0.005124156078332004
7102 0.0026561379048657507
7141 0.0037571509417735215
7230 0.003726411101529774
7247 0.0040815094753902485
7303 0.018513810789872475
7307 0.005681564996966064
7370 0.0020987289862316894
7411 0.004000643436768638
7481 0.004143569201650449
7484 0.001920579094547199
7489 0.0041243068103118076
7495 0.0023946087650788665
7555 0.0018497941250141918
7579 0.003977089712634827
7585 0.006437921769991142
7606 0.004040327525168718
7680 0.0018497941250141918
7695 0.0030474614487524193
7699 0.0033679500372867295
7736 0.004611291800302042
7749 0.004757000209793716
7764 0.003889578958145388
7780 0.005513356982818795
7793 0.0022760683688590943
7794 0.004681715728945869
7803 0.004681715728945869
7842 0.0029110566002395625
7863 0.006097727621591934
7923 0.004825290819741268
7959 0.006379066739861876
8099 0.0029110566002395625
8145 0.00040714264649839967
8187 0.012430707604951345
8205 0.0022868487176311877
8347 0.00313322218512031
8512 0.005513356982818795
8533 0.0022444373957233644
8560 0.005096021376439029
8595 0.004482767874554852
8601 0.013140970690295546
8602 0.006437921769991142
8640 0.0008273787790560826
8677 0.006374683957457251
8695 0.011931269137904479
8723 0.0016161175177899518
8724 0.0023507798950255787
8768 0.005552340039862157
8782 0.007737700250836389
