229
17 0.0031590889988855515
94 0.004239982678018214
163 0.0011622178460974786
246 0.005270124386418284
334 0.002432360681794806
375 0.0021909997903085724
393 0.0039799942157747
521 0.0016208130966115118
536 0.004486431207369468
599 0.004272417439969433
652 0.004374960526279793
773 0.002920932438070665
861 0.011540252970573588
974 0.00433985957259334
975 0.0038089265255750347
990 0.0028759767845109693
1164 0.0022171456909908884
1171 0.005893868536925994
1193 0.005401548544006203
1268 0.0022171456909908884
1309 0.0021781242581479527
1390 0.0017065376885533605
1439 0.0028432659521640305
1482 0.020511907062090336
1499 0.005420886064721458
1520 0.002920932438070665
1525 0.021528473784060868
1538 0.005888032059102726
1565 0.0044481864369731025
1572 0.0035414897594067307
1575 0.0036179963496556977
1628 0.004060933001458889
1640 0.0019935166350560263
1649 0.0044481864369731025
1682 0.0071898351853928455
1720 0.003678532240937709
1761 0.008077829272897215
1772 0.002635062193209142
1775 0.006015970853026954
1847 0.00342195652753337
1881 0.004992858529921389
1894 0.0030282504261680376
1921 0.000385623695476459
1930 0.0020386703720589277
1945 0.008066762603188317
1993 0.003954112433156691
2053 0.004060933001458889
2064 0.004239982678018214
2084 0.006031745014025703
2148 0.0022105590200991714
2161 0.009961064307897527
2238 0.026315866268183018
2315 0.0032445276299631815
2322 0.006301841097888476
2372 0.0023830700434290565
2517 0.004743511371732005
2525 0.002121734020840953
2534 0.0071898351853928455
2574 0.0031590889988855515
2638 0.003954112433156691
2674 0.002811369582599967
2683 0.005679854769525959
2684 0.0040773407441178555
2731 0.003172938913954519
2753 0.008077829272897215
2774 0.0071898351853928455
2785 0.003678532240937709
2896 0.007009768557268801
2958 0.006301841097888476
2962 0.004474222725241355
3229 0.0012337399333365838
3302 0.0026442457785310976
3383 0.014379670370785691
3387 0.008077829272897215
3450 0.004842106520661061
3599 0.007905186579627426
3627 0.002032938350566296
3638 0.0044481864369731025
3680 0.010153270057395192
3755 0.006150948701288531
3767 0.004486431207369468
3789 0.00433985957259334
3840 0.0028325453484616884
3872 0.0024091376048039938
3882 0.0031590889988855515
3901 0.005460004524302657
3902 0.003186940197212518
3970 0.0017516516693290255
3974 0.002662812837816314
4237 0.006150948701288531
4281 0.020711894821593968
4282 0.026824070819390127
4376 0.0019824725609148028
4403 0.0018273108279834198
4418 0.005127976765522584
4461 0.003118415593323212
4468 0.0014685394549544433
4519 0.0039799942157747
4534 0.0014945715049664878
4660 0.0017379498845332627
4679 0.008077829272897215
4903 0.006150948701288531
4909 0.002463994503009476
4915 0.0017199058585460004
4943 0.0017889227973502402
5032 0.001817605443183862
5063 0.014379670370785691
5163 0.0014722260896320456
5171 0.005935046393446533
5172 0.005930958068725613
5178 0.0016291319873125386
5181 0.005774137338185991
5220 0.0036993636701043364
5229 0.0025931035227283144
5255 0.0015720032058149415
5267 0.005127976765522584
5298 0.007441078871932115
5301 0.005127976765522584
5304 0.008235760723834511
5336 0.0025901065396494462
5377 0.005679854769525959
5381 0.002013649401491134
5431 0.003386615148836099
5435 0.007528183815865405
5456 0.0023418921869085172
5499 0.0071898351853928455
5536 0.003928743194920946
5572 0.006670391943340688
5706 0.006081498214833153
5807 0.0020795291092188975
5811 0.0013831008238768129
5814 0.008077829272897215
5821 0.005193688844316543
5985 0.0008119114654448566
6006 0.002864980110412907
6093 0.0038320101170557326
6107 0.0018973887082017723
6135 0.0035048842786344005
6165 0.003417700669307805
6223 0.002720185320119094
6320 0.007558386030845058
6321 0.007558386030845058
6329 0.00260789994605037
6350 0.016025638723310323
6430 0.00305767572549912
6444 0.003351988590513845
6462 0.0039038665945172212
6469 0.0024552497273052313
6484 0.0028219137134504043
6507 0.002334633784113069
6535 0.009684213041322122
6596 0.0020158945781209867
6692 0.004743511371732005
6695 0.0047918606820215905
6725 0.0034009539646125526
6728 0.0045284514020037655
6729 0.010018671634287263
6761 0.003137747608196459
6764 0.001912917439742649
6806 0.004374960526279793
6834 0.0021367652693711596
6849 0.003186940197212518
6886 0.0013491172751163081
6887 0.006301841097888476
6888 0.005262954613784162
6895 0.002432360681794806
6996 0.002061858419870262
7004 0.0023060045554777367
7011 0.003954112433156691
7074 0.0014502637574876536
7092 0.002488243264799125
7101 0.0040333813015941584
7174 0.013577558768639215
7181 0.010055965771541536
7197 0.005584914700583773
7366 0.005262954613784162
7375 0.002759912679115576
7383 0.008235760723834511
7409 0.0022849448264501493
7416 0.003879463863054124
7452 0.003417700669307805
7481 0.002432360681794806
7484 0.0015032261152994793
7495 0.002811369582599967
7555 0.0021717346954443903
7635 0.03658034128975089
7652 0.0030407491074165766
7661 0.0031318304244462815
7675 0.0049489270889632574
7682 0.004525852922879738
7697 0.0071898351853928455
7702 0.0030036130386613537
7704 0.004486431207369468
7719 0.002504667908571816
7729 0.004374960526279793
7828 0.004147332340992775
7840 0.0027905381534333393
7845 0.004305694756812173
7863 0.0023863280171028413
7934 0.009133052656884156
7943 0.002401489196018508
8011 0.0010459255384416657
8043 0.0017516516693290255
8068 0.005893868536925994
8073 0.0036378588353753686
8089 0.0022371113626206774
8161 0.008077829272897215
8162 0.005496527610974796
8205 0.0013424274183144729
8235 0.0012647609324078382
8270 0.0047918606820215905
8307 0.010130942917063233
8311 0.006670391943340688
8350 0.00258667388489315
8445 0.00152883786274956
8520 0.007617853051150069
8583 0.005665090696923377
8690 0.008012819361655162
8695 0.014007802704678416
8697 0.0012584963494289135
8789 0.006015970853026954
8814 0.00466047822664659
8815 0.0026259439720376317
8820 0.0018769722654876674
8826 0.006670391943340688
8828 0.0037205394359660577
8833 0.005262954613784162
8837 0.013019578717780018
8867 0.001011969706320959
