225
2 0.00014944388948364012
58 3.9886331735258645e-05
82 8.334256383691721e-05
122 0.0001523982138465608
124 0.00015447220461114937
132 8.334256383691721e-05
145 5.786216925096193e-05
146 0.000101646679848061
158 1.722259642893919e-05
163 4.4209139343250144e-05
164 0.0001804365299615294
216 0.00013837905578907654
217 0.0001399262151792957
276 4.8109734749355606e-05
277 5.502814824397996e-05
423 8.63892700805903e-05
463 2.104404381130732e-05
494 0.00010815385522706535
509 1.4811799641107606e-05
511 4.409901177660094e-05
521 6.165346047478709e-05
523 0.0001347133110905388
605 0.0001677901789526326
668 8.63892700805903e-05
706 6.525271795805037e-05
708 9.654815662959692e-05
785 9.134928606937549e-05
847 0.00016508218077975113
872 6.593667904531496e-05
878 0.0001440237055098346
1083 7.178415593526694e-05
1086 0.0002199543170027505
1209 0.00016007969731333051
1306 4.5550455969092306e-05
1312 0.00011243128604527755
1314 0.00013401212737453773
1469 6.358367031630664e-05
1529 0.00022883910672981793
1540 0.00016007969731333051
1559 0.00011425323385392718
1659 0.0001786642827461757
1665 0.00013263932032595027
1666 0.0001804365299615294
1722 8.117636599183342e-05
1742 0.00015775871449691997
1922 7.334292682143156e-06
2079 0.00017215710736717137
2167 8.744869066327002e-05
2178 0.0001523982138465608
2287 0.00014576429866269
2321 8.691610145495967e-05
2326 0.00011913044365880717
2331 0.00019041645403432799
2371 8.858094887998e-06
2384 3.364472337590274e-05
2391 2.4157123570420575e-05
2417 8.63892700805903e-05
2455 0.00010128967145643295
2466 0.00010939812948263226
2493 2.5565430128539482e-05
2563 2.4450245822639586e-05
2564 4.692973938522239e-05
2571 6.593667904531496e-05
2582 7.458098891001271e-05
2586 9.502842032885344e-06
2618 4.846937791309118e-05
2620 0.00010347204034115494
2685 7.754816608258265e-05
2825 0.00011614595437539213
2826 0.00021244233432427055
2832 0.0001196461249524729
2896 0.00011379132113009053
2897 0.00013332088986277624
2955 4.7516165565500014e-05
2982 7.197869283035229e-05
3113 6.165346047478709e-05
3212 7.356359438910525e-05
3214 8.001326955199571e-05
3307 8.408656954820681e-05
3343 0.00011614595437539213
3465 5.7716484755306535e-05
3473 0.00014665847838343454
3545 6.071628875522179e-05
3558 0.00016007969731333051
3832 3.3290954653437934e-05
3840 0.00010774605847492284
3902 0.00012122674224136485
3926 0.00011110817958998604
3932 4.895306850942043e-05
3943 7.689695691525318e-05
3969 6.0101372993599195e-05
3970 6.663037655997976e-05
3996 7.417147870601431e-05
3997 0.0001347133110905388
4085 0.00019506105515172307
4105 9.988723143186235e-05
4203 0.00011614595437539213
4247 4.846937791309118e-05
4290 5.656642719180506e-05
4291 7.843020694973282e-05
4295 0.00012176521653240713
4308 7.955569410086921e-05
4314 3.1644758795232604e-05
4381 4.3226837668107787e-05
4382 6.14960082295629e-05
4399 9.282164663063054e-05
4495 3.207260550754382e-05
4499 9.312153328472917e-05
4509 0.0001281179340087181
4577 3.9085797470059324e-05
4670 7.541048004377448e-05
4834 1.7286007534181456e-05
4839 3.088397517794058e-05
4846 4.681329625334851e-05
5161 5.502814824397996e-05
5162 5.6001418804450566e-05
5177 6.196989942762013e-05
5179 0.00013687950893562258
5181 0.00016007969731333051
5222 2.3001954162320978e-05
5228 4.931901336427842e-05
5254 5.9796800580258657e-05
5379 2.541525611908456e-05
5380 3.8298201700263376e-05
5395 3.215862746722012e-05
5427 3.490353872923123e-05
5434 7.159039254876493e-05
5457 0.0001423431449207802
5462 0.00010654275221462514
5469 1.1433598200043818e-05
5473 0.0001251273376474703
5535 0.00014944388948364012
5536 0.00018418695135817993
5644 7.711306116076915e-05
5657 0.00018825025618924418
5659 0.0002199543170027505
5687 2.724862948448243e-05
5699 8.260974660633398e-05
5700 0.00010575674440844711
5701 0.00010575674440844711
5702 3.9886331735258645e-05
5806 7.910237522724487e-05
5810 5.261121850249547e-05
5854 7.178415593526694e-05
5894 1.5848029138067838e-05
5896 1.6219082409210568e-05
5911 7.47870417645905e-05
5984 3.088397517794058e-05
6022 2.0770655001689466e-05
6092 0.00014576429866269
6140 0.00020908021320920737
6197 5.5304247721948624e-05
6201 0.00017215710736717137
6208 0.0001228603508781383
6218 9.464928935894339e-05
6297 9.164022082905678e-05
6299 0.0001431761810607271
6309 0.0001147195668623605
6467 4.669713069773751e-05
6468 4.669713069773751e-05
6490 2.724862948448243e-05
6506 8.88061998220748e-05
6568 3.9584588186023764e-05
6569 4.981125419104163e-05
6661 5.889434094657216e-05
6686 0.00011333374567896404
6712 6.025437603138515e-05
6718 0.0002462203859023654
6760 1.9892587507080337e-05
6784 9.68719546813797e-05
6785 0.0001228603508781383
6833 2.7093186202753706e-05
6857 0.00014665847838343454
6885 5.131853189681648e-05
6960 3.259102983841739e-05
6972 6.133906307779394e-05
7124 6.859058854884968e-05
7211 0.00010498321344481378
7251 7.689695691525318e-05
7321 3.8200641252257444e-05
7344 8.96392359620217e-05
7345 0.00011425323385392718
7482 2.5340342303404983e-05
7483 2.8590308184836374e-05
7602 9.654815662959692e-05
7604 0.00022883910672981793
7665 0.00010422176939821458
7784 7.082295263288685e-05
7808 4.7398314413738584e-05
7818 2.996997446737178e-05
7820 0.00013614669170503938
7858 4.509923582401553e-05
7863 7.64676023536449e-05
7877 8.853165584237468e-05
7890 9.233159952796689e-06
7893 5.131853189681648e-05
7894 6.374802604546662e-05
7902 7.376538112671329e-05
7903 8.141235399539764e-05
7938 4.907474504580058e-05
7960 9.954283828468142e-05
8031 5.5721352358276173e-05
8032 6.056183085252843e-05
8042 6.663037655997976e-05
8054 2.9805618738211806e-05
8058 8.853165584237468e-05
8059 0.00011425323385392718
8060 0.0001147195668623605
8105 0.0001281179340087181
8200 0.00019506105515172307
8201 0.00020298083458234552
8234 4.8109734749355606e-05
8296 0.0002462203859023654
8444 5.815485137703107e-05
8447 4.100899018649567e-05
8495 0.00015342417653056774
8516 8.024367862190805e-05
8520 5.874554257904601e-05
8521 6.610917985376751e-05
8550 0.00013542473142615584
8621 0.000101646679848061
8678 4.409901177660094e-05
8724 0.00021244233432427055
8725 0.00022883910672981793
8871 7.025520142447097e-05
