652
12 0.0001523982138465608
13 0.0001664173719040451
21 0.00017695423263882194
44 0.00010575674440844711
58 3.9886331735258645e-05
97 8.612797493712278e-05
99 0.00020298083458234552
130 0.00011862016226846598
131 0.00015139340654708521
132 8.334256383691721e-05
134 0.0001376235146469122
158 1.722259642893919e-05
160 3.6009024944890365e-05
161 8.88061998220748e-05
163 4.4209139343250144e-05
196 8.935997200289977e-05
203 0.0001804365299615294
222 0.0002875104201589402
225 4.311890533715833e-05
243 6.309390310328486e-05
245 0.00013196715204843822
258 0.00030726931367955075
278 5.558192042480493e-05
290 5.516600244482883e-05
295 6.969398876306011e-05
304 0.00021605372159664503
310 8.408656954820681e-05
328 5.502814824397996e-05
330 6.358367031630664e-05
334 9.252359415714085e-05
378 7.955569410086921e-05
412 6.391293797104737e-05
413 7.562007790453742e-05
416 0.00020019542348213994
430 2.1595466130645556e-05
443 5.859719717528758e-05
446 0.00010058340652177312
463 2.104404381130732e-05
466 0.00013401212737453773
473 4.858985121920245e-05
496 0.00015447220461114937
509 1.4811799641107606e-05
510 0.00019041645403432799
511 4.409901177660094e-05
522 0.00011110817958998604
539 0.0001391464957049546
551 0.0001431761810607271
553 0.00018617626542465564
554 0.00019756065060853997
563 0.0002734912621014559
575 8.825864993225359e-05
578 0.0001440237055098346
602 0.00013401212737453773
621 0.00011110817958998604
624 0.0001300045474523503
626 0.00013263932032595027
645 6.341986704442123e-05
659 0.0001263016457352357
660 0.0001677901789526326
664 0.00017370426675739054
665 0.00020019542348213994
682 0.0001228603508781383
692 0.00015342417653056774
693 0.00019506105515172307
706 6.525271795805037e-05
707 9.496067334174995e-05
722 0.00011663084820199027
732 0.00011614595437539213
740 0.00023971321052336105
772 0.00011712061541501202
807 0.0001347133110905388
891 5.757123449128065e-05
913 0.00015139340654708521
918 0.0001275049519955334
919 0.00016378259903044513
983 0.00010347204034115494
984 0.00014944388948364012
1011 8.56095506062492e-05
1048 0.00014849761844045535
1051 0.0002875104201589402
1102 8.285279662389543e-05
1109 0.00016378259903044513
1111 9.886126874785542e-05
1140 3.8493910507496085e-05
1209 0.00016007969731333051
1216 4.5550455969092306e-05
1217 9.818910047034337e-05
1234 2.8271279696782107e-05
1258 0.00015890538922556517
1259 0.0002462203859023654
1290 0.0001664173719040451
1305 0.00019506105515172307
1306 4.5550455969092306e-05
1310 8.285279662389543e-05
1332 0.00018418695135817993
1333 0.00021244233432427055
1334 9.886126874785542e-05
1336 0.00017065756051371745
1337 0.0001804365299615294
1339 0.0001399262151792957
1365 6.733409171295719e-05
1371 0.00011519040557349246
1372 0.00014849761844045535
1374 9.920086195142229e-05
1381 0.00014665847838343454
1382 0.00011862016226846598
1391 6.491430390704548e-05
1440 0.00010815385522706535
1487 0.00018825025618924418
1488 0.00019506105515172307
1492 0.00023971321052336105
1508 0.00011198624708459517
1563 0.00018825025618924418
1568 0.00018617626542465564
1610 9.590694438493474e-05
1636 0.00015663840245623315
1649 8.744869066327002e-05
1654 0.00021244233432427055
1674 0.00014944388948364012
1699 0.00013130412920165632
1702 0.00023397347506023475
1706 3.382257549850835e-05
1713 4.787143878550288e-05
1717 0.0001251273376474703
1722 8.117636599183342e-05
1739 0.00015775871449691997
1741 0.00030726931367955075
1793 0.00014665847838343454
1798 0.00010498321344481378
1800 0.00011333374567896404
1811 0.0002875104201589402
1855 0.0002462203859023654
1888 6.071628875522179e-05
1891 0.00020908021320920737
1901 0.00011243128604527755
1921 0.00018418695135817993
1922 7.334292682143156e-06
1929 4.2158123180710165e-05
1941 8.024367862190805e-05
1960 0.00011712061541501202
1970 0.00012122674224136485
1973 0.0001275049519955334
1979 0.00018825025618924418
2000 0.00017695423263882194
2026 8.535239208071232e-05
2029 0.00012122674224136485
2030 0.0001228603508781383
2040 4.7398314413738584e-05
2054 0.00015447220461114937
2073 0.00010939812948263226
2114 0.00016251677649793962
2116 0.00022883910672981793
2118 6.715720793434914e-05
2124 0.00011663084820199027
2137 0.00015342417653056774
2138 0.00017370426675739054
2148 8.383730339089555e-05
2149 8.408656954820681e-05
2151 0.00011566583790554528
2198 0.00030726931367955075
2216 0.0001677901789526326
2217 0.0002537323685808453
2224 0.0002199543170027505
2242 0.00013614669170503938
2316 0.00012341728754011654
2341 8.744869066327002e-05
2342 0.0002734912621014559
2371 8.858094887998e-06
2373 4.532432364915004e-05
2374 8.586807337437805e-05
2384 3.364472337590274e-05
2391 2.4157123570420575e-05
2395 0.00017695423263882194
2398 0.0001027336712532598
2431 0.0001391464957049546
2439 5.502814824397996e-05
2440 0.0001275049519955334
2448 8.825864993225359e-05
2451 0.00014576429866269
2493 2.5565430128539482e-05
2526 8.070779096331723e-05
2561 0.0002462203859023654
2563 2.4450245822639586e-05
2580 8.992010952057247e-05
2586 9.502842032885344e-06
2590 8.771718405598661e-05
2593 0.00016920278300425065
2597 0.0002462203859023654
2598 0.0002537323685808453
2607 3.3290954653437934e-05
2612 8.001326955199571e-05
2613 0.00015554326811050196
2618 4.846937791309118e-05
2650 0.00019506105515172307
2673 0.00014849761844045535
2674 0.00023971321052336105
2714 8.691610145495967e-05
2732 0.00012069415303305452
2739 7.583058115843726e-05
2744 7.52017798211394e-05
2790 0.00011425323385392718
2817 0.0001275049519955334
2820 0.0002059351589452662
2832 0.0001196461249524729
2833 0.0001391464957049546
2836 0.00019756065060853997
2843 7.33626397641186e-05
2892 0.00020019542348213994
2894 0.00013130412920165632
2903 8.718166847460814e-05
2907 0.0002462203859023654
2908 0.0002734912621014559
2955 4.7516165565500014e-05
2958 6.950834500520415e-05
2962 0.00030726931367955075
2976 5.461691012835996e-05
2987 0.00014071861357331354
3031 8.691610145495967e-05
3033 0.0001415241100530177
3034 0.00016128300357362823
3042 0.0001287387249198448
3050 5.1064059112276297e-05
3076 9.818910047034337e-05
3079 0.00011862016226846598
3097 0.00012230970742046953
3113 6.165346047478709e-05
3138 0.00021605372159664503
3142 0.00016378259903044513
3147 0.00012936752625714268
3148 0.00030726931367955075
3149 7.541048004377448e-05
3150 7.604199766141655e-05
3170 0.00019268344080366
3228 4.566391685271689e-05
3229 4.669713069773751e-05
3230 4.692973938522239e-05
3328 0.00016378259903044513
3345 0.00011110817958998604
3347 0.00023397347506023475
3372 6.542281037332744e-05
3375 0.00010236864012694453
3395 7.541048004377448e-05
3465 5.7716484755306535e-05
3478 7.865323446718271e-05
3479 0.0001245506276326127
3490 0.0001245506276326127
3492 0.00017370426675739054
3497 0.00023397347506023475
3507 9.134928606937549e-05
3572 5.234992335902794e-05
3576 5.3536945098705395e-05
3586 6.228840662358072e-05
3596 8.285279662389543e-05
3605 5.380470086849468e-05
3639 0.00016920278300425065
3647 8.094151528426567e-05
3654 6.663037655997976e-05
3656 0.00030726931367955075
3657 4.716346370617082e-05
3719 2.489326185102742e-05
3724 5.7716484755306535e-05
3731 5.3138049876864844e-05
3743 3.233112827567267e-05
3746 1.903006184883404e-05
3748 0.0001523982138465608
3749 0.0002462203859023654
3760 0.00010614816360120087
3875 3.285232498188492e-05
3891 8.334256383691721e-05
3892 0.00011110817958998604
3901 0.00010384546306881737
3932 4.895306850942043e-05
3943 7.689695691525318e-05
3951 9.920086195142229e-05
3954 0.00010774605847492284
3996 7.417147870601431e-05
4018 9.342327683396404e-05
4019 0.0002537323685808453
4022 0.00014944388948364012
4046 9.312153328472917e-05
4061 0.00013130412920165632
4108 9.654815662959692e-05
4125 0.00016508218077975113
4151 0.00018825025618924418
4189 4.981125419104163e-05
4198 0.00013332088986277624
4220 4.3879500470736716e-05
4224 8.236790279729728e-05
4227 0.0001753021616311125
4264 0.00023971321052336105
4290 5.656642719180506e-05
4292 0.00011110817958998604
4301 0.00011154523568104574
4314 3.1644758795232604e-05
4315 7.256700694753944e-05
4329 3.676019862375966e-05
4332 8.117636599183342e-05
4336 0.00012571095453322076
4340 0.00012936752625714268
4345 5.131853189681648e-05
4348 8.212725328354177e-05
4359 0.00017695423263882194
4363 7.025520142447097e-05
4381 4.3226837668107787e-05
4382 6.14960082295629e-05
4392 8.334256383691721e-05
4398 6.325661252824365e-05
4406 6.508321716976057e-05
4413 0.0001786642827461757
4432 6.4078409870285e-05
4453 3.6854914742017664e-05
4467 5.5861184383926875e-05
4481 9.282164663063054e-05
4486 0.00012571095453322076
4492 6.969398876306011e-05
4495 3.207260550754382e-05
4498 0.0002875104201589402
4513 9.19329029551259e-05
4522 0.0002875104201589402
4533 5.685140711216779e-05
4546 7.625433537211054e-05
4548 0.00023397347506023475
4563 4.728074758348793e-05
4567 6.341986704442123e-05
4577 3.9085797470059324e-05
4588 0.00016508218077975113
4589 0.00020298083458234552
4650 0.0001786642827461757
4652 4.476354154013861e-05
4658 8.334256383691721e-05
4676 1.811794967986411e-05
4679 0.00012122674224136485
4689 0.00019041645403432799
4699 3.676019862375966e-05
4703 0.00012069415303305452
4705 0.00014071861357331354
4706 0.0002537323685808453
4708 0.00017065756051371745
4710 0.00018227567001855016
4759 5.0810908270240366e-05
4829 8.383730339089555e-05
4908 9.372690041743856e-05
4911 6.341986704442123e-05
4913 6.457822376461287e-05
4914 6.542281037332744e-05
4926 0.00010236864012694453
4927 0.00010236864012694453
4933 2.564069103539461e-05
4942 6.804811807694473e-05
4947 0.00016251677649793962
4948 0.00011110817958998604
4950 0.00011425323385392718
4972 4.681329625334851e-05
4981 0.00016508218077975113
5017 0.00021605372159664503
5044 0.00010058340652177312
5123 0.0001423431449207802
5149 0.0001376235146469122
5161 5.502814824397996e-05
5162 5.6001418804450566e-05
5177 6.196989942762013e-05
5179 0.00013687950893562258
5198 0.00010654275221462514
5199 0.00014665847838343454
5217 7.159039254876493e-05
5220 0.0002734912621014559
5222 2.3001954162320978e-05
5242 6.786862826996617e-05
5254 5.9796800580258657e-05
5264 0.00011425323385392718
5289 0.0001300045474523503
5294 9.68719546813797e-05
5297 0.0001415241100530177
5379 2.541525611908456e-05
5380 3.8298201700263376e-05
5395 3.215862746722012e-05
5426 0.00030726931367955075
5427 3.490353872923123e-05
5429 0.00023397347506023475
5437 0.00013065000625947455
5439 8.024367862190805e-05
5440 8.586807337437805e-05
5443 0.00011712061541501202
5448 9.954283828468142e-05
5457 0.0001423431449207802
5458 0.00017695423263882194
5469 1.1433598200043818e-05
5480 0.0001753021616311125
5510 0.0002734912621014559
5539 0.0001391464957049546
5542 0.0002199543170027505
5543 0.0002734912621014559
5550 4.944160821510571e-05
5554 0.0001440237055098346
5555 0.0001440237055098346
5570 0.0001347133110905388
5573 0.0002199543170027505
5577 0.00018227567001855016
5607 0.00022883910672981793
5622 6.733409171295719e-05
5624 0.0001415241100530177
5625 0.0001347133110905388
5626 0.00016007969731333051
5702 3.9886331735258645e-05
5705 0.00011566583790554528
5716 0.00015775871449691997
5762 0.0001391464957049546
5797 5.544288630052885e-05
5820 0.00019756065060853997
5834 6.804811807694473e-05
5858 6.663037655997976e-05
5868 7.256700694753944e-05
5888 8.358930576913648e-05
5891 0.00010310145735752775
5892 0.00011712061541501202
5894 1.5848029138067838e-05
5896 1.6219082409210568e-05
5901 0.00021244233432427055
5909 6.663037655997976e-05
5911 7.47870417645905e-05
5925 0.00010734164596720007
5932 0.00015663840245623315
5934 5.434466680855229e-05
5938 5.91933076971794e-05
5969 0.00018617626542465564
5984 3.088397517794058e-05
5985 7.52017798211394e-05
5987 7.798719092134497e-05
6000 3.4631041686461846e-05
6005 0.00010897983139923425
6006 0.0001664173719040451
6022 2.0770655001689466e-05
6035 9.818910047034337e-05
6038 0.00011663084820199027
6039 0.00020019542348213994
6062 0.0002199543170027505
6084 7.843020694973282e-05
6085 0.00011862016226846598
6087 0.00010236864012694453
6106 7.217400943451535e-05
6133 0.00013614669170503938
6145 0.0001804365299615294
6146 0.00018825025618924418
6159 7.101368253390731e-05
6160 7.955569410086921e-05
6162 0.0001128804268053397
6164 0.0001300045474523503
6195 9.622649587425546e-05
6197 5.5304247721948624e-05
6215 0.00013614669170503938
6222 0.00010347204034115494
6227 0.00010536844412685977
6229 7.458098891001271e-05
6237 0.00026261715830791277
6264 4.7398314413738584e-05
6277 0.00011067500849334801
6292 8.853165584237468e-05
6302 8.509658347491132e-05
6304 0.00020019542348213994
6334 0.00014944388948364012
6338 0.00016920278300425065
6339 0.00019756065060853997
6340 0.00019756065060853997
6352 0.00011519040557349246
6356 6.733409171295719e-05
6366 0.0001251273376474703
6386 0.00013837905578907654
6387 9.558947467904783e-05
6405 0.00014071861357331354
6408 4.3989132524856074e-05
6417 9.954283828468142e-05
6429 5.815485137703107e-05
6452 8.63892700805903e-05
6467 4.669713069773751e-05
6468 4.669713069773751e-05
6475 8.691610145495967e-05
6476 0.00010774605847492284
6490 2.724862948448243e-05
6491 7.604199766141655e-05
6495 0.00017215710736717137
6507 6.212889280683989e-05
6516 9.818910047034337e-05
6536 7.499396958083494e-05
6540 6.040786096929821e-05
6552 0.00020908021320920737
6558 0.00016128300357362823
6568 3.9584588186023764e-05
6569 4.981125419104163e-05
6589 5.9343481706634316e-05
6593 7.754816608258265e-05
6619 5.7716484755306535e-05
6623 0.00010460100421098168
6624 0.00011663084820199027
6625 0.00011811516886331826
6650 9.785646144837983e-05
6651 0.0002734912621014559
6652 0.0002875104201589402
6653 0.0001423431449207802
6661 5.889434094657216e-05
6664 0.00015775871449691997
6670 0.00010734164596720007
6675 5.7716484755306535e-05
6682 6.698096388147314e-05
6687 6.196989942762013e-05
6706 7.910237522724487e-05
6708 0.00017370426675739054
6710 0.0002734912621014559
6712 6.025437603138515e-05
6760 1.9892587507080337e-05
6789 4.7516165565500014e-05
6796 8.260974660633398e-05
6848 0.00012122674224136485
6868 0.00016508218077975113
6905 2.9805618738211806e-05
6929 5.904359505253569e-05
6934 0.00010200632301179658
6943 0.00017065756051371745
6960 3.259102983841739e-05
6972 6.133906307779394e-05
6980 0.00011379132113009053
7019 0.00023971321052336105
7025 0.00016007969731333051
7067 3.508605365233e-05
7073 5.516600244482883e-05
7101 0.00011862016226846598
7104 0.00017695423263882194
7124 6.859058854884968e-05
7139 6.196989942762013e-05
7178 3.714017269315804e-05
7197 0.00011198624708459517
7204 0.00023397347506023475
7232 0.00013401212737453773
7236 0.00010536844412685977
7237 0.00010536844412685977
7264 0.00017695423263882194
7301 0.00011024565393173974
7302 0.00011811516886331826
7311 0.0001475693727081854
7321 3.8200641252257444e-05
7327 0.00011761535496899039
7346 8.070779096331723e-05
7349 0.00013614669170503938
7384 0.0001399262151792957
7392 5.274239335290522e-05
7406 6.698096388147314e-05
7408 8.691610145495967e-05
7415 0.0001475693727081854
7450 0.00012936752625714268
7451 0.0001300045474523503
7469 7.887728740211037e-05
7482 2.5340342303404983e-05
7483 2.8590308184836374e-05
7494 0.00010694056199521868
7503 3.173002815645075e-05
7523 8.935997200289977e-05
7552 0.000126899584862824
7554 8.260974660633398e-05
7577 8.853165584237468e-05
7578 8.88061998220748e-05
7582 0.00015775871449691997
7614 0.00014665847838343454
7671 9.134928606937549e-05
7677 6.988034244141115e-05
7678 8.260974660633398e-05
7679 8.260974660633398e-05
7694 6.804811807694473e-05
7704 0.00014576429866269
7715 0.00014071861357331354
7763 0.00017370426675739054
7800 0.00017065756051371745
7802 0.00020908021320920737
7808 4.7398314413738584e-05
7812 0.0001786642827461757
7818 2.996997446737178e-05
7858 4.509923582401553e-05
7861 0.00013263932032595027
7862 9.077257605451787e-05
7863 7.64676023536449e-05
7866 5.91933076971794e-05
7890 9.233159952796689e-06
7893 5.131853189681648e-05
7904 6.056183085252843e-05
7915 0.00018617626542465564
7958 9.496067334174995e-05
7977 0.00014849761844045535
7979 0.0001786642827461757
7989 0.00011862016226846598
8009 2.7093186202753706e-05
8010 3.97855428110104e-05
8020 0.00016920278300425065
8031 5.5721352358276173e-05
8032 6.056183085252843e-05
8042 6.663037655997976e-05
8047 9.312153328472917e-05
8054 2.9805618738211806e-05
8068 0.00011379132113009053
8069 5.287392225192349e-05
8098 0.0001300045474523503
8103 0.00014576429866269
8137 8.63892700805903e-05
8144 1.8182537399726556e-05
8170 0.00011425323385392718
8186 9.252359415714085e-05
8204 5.1064059112276297e-05
8206 0.0001804365299615294
8261 0.0002734912621014559
8262 0.00026261715830791277
8275 0.00016007969731333051
8278 0.0001804365299615294
8426 0.00015663840245623315
8437 8.433711728522342e-05
8442 8.001326955199571e-05
8444 5.815485137703107e-05
8503 7.256700694753944e-05
8505 0.00015890538922556517
8509 0.00018617626542465564
8510 0.00019268344080366
8513 4.3335009582674306e-05
8531 9.752607762356147e-05
8532 0.0001002340757964429
8539 7.955569410086921e-05
8559 0.00011379132113009053
8600 8.383730339089555e-05
8601 0.0002875104201589402
8621 0.000101646679848061
8639 3.69498153124238e-05
8642 9.164022082905678e-05
8661 7.843020694973282e-05
8663 8.001326955199571e-05
8666 0.0001128804268053397
8678 4.409901177660094e-05
8693 8.484211069037113e-05
8694 8.88061998220748e-05
8722 7.217400943451535e-05
8723 0.00010498321344481378
8733 0.00018825025618924418
8738 8.853165584237468e-05
8763 6.542281037332744e-05
8767 0.0001239806629188251
8781 8.63892700805903e-05
8783 0.00018617626542465564
8812 0.00018418695135817993
8813 4.431951634967444e-05
8816 0.0002537323685808453
8834 0.0001391464957049546
8839 0.00026261715830791277
8856 0.0002734912621014559
8866 3.8493910507496085e-05
8873 0.00013614669170503938
8890 0.00010058340652177312
8891 0.00010058340652177312
8892 0.00010384546306881737
