277
58 3.9886331735258645e-05
68 3.241760820520544e-05
82 8.334256383691721e-05
138 5.5304247721948624e-05
139 0.00010897983139923425
145 5.786216925096193e-05
146 0.000101646679848061
158 1.722259642893919e-05
160 3.6009024944890365e-05
276 4.8109734749355606e-05
277 5.502814824397996e-05
295 6.969398876306011e-05
296 0.00023397347506023475
297 0.00016378259903044513
318 9.719791862251607e-05
328 5.502814824397996e-05
330 6.358367031630664e-05
334 9.252359415714085e-05
375 8.334256383691721e-05
430 2.1595466130645556e-05
449 6.628229345501092e-05
490 0.0001523982138465608
509 1.4811799641107606e-05
511 4.409901177660094e-05
521 6.165346047478709e-05
549 6.786862826996617e-05
575 8.825864993225359e-05
671 0.00014576429866269
672 0.00015775871449691997
821 0.00011243128604527755
872 6.593667904531496e-05
891 5.757123449128065e-05
1126 4.895306850942043e-05
1130 8.665197383001834e-05
1132 0.0001786642827461757
1216 4.5550455969092306e-05
1220 0.0001251273376474703
1391 6.491430390704548e-05
1418 6.424444555902466e-05
1469 6.358367031630664e-05
1500 0.00010310145735752775
1511 9.312153328472917e-05
1512 0.0001275049519955334
1534 0.0002734912621014559
1559 0.00011425323385392718
1578 0.00010856509334268535
1583 8.88061998220748e-05
1587 9.954283828468142e-05
1610 9.590694438493474e-05
1617 0.00019506105515172307
1618 0.00020019542348213994
1706 3.382257549850835e-05
1707 0.00015554326811050196
1739 0.00015775871449691997
1777 4.871062309639001e-05
1888 6.071628875522179e-05
1895 0.00011519040557349246
1918 0.0001376235146469122
1919 0.00014071861357331354
1922 7.334292682143156e-06
1929 4.2158123180710165e-05
1941 8.024367862190805e-05
1957 8.88061998220748e-05
1961 0.0001523982138465608
1984 0.00010734164596720007
1985 9.496067334174995e-05
2032 0.00011024565393173974
2059 0.00014071861357331354
2093 0.00011811516886331826
2167 8.744869066327002e-05
2172 0.00019268344080366
2321 8.691610145495967e-05
2326 0.00011913044365880717
2341 8.744869066327002e-05
2371 8.858094887998e-06
2384 3.364472337590274e-05
2389 8.070779096331723e-05
2391 2.4157123570420575e-05
2411 0.00013837905578907654
2433 0.00018617626542465564
2455 0.00010128967145643295
2485 0.00013542473142615584
2486 0.0001504088997800851
2493 2.5565430128539482e-05
2563 2.4450245822639586e-05
2564 4.692973938522239e-05
2571 6.593667904531496e-05
2586 9.502842032885344e-06
2607 3.3290954653437934e-05
2612 8.001326955199571e-05
2618 4.846937791309118e-05
2620 0.00010347204034115494
2635 0.00015554326811050196
2675 0.00010694056199521868
2714 8.691610145495967e-05
2718 8.88061998220748e-05
2725 0.00010536844412685977
2794 0.00012341728754011654
2797 0.00010347204034115494
2843 7.33626397641186e-05
2850 9.252359415714085e-05
2955 4.7516165565500014e-05
2976 5.461691012835996e-05
3020 0.00015663840245623315
3067 0.00010093525951244397
3149 7.541048004377448e-05
3150 7.604199766141655e-05
3212 7.356359438910525e-05
3214 8.001326955199571e-05
3343 0.00011614595437539213
3478 7.865323446718271e-05
3497 0.00023397347506023475
3564 0.00010774605847492284
3654 6.663037655997976e-05
3657 4.716346370617082e-05
3719 2.489326185102742e-05
3743 3.233112827567267e-05
3746 1.903006184883404e-05
3872 9.164022082905678e-05
3887 5.5861184383926875e-05
3902 0.00012122674224136485
3926 0.00011110817958998604
3969 6.0101372993599195e-05
3970 6.663037655997976e-05
3977 0.0001128804268053397
4203 0.00011614595437539213
4286 0.0001228603508781383
4288 0.0001423431449207802
4486 0.00012571095453322076
4495 3.207260550754382e-05
4563 4.728074758348793e-05
4652 4.476354154013861e-05
4659 6.610917985376751e-05
4676 1.811794967986411e-05
4759 5.0810908270240366e-05
4762 0.0001399262151792957
4763 0.00015890538922556517
4834 1.7286007534181456e-05
4839 3.088397517794058e-05
4846 4.681329625334851e-05
4878 6.969398876306011e-05
4885 0.0001027336712532598
4911 6.341986704442123e-05
4913 6.457822376461287e-05
4914 6.542281037332744e-05
4972 4.681329625334851e-05
4974 0.00013263932032595027
5168 0.00014488623116808087
5222 2.3001954162320978e-05
5228 4.931901336427842e-05
5379 2.541525611908456e-05
5380 3.8298201700263376e-05
5395 3.215862746722012e-05
5427 3.490353872923123e-05
5469 1.1433598200043818e-05
5644 7.711306116076915e-05
5657 0.00018825025618924418
5687 2.724862948448243e-05
5699 8.260974660633398e-05
5700 0.00010575674440844711
5701 0.00010575674440844711
5702 3.9886331735258645e-05
5726 0.00013614669170503938
5797 5.544288630052885e-05
5840 0.00012230970742046953
5858 6.663037655997976e-05
5894 1.5848029138067838e-05
5896 1.6219082409210568e-05
5911 7.47870417645905e-05
5981 0.0001664173719040451
5983 0.00021244233432427055
5988 7.044371782011974e-05
5996 0.0001431761810607271
6022 2.0770655001689466e-05
6084 7.843020694973282e-05
6087 0.00010236864012694453
6106 7.217400943451535e-05
6159 7.101368253390731e-05
6160 7.955569410086921e-05
6175 0.00015139340654708521
6177 0.00015447220461114937
6195 9.622649587425546e-05
6242 3.105201474962982e-05
6251 0.0001228603508781383
6356 6.733409171295719e-05
6362 0.00017695423263882194
6377 0.00010694056199521868
6387 9.558947467904783e-05
6429 5.815485137703107e-05
6467 4.669713069773751e-05
6468 4.669713069773751e-05
6469 0.0001786642827461757
6475 8.691610145495967e-05
6476 0.00010774605847492284
6488 0.00017065756051371745
6493 0.0001251273376474703
6540 6.040786096929821e-05
6566 7.082295263288685e-05
6568 3.9584588186023764e-05
6569 4.981125419104163e-05
6593 7.754816608258265e-05
6595 7.66818067754729e-05
6600 0.00013065000625947455
6619 5.7716484755306535e-05
6623 0.00010460100421098168
6624 0.00011663084820199027
6625 0.00011811516886331826
6661 5.889434094657216e-05
6675 5.7716484755306535e-05
6753 0.00011862016226846598
6760 1.9892587507080337e-05
6762 7.139739654402146e-05
6763 7.27647006365303e-05
6815 7.178415593526694e-05
6833 2.7093186202753706e-05
6872 0.00020298083458234552
6960 3.259102983841739e-05
6962 0.00010460100421098168
6992 4.787143878550288e-05
7124 6.859058854884968e-05
7139 6.196989942762013e-05
7174 7.256700694753944e-05
7233 0.00017370426675739054
7344 8.96392359620217e-05
7345 0.00011425323385392718
7390 0.00013065000625947455
7392 5.274239335290522e-05
7406 6.698096388147314e-05
7408 8.691610145495967e-05
7450 0.00012936752625714268
7451 0.0001300045474523503
7452 0.00030726931367955075
7590 0.0001239806629188251
7602 9.654815662959692e-05
7606 0.00020908021320920737
7665 0.00010422176939821458
7685 0.00016378259903044513
7688 0.0002734912621014559
7697 0.00021605372159664503
7733 0.0002875104201589402
7784 7.082295263288685e-05
7818 2.996997446737178e-05
7850 0.000126899584862824
7858 4.509923582401553e-05
7863 7.64676023536449e-05
7890 9.233159952796689e-06
7894 6.374802604546662e-05
7902 7.376538112671329e-05
7903 8.141235399539764e-05
7904 6.056183085252843e-05
7938 4.907474504580058e-05
7943 7.64676023536449e-05
7960 9.954283828468142e-05
8042 6.663037655997976e-05
8047 9.312153328472917e-05
8052 0.00023397347506023475
8144 1.8182537399726556e-05
8444 5.815485137703107e-05
8447 4.100899018649567e-05
8503 7.256700694753944e-05
8520 5.874554257904601e-05
8521 6.610917985376751e-05
8575 0.00020019542348213994
8585 0.0001431761810607271
8633 5.949411993323993e-05
8639 3.69498153124238e-05
8652 0.00010982004923951138
8678 4.409901177660094e-05
8693 8.484211069037113e-05
8694 8.88061998220748e-05
8695 4.476354154013861e-05
8696 4.787143878550288e-05
8871 7.025520142447097e-05
8872 0.00010422176939821458
8882 0.0001147195668623605
8883 0.00011519040557349246
8905 0.0002537323685808453
