219
68 3.241760820520544e-05
69 0.00010460100421098168
74 0.00013614669170503938
82 8.334256383691721e-05
138 5.5304247721948624e-05
139 0.00010897983139923425
145 5.786216925096193e-05
146 0.000101646679848061
161 8.88061998220748e-05
295 6.969398876306011e-05
297 0.00016378259903044513
375 8.334256383691721e-05
449 6.628229345501092e-05
473 4.858985121920245e-05
509 1.4811799641107606e-05
521 6.165346047478709e-05
549 6.786862826996617e-05
587 0.0002734912621014559
785 9.134928606937549e-05
858 0.00010815385522706535
872 6.593667904531496e-05
1126 4.895306850942043e-05
1130 8.665197383001834e-05
1132 0.0001786642827461757
1140 3.8493910507496085e-05
1160 0.0002462203859023654
1374 9.920086195142229e-05
1418 6.424444555902466e-05
1469 6.358367031630664e-05
1497 6.663037655997976e-05
1583 8.88061998220748e-05
1587 9.954283828468142e-05
1588 0.00016251677649793962
1605 0.00023397347506023475
1689 0.00018227567001855016
1881 8.408656954820681e-05
1882 9.496067334174995e-05
1922 7.334292682143156e-06
1985 9.496067334174995e-05
2004 7.217400943451535e-05
2009 0.00012176521653240713
2010 0.00020908021320920737
2079 0.00017215710736717137
2162 0.0001263016457352357
2221 0.0002734912621014559
2242 0.00013614669170503938
2329 0.0001423431449207802
2371 8.858094887998e-06
2373 4.532432364915004e-05
2374 8.586807337437805e-05
2384 3.364472337590274e-05
2389 8.070779096331723e-05
2421 0.00015447220461114937
2422 0.00017370426675739054
2455 0.00010128967145643295
2475 0.00015447220461114937
2493 2.5565430128539482e-05
2523 0.0001504088997800851
2550 5.3403616896513294e-05
2571 6.593667904531496e-05
2582 7.458098891001271e-05
2586 9.502842032885344e-06
2607 3.3290954653437934e-05
2612 8.001326955199571e-05
2685 7.754816608258265e-05
2718 8.88061998220748e-05
2976 5.461691012835996e-05
3064 0.00016128300357362823
3212 7.356359438910525e-05
3290 0.00018617626542465564
3307 8.408656954820681e-05
3308 0.00012571095453322076
3478 7.865323446718271e-05
3513 6.056183085252843e-05
3564 0.00010774605847492284
3572 5.234992335902794e-05
3594 0.00018227567001855016
3654 6.663037655997976e-05
3657 4.716346370617082e-05
3719 2.489326185102742e-05
3746 1.903006184883404e-05
3766 5.131853189681648e-05
3774 0.0002875104201589402
3832 3.3290954653437934e-05
3847 0.0001677901789526326
3872 9.164022082905678e-05
3875 3.285232498188492e-05
3902 0.00012122674224136485
3926 0.00011110817958998604
3969 6.0101372993599195e-05
3970 6.663037655997976e-05
3974 0.00010128967145643295
3996 7.417147870601431e-05
3997 0.0001347133110905388
4002 0.0001263016457352357
4003 0.0001300045474523503
4005 9.222735356398462e-05
4091 0.00019041645403432799
4094 0.00010694056199521868
4247 4.846937791309118e-05
4295 0.00012176521653240713
4308 7.955569410086921e-05
4345 5.131853189681648e-05
4349 0.0001415241100530177
4444 0.00014665847838343454
4453 3.6854914742017664e-05
4509 0.0001281179340087181
4563 4.728074758348793e-05
4829 8.383730339089555e-05
4834 1.7286007534181456e-05
4878 6.969398876306011e-05
4885 0.0001027336712532598
4900 0.00014944388948364012
4903 0.00021244233432427055
4933 2.564069103539461e-05
5161 5.502814824397996e-05
5162 5.6001418804450566e-05
5176 0.0001347133110905388
5222 2.3001954162320978e-05
5228 4.931901336427842e-05
5237 0.0001786642827461757
5254 5.9796800580258657e-05
5379 2.541525611908456e-05
5380 3.8298201700263376e-05
5427 3.490353872923123e-05
5428 0.0002059351589452662
5469 1.1433598200043818e-05
5473 0.0001251273376474703
5687 2.724862948448243e-05
5691 8.383730339089555e-05
5699 8.260974660633398e-05
5700 0.00010575674440844711
5701 0.00010575674440844711
5787 0.00013687950893562258
5791 0.00030726931367955075
5797 5.544288630052885e-05
5854 7.178415593526694e-05
5894 1.5848029138067838e-05
5896 1.6219082409210568e-05
5911 7.47870417645905e-05
5925 0.00010734164596720007
5927 0.0001475693727081854
5928 0.0001504088997800851
5984 3.088397517794058e-05
5996 0.0001431761810607271
6264 4.7398314413738584e-05
6467 4.669713069773751e-05
6468 4.669713069773751e-05
6490 2.724862948448243e-05
6493 0.0001251273376474703
6505 0.00013196715204843822
6540 6.040786096929821e-05
6541 0.00016920278300425065
6589 5.9343481706634316e-05
6687 6.196989942762013e-05
6730 0.00013065000625947455
6753 0.00011862016226846598
6784 9.68719546813797e-05
6785 0.0001228603508781383
6833 2.7093186202753706e-05
6905 2.9805618738211806e-05
6908 8.935997200289977e-05
6919 7.3968006896828e-05
6929 5.904359505253569e-05
6934 0.00010200632301179658
6956 0.00014944388948364012
6959 0.0002537323685808453
6960 3.259102983841739e-05
6968 0.0001287387249198448
6975 0.0001440237055098346
6992 4.787143878550288e-05
6995 7.843020694973282e-05
7067 3.508605365233e-05
7082 0.00020019542348213994
7124 6.859058854884968e-05
7139 6.196989942762013e-05
7174 7.256700694753944e-05
7197 0.00011198624708459517
7211 0.00010498321344481378
7373 7.27647006365303e-05
7376 0.00013263932032595027
7469 7.887728740211037e-05
7665 0.00010422176939821458
7685 0.00016378259903044513
7784 7.082295263288685e-05
7799 9.403242760948e-05
7808 4.7398314413738584e-05
7858 4.509923582401553e-05
7863 7.64676023536449e-05
7886 7.910237522724487e-05
7890 9.233159952796689e-06
7894 6.374802604546662e-05
7902 7.376538112671329e-05
7903 8.141235399539764e-05
7904 6.056183085252843e-05
7906 0.00018418695135817993
7989 0.00011862016226846598
7995 9.134928606937549e-05
8009 2.7093186202753706e-05
8010 3.97855428110104e-05
8031 5.5721352358276173e-05
8032 6.056183085252843e-05
8054 2.9805618738211806e-05
8058 8.853165584237468e-05
8059 0.00011425323385392718
8060 0.0001147195668623605
8234 4.8109734749355606e-05
8301 0.00014488623116808087
8463 0.0002875104201589402
8503 7.256700694753944e-05
8520 5.874554257904601e-05
8521 6.610917985376751e-05
8639 3.69498153124238e-05
8652 0.00010982004923951138
8661 7.843020694973282e-05
8663 8.001326955199571e-05
8695 4.476354154013861e-05
8696 4.787143878550288e-05
8871 7.025520142447097e-05
