328
44 0.0017357350021511616
56 0.0016861187443997262
69 0.0017167663895548229
134 0.0022587491022712366
215 0.004164388340317668
257 0.004488681635079512
287 0.0031252144352742744
339 0.0025012391930028543
377 0.0019552311489637007
380 0.002336210142788201
446 0.0016508274749945527
458 0.005513930574684597
459 0.004332274110899619
479 0.008402763421537292
480 0.0011287345447726737
532 0.0033799155368696363
559 0.0025528574685097487
575 0.0028970942474999778
679 0.004488681635079512
682 0.002016448337064399
695 0.003781130366375561
707 0.0062341769489626195
708 0.0015845988432467179
712 0.0032014440580334365
722 0.0076568259239494455
803 0.0037558271071383743
814 0.004755897208729049
838 0.0019062481498959385
872 0.0010821872627105836
941 0.004785789230739575
959 0.012805776232133746
961 0.0020536553096026804
962 0.003055622242107792
983 0.001698237244052252
988 0.004353891796482021
1011 0.002810137440157985
1015 0.004041097751679338
1054 0.0032014440580334365
1075 0.015737194343898295
1095 0.0011408073124979361
1100 0.004041097751679338
1102 0.0015636876998266034
1129 0.0014221775152359548
1139 0.0012635643846880481
1219 0.0020536553096026804
1256 0.0027094150922820294
1289 0.0027313289473459485
1313 0.0021994771255283247
1364 0.0011051223302870616
1366 0.0020926779598235607
1373 0.001628136430407137
1393 0.0023779486043645245
1419 0.002904265416716724
1437 0.009238189938603095
1496 0.0032807177674173457
1499 0.0033843100846051096
1510 0.0015283593087173227
1511 0.0020926779598235607
1575 0.0022587491022712366
1580 0.00266731033545053
1669 0.010086129368368899
1672 0.0037558271071383743
1686 0.004164388340317668
1712 0.0015713821821598589
1784 0.001761747235469037
1792 0.0024070356525841045
1799 0.00558027812978413
1847 0.001068179800031135
1921 0.0003611227424489492
1940 0.0013170012226122367
1956 0.001457533798921419
1980 0.001628136430407137
1983 0.008808736177345185
2019 0.002144296235330455
2025 0.0014008480998587629
2148 0.001380072758404455
2219 0.0038400950455558234
2256 0.004488681635079512
2303 0.002777044571148954
2304 0.004041097751679338
2305 0.003934298585974574
2372 0.0014877730105385823
2373 0.001409311730962168
2394 0.002904265416716724
2438 0.0018063014996329628
2440 0.009399529470447145
2492 0.00041959321050744725
2499 0.0025352786141704664
2505 0.004755897208729049
2688 0.0021337026277999005
2713 0.0014265125159605904
2715 0.005002478386005709
2724 0.0017293620148408366
2730 0.007511654214276749
2738 0.0012445711589023811
2740 0.008977363270159024
2743 0.0012342509424788108
2776 0.003242468726009776
2779 0.0015333116816653545
2818 0.004672420285576402
2838 0.0022837450639457742
2902 0.0014308711407839921
2986 0.002309547484650774
3041 0.0021129272863455923
3050 0.001298269554374229
3055 0.003162421407812556
3076 0.0033799155368696363
3133 0.002016448337064399
3136 0.001867602677553162
3142 0.0037558271071383743
3146 0.002123247502769163
3149 0.002496082074248782
3153 0.004164388340317668
3229 0.0046214125679679766
3296 0.005043064684184449
3307 0.0020632339351750704
3353 0.0027094150922820294
3374 0.001680127662635966
3413 0.0016170278396706488
3449 0.001837976858228199
3464 0.0009472731346948284
3472 0.0024070356525841045
3474 0.002082742357822261
3481 0.004814071305168209
3511 0.0036795974843792123
3512 0.0009939724430160835
3529 0.002932331653469462
3604 0.0017661417832045105
3618 0.003162421407812556
3627 0.0012691825061546488
3675 0.002123247502769163
3690 0.0018751838307664807
3691 0.0029614187016890423
3760 0.0017421591786628032
3806 0.002991603630212374
3819 0.0010544134416611928
3835 0.0019385679280108513
3852 0.002932331653469462
3914 0.002123247502769163
3940 0.0031252144352742744
4005 0.0030273671269327104
4136 0.002165913920912857
4257 0.019988565721523348
4267 0.0025180778291720436
4268 0.013233956282314463
4349 0.0013479154351066745
4383 0.0020186093014433314
4393 0.0054714469901628445
4433 0.001051688377097569
4451 0.003242468726009776
4504 0.002559933132563633
4534 0.0009330750279625034
4547 0.0012515260346892248
4568 0.001040880027808254
4659 0.0013678617475407111
4660 0.0021700368724006484
4680 0.0019896366977072625
4734 0.00361000529121273
4805 0.0035459866793173117
4852 0.0022965422277677412
4909 0.003076589821437246
4928 0.010080765975815796
4937 0.019208664348200618
4944 0.0027538601746332626
4974 0.002392359907333137
5035 0.0032014440580334365
5045 0.004952482424983658
5073 0.0027094150922820294
5163 0.001838249150590289
5164 0.003285711996450886
5167 0.004421970638817245
5180 0.002246538091407493
5184 0.0034315338123765303
5198 0.0045674901278915485
5223 0.0003775201022000084
5229 0.000809449442177623
5255 0.0009814163660612617
5293 0.004421970638817245
5296 0.0033799155368696363
5318 0.008977363270159024
5353 0.004718771389422605
5366 0.003285711996450886
5380 0.0016685139044808957
5441 0.008455870385773008
5456 0.002924130575918922
5459 0.005808530833433448
5463 0.0017486353733641607
5479 0.005043064684184449
5508 0.003162421407812556
5510 0.0014666225975871873
5651 0.003242468726009776
5669 0.0038400950455558234
5703 0.006546353377985729
5811 0.0008634828347960214
5819 0.0034867147025744
5823 0.0014992722604977428
5842 0.0023779486043645245
5855 0.001178159111777346
5863 0.018445313415405513
5864 0.0034867147025744
5865 0.0034867147025744
5871 0.007824115076122854
5933 0.002570831386169337
5939 0.0009715115252251617
5985 0.0020275358142600843
5995 0.0026080383587076183
5997 0.0023498823676117862
6022 0.00361000529121273
6042 0.0024219857266580998
6088 0.006720510650543864
6122 0.0025012391930028543
6134 0.004469021423481808
6169 0.0035459866793173117
6203 0.002165913920912857
6228 0.0017293620148408366
6335 0.0024527512763871102
6381 0.0018164561246643046
6387 0.004542298877319521
6409 0.0007219726502053726
6430 0.000954467836965195
6437 0.0029614187016890423
6496 0.0028255324877646984
6517 0.0016115308718079192
6589 0.001079366075744198
6595 0.00266731033545053
6599 0.002123247502769163
6602 0.007091973358634623
6616 0.009994282860761674
6718 0.0028255324877646984
6761 0.005223800806279188
6832 0.001837976858228199
6834 0.0017786701689793078
6858 0.0024070356525841045
6914 0.004164388340317668
6969 0.0021129272863455923
6973 0.00100672878480534
6978 0.005036155658344087
6981 0.003735205355106324
6983 0.009414187660012494
6984 0.008707783592964043
7000 0.002071060274241159
7033 0.004164388340317668
7053 0.005043064684184449
7070 0.0027313289473459485
7095 0.0033799155368696363
7104 0.0033799155368696363
7105 0.008712796250150171
7106 0.0033314276202538917
7181 0.0020926779598235607
7238 0.0017293620148408366
7239 0.00361000529121273
7247 0.002991603630212374
7303 0.0019385679280108513
7342 0.002309547484650774
7347 0.0013246184770996006
7365 0.0038400950455558234
7384 0.004488681635079512
7407 0.001099326611623736
7423 0.0043989542510566495
7455 0.0024527512763871102
7481 0.0015185456190210669
7508 0.0028509252768726787
7521 0.004706593360992674
7524 0.0014666225975871873
7548 0.0027094150922820294
7553 0.004165484715644522
7555 0.0013558343678741222
7577 0.0033314276202538917
7591 0.016278683873776345
7594 0.00722001058242546
7615 0.0024070356525841045
7649 0.00943754277884521
7650 0.004718771389422605
7661 0.0019552311489637007
7680 0.0027116687357482444
7695 0.001116841304423078
7705 0.002392359907333137
7756 0.0033314276202538917
7800 0.001543309382791318
7862 0.0021769458982410107
7864 0.0025100525678662367
7944 0.0012550262839331184
7962 0.005002478386005709
7978 0.0024372205811074364
7988 0.0012872375770460753
8011 0.0006529811372591615
8043 0.004374290356556462
8091 0.001568864453664225
8100 0.0025352786141704664
8125 0.0021337026277999005
8145 0.00029842131363971104
8187 0.0045556368570632
8205 0.002514270137064123
8340 0.004488681635079512
8345 0.003055622242107792
8420 0.005043064684184449
8475 0.001380072758404455
8531 0.0037656750640049975
8533 0.0016450940764233869
8572 0.0015585442372406549
8590 0.0027538601746332626
8592 0.0019303647209643507
8601 0.004127945015578238
8605 0.0025352786141704664
8608 0.004164388340317668
8621 0.0038400950455558234
8622 0.0016682784729390786
8627 0.0020729286681260045
8640 0.0012128793888188615
8653 0.0018024240862293288
8657 0.0033799155368696363
8667 0.0018526526034791666
8671 0.0017486353733641607
8681 0.002570831386169337
8695 0.007287668994607095
8700 0.0027313289473459485
8784 0.006111244484215584
8807 0.0037558271071383743
8812 0.0019552311489637007
8814 0.0021821852470071744
8815 0.011475810397136833
8824 0.0024219857266580998
8844 0.0036795974843792123
8846 0.0023498823676117862
8867 0.0012635643846880481
8884 0.0018905651831877806
8892 0.0016508274749945527
8893 0.0017043660531662992
