44
80 0.023586553125640033
446 0.034476896881617
1110 0.016943300520786297
1309 0.014199694682926077
1371 0.02545020722194881
1373 0.03400300314273367
1439 0.018535906880453968
1716 0.021444900636812605
1854 0.04219838613772847
2213 0.03702828397825578
2373 0.014716466729085716
2438 0.009430978022122104
2439 0.021852387157388336
2975 0.009360498135845077
3141 0.08420945322457656
3149 0.013032428522279699
3229 0.008043035334636576
3327 0.05613963548305104
4022 0.02561238352073463
4023 0.030924045288791346
4346 0.00879520685123901
4558 0.04348582439985565
4591 0.04108315638815757
4915 0.022424926386426697
5081 0.03625015792954157
5441 0.014716466729085716
5833 0.023209715509036555
5985 0.005293038207419354
5988 0.013365804720981278
6088 0.01754441001560249
6203 0.022617139597224643
6406 0.024117005464718656
6626 0.0202431227867287
6708 0.027852875233646886
6713 0.010326673061378933
6761 0.0034092834589057684
7452 0.022280779363372038
7484 0.004899938971985803
7863 0.015557023034574295
7923 0.018466016790932932
8043 0.011419421459664224
8541 0.04348582439985565
8561 0.029505079631850603
8695 0.030440032800551176
