410
15 6.0101372993599195e-05
17 0.00012016732165868515
44 0.00010575674440844711
46 0.00016920278300425065
91 0.00015663840245623315
132 8.334256383691721e-05
138 5.5304247721948624e-05
139 0.00010897983139923425
158 1.722259642893919e-05
160 3.6009024944890365e-05
163 4.4209139343250144e-05
255 0.00016508218077975113
256 0.00019506105515172307
276 4.8109734749355606e-05
277 5.502814824397996e-05
278 5.558192042480493e-05
328 5.502814824397996e-05
330 6.358367031630664e-05
334 9.252359415714085e-05
400 0.00015890538922556517
430 2.1595466130645556e-05
463 2.104404381130732e-05
492 0.00018617626542465564
498 0.00016007969731333051
507 0.00018617626542465564
509 1.4811799641107606e-05
522 0.00011110817958998604
524 0.00013837905578907654
535 8.236790279729728e-05
536 0.00017065756051371745
537 0.00017215710736717137
559 0.00015554326811050196
645 6.341986704442123e-05
651 0.00012571095453322076
652 0.0001664173719040451
706 6.525271795805037e-05
707 9.496067334174995e-05
773 0.00011110817958998604
774 0.00023971321052336105
785 9.134928606937549e-05
807 0.0001347133110905388
821 0.00011243128604527755
830 0.00021605372159664503
855 9.464928935894339e-05
861 7.316251041712385e-05
938 0.0002875104201589402
960 0.00012069415303305452
961 0.0001251273376474703
974 0.00016508218077975113
1014 0.00017695423263882194
1041 0.00010734164596720007
1096 6.950834500520415e-05
1126 4.895306850942043e-05
1135 0.00010774605847492284
1136 0.0001786642827461757
1139 0.0001415241100530177
1183 0.00010310145735752775
1306 4.5550455969092306e-05
1316 0.00019756065060853997
1350 6.374802604546662e-05
1422 0.00021244233432427055
1468 0.00015554326811050196
1500 0.00010310145735752775
1524 0.0001300045474523503
1526 0.00016378259903044513
1629 0.00015447220461114937
1671 7.64676023536449e-05
1690 0.00030726931367955075
1729 0.00010200632301179658
1753 0.00022883910672981793
1758 0.00017370426675739054
1773 0.0001002340757964429
1776 0.00022883910672981793
1777 4.871062309639001e-05
1780 0.00016128300357362823
1785 0.00010734164596720007
1881 8.408656954820681e-05
1882 9.496067334174995e-05
1922 7.334292682143156e-06
1942 0.0001376235146469122
1957 8.88061998220748e-05
2065 0.00016128300357362823
2092 0.0001423431449207802
2118 6.715720793434914e-05
2123 0.00011243128604527755
2135 0.0002875104201589402
2136 0.00030726931367955075
2167 8.744869066327002e-05
2172 0.00019268344080366
2173 0.0002462203859023654
2238 0.00011913044365880717
2239 0.0001251273376474703
2277 0.00023397347506023475
2371 8.858094887998e-06
2373 4.532432364915004e-05
2384 3.364472337590274e-05
2385 0.00011712061541501202
2415 0.0001275049519955334
2417 8.63892700805903e-05
2455 0.00010128967145643295
2532 0.00015554326811050196
2557 0.00012230970742046953
2558 0.0002199543170027505
2563 2.4450245822639586e-05
2564 4.692973938522239e-05
2575 0.00012016732165868515
2582 7.458098891001271e-05
2586 9.502842032885344e-06
2589 0.0001228603508781383
2606 0.00013196715204843822
2607 3.3290954653437934e-05
2618 4.846937791309118e-05
2620 0.00010347204034115494
2626 0.0001287387249198448
2645 0.00026261715830791277
2656 0.00019041645403432799
2679 0.00021605372159664503
2682 0.00015342417653056774
2685 7.754816608258265e-05
2725 0.00010536844412685977
2739 7.583058115843726e-05
2744 7.52017798211394e-05
2748 0.00020019542348213994
2749 0.0002059351589452662
2762 0.00010200632301179658
2763 0.00023397347506023475
2783 8.718166847460814e-05
2786 0.0001399262151792957
2892 0.00020019542348213994
2896 0.00011379132113009053
2897 0.00013332088986277624
2913 0.00016378259903044513
2958 6.950834500520415e-05
2963 8.509658347491132e-05
2982 7.197869283035229e-05
3113 6.165346047478709e-05
3194 0.0002537323685808453
3295 0.00020019542348213994
3368 0.00010058340652177312
3369 0.00018617626542465564
3395 7.541048004377448e-05
3401 0.0001504088997800851
3450 0.00011198624708459517
3451 0.00018418695135817993
3465 5.7716484755306535e-05
3478 7.865323446718271e-05
3513 6.056183085252843e-05
3564 0.00010774605847492284
3654 6.663037655997976e-05
3657 4.716346370617082e-05
3681 0.0001287387249198448
3719 2.489326185102742e-05
3723 6.859058854884968e-05
3737 0.00020908021320920737
3743 3.233112827567267e-05
3746 1.903006184883404e-05
3760 0.00010614816360120087
3766 5.131853189681648e-05
3801 0.00023397347506023475
3827 0.00013614669170503938
3828 0.0001753021616311125
3832 3.3290954653437934e-05
3840 0.00010774605847492284
3875 3.285232498188492e-05
3881 0.00020298083458234552
3882 0.00012016732165868515
3887 5.5861184383926875e-05
3901 0.00010384546306881737
3909 0.00019506105515172307
3911 0.00020908021320920737
3912 0.00013263932032595027
3914 0.00012936752625714268
3926 0.00011110817958998604
3932 4.895306850942043e-05
3945 0.00023971321052336105
4009 0.0002734912621014559
4010 0.00014071861357331354
4015 8.798716495431228e-05
4018 9.342327683396404e-05
4207 0.00015663840245623315
4208 0.00022883910672981793
4247 4.846937791309118e-05
4255 0.00021605372159664503
4281 0.00014576429866269
4290 5.656642719180506e-05
4292 0.00011110817958998604
4314 3.1644758795232604e-05
4345 5.131853189681648e-05
4348 8.212725328354177e-05
4363 7.025520142447097e-05
4375 7.541048004377448e-05
4390 8.825864993225359e-05
4399 9.282164663063054e-05
4467 5.5861184383926875e-05
4475 0.0002199543170027505
4495 3.207260550754382e-05
4519 0.00010128967145643295
4577 3.9085797470059324e-05
4591 0.0001475693727081854
4606 0.00017215710736717137
4652 4.476354154013861e-05
4676 1.811794967986411e-05
4699 3.676019862375966e-05
4712 8.484211069037113e-05
4718 0.0001147195668623605
4779 0.00016251677649793962
4834 1.7286007534181456e-05
4837 0.00016508218077975113
4839 3.088397517794058e-05
4846 4.681329625334851e-05
4851 0.0001399262151792957
4852 0.00015663840245623315
4900 0.00014944388948364012
4902 0.00023397347506023475
4911 6.341986704442123e-05
4913 6.457822376461287e-05
4914 6.542281037332744e-05
4933 2.564069103539461e-05
4940 0.0002059351589452662
4941 0.00021605372159664503
4948 0.00011110817958998604
4950 0.00011425323385392718
5062 0.0002734912621014559
5065 0.0001287387249198448
5107 0.00014944388948364012
5140 0.0001504088997800851
5161 5.502814824397996e-05
5162 5.6001418804450566e-05
5170 0.0001128804268053397
5171 7.52017798211394e-05
5177 6.196989942762013e-05
5180 0.00010982004923951138
5217 7.159039254876493e-05
5222 2.3001954162320978e-05
5228 4.931901336427842e-05
5264 0.00011425323385392718
5266 0.00019506105515172307
5294 9.68719546813797e-05
5297 0.0001415241100530177
5302 0.00021244233432427055
5303 0.00015663840245623315
5307 0.00013263932032595027
5367 0.00021605372159664503
5378 0.00010347204034115494
5379 2.541525611908456e-05
5380 3.8298201700263376e-05
5395 3.215862746722012e-05
5430 6.441104889224853e-05
5455 8.908229930004346e-05
5469 1.1433598200043818e-05
5554 0.0001440237055098346
5555 0.0001440237055098346
5687 2.724862948448243e-05
5692 0.00023971321052336105
5702 3.9886331735258645e-05
5729 9.106007793564448e-05
5731 0.0001415241100530177
5797 5.544288630052885e-05
5798 0.00023397347506023475
5810 5.261121850249547e-05
5841 0.00014488623116808087
5847 0.00021605372159664503
5849 0.00019041645403432799
5850 0.00019268344080366
5894 1.5848029138067838e-05
5896 1.6219082409210568e-05
5901 0.00021244233432427055
5912 0.00010498321344481378
6000 3.4631041686461846e-05
6011 0.0001786642827461757
6018 0.0001431761810607271
6022 2.0770655001689466e-05
6032 0.00017215710736717137
6081 0.00019041645403432799
6084 7.843020694973282e-05
6085 0.00011862016226846598
6106 7.217400943451535e-05
6109 0.00016920278300425065
6134 0.00013332088986277624
6172 0.00012230970742046953
6222 0.00010347204034115494
6242 3.105201474962982e-05
6277 0.00011067500849334801
6292 8.853165584237468e-05
6319 0.0002875104201589402
6345 0.0001251273376474703
6348 9.590694438493474e-05
6349 0.0001523982138465608
6380 0.00011067500849334801
6381 0.0002875104201589402
6399 8.212725328354177e-05
6408 4.3989132524856074e-05
6413 9.590694438493474e-05
6429 5.815485137703107e-05
6452 8.63892700805903e-05
6467 4.669713069773751e-05
6468 4.669713069773751e-05
6478 0.00016920278300425065
6483 0.00010734164596720007
6498 0.00018617626542465564
6506 8.88061998220748e-05
6534 0.00018418695135817993
6560 0.0001504088997800851
6568 3.9584588186023764e-05
6569 4.981125419104163e-05
6578 6.025437603138515e-05
6595 7.66818067754729e-05
6596 0.00015890538922556517
6602 0.0001300045474523503
6605 0.00010200632301179658
6619 5.7716484755306535e-05
6623 0.00010460100421098168
6665 0.00012936752625714268
6674 0.00030726931367955075
6675 5.7716484755306535e-05
6725 8.458895984833521e-05
6727 8.612797493712278e-05
6728 9.527405980765772e-05
6757 0.0001287387249198448
6760 1.9892587507080337e-05
6762 7.139739654402146e-05
6763 7.27647006365303e-05
6789 4.7516165565500014e-05
6805 0.0001664173719040451
6815 7.178415593526694e-05
6822 8.535239208071232e-05
6848 0.00012122674224136485
6885 5.131853189681648e-05
6905 2.9805618738211806e-05
6908 8.935997200289977e-05
6924 0.0001677901789526326
6926 0.00019756065060853997
6939 0.0002875104201589402
6956 0.00014944388948364012
6960 3.259102983841739e-05
6967 0.00010536844412685977
7003 8.771718405598661e-05
7139 6.196989942762013e-05
7140 0.0001677901789526326
7165 6.628229345501092e-05
7167 0.00011243128604527755
7171 0.00012341728754011654
7173 0.00017215710736717137
7174 7.256700694753944e-05
7178 3.714017269315804e-05
7181 0.0001263016457352357
7243 0.00013687950893562258
7321 3.8200641252257444e-05
7335 0.000126899584862824
7341 0.00014071861357331354
7373 7.27647006365303e-05
7374 0.00010498321344481378
7482 2.5340342303404983e-05
7483 2.8590308184836374e-05
7503 3.173002815645075e-05
7504 0.00012571095453322076
7627 7.887728740211037e-05
7634 0.0001391464957049546
7651 0.00011566583790554528
7664 0.0001196461249524729
7666 0.00014944388948364012
7702 0.0001677901789526326
7703 0.00017065756051371745
7718 9.527405980765772e-05
7719 0.00012016732165868515
7808 4.7398314413738584e-05
7814 0.0001275049519955334
7816 0.00014071861357331354
7818 2.996997446737178e-05
7828 0.00026261715830791277
7836 6.424444555902466e-05
7858 4.509923582401553e-05
7863 7.64676023536449e-05
7866 5.91933076971794e-05
7886 7.910237522724487e-05
7890 9.233159952796689e-06
7893 5.131853189681648e-05
7933 0.00017370426675739054
8009 2.7093186202753706e-05
8016 3.6571316885345003e-05
8072 0.00013837905578907654
8144 1.8182537399726556e-05
8197 0.0002875104201589402
8305 0.00016251677649793962
8306 0.00019268344080366
8444 5.815485137703107e-05
8447 4.100899018649567e-05
8460 0.00020908021320920737
8483 0.0001504088997800851
8487 0.00012571095453322076
8489 0.00013837905578907654
8516 8.024367862190805e-05
8517 0.00020019542348213994
8519 0.00014488623116808087
8526 0.00010939812948263226
8670 0.00010654275221462514
8678 4.409901177660094e-05
8695 4.476354154013861e-05
8696 4.787143878550288e-05
8754 0.00017695423263882194
8755 0.0002462203859023654
8813 4.431951634967444e-05
8818 7.139739654402146e-05
8819 7.139739654402146e-05
8834 0.0001391464957049546
8836 0.00016508218077975113
8841 0.0001275049519955334
8842 0.00016378259903044513
8844 0.0001523982138465608
8847 0.00016007969731333051
