185
13 0.005373592820321921
71 0.006379204776171406
74 0.004396156943751126
77 0.002806508319444205
116 0.004920916238407789
131 0.019553884625327877
203 0.0116525388044721
320 0.005608885599064726
334 0.002987573446117534
492 0.0060116046284946776
493 0.00419782799599763
521 0.0019907813034467483
588 0.006859732186586591
645 0.004095636631158565
941 0.0031385067056661706
1092 0.010577032772169035
1102 0.003076385583354513
1110 0.006384432080296286
1129 0.0027979796767142154
1139 0.0012429627914594388
1176 0.0033410971866680173
1278 0.006148519704180909
1309 0.0026753047953338984
1336 0.00582626940223605
1348 0.005057831314094021
1358 0.00546353334106479
1366 0.008234232841914445
1373 0.0032031814554749106
1379 0.01026206397665389
1380 0.004735581012149162
1411 0.0021972638706584473
1439 0.024445906175671175
1496 0.004302970405090867
1506 0.005288516386084518
1507 0.003616019688470696
1509 0.00675116978304513
1530 0.005373592820321921
1538 0.003616019688470696
1558 0.0036892203627036193
1628 0.004987885099617982
1640 0.004897116951333282
1648 0.002823705547793704
1692 0.004136909521324984
1712 0.003091523640988418
1716 0.004040343598240056
1720 0.004518197208977838
1829 0.007389181591217889
1956 0.0028675393217910527
1959 0.0037818076977485043
1984 0.0030662663797886795
2029 0.003967142924007133
2037 0.0069763433582221025
2286 0.0047067080785575845
2438 0.007107403726816658
2439 0.012351349262871668
2450 0.0047067080785575845
2468 0.003587667016325926
2492 0.0008255040337157386
2731 0.003897196709531094
2766 0.011117856093161096
2939 0.002554204231975385
2954 0.0030685801994183776
2962 0.0027477563475667016
3041 0.004156954769875568
3086 0.006464281210408808
3105 0.008192981408668455
3137 0.02790537343288841
3141 0.031731098316507104
3149 0.007366155251723307
3225 0.002636450210581097
3268 0.003329131115834374
3327 0.005288516386084518
3353 0.005330479692424428
3512 0.001955532741151208
3544 0.001960520164443973
3573 0.0069763433582221025
3595 0.0026753047953338984
3656 0.0030458028155753215
3786 0.0032478236192827613
3906 0.006859732186586591
4022 0.03377865073024423
4139 0.005558928046580548
4181 0.018567339597510685
4185 0.009283669798755343
4203 0.0037503360340344007
4221 0.0014168627108521942
4333 0.002621173093185578
4382 0.0013957883235441182
4383 0.00397139438653525
4432 0.00426120021396986
4482 0.0059943950345810095
4494 0.005713826526366599
4653 0.0014454082688612872
4654 0.006554221731151678
4677 0.0011700519387460068
4689 0.0116525388044721
4798 0.0032253442265244825
4819 0.002921804379652113
4915 0.006337479196164067
4944 0.005417920560963267
5053 0.00675116978304513
5081 0.0034148699498843505
5124 0.0045962395200507
5163 0.005424833091144168
5193 0.0025836168777079193
5199 0.003440250028031664
5336 0.003181326510656385
5441 0.0027726676446103524
5463 0.003440250028031664
5481 0.022641925571832967
5496 0.009921681606928101
5531 0.005947369965594564
5547 0.006649616436667436
5623 0.0021742080628473714
5674 0.008192981408668455
5675 0.0033054685536642375
5703 0.0038637716133111417
5807 0.00510840846395077
5869 0.007029534412135559
5912 0.002414862739876922
5929 0.004856681575507675
5939 0.007645373307206708
5976 0.003377551266406771
5983 0.00444384334251189
5985 0.004986195412786348
5995 0.005131031988326945
5996 0.012443440756827667
6014 0.005207804811044111
6039 0.0075319863708415745
6057 0.006298493201131
6088 0.0033054685536642375
6161 0.005137683665412655
6328 0.0033531549524250014
6388 0.006173140567678799
6498 0.005373592820321921
6507 0.0028675393217910527
6517 0.0031705118238829714
6589 0.002123535431627172
6599 0.004177258673926288
6626 0.0038139216844561316
6707 0.002554204231975385
6708 0.005247643159962456
6713 0.001945605069535161
6834 0.005249010335629152
6930 0.0019065091272036164
7002 0.005094006027523734
7086 0.005947369965594564
7138 0.00546353334106479
7182 0.008156523672408844
7263 0.01784210989678369
7346 0.0036892203627036193
7375 0.0033898927471745664
7395 0.007389181591217889
7423 0.004327232170876378
7447 0.005022469584785484
7455 0.004825521532892032
7560 0.005495512695133403
7579 0.0028675393217910527
7680 0.0053349134909829584
7695 0.004394527741316895
7702 0.0036892203627036193
7711 0.004678355406412814
7793 0.003282156560891013
7879 0.008830993216841212
7943 0.0029496552081531677
7944 0.002469127797737983
8011 0.0012846694113468286
8033 0.011733196446907247
8192 0.00795042057667348
8204 0.006649616436667436
8205 0.0016488510681471242
8327 0.006649616436667436
8351 0.006078573489704871
8379 0.006464281210408808
8423 0.008479869981304778
8533 0.006473087561578978
8560 0.0073486105355896145
8595 0.006464281210408808
8601 0.0027070943761581924
8604 0.00444384334251189
8723 0.0046609766092782666
8739 0.0057173486729510375
8814 0.001431070759812676
8820 0.004610823173915357
8828 0.004569793002871353
