170
12 0.0001523982138465608
13 0.0001664173719040451
44 0.00010575674440844711
68 3.241760820520544e-05
69 0.00010460100421098168
109 0.00011913044365880717
110 0.0002199543170027505
130 0.00011862016226846598
131 0.00015139340654708521
196 8.935997200289977e-05
203 0.0001804365299615294
430 2.1595466130645556e-05
473 4.858985121920245e-05
509 1.4811799641107606e-05
539 0.0001391464957049546
602 0.00013401212737453773
688 0.00017695423263882194
772 0.00011712061541501202
1048 0.00014849761844045535
1051 0.0002875104201589402
1199 0.0002875104201589402
1216 4.5550455969092306e-05
1365 6.733409171295719e-05
1381 0.00014665847838343454
1440 0.00010815385522706535
1638 7.33626397641186e-05
1641 7.583058115843726e-05
1706 3.382257549850835e-05
1713 4.787143878550288e-05
1922 7.334292682143156e-06
1929 4.2158123180710165e-05
2020 0.00013065000625947455
2026 8.535239208071232e-05
2029 0.00012122674224136485
2030 0.0001228603508781383
2040 4.7398314413738584e-05
2063 0.00019756065060853997
2216 0.0001677901789526326
2431 0.0001391464957049546
2439 5.502814824397996e-05
2462 0.00011712061541501202
2559 7.604199766141655e-05
2586 9.502842032885344e-06
2718 8.88061998220748e-05
2720 0.00021605372159664503
2940 7.910237522724487e-05
3050 5.1064059112276297e-05
3142 0.00016378259903044513
3212 7.356359438910525e-05
3729 0.00012936752625714268
3731 5.3138049876864844e-05
3743 3.233112827567267e-05
3746 1.903006184883404e-05
4015 8.798716495431228e-05
4018 9.342327683396404e-05
4022 0.00014944388948364012
4042 0.00012571095453322076
4044 0.00014488623116808087
4046 9.312153328472917e-05
4053 0.0002875104201589402
4220 4.3879500470736716e-05
4247 4.846937791309118e-05
4250 8.612797493712278e-05
4329 3.676019862375966e-05
4340 0.00012936752625714268
4359 0.00017695423263882194
4381 4.3226837668107787e-05
4382 6.14960082295629e-05
4423 0.0001128804268053397
4486 0.00012571095453322076
4495 3.207260550754382e-05
4530 0.00017065756051371745
4577 3.9085797470059324e-05
4658 8.334256383691721e-05
4676 1.811794967986411e-05
4911 6.341986704442123e-05
4913 6.457822376461287e-05
4914 6.542281037332744e-05
4933 2.564069103539461e-05
4942 6.804811807694473e-05
5222 2.3001954162320978e-05
5228 4.931901336427842e-05
5237 0.0001786642827461757
5427 3.490353872923123e-05
5439 8.024367862190805e-05
5440 8.586807337437805e-05
5448 9.954283828468142e-05
5469 1.1433598200043818e-05
5480 0.0001753021616311125
5484 0.00012936752625714268
5490 0.00015447220461114937
5509 8.935997200289977e-05
5702 3.9886331735258645e-05
5705 0.00011566583790554528
5754 0.00017215710736717137
5758 0.00020908021320920737
5868 7.256700694753944e-05
5888 8.358930576913648e-05
5891 0.00010310145735752775
5892 0.00011712061541501202
5894 1.5848029138067838e-05
5896 1.6219082409210568e-05
5909 6.663037655997976e-05
5984 3.088397517794058e-05
5985 7.52017798211394e-05
5987 7.798719092134497e-05
6000 3.4631041686461846e-05
6005 0.00010897983139923425
6159 7.101368253390731e-05
6160 7.955569410086921e-05
6242 3.105201474962982e-05
6264 4.7398314413738584e-05
6291 0.00030726931367955075
6297 9.164022082905678e-05
6405 0.00014071861357331354
6452 8.63892700805903e-05
6467 4.669713069773751e-05
6468 4.669713069773751e-05
6469 0.0001786642827461757
6490 2.724862948448243e-05
6491 7.604199766141655e-05
6507 6.212889280683989e-05
6540 6.040786096929821e-05
6552 0.00020908021320920737
6568 3.9584588186023764e-05
6569 4.981125419104163e-05
6589 5.9343481706634316e-05
6605 0.00010200632301179658
6606 0.00014944388948364012
6661 5.889434094657216e-05
6706 7.910237522724487e-05
6707 0.00016251677649793962
6712 6.025437603138515e-05
6789 4.7516165565500014e-05
6833 2.7093186202753706e-05
6960 3.259102983841739e-05
6967 0.00010536844412685977
6992 4.787143878550288e-05
7178 3.714017269315804e-05
7422 0.00013401212737453773
7482 2.5340342303404983e-05
7483 2.8590308184836374e-05
7602 9.654815662959692e-05
7606 0.00020908021320920737
7677 6.988034244141115e-05
7678 8.260974660633398e-05
7679 8.260974660633398e-05
7694 6.804811807694473e-05
7760 0.00017695423263882194
7818 2.996997446737178e-05
7850 0.000126899584862824
7890 9.233159952796689e-06
8016 3.6571316885345003e-05
8031 5.5721352358276173e-05
8032 6.056183085252843e-05
8144 1.8182537399726556e-05
8204 5.1064059112276297e-05
8206 0.0001804365299615294
8378 0.00020019542348213994
8522 0.0001523982138465608
8523 0.00016007969731333051
8559 0.00011379132113009053
8560 0.00017215710736717137
8573 0.00019756065060853997
8633 5.949411993323993e-05
8638 6.491430390704548e-05
8722 7.217400943451535e-05
8818 7.139739654402146e-05
8819 7.139739654402146e-05
8822 0.00016378259903044513
