80
158 1.722259642893919e-05
160 3.6009024944890365e-05
238 0.00012176521653240713
239 0.00018825025618924418
276 4.8109734749355606e-05
277 5.502814824397996e-05
412 6.391293797104737e-05
413 7.562007790453742e-05
509 1.4811799641107606e-05
559 0.00015554326811050196
1057 9.988723143186235e-05
1058 0.00014665847838343454
1234 2.8271279696782107e-05
1365 6.733409171295719e-05
1402 0.00023397347506023475
1514 0.00015554326811050196
1516 0.00026261715830791277
1722 8.117636599183342e-05
1733 0.00011243128604527755
1985 9.496067334174995e-05
2371 8.858094887998e-06
2408 0.00018227567001855016
2563 2.4450245822639586e-05
2564 4.692973938522239e-05
2586 9.502842032885344e-06
2589 0.0001228603508781383
2675 0.00010694056199521868
2976 5.461691012835996e-05
3513 6.056183085252843e-05
3719 2.489326185102742e-05
3872 9.164022082905678e-05
4189 4.981125419104163e-05
4363 7.025520142447097e-05
4371 0.00013263932032595027
4406 6.508321716976057e-05
4453 3.6854914742017664e-05
4455 0.00021244233432427055
4676 1.811794967986411e-05
4839 3.088397517794058e-05
4846 4.681329625334851e-05
5051 0.0001281179340087181
5215 0.0001300045474523503
5395 3.215862746722012e-05
5430 6.441104889224853e-05
5433 0.0002059351589452662
5687 2.724862948448243e-05
5858 6.663037655997976e-05
5888 8.358930576913648e-05
5889 0.00013837905578907654
6124 0.00019041645403432799
6485 0.00019268344080366
6565 0.00011333374567896404
6568 3.9584588186023764e-05
6569 4.981125419104163e-05
6725 8.458895984833521e-05
6727 8.612797493712278e-05
6728 9.527405980765772e-05
6760 1.9892587507080337e-05
6865 0.0002199543170027505
6885 5.131853189681648e-05
6893 9.252359415714085e-05
6894 9.252359415714085e-05
6905 2.9805618738211806e-05
6919 7.3968006896828e-05
7165 6.628229345501092e-05
7406 6.698096388147314e-05
7407 0.0001786642827461757
7482 2.5340342303404983e-05
7483 2.8590308184836374e-05
7904 6.056183085252843e-05
7907 0.00019756065060853997
8009 2.7093186202753706e-05
8014 0.0001804365299615294
8042 6.663037655997976e-05
8072 0.00013837905578907654
8144 1.8182537399726556e-05
8145 0.0001263016457352357
8444 5.815485137703107e-05
8447 4.100899018649567e-05
8781 8.63892700805903e-05
