80
203 0.017670883022166482
334 0.00906121177064219
588 0.02080534157689999
645 0.006210965440658044
969 0.010319160154489826
978 0.03009213322540831
983 0.010133437621103
1110 0.009681886011877885
1439 0.010591946788830839
1479 0.026784111295034888
1918 0.013781145979839232
2024 0.012311384909890807
2041 0.008210527998018255
2221 0.025719166097144162
2438 0.032334781790132924
2650 0.018436113001742246
2724 0.010319160154489826
2727 0.010713803625815591
2891 0.019605951802998144
2957 0.006807234842707466
3014 0.026784111295034888
3030 0.008512047210621985
3047 0.01785099748577274
3074 0.0157951003060239
3080 0.018436113001742246
3141 0.04811968755690089
3229 0.013788060573662702
3478 0.012197749378701588
3595 0.00811411124738633
3786 0.009850541966176287
3820 0.026784111295034888
4022 0.014635647726134075
4023 0.017670883022166482
4221 0.004297297892255007
4350 0.013860031525192239
4382 0.004233379970309634
4383 0.006022554124635874
4415 0.021956279494702333
4433 0.006275459217186592
4558 0.024849042514203227
4626 0.01732984748656243
4659 0.008162076141918748
5081 0.01035718797986902
5163 0.005484446641596302
5187 0.01567725563138903
5193 0.007836024815905339
5223 0.00450534979109021
5226 0.016570716506965736
5229 0.009660023013240645
5372 0.012731873921926878
5441 0.008409409559477552
5481 0.017168053455565657
5509 0.026784111295034888
5623 0.006594301377427193
5703 0.003906230642028847
5755 0.01686004550391463
5811 0.005152430541694941
5985 0.0030245932613824885
6058 0.010796805141095215
6365 0.022913973733371562
6513 0.014021825556189011
6589 0.006440612957462633
6607 0.014635647726134075
6707 0.0077468172310462225
6761 0.001948161976517582
6969 0.012607906774567657
7000 0.0061790424665546665
7409 0.008512047210621985
7484 0.0027999651268490306
7680 0.00809030837094119
7695 0.006664228882436609
7988 0.0076809890586375705
8033 0.005931066335799268
8351 0.018436113001742246
8560 0.011144046746278757
8586 0.014021825556189011
8590 0.016432374448635843
8601 0.008210527998018255
8664 0.007836024815905339
8820 0.00699223734066285
