85
145 5.786216925096193e-05
146 0.000101646679848061
160 3.6009024944890365e-05
375 8.334256383691721e-05
430 2.1595466130645556e-05
521 6.165346047478709e-05
596 0.00020019542348213994
872 6.593667904531496e-05
1194 0.0001027336712532598
1306 4.5550455969092306e-05
1310 8.285279662389543e-05
1469 6.358367031630664e-05
1500 0.00010310145735752775
1573 0.0001347133110905388
1674 0.00014944388948364012
1985 9.496067334174995e-05
2076 7.66818067754729e-05
2391 2.4157123570420575e-05
2586 9.502842032885344e-06
2590 8.771718405598661e-05
2817 0.0001275049519955334
2819 0.0001423431449207802
2955 4.7516165565500014e-05
3212 7.356359438910525e-05
3507 9.134928606937549e-05
3642 0.00013542473142615584
3647 8.094151528426567e-05
3649 0.0001347133110905388
3657 4.716346370617082e-05
3746 1.903006184883404e-05
3969 6.0101372993599195e-05
3970 6.663037655997976e-05
4189 4.981125419104163e-05
4220 4.3879500470736716e-05
4546 7.625433537211054e-05
4676 1.811794967986411e-05
4834 1.7286007534181456e-05
5171 7.52017798211394e-05
5395 3.215862746722012e-05
5469 1.1433598200043818e-05
5687 2.724862948448243e-05
5699 8.260974660633398e-05
5700 0.00010575674440844711
5701 0.00010575674440844711
5858 6.663037655997976e-05
5894 1.5848029138067838e-05
5896 1.6219082409210568e-05
6022 2.0770655001689466e-05
6032 0.00017215710736717137
6084 7.843020694973282e-05
6085 0.00011862016226846598
6467 4.669713069773751e-05
6468 4.669713069773751e-05
6619 5.7716484755306535e-05
6623 0.00010460100421098168
6675 5.7716484755306535e-05
6689 7.376538112671329e-05
6762 7.139739654402146e-05
6763 7.27647006365303e-05
6868 0.00016508218077975113
6905 2.9805618738211806e-05
6919 7.3968006896828e-05
6920 9.403242760948e-05
6929 5.904359505253569e-05
6992 4.787143878550288e-05
6995 7.843020694973282e-05
7178 3.714017269315804e-05
7181 0.0001263016457352357
7406 6.698096388147314e-05
7408 8.691610145495967e-05
7665 0.00010422176939821458
7784 7.082295263288685e-05
7818 2.996997446737178e-05
7858 4.509923582401553e-05
7960 9.954283828468142e-05
8000 0.00016378259903044513
8001 0.00022419450561242282
8042 6.663037655997976e-05
8447 4.100899018649567e-05
8520 5.874554257904601e-05
8521 6.610917985376751e-05
8533 0.00013687950893562258
8695 4.476354154013861e-05
8696 4.787143878550288e-05
8871 7.025520142447097e-05
