93
70 0.007929338057032458
148 0.007276864877030016
210 0.010517817394157076
334 0.006342848239449533
459 0.006031858569791008
620 0.012626723926954613
708 0.006618747476022829
722 0.023986479673295476
745 0.016433262555263027
1102 0.006531403238506505
1110 0.006777320208314519
1249 0.01800341626800091
1253 0.0061451143914887495
1370 0.007896745342084345
1654 0.013724166262098702
2006 0.01568780091673952
2019 0.008956560429111056
2025 0.011702469511127819
2145 0.009235115603376014
2201 0.014563739103829994
2373 0.011773173383268573
2416 0.005922316730447852
2438 0.0037723912088488414
2548 0.033758708910182775
2582 0.019709945111203653
2826 0.00820220204289568
2939 0.0054227720617323555
2962 0.011667396183513994
3166 0.01800341626800091
3167 0.008740954862955334
3229 0.006434428267709261
3464 0.003956687016456091
3595 0.005679877873170431
4044 0.01986501680261441
4268 0.007896745342084345
4338 0.02319900310975203
4433 0.004392821452030614
4630 0.010893575605986437
4638 0.014563739103829994
4810 0.014117647204001636
4819 0.0062032154521844875
4928 0.02105329201872299
4944 0.02300532422809018
5052 0.01756595427516455
5163 0.0038391126491174113
5229 0.0033810080546342255
5235 0.019709945111203653
5379 0.007093406334772099
5381 0.002625489027328825
5431 0.004415625136367068
5441 0.035319520149805717
5575 0.009187046762783695
5703 0.0027343614494201927
5811 0.0036067013791864586
5823 0.006262344903463649
5869 0.004974747430126704
5871 0.010893575605986437
5985 0.010586076414838708
5988 0.005346321888392511
6057 0.013372185565478124
6135 0.01827931954549326
6300 0.009815277889332308
6319 0.013053780295030237
6406 0.009646802185887463
6506 0.009046855838889856
6654 0.009758170057953793
6728 0.011808807886763665
6729 0.02612561295402602
6761 0.004091140150686922
6823 0.011702469511127819
6834 0.0018573421187610848
6860 0.01739432975994226
6921 0.006446284575812968
7238 0.014446824216285757
7346 0.007832498616201531
7375 0.007197003063232157
7474 0.016433262555263027
7484 0.001959975588794321
7492 0.007864467537518129
7521 0.013106052282148834
7680 0.011326431719317668
7695 0.004664960217705626
7800 0.006446284575812968
7862 0.009092935559575913
8033 0.004151746435059487
8583 0.014772813432746345
8586 0.009815277889332308
8592 0.008062984949874173
8601 0.005747369598612778
8697 0.0032817712496646285
8848 0.01097407894197232
8892 0.013790758752646801
8893 0.02135701769698386
