229
17 0.00012016732165868515
46 0.00016920278300425065
53 0.00010200632301179658
58 3.9886331735258645e-05
77 8.691610145495967e-05
80 0.0001376235146469122
145 5.786216925096193e-05
146 0.000101646679848061
160 3.6009024944890365e-05
163 4.4209139343250144e-05
225 4.311890533715833e-05
232 0.0001245506276326127
243 6.309390310328486e-05
278 5.558192042480493e-05
328 5.502814824397996e-05
344 9.164022082905678e-05
378 7.955569410086921e-05
430 2.1595466130645556e-05
463 2.104404381130732e-05
509 1.4811799641107606e-05
511 4.409901177660094e-05
522 0.00011110817958998604
645 6.341986704442123e-05
651 0.00012571095453322076
652 0.0001664173719040451
706 6.525271795805037e-05
708 9.654815662959692e-05
723 6.212889280683989e-05
726 6.4078409870285e-05
729 0.00026261715830791277
855 9.464928935894339e-05
1126 4.895306850942043e-05
1135 0.00010774605847492284
1136 0.0001786642827461757
1306 4.5550455969092306e-05
1316 0.00019756065060853997
1391 6.491430390704548e-05
1418 6.424444555902466e-05
1420 0.00017695423263882194
1497 6.663037655997976e-05
1524 0.0001300045474523503
1526 0.00016378259903044513
1613 0.00019268344080366
1689 0.00018227567001855016
1706 3.382257549850835e-05
1729 0.00010200632301179658
1746 0.00018418695135817993
1773 0.0001002340757964429
1777 4.871062309639001e-05
1785 0.00010734164596720007
1922 7.334292682143156e-06
1929 4.2158123180710165e-05
1939 0.00022883910672981793
1941 8.024367862190805e-05
2070 0.00016251677649793962
2118 6.715720793434914e-05
2162 0.0001263016457352357
2167 8.744869066327002e-05
2178 0.0001523982138465608
2179 0.0002199543170027505
2319 0.0001228603508781383
2371 8.858094887998e-06
2384 3.364472337590274e-05
2389 8.070779096331723e-05
2390 0.00014576429866269
2391 2.4157123570420575e-05
2563 2.4450245822639586e-05
2575 0.00012016732165868515
2582 7.458098891001271e-05
2586 9.502842032885344e-06
2685 7.754816608258265e-05
2725 0.00010536844412685977
2739 7.583058115843726e-05
2830 8.285279662389543e-05
2910 0.00016007969731333051
2940 7.910237522724487e-05
3023 0.00019506105515172307
3061 0.00022419450561242282
3062 0.0002734912621014559
3095 0.00030726931367955075
3097 0.00012230970742046953
3212 7.356359438910525e-05
3247 0.00013263932032595027
3290 0.00018617626542465564
3296 0.00030726931367955075
3395 7.541048004377448e-05
3408 0.0002734912621014559
3450 0.00011198624708459517
3451 0.00018418695135817993
3564 0.00010774605847492284
3627 6.491430390704548e-05
3628 7.733012801189119e-05
3654 6.663037655997976e-05
3719 2.489326185102742e-05
3743 3.233112827567267e-05
3746 1.903006184883404e-05
3882 0.00012016732165868515
3996 7.417147870601431e-05
4018 9.342327683396404e-05
4094 0.00010694056199521868
4189 4.981125419104163e-05
4281 0.00014576429866269
4290 5.656642719180506e-05
4291 7.843020694973282e-05
4329 3.676019862375966e-05
4345 5.131853189681648e-05
4348 8.212725328354177e-05
4356 0.00014944388948364012
4432 6.4078409870285e-05
4434 0.00013065000625947455
4453 3.6854914742017664e-05
4456 0.00020908021320920737
4495 3.207260550754382e-05
4499 9.312153328472917e-05
4502 6.424444555902466e-05
4533 5.685140711216779e-05
4546 7.625433537211054e-05
4563 4.728074758348793e-05
4564 0.0001664173719040451
4577 3.9085797470059324e-05
4699 3.676019862375966e-05
4712 8.484211069037113e-05
4718 0.0001147195668623605
4900 0.00014944388948364012
4972 4.681329625334851e-05
4974 0.00013263932032595027
5131 0.00020298083458234552
5171 7.52017798211394e-05
5176 0.0001347133110905388
5222 2.3001954162320978e-05
5228 4.931901336427842e-05
5254 5.9796800580258657e-05
5307 0.00013263932032595027
5329 0.00014849761844045535
5379 2.541525611908456e-05
5380 3.8298201700263376e-05
5400 0.0002875104201589402
5427 3.490353872923123e-05
5554 0.0001440237055098346
5555 0.0001440237055098346
5687 2.724862948448243e-05
5699 8.260974660633398e-05
5700 0.00010575674440844711
5701 0.00010575674440844711
5806 7.910237522724487e-05
5849 0.00019041645403432799
5850 0.00019268344080366
6022 2.0770655001689466e-05
6050 0.0001431761810607271
6063 0.00020298083458234552
6159 7.101368253390731e-05
6160 7.955569410086921e-05
6222 0.00010347204034115494
6229 7.458098891001271e-05
6242 3.105201474962982e-05
6254 8.141235399539764e-05
6297 9.164022082905678e-05
6302 8.509658347491132e-05
6305 0.00017215710736717137
6306 0.00011425323385392718
6308 0.0001523982138465608
6452 8.63892700805903e-05
6483 0.00010734164596720007
6505 0.00013196715204843822
6566 7.082295263288685e-05
6589 5.9343481706634316e-05
6664 0.00015775871449691997
6675 5.7716484755306535e-05
6725 8.458895984833521e-05
6727 8.612797493712278e-05
6728 9.527405980765772e-05
6762 7.139739654402146e-05
6763 7.27647006365303e-05
6789 4.7516165565500014e-05
6805 0.0001664173719040451
6833 2.7093186202753706e-05
6873 0.00020298083458234552
6885 5.131853189681648e-05
6887 0.00020019542348213994
6934 0.00010200632301179658
6960 3.259102983841739e-05
6972 6.133906307779394e-05
7156 0.0001475693727081854
7157 0.00014849761844045535
7174 7.256700694753944e-05
7197 0.00011198624708459517
7503 3.173002815645075e-05
7523 8.935997200289977e-05
7559 8.509658347491132e-05
7627 7.887728740211037e-05
7634 0.0001391464957049546
7677 6.988034244141115e-05
7681 0.00017215710736717137
7682 0.00018418695135817993
7718 9.527405980765772e-05
7719 0.00012016732165868515
7784 7.082295263288685e-05
7786 0.00017695423263882194
7792 0.000101646679848061
7795 0.00020019542348213994
7858 4.509923582401553e-05
7863 7.64676023536449e-05
7866 5.91933076971794e-05
7890 9.233159952796689e-06
7893 5.131853189681648e-05
7894 6.374802604546662e-05
7897 0.00013542473142615584
7898 0.00017695423263882194
8031 5.5721352358276173e-05
8032 6.056183085252843e-05
8054 2.9805618738211806e-05
8058 8.853165584237468e-05
8059 0.00011425323385392718
8060 0.0001147195668623605
8069 5.287392225192349e-05
8124 0.0001300045474523503
8447 4.100899018649567e-05
8621 0.000101646679848061
8633 5.949411993323993e-05
8638 6.491430390704548e-05
8695 4.476354154013861e-05
8696 4.787143878550288e-05
8753 0.00010614816360120087
8811 0.00011913044365880717
8841 0.0001275049519955334
8842 0.00016378259903044513
8844 0.0001523982138465608
8847 0.00016007969731333051
8866 3.8493910507496085e-05
