196
13 0.009599427950866343
130 0.003421174388791485
131 0.00436640142118972
203 0.005204046456366181
246 0.0028908934741032335
268 0.00442497171922466
270 0.006600045693126658
287 0.005491881677520812
370 0.0038853237166306858
378 0.006883498503174236
446 0.0029009686696506217
479 0.004922007052745145
489 0.005697930479687082
632 0.0018481125849966987
707 0.0109552041530314
775 0.004687215249675204
919 0.004723723373978405
985 0.007101346534504467
1041 0.003095885918639764
1110 0.002851299764015817
1216 0.0028319134737595474
1336 0.010408092912732363
1364 0.005826033255785189
1366 0.0036774243760006264
1373 0.005722188231139647
1380 0.016919357402630016
1417 0.0018529012906861738
1425 0.005773921081141848
1439 0.0031193111902382085
1487 0.005625838587417981
1556 0.005625838587417981
1580 0.004687215249675204
1712 0.0027613609220479072
1716 0.0036088505926027688
1833 0.004282882768742194
1921 0.0004230628892120376
1930 0.002236599534394746
1947 0.004395381494500162
1952 0.00369510365011552
1959 0.0033779253222608
1980 0.0028610941155698235
2019 0.007536264438734222
2056 0.005773921081141848
2113 0.009374430499350408
2117 0.0019369095052133318
2122 0.003242678385875448
2242 0.005257089874450871
2299 0.00317964164349406
2326 0.005854256303552956
2383 0.0009703617305050008
2438 0.011109631068130893
2468 0.0032045181116697593
2525 0.0023277276150973567
2571 0.005773921081141848
2592 0.009760098395688557
2597 0.007318002811626192
2719 0.012462593960319096
2738 0.0021870619394303977
2824 0.0066996294200226195
2893 0.003786998056456832
2895 0.003281903734340993
2939 0.006844275417720448
2954 0.004111301626405204
2962 0.002454306640545015
2975 0.001575229459753864
2988 0.004395381494500162
3013 0.007285438620015667
3050 0.0091257005569606
3141 0.047237233739784036
3146 0.0037311436699147427
3149 0.004386318984844947
3167 0.0036774243760006264
3229 0.004060561528166038
3306 0.002425176400691324
3327 0.033066063617848834
3394 0.0021749456250812886
3506 0.0026346434868940918
3541 0.004129404937259547
3549 0.006748128186850525
3656 0.001360261451616163
4019 0.007318002811626192
4022 0.004310174573068611
4108 0.0027845863167733588
4221 0.0012655472757126395
4360 0.005103612042968224
4383 0.01064179466683232
4412 0.0043380068441427775
4567 0.0027939251136584334
4625 0.007318002811626192
4653 0.002582088557965795
4802 0.0038853237166306858
4819 0.005219534037436785
4835 0.0004985530716654535
4854 0.00492336904998905
4915 0.001886887009861146
4928 0.0029524573489039794
4943 0.0019626046223357005
5045 0.008702906008951863
5069 0.00500987839916461
5124 0.008210757977566298
5163 0.003230321322881964
5178 0.0017873001414205523
5223 0.001990227334899073
5255 0.0017246248762824116
5367 0.0039058420921356017
5381 0.0011045746716917386
5441 0.007429672523421914
5456 0.002569260360394781
5463 0.0030728446852321656
5467 0.004455198341406353
5481 0.045503675663780815
5485 0.0037311436699147427
5542 0.007574252798835336
5544 0.00788787743640186
5623 0.01359407759683211
5625 0.004081756856933637
5703 0.0023007572066318775
5863 0.0019066828830316379
5869 0.0020929358120274156
5893 0.0067558506445216
5939 0.006828877128767156
5985 0.002672213463939868
5988 0.004498523271786579
6006 0.0031431335191908594
6014 0.009303262963418607
6019 0.004129404937259547
6107 0.002081601204143692
6109 0.005204046456366181
6115 0.003038975967827101
6134 0.003926664454612656
6165 0.007499032536539456
6228 0.003038975967827101
6322 0.005854256303552956
6406 0.00405852519147369
6423 0.00500987839916461
6424 0.006913670330693183
6430 0.0016772687232106825
6454 0.006913670330693183
6469 0.001346811743618889
6471 0.0036427193100078336
6477 0.0031075497512249592
6491 0.0015717785499398539
6506 0.0038061205794682248
6517 0.0028319134737595474
6537 0.00216293287024078
6553 0.006030171068350991
6607 0.008620349146137221
6626 0.003406609659902564
6697 0.004035671293455933
6713 0.0017378220038566487
6761 0.00286865274859385
6816 0.0020703572740941715
6821 0.005939463224984507
6849 0.0034963518668448016
6852 0.0036774243760006264
6930 0.0034058027126744215
6944 0.004922007052745145
7000 0.0018197180079497562
7085 0.004455198341406353
7088 0.003969258131175668
7238 0.003038975967827101
7253 0.005312213949851455
7291 0.009522410324331017
7303 0.003406609659902564
7484 0.0016491703983382638
7555 0.002382582724128312
7579 0.0025612972582988044
7680 0.004765165448256624
7695 0.0058878138670071
7716 0.00405852519147369
7746 0.005491881677520812
7750 0.004687215249675204
7752 0.007574252798835336
7761 0.005103612042968224
7842 0.003749516268269728
7863 0.002618010348860399
7959 0.00273880103825785
7988 0.013572233093903277
7996 0.0026346434868940918
8046 0.0036427193100078336
8344 0.006343795705917516
8350 0.00283780727177598
8351 0.01085881089423006
8356 0.004723723373978405
8414 0.005103612042968224
8427 0.004517674571812135
8438 0.002432402554193887
8560 0.003281903734340993
8561 0.009930512238551658
8601 0.002417987209772366
8639 0.0018722209592866967
8695 0.005122594516597609
8734 0.00542940544711503
8768 0.003575778860623202
8867 0.0011102191923715375
8893 0.0029950510254669917
