307
14 0.0021082080374474834
15 0.000993735503003629
17 0.001986885288723937
24 0.002455307561301184
45 0.010359639648905008
79 0.0021710248598240463
80 0.0022755116188001513
82 0.0027560257102582785
91 0.002589909912226252
124 0.002554093297763568
133 0.0035125901363597385
141 0.006235636512801837
149 0.002503187456674626
161 0.0014683503762789065
169 0.0035125901363597385
210 0.01268382431577384
276 0.0007954618851322026
277 0.0027295595017644675
338 0.002300693079262626
355 0.003963495607020767
377 0.00196974121314896
386 0.0020044020906401553
405 0.00393948242629792
406 0.002589909912226252
446 0.0016630785137700223
477 0.0034049983979966836
480 0.0011371110534537327
521 0.00509699109231264
536 0.0028217071972138213
549 0.001122161809168717
596 0.02317067031263417
672 0.0026084335131661422
757 0.0017882507565558558
782 0.003868592967971822
785 0.004531195755752918
847 0.00272952206884813
858 0.0017882507565558558
872 0.009811965033147721
878 0.0023813344406375617
1181 0.0031484071212503355
1225 0.001837098509287487
1239 0.0024101139697252196
1253 0.0014821240647375463
1309 0.0041097446577671014
1358 0.0027976534362409685
1371 0.002455307561301184
1390 0.0010733140564370858
1460 0.011977978591557855
1468 0.011564442242018871
1476 0.002708034364674076
1499 0.015342415012490881
1503 0.004099872608284117
1507 0.0037032335214022714
1510 0.0030794029856530845
1511 0.0021082080374474834
1516 0.0015056167246056838
1535 0.0024399596467075103
1538 0.0018516167607011357
1539 0.0026468093923124334
1558 0.0037781997035480483
1565 0.0027976534362409685
1568 0.001640219075530752
1572 0.004454786747454107
1577 0.0035901006006308417
1587 0.002687104846288753
1593 0.002098198701850626
1664 0.006579304022698713
1685 0.0028465011889725997
1705 0.0005592333818974145
1728 0.0016866054743620241
1777 0.0021286076372646692
1784 0.0017748214264558203
1796 0.003636795682984253
1960 0.00503960252987217
1983 0.0017748214264558203
1984 0.0015701104282405853
2084 0.0018968103522770997
2086 0.0028985025314591365
2148 0.002780628971479106
2149 0.002589909912226252
2150 0.0019124563031803702
2252 0.0025367648631547677
2373 0.0014197704451065997
2388 0.0013344486698795605
2401 0.001459297009640527
2465 0.0018088239887740607
2480 0.003456999740483221
2481 0.004071087345383822
2490 0.003456999740483221
2502 0.0025367648631547677
2512 0.004342196873543819
2586 0.004941907024408909
2598 0.00204062127376163
2619 0.006843360471394232
2638 0.0049738186079410695
2660 0.0060276095406505345
2684 0.0012822064121112736
2688 0.0021495371556499924
2724 0.0017421958702385422
2738 0.001253807308504625
2743 0.002486821008408142
2771 0.018299363185393644
2785 0.004627170425520903
2831 0.0019782676541306838
2850 0.0037069043302744194
2954 0.003928238103151541
3034 0.021317845590962333
3046 0.0029540929273356546
3050 0.002615808415677945
3066 0.0016688961647029698
3068 0.0021819874936097983
3096 0.002022308186514331
3136 0.0018814624376834264
3144 0.003783699664519735
3146 0.004278008883130447
3149 0.0012573029372143678
3201 0.0032665315736981598
3213 0.0013229652286593427
3269 0.005797005062918273
3418 0.001936510064153223
3420 0.0014197704451065997
3434 0.0035125901363597385
3464 0.0019086059819639772
3521 0.002708034364674076
3544 0.0010039027187134259
3599 0.0016573025667864546
3604 0.0017792485867904437
3653 0.0011016881556633387
3656 0.0015596318684578641
3663 0.004734642395596289
3680 0.0021286076372646692
3733 0.0018664014168630564
3780 0.005080490025068935
3796 0.004627170425520903
3819 0.0042489536090688515
3872 0.001515208994487113
3907 0.0030138047703252673
3926 0.003674197018574974
3954 0.005344524340232908
3970 0.00991519340097005
3997 0.0022273933737270535
4005 0.0015249168366646213
4094 0.001768189774585137
4109 0.005693002377945199
4192 0.0031484071212503355
4195 0.002687104846288753
4203 0.0019203947038840346
4211 0.003963495607020767
4221 0.002176553477895393
4287 0.002031412703202168
4290 0.003636795682984253
4296 0.006039916195195615
4352 0.0033100957589477383
4364 0.001161622180138934
4383 0.0010167948522112513
4430 0.0035125901363597385
4462 0.0015200482952431949
4468 0.0009236268557134625
4485 0.006039916195195615
4493 0.002304685817648949
4500 0.0015397014928265423
4504 0.0012894653905213848
4519 0.005006374913349252
4547 0.0037824413924095494
4573 0.0022157997758105387
4630 0.0026273930032991405
4659 0.0013780128551291392
4660 0.004372282084280342
4712 0.01016098005013787
4801 0.0035125901363597385
4802 0.004454786747454107
4835 0.0005716248576794996
4838 0.00272952206884813
4886 0.0016986316849889635
4912 0.0010486045549162931
4915 0.004326887466026673
5054 0.004071087345383822
5172 0.001243410504204071
5187 0.0026468093923124334
5193 0.0013229652286593427
5218 0.0011836986612144584
5361 0.002395595718311571
5362 0.002554093297763568
5371 0.001844324935787532
5381 0.0037994089820342918
5435 0.0011836986612144584
5439 0.0028985025314591365
5456 0.001472915494178084
5474 0.0020688957942750566
5563 0.004195292892008337
5625 0.007020015967305159
5632 0.002589909912226252
5670 0.0021495371556499924
5702 0.0069944646097816745
5703 0.0006594934850178572
5716 0.005080490025068935
5730 0.0015056167246056838
5732 0.002340005322435053
5752 0.003868592967971822
5769 0.0027742969848346226
5807 0.0013079042078389725
5811 0.0017397817413515385
5827 0.002300693079262626
5837 0.0029540929273356546
5842 0.002395595718311571
5855 0.0011869024075975862
5897 0.0005363430887973453
5912 0.0012365530912913367
5925 0.004521992816044851
5946 0.0028985025314591365
5976 0.001729506770924432
5985 0.0005106456155580824
6019 0.004734642395596289
6034 0.0038091907030462515
6037 0.002872082421784535
6039 0.0019284120949464513
6086 0.013729128391384012
6095 0.0019446902476505424
6134 0.0022510933515311887
6161 0.0026307990568717864
6378 0.001768189774585137
6388 0.0015805072325411394
6428 0.003456999740483221
6430 0.0019231021724382222
6432 0.002687104846288753
6469 0.0007721054337258566
6482 0.004278008883130447
6501 0.003636795682984253
6529 0.00393948242629792
6537 0.0024799490052111353
6542 0.0027976534362409685
6548 0.0024399596467075103
6761 0.0055914778806543585
6764 0.0012031150502277515
6775 0.002708034364674076
6824 0.008053221593594154
6852 0.0021082080374474834
6895 0.0030596299485285317
6921 0.004664287540940736
6930 0.0029287375831625125
6968 0.0017421958702385422
6976 0.0023813344406375617
6996 0.0025935807210984005
7062 0.012585878676025009
7074 0.0027363974793412683
7091 0.0032665315736981598
7158 0.002455307561301184
7181 0.0021082080374474834
7182 0.00208831218328835
7252 0.0012714391095152806
7311 0.0022273933737270535
7322 0.0006316217343972511
7340 0.0024869093039705348
7370 0.0015497108284233995
7375 0.0017358263417814107
7376 0.006371780424646449
7377 0.006579304022698713
7387 0.003868592967971822
7409 0.0028741977594308
7452 0.0021495371556499924
7484 0.0004727213850524337
7492 0.0018968103522770997
7512 0.0029540929273356546
7555 0.0013658962184705905
7581 0.002983395834911224
7666 0.001723236380105544
7692 0.0033100957589477383
7702 0.0037781997035480483
7725 0.008201095377653761
7816 0.00272952206884813
7821 0.0022510933515311887
7840 0.0017550880037363675
7846 0.003456999740483221
7848 0.0026084335131661422
7861 0.01016098005013787
7903 0.0012196606244921498
7904 0.0026921962849980846
7905 0.001001348861888188
7958 0.0018814624376834264
7961 0.0016458734226216711
7988 0.0025935807210984005
8090 0.0031858902123232244
8102 0.002519801264936085
8159 0.0018088239887740607
8163 0.0022043706316457546
8171 0.0018890998517740241
8235 0.007954618851322025
8345 0.003078298473960169
8438 0.002788914245810431
8439 0.004521992816044851
8445 0.0038462043448764444
8448 0.0020341676468017588
8487 0.0030454065129946186
8534 0.004526419976379475
8572 0.0015701104282405853
8639 0.0010733140564370858
8664 0.0026459304573186854
8679 0.0014582945935178759
8681 0.005179819824452504
8747 0.0019529543319292992
8758 0.003246980569171429
8764 0.0010817218665066682
8782 0.0028567761593997058
8814 0.002198379571660289
8830 0.0019284120949464513
8872 0.0034848665404168012
8873 0.010339418280633264
