60
337 0.02529141055718876
378 0.00897468792186008
688 0.019962229383255457
726 0.007228693528657973
1102 0.010747878746909438
1108 0.018476335728599073
1382 0.027776152900783294
1621 0.02557038839217538
1640 0.00855445745929105
1649 0.019087787368783315
1721 0.018315032246056188
1871 0.019962229383255457
1910 0.019087787368783315
1956 0.010018238643219374
2005 0.019087787368783315
2064 0.01819435604871107
2241 0.015358725525003935
2247 0.022898293643010926
2438 0.018623197106975294
2954 0.010720609304297116
3133 0.013859891734505931
4383 0.006937372472681829
4677 0.0020438881967968217
4680 0.013675604137405616
4758 0.017670398008733542
4798 0.011268291221781737
4928 0.023096438501552647
5014 0.02481307434339889
5032 0.0077995980410041675
5081 0.01193043172364659
5223 0.002594853360691197
5333 0.025815368597166294
5441 0.04843394113369982
5643 0.0111145078093818
5662 0.03884213014825902
5939 0.006677604534142567
5985 0.003484025149187423
5988 0.008797744879633246
6088 0.023096438501552647
6093 0.016443688983315104
6292 0.03466309017103995
6469 0.0052679092250409705
6470 0.020155140352328075
6707 0.017847097924688766
6834 0.015281928825249433
7000 0.014235262391303155
7782 0.02323157134835712
7783 0.03466309017103995
8011 0.004488212120654742
8125 0.014665829454371466
8145 0.0020511743456501654
8151 0.013736349490339396
8175 0.018622941710242303
8591 0.015358725525003935
8593 0.03243408689185411
8601 0.00945769680784381
8768 0.01398627427762746
8805 0.030554562189111414
8893 0.011714819833788612
8912 0.022004862322938683
