75
130 0.00011862016226846598
145 5.786216925096193e-05
146 0.000101646679848061
290 5.516600244482883e-05
292 0.00014576429866269
295 6.969398876306011e-05
510 0.00019041645403432799
849 0.00014576429866269
969 0.00010536844412685977
1108 0.00019268344080366
1469 6.358367031630664e-05
1922 7.334292682143156e-06
2421 0.00015447220461114937
2571 6.593667904531496e-05
2586 9.502842032885344e-06
2638 0.00012176521653240713
2640 0.00016128300357362823
2976 5.461691012835996e-05
3050 5.1064059112276297e-05
3113 6.165346047478709e-05
3204 0.00017065756051371745
3212 7.356359438910525e-05
3576 5.3536945098705395e-05
3875 3.285232498188492e-05
3912 0.00013263932032595027
3986 0.0001504088997800851
4314 3.1644758795232604e-05
4533 5.685140711216779e-05
4541 0.0001376235146469122
4659 6.610917985376751e-05
4699 3.676019862375966e-05
4730 0.00020908021320920737
5427 3.490353872923123e-05
5469 1.1433598200043818e-05
5687 2.724862948448243e-05
5699 8.260974660633398e-05
5700 0.00010575674440844711
5701 0.00010575674440844711
5810 5.261121850249547e-05
5820 0.00019756065060853997
5894 1.5848029138067838e-05
5896 1.6219082409210568e-05
6242 3.105201474962982e-05
6568 3.9584588186023764e-05
6590 8.691610145495967e-05
6595 7.66818067754729e-05
6661 5.889434094657216e-05
6684 0.0001251273376474703
7067 3.508605365233e-05
7073 5.516600244482883e-05
7091 9.464928935894339e-05
7186 0.00026261715830791277
7414 0.00010460100421098168
7503 3.173002815645075e-05
7504 0.00012571095453322076
7658 0.00018227567001855016
7659 0.00020019542348213994
7784 7.082295263288685e-05
7836 6.424444555902466e-05
7890 9.233159952796689e-06
7894 6.374802604546662e-05
7902 7.376538112671329e-05
7903 8.141235399539764e-05
7904 6.056183085252843e-05
7915 0.00018617626542465564
8031 5.5721352358276173e-05
8032 6.056183085252843e-05
8109 8.285279662389543e-05
8122 0.00014576429866269
8144 1.8182537399726556e-05
8158 0.00010939812948263226
8234 4.8109734749355606e-05
8608 0.0001677901789526326
8695 4.476354154013861e-05
8696 4.787143878550288e-05
