376
44 0.00010575674440844711
58 3.9886331735258645e-05
77 8.691610145495967e-05
79 0.00013130412920165632
109 0.00011913044365880717
145 5.786216925096193e-05
151 0.00011712061541501202
152 0.0001475693727081854
158 1.722259642893919e-05
160 3.6009024944890365e-05
225 4.311890533715833e-05
232 0.0001245506276326127
243 6.309390310328486e-05
245 0.00013196715204843822
278 5.558192042480493e-05
290 5.516600244482883e-05
310 8.408656954820681e-05
330 6.358367031630664e-05
334 9.252359415714085e-05
378 7.955569410086921e-05
386 0.00012122674224136485
449 6.628229345501092e-05
451 0.0002734912621014559
463 2.104404381130732e-05
473 4.858985121920245e-05
474 0.00014488623116808087
509 1.4811799641107606e-05
511 4.409901177660094e-05
535 8.236790279729728e-05
559 0.00015554326811050196
621 0.00011110817958998604
624 0.0001300045474523503
626 0.00013263932032595027
632 6.4078409870285e-05
633 0.00010058340652177312
692 0.00015342417653056774
723 6.212889280683989e-05
726 6.4078409870285e-05
753 9.752607762356147e-05
757 0.00010815385522706535
765 7.499396958083494e-05
800 0.00011154523568104574
859 0.00017065756051371745
891 5.757123449128065e-05
1026 0.00023397347506023475
1027 0.0002462203859023654
1028 0.0002734912621014559
1041 0.00010734164596720007
1042 0.00021605372159664503
1063 0.0002734912621014559
1083 7.178415593526694e-05
1102 8.285279662389543e-05
1103 9.527405980765772e-05
1111 9.886126874785542e-05
1140 3.8493910507496085e-05
1157 0.00013614669170503938
1194 0.0001027336712532598
1201 0.00018418695135817993
1216 4.5550455969092306e-05
1350 6.374802604546662e-05
1365 6.733409171295719e-05
1418 6.424444555902466e-05
1479 0.0001677901789526326
1491 0.00020908021320920737
1511 9.312153328472917e-05
1576 0.0001376235146469122
1662 0.00022883910672981793
1671 7.64676023536449e-05
1721 0.0001399262151792957
1750 0.0001245506276326127
1757 0.00020019542348213994
1922 7.334292682143156e-06
1929 4.2158123180710165e-05
1931 7.754816608258265e-05
1941 8.024367862190805e-05
1952 0.00023971321052336105
1957 8.88061998220748e-05
1960 0.00011712061541501202
1970 0.00012122674224136485
1973 0.0001275049519955334
1979 0.00018825025618924418
2026 8.535239208071232e-05
2040 4.7398314413738584e-05
2118 6.715720793434914e-05
2123 0.00011243128604527755
2167 8.744869066327002e-05
2184 0.00013130412920165632
2278 0.00013837905578907654
2281 0.0002734912621014559
2294 8.535239208071232e-05
2320 0.00014665847838343454
2371 8.858094887998e-06
2373 4.532432364915004e-05
2384 3.364472337590274e-05
2391 2.4157123570420575e-05
2439 5.502814824397996e-05
2493 2.5565430128539482e-05
2563 2.4450245822639586e-05
2571 6.593667904531496e-05
2582 7.458098891001271e-05
2673 0.00014849761844045535
2678 0.0001664173719040451
2739 7.583058115843726e-05
2783 8.718166847460814e-05
2785 0.00010856509334268535
2817 0.0001275049519955334
2819 0.0001423431449207802
2903 8.718166847460814e-05
2940 7.910237522724487e-05
2976 5.461691012835996e-05
3050 5.1064059112276297e-05
3051 7.910237522724487e-05
3076 9.818910047034337e-05
3083 0.00019756065060853997
3113 6.165346047478709e-05
3137 0.00011379132113009053
3149 7.541048004377448e-05
3150 7.604199766141655e-05
3223 0.00013687950893562258
3224 0.0002734912621014559
3228 4.566391685271689e-05
3229 4.669713069773751e-05
3230 4.692973938522239e-05
3235 0.0001287387249198448
3269 0.00010310145735752775
3327 0.0002875104201589402
3395 7.541048004377448e-05
3421 8.586807337437805e-05
3459 0.0001423431449207802
3461 0.00016920278300425065
3462 0.00018418695135817993
3465 5.7716484755306535e-05
3536 0.00026261715830791277
3572 5.234992335902794e-05
3596 8.285279662389543e-05
3597 0.0002537323685808453
3625 0.0001431761810607271
3657 4.716346370617082e-05
3664 0.0001431761810607271
3704 0.00013130412920165632
3719 2.489326185102742e-05
3723 6.859058854884968e-05
3724 5.7716484755306535e-05
3727 6.424444555902466e-05
3743 3.233112827567267e-05
3811 0.0002875104201589402
3872 9.164022082905678e-05
3875 3.285232498188492e-05
3887 5.5861184383926875e-05
3912 0.00013263932032595027
4005 9.222735356398462e-05
4010 0.00014071861357331354
4061 0.00013130412920165632
4105 9.988723143186235e-05
4170 0.00015775871449691997
4189 4.981125419104163e-05
4215 0.0001504088997800851
4224 8.236790279729728e-05
4247 4.846937791309118e-05
4301 0.00011154523568104574
4314 3.1644758795232604e-05
4321 0.00010200632301179658
4329 3.676019862375966e-05
4337 0.00016920278300425065
4345 5.131853189681648e-05
4354 0.00022883910672981793
4363 7.025520142447097e-05
4371 0.00013263932032595027
4402 6.950834500520415e-05
4406 6.508321716976057e-05
4453 3.6854914742017664e-05
4454 0.0001804365299615294
4495 3.207260550754382e-05
4499 9.312153328472917e-05
4502 6.424444555902466e-05
4503 7.798719092134497e-05
4519 0.00010128967145643295
4525 9.818910047034337e-05
4563 4.728074758348793e-05
4567 6.341986704442123e-05
4569 0.00010422176939821458
4572 0.00013401212737453773
4577 3.9085797470059324e-05
4588 0.00016508218077975113
4590 0.00023971321052336105
4670 7.541048004377448e-05
4676 1.811794967986411e-05
4699 3.676019862375966e-05
4708 0.00017065756051371745
4710 0.00018227567001855016
4749 0.0002875104201589402
4821 8.691610145495967e-05
4831 0.00013065000625947455
4832 0.0001347133110905388
4833 0.0001431761810607271
4834 1.7286007534181456e-05
4908 9.372690041743856e-05
4933 2.564069103539461e-05
4948 0.00011110817958998604
4972 4.681329625334851e-05
4977 0.00013401212737453773
5016 8.117636599183342e-05
5043 0.00010422176939821458
5065 0.0001287387249198448
5081 0.00018227567001855016
5131 0.00020298083458234552
5161 5.502814824397996e-05
5162 5.6001418804450566e-05
5166 0.0001347133110905388
5177 6.196989942762013e-05
5180 0.00010982004923951138
5198 0.00010654275221462514
5217 7.159039254876493e-05
5235 0.00030726931367955075
5316 0.00016378259903044513
5319 0.0001664173719040451
5369 7.562007790453742e-05
5370 0.00011154523568104574
5378 0.00010347204034115494
5379 2.541525611908456e-05
5395 3.215862746722012e-05
5396 0.00022419450561242282
5437 0.00013065000625947455
5448 9.954283828468142e-05
5469 1.1433598200043818e-05
5482 0.00013196715204843822
5503 0.0002059351589452662
5550 4.944160821510571e-05
5552 0.00019268344080366
5569 9.527405980765772e-05
5622 6.733409171295719e-05
5702 3.9886331735258645e-05
5705 0.00011566583790554528
5706 0.0002199543170027505
5720 0.00020908021320920737
5770 0.00013263932032595027
5797 5.544288630052885e-05
5798 0.00023397347506023475
5808 0.00011913044365880717
5810 5.261121850249547e-05
5811 0.00010310145735752775
5834 6.804811807694473e-05
5841 0.00014488623116808087
5854 7.178415593526694e-05
5868 7.256700694753944e-05
5869 0.00015554326811050196
5870 0.00015890538922556517
5872 0.00013130412920165632
5874 0.0002734912621014559
5888 8.358930576913648e-05
5891 0.00010310145735752775
5892 0.00011712061541501202
5894 1.5848029138067838e-05
5896 1.6219082409210568e-05
5909 6.663037655997976e-05
5912 0.00010498321344481378
5921 0.0002462203859023654
5934 5.434466680855229e-05
5938 5.91933076971794e-05
5939 0.00030726931367955075
6000 3.4631041686461846e-05
6022 2.0770655001689466e-05
6057 0.00011024565393173974
6106 7.217400943451535e-05
6109 0.00016920278300425065
6193 0.00010694056199521868
6227 0.00010536844412685977
6262 0.0001128804268053397
6264 4.7398314413738584e-05
6284 0.00016920278300425065
6302 8.509658347491132e-05
6345 0.0001251273376474703
6443 0.0001275049519955334
6466 0.00019268344080366
6475 8.691610145495967e-05
6476 0.00010774605847492284
6505 0.00013196715204843822
6528 0.00011913044365880717
6565 0.00011333374567896404
6578 6.025437603138515e-05
6590 8.691610145495967e-05
6611 0.00013614669170503938
6647 0.0001523982138465608
6670 0.00010734164596720007
6712 6.025437603138515e-05
6760 1.9892587507080337e-05
6885 5.131853189681648e-05
6898 0.0001263016457352357
6934 0.00010200632301179658
6955 0.0002059351589452662
6960 3.259102983841739e-05
6961 0.0001423431449207802
6962 0.00010460100421098168
6992 4.787143878550288e-05
7025 0.00016007969731333051
7036 0.00016251677649793962
7067 3.508605365233e-05
7139 6.196989942762013e-05
7142 0.00015139340654708521
7143 0.0001523982138465608
7178 3.714017269315804e-05
7238 0.0002199543170027505
7251 7.689695691525318e-05
7260 0.0001664173719040451
7321 3.8200641252257444e-05
7344 8.96392359620217e-05
7424 0.00017370426675739054
7425 0.0002875104201589402
7443 0.00014576429866269
7469 7.887728740211037e-05
7476 8.117636599183342e-05
7482 2.5340342303404983e-05
7483 2.8590308184836374e-05
7492 0.0002875104201589402
7495 0.00021605372159664503
7503 3.173002815645075e-05
7504 0.00012571095453322076
7532 0.00018227567001855016
7533 0.00030726931367955075
7552 0.000126899584862824
7554 8.260974660633398e-05
7558 0.00013614669170503938
7614 0.00014665847838343454
7617 0.0002462203859023654
7618 0.0002537323685808453
7658 0.00018227567001855016
7694 6.804811807694473e-05
7784 7.082295263288685e-05
7792 0.000101646679848061
7799 9.403242760948e-05
7808 4.7398314413738584e-05
7814 0.0001275049519955334
7818 2.996997446737178e-05
7836 6.424444555902466e-05
7837 0.00018617626542465564
7838 0.0002059351589452662
7890 9.233159952796689e-06
7891 6.932340577943291e-05
7938 4.907474504580058e-05
7943 7.64676023536449e-05
7981 6.950834500520415e-05
7991 0.00016007969731333051
7995 9.134928606937549e-05
8028 0.00019268344080366
8042 6.663037655997976e-05
8054 2.9805618738211806e-05
8068 0.00011379132113009053
8069 5.287392225192349e-05
8186 9.252359415714085e-05
8213 0.0001376235146469122
8221 0.00022883910672981793
8321 0.00019268344080366
8447 4.100899018649567e-05
8472 0.00016378259903044513
8513 4.3335009582674306e-05
8600 8.383730339089555e-05
8603 0.0001376235146469122
8621 0.000101646679848061
8626 0.0001263016457352357
8633 5.949411993323993e-05
8638 6.491430390704548e-05
8661 7.843020694973282e-05
8663 8.001326955199571e-05
8678 4.409901177660094e-05
8690 0.0001677901789526326
8695 4.476354154013861e-05
8696 4.787143878550288e-05
8697 0.0001376235146469122
8751 0.00015554326811050196
8761 0.00017370426675739054
8763 6.542281037332744e-05
8811 0.00011913044365880717
8813 4.431951634967444e-05
8814 9.988723143186235e-05
8863 0.0001664173719040451
8866 3.8493910507496085e-05
