63
45 0.00015663840245623315
103 0.00019268344080366
328 5.502814824397996e-05
430 2.1595466130645556e-05
511 4.409901177660094e-05
753 9.752607762356147e-05
757 0.00010815385522706535
861 7.316251041712385e-05
1729 0.00010200632301179658
1848 6.508321716976057e-05
1922 7.334292682143156e-06
2238 0.00011913044365880717
2239 0.0001251273376474703
2391 2.4157123570420575e-05
2417 8.63892700805903e-05
2563 2.4450245822639586e-05
2685 7.754816608258265e-05
2744 7.52017798211394e-05
2982 7.197869283035229e-05
3103 0.00012122674224136485
3627 6.491430390704548e-05
3628 7.733012801189119e-05
3681 0.0001287387249198448
3719 2.489326185102742e-05
3746 1.903006184883404e-05
3891 8.334256383691721e-05
3892 0.00011110817958998604
4220 4.3879500470736716e-05
4281 0.00014576429866269
4699 3.676019862375966e-05
4712 8.484211069037113e-05
4718 0.0001147195668623605
5303 0.00015663840245623315
5469 1.1433598200043818e-05
5492 0.00022419450561242282
5702 3.9886331735258645e-05
5722 0.00019268344080366
6348 9.590694438493474e-05
6349 0.0001523982138465608
6517 0.0001391464957049546
6687 6.196989942762013e-05
6693 0.0001128804268053397
6694 0.00018227567001855016
6725 8.458895984833521e-05
6727 8.612797493712278e-05
6728 9.527405980765772e-05
6789 4.7516165565500014e-05
6805 0.0001664173719040451
7178 3.714017269315804e-05
7180 0.0001275049519955334
7627 7.887728740211037e-05
7634 0.0001391464957049546
7671 9.134928606937549e-05
7784 7.082295263288685e-05
7890 9.233159952796689e-06
8031 5.5721352358276173e-05
8032 6.056183085252843e-05
8047 9.312153328472917e-05
8053 0.00016007969731333051
8447 4.100899018649567e-05
8474 8.408656954820681e-05
8479 0.00019041645403432799
8689 0.0001523982138465608
