328
15 6.0101372993599195e-05
20 0.0002462203859023654
44 0.00010575674440844711
52 9.785646144837983e-05
58 3.9886331735258645e-05
68 3.241760820520544e-05
69 0.00010460100421098168
112 0.00021244233432427055
148 0.00010614816360120087
158 1.722259642893919e-05
237 0.00030726931367955075
243 6.309390310328486e-05
276 4.8109734749355606e-05
310 8.408656954820681e-05
339 0.0001523982138465608
371 9.818910047034337e-05
378 7.955569410086921e-05
386 0.00012122674224136485
393 0.00015139340654708521
394 0.00018227567001855016
427 0.0001440237055098346
430 2.1595466130645556e-05
463 2.104404381130732e-05
466 0.00013401212737453773
479 0.00017065756051371745
509 1.4811799641107606e-05
549 6.786862826996617e-05
575 8.825864993225359e-05
723 6.212889280683989e-05
726 6.4078409870285e-05
732 0.00011614595437539213
738 0.00020298083458234552
765 7.499396958083494e-05
773 0.00011110817958998604
884 0.00012936752625714268
886 0.0001677901789526326
891 5.757123449128065e-05
904 0.00020019542348213994
1011 8.56095506062492e-05
1012 0.0002537323685808453
1055 0.00011614595437539213
1096 6.950834500520415e-05
1111 9.886126874785542e-05
1140 3.8493910507496085e-05
1145 9.920086195142229e-05
1164 8.408656954820681e-05
1165 8.433711728522342e-05
1216 4.5550455969092306e-05
1234 2.8271279696782107e-05
1254 8.96392359620217e-05
1350 6.374802604546662e-05
1468 0.00015554326811050196
1497 6.663037655997976e-05
1503 0.00015663840245623315
1511 9.312153328472917e-05
1671 7.64676023536449e-05
1674 0.00014944388948364012
1695 0.00014576429866269
1706 3.382257549850835e-05
1713 4.787143878550288e-05
1717 0.0001251273376474703
1718 0.00016128300357362823
1721 0.0001399262151792957
1777 4.871062309639001e-05
1942 0.0001376235146469122
1956 0.0001128804268053397
2029 0.00012122674224136485
2030 0.0001228603508781383
2040 4.7398314413738584e-05
2065 0.00016128300357362823
2093 0.00011811516886331826
2095 0.00020908021320920737
2123 0.00011243128604527755
2144 0.0001263016457352357
2146 0.0001347133110905388
2148 8.383730339089555e-05
2149 8.408656954820681e-05
2157 0.00023397347506023475
2158 0.00023971321052336105
2160 0.00018418695135817993
2333 0.00015890538922556517
2338 0.00022883910672981793
2371 8.858094887998e-06
2439 5.502814824397996e-05
2481 0.00020908021320920737
2482 0.0002462203859023654
2493 2.5565430128539482e-05
2563 2.4450245822639586e-05
2564 4.692973938522239e-05
2582 7.458098891001271e-05
2586 9.502842032885344e-06
2607 3.3290954653437934e-05
2612 8.001326955199571e-05
2647 0.00018825025618924418
2714 8.691610145495967e-05
2825 0.00011614595437539213
2862 0.00012230970742046953
2940 7.910237522724487e-05
2955 4.7516165565500014e-05
2958 6.950834500520415e-05
2963 8.509658347491132e-05
3149 7.541048004377448e-05
3150 7.604199766141655e-05
3156 9.342327683396404e-05
3161 0.00010536844412685977
3223 0.00013687950893562258
3226 8.164949036359771e-05
3228 4.566391685271689e-05
3229 4.669713069773751e-05
3230 4.692973938522239e-05
3235 0.0001287387249198448
3321 0.00011761535496899039
3409 8.458895984833521e-05
3413 8.001326955199571e-05
3414 9.852402568908913e-05
3436 0.00014665847838343454
3450 0.00011198624708459517
3465 5.7716484755306535e-05
3471 0.0001804365299615294
3513 6.056183085252843e-05
3545 6.071628875522179e-05
3572 5.234992335902794e-05
3627 6.491430390704548e-05
3628 7.733012801189119e-05
3719 2.489326185102742e-05
3723 6.859058854884968e-05
3731 5.3138049876864844e-05
3743 3.233112827567267e-05
3766 5.131853189681648e-05
3782 0.00013614669170503938
3875 3.285232498188492e-05
3887 5.5861184383926875e-05
3932 4.895306850942043e-05
3951 9.920086195142229e-05
3952 0.0001804365299615294
3953 0.00021244233432427055
3973 0.00018227567001855016
3974 0.00010128967145643295
4005 9.222735356398462e-05
4066 0.00030726931367955075
4094 0.00010694056199521868
4159 0.00018825025618924418
4160 0.00020019542348213994
4189 4.981125419104163e-05
4191 0.00019041645403432799
4247 4.846937791309118e-05
4290 5.656642719180506e-05
4291 7.843020694973282e-05
4314 3.1644758795232604e-05
4329 3.676019862375966e-05
4330 0.00026261715830791277
4381 4.3226837668107787e-05
4392 8.334256383691721e-05
4453 3.6854914742017664e-05
4461 9.19329029551259e-05
4465 0.00017370426675739054
4467 5.5861184383926875e-05
4486 0.00012571095453322076
4495 3.207260550754382e-05
4563 4.728074758348793e-05
4567 6.341986704442123e-05
4577 3.9085797470059324e-05
4676 1.811794967986411e-05
4759 5.0810908270240366e-05
4797 9.988723143186235e-05
4810 0.00010856509334268535
4811 0.00021605372159664503
4834 1.7286007534181456e-05
4835 0.0001440237055098346
4839 3.088397517794058e-05
4846 4.681329625334851e-05
4911 6.341986704442123e-05
4913 6.457822376461287e-05
4914 6.542281037332744e-05
4926 0.00010236864012694453
4927 0.00010236864012694453
5000 0.00013065000625947455
5002 0.00014665847838343454
5079 0.0001415241100530177
5161 5.502814824397996e-05
5162 5.6001418804450566e-05
5191 0.00014849761844045535
5222 2.3001954162320978e-05
5254 5.9796800580258657e-05
5270 0.00020298083458234552
5379 2.541525611908456e-05
5395 3.215862746722012e-05
5427 3.490353872923123e-05
5434 7.159039254876493e-05
5443 0.00011712061541501202
5447 0.00016251677649793962
5455 8.908229930004346e-05
5469 1.1433598200043818e-05
5490 0.00015447220461114937
5600 0.00018227567001855016
5674 0.00010236864012694453
5687 2.724862948448243e-05
5699 8.260974660633398e-05
5702 3.9886331735258645e-05
5806 7.910237522724487e-05
5834 6.804811807694473e-05
5854 7.178415593526694e-05
5862 6.610917985376751e-05
5865 0.0001196461249524729
5868 7.256700694753944e-05
5894 1.5848029138067838e-05
5896 1.6219082409210568e-05
5901 0.00021244233432427055
5945 0.0001753021616311125
5980 0.00022883910672981793
5984 3.088397517794058e-05
5985 7.52017798211394e-05
5987 7.798719092134497e-05
5988 7.044371782011974e-05
5989 0.00013130412920165632
5996 0.0001431761810607271
6000 3.4631041686461846e-05
6022 2.0770655001689466e-05
6030 0.0001391464957049546
6064 0.00010498321344481378
6074 0.0002734912621014559
6159 7.101368253390731e-05
6160 7.955569410086921e-05
6173 0.00013196715204843822
6197 5.5304247721948624e-05
6222 0.00010347204034115494
6328 9.920086195142229e-05
6336 0.00015890538922556517
6337 0.00016007969731333051
6371 0.0001664173719040451
6380 0.00011067500849334801
6399 8.212725328354177e-05
6408 4.3989132524856074e-05
6427 0.00020908021320920737
6467 4.669713069773751e-05
6468 4.669713069773751e-05
6490 2.724862948448243e-05
6491 7.604199766141655e-05
6505 0.00013196715204843822
6516 9.818910047034337e-05
6540 6.040786096929821e-05
6568 3.9584588186023764e-05
6595 7.66818067754729e-05
6600 0.00013065000625947455
6613 0.00014944388948364012
6619 5.7716484755306535e-05
6653 0.0001423431449207802
6704 0.00010694056199521868
6706 7.910237522724487e-05
6725 8.458895984833521e-05
6727 8.612797493712278e-05
6728 9.527405980765772e-05
6757 0.0001287387249198448
6760 1.9892587507080337e-05
6811 0.00014576429866269
6833 2.7093186202753706e-05
6859 0.0002537323685808453
6868 0.00016508218077975113
6881 0.0001804365299615294
6905 2.9805618738211806e-05
6929 5.904359505253569e-05
6980 0.00011379132113009053
6982 0.0001147195668623605
6983 0.00013263932032595027
7039 0.0001753021616311125
7139 6.196989942762013e-05
7142 0.00015139340654708521
7143 0.0001523982138465608
7156 0.0001475693727081854
7157 0.00014849761844045535
7161 0.0001423431449207802
7162 0.00015447220461114937
7174 7.256700694753944e-05
7233 0.00017370426675739054
7289 0.00013542473142615584
7319 0.00023397347506023475
7373 7.27647006365303e-05
7376 0.00013263932032595027
7390 0.00013065000625947455
7460 0.0001804365299615294
7482 2.5340342303404983e-05
7483 2.8590308184836374e-05
7503 3.173002815645075e-05
7520 9.558947467904783e-05
7627 7.887728740211037e-05
7650 0.00017215710736717137
7701 0.00011425323385392718
7799 9.403242760948e-05
7818 2.996997446737178e-05
7831 0.00015139340654708521
7890 9.233159952796689e-06
7911 0.00010774605847492284
7912 0.00011761535496899039
7938 4.907474504580058e-05
7942 9.134928606937549e-05
7943 7.64676023536449e-05
8009 2.7093186202753706e-05
8010 3.97855428110104e-05
8054 2.9805618738211806e-05
8056 0.00022883910672981793
8057 0.00023397347506023475
8079 0.00015775871449691997
8098 0.0001300045474523503
8142 0.00020298083458234552
8144 1.8182537399726556e-05
8162 0.00013332088986277624
8349 4.919672615455441e-05
8437 8.433711728522342e-05
8444 5.815485137703107e-05
8447 4.100899018649567e-05
8503 7.256700694753944e-05
8513 4.3335009582674306e-05
8526 0.00010939812948263226
8570 0.00021244233432427055
8575 0.00020019542348213994
8633 5.949411993323993e-05
8638 6.491430390704548e-05
8639 3.69498153124238e-05
8678 4.409901177660094e-05
8717 9.106007793564448e-05
8718 9.403242760948e-05
8763 6.542281037332744e-05
8818 7.139739654402146e-05
8819 7.139739654402146e-05
8866 3.8493910507496085e-05
8890 0.00010058340652177312
8891 0.00010058340652177312
8892 0.00010384546306881737
