68
12 0.0001523982138465608
13 0.0001664173719040451
430 2.1595466130645556e-05
549 6.786862826996617e-05
772 0.00011712061541501202
1440 0.00010815385522706535
1650 0.00016920278300425065
1706 3.382257549850835e-05
1713 4.787143878550288e-05
1830 0.00022883910672981793
1922 7.334292682143156e-06
2040 4.7398314413738584e-05
2415 0.0001275049519955334
2439 5.502814824397996e-05
2586 9.502842032885344e-06
3050 5.1064059112276297e-05
3051 7.910237522724487e-05
3264 0.00018617626542465564
3727 6.424444555902466e-05
3731 5.3138049876864844e-05
3743 3.233112827567267e-05
3746 1.903006184883404e-05
4018 9.342327683396404e-05
4022 0.00014944388948364012
4046 9.312153328472917e-05
4220 4.3879500470736716e-05
4221 0.00019268344080366
4398 6.325661252824365e-05
4495 3.207260550754382e-05
4652 4.476354154013861e-05
4751 0.00010856509334268535
4834 1.7286007534181456e-05
4911 6.341986704442123e-05
4913 6.457822376461287e-05
4914 6.542281037332744e-05
5484 0.00012936752625714268
5485 0.00023397347506023475
5509 8.935997200289977e-05
5984 3.088397517794058e-05
5985 7.52017798211394e-05
5987 7.798719092134497e-05
6120 0.0001504088997800851
6121 0.0001523982138465608
6195 9.622649587425546e-05
6429 5.815485137703107e-05
6490 2.724862948448243e-05
6491 7.604199766141655e-05
6507 6.212889280683989e-05
6578 6.025437603138515e-05
6686 0.00011333374567896404
6706 7.910237522724487e-05
6707 0.00016251677649793962
7178 3.714017269315804e-05
7181 0.0001263016457352357
7503 3.173002815645075e-05
7818 2.996997446737178e-05
7884 0.00010982004923951138
7890 9.233159952796689e-06
8095 0.00015342417653056774
8144 1.8182537399726556e-05
8168 0.0001664173719040451
8378 0.00020019542348213994
8516 8.024367862190805e-05
8604 0.00015447220461114937
8695 4.476354154013861e-05
8696 4.787143878550288e-05
8882 0.0001147195668623605
8883 0.00011519040557349246
