363
15 6.0101372993599195e-05
60 0.00017215710736717137
82 8.334256383691721e-05
91 0.00015663840245623315
122 0.0001523982138465608
124 0.00015447220461114937
158 1.722259642893919e-05
160 3.6009024944890365e-05
163 4.4209139343250144e-05
210 0.00015342417653056774
276 4.8109734749355606e-05
277 5.502814824397996e-05
338 0.0001391464957049546
344 9.164022082905678e-05
377 0.00011913044365880717
401 0.00010939812948263226
404 0.00011913044365880717
405 0.00011913044365880717
430 2.1595466130645556e-05
436 6.181142310095298e-05
443 5.859719717528758e-05
446 0.00010058340652177312
459 8.798716495431228e-05
463 2.104404381130732e-05
468 0.0002734912621014559
509 1.4811799641107606e-05
511 4.409901177660094e-05
521 6.165346047478709e-05
668 8.63892700805903e-05
692 0.00015342417653056774
693 0.00019506105515172307
723 6.212889280683989e-05
726 6.4078409870285e-05
727 0.00021605372159664503
728 0.00017370426675739054
765 7.499396958083494e-05
785 9.134928606937549e-05
821 0.00011243128604527755
858 0.00010815385522706535
872 6.593667904531496e-05
878 0.0001440237055098346
891 5.757123449128065e-05
918 0.0001275049519955334
963 0.00013614669170503938
965 0.0001391464957049546
1014 0.00017695423263882194
1096 6.950834500520415e-05
1126 4.895306850942043e-05
1130 8.665197383001834e-05
1140 3.8493910507496085e-05
1164 8.408656954820681e-05
1165 8.433711728522342e-05
1287 0.00015139340654708521
1306 4.5550455969092306e-05
1350 6.374802604546662e-05
1418 6.424444555902466e-05
1469 6.358367031630664e-05
1497 6.663037655997976e-05
1504 0.0001239806629188251
1545 0.00022419450561242282
1546 0.0002734912621014559
1569 9.920086195142229e-05
1572 0.00014849761844045535
1594 0.000126899584862824
1655 0.00020019542348213994
1665 0.00013263932032595027
1666 0.0001804365299615294
1759 0.0001391464957049546
1777 4.871062309639001e-05
1797 0.0002199543170027505
1881 8.408656954820681e-05
1882 9.496067334174995e-05
1922 7.334292682143156e-06
1929 4.2158123180710165e-05
1931 7.754816608258265e-05
1932 0.0001275049519955334
1933 0.0002059351589452662
1985 9.496067334174995e-05
2004 7.217400943451535e-05
2040 4.7398314413738584e-05
2042 8.383730339089555e-05
2059 0.00014071861357331354
2060 0.00023971321052336105
2076 7.66818067754729e-05
2079 0.00017215710736717137
2087 0.0001753021616311125
2118 6.715720793434914e-05
2148 8.383730339089555e-05
2149 8.408656954820681e-05
2151 0.00011566583790554528
2213 0.00030726931367955075
2253 0.00015342417653056774
2320 0.00014665847838343454
2341 8.744869066327002e-05
2343 0.0001263016457352357
2371 8.858094887998e-06
2384 3.364472337590274e-05
2391 2.4157123570420575e-05
2421 0.00015447220461114937
2422 0.00017370426675739054
2455 0.00010128967145643295
2458 0.00017065756051371745
2550 5.3403616896513294e-05
2559 7.604199766141655e-05
2563 2.4450245822639586e-05
2564 4.692973938522239e-05
2571 6.593667904531496e-05
2586 9.502842032885344e-06
2587 0.00014944388948364012
2590 8.771718405598661e-05
2607 3.3290954653437934e-05
2618 4.846937791309118e-05
2667 8.358930576913648e-05
2685 7.754816608258265e-05
2772 0.00011067500849334801
2825 0.00011614595437539213
2826 0.00021244233432427055
2858 0.00020019542348213994
2860 0.00026261715830791277
2955 4.7516165565500014e-05
2976 5.461691012835996e-05
3031 8.691610145495967e-05
3035 0.00018418695135817993
3134 0.0001228603508781383
3145 0.00022883910672981793
3147 0.00012936752625714268
3190 0.0001753021616311125
3228 4.566391685271689e-05
3229 4.669713069773751e-05
3230 4.692973938522239e-05
3269 0.00010310145735752775
3270 0.0001753021616311125
3307 8.408656954820681e-05
3395 7.541048004377448e-05
3401 0.0001504088997800851
3419 0.00011712061541501202
3435 0.00021244233432427055
3493 0.00023397347506023475
3495 0.0001504088997800851
3576 5.3536945098705395e-05
3647 8.094151528426567e-05
3706 0.00023971321052336105
3719 2.489326185102742e-05
3731 5.3138049876864844e-05
3732 0.00010654275221462514
3733 0.0001128804268053397
3743 3.233112827567267e-05
3746 1.903006184883404e-05
3875 3.285232498188492e-05
3926 0.00011110817958998604
3932 4.895306850942043e-05
3936 0.0002199543170027505
3938 0.0002875104201589402
3940 0.00019041645403432799
3969 6.0101372993599195e-05
3970 6.663037655997976e-05
4108 9.654815662959692e-05
4109 0.00017215710736717137
4131 0.00018227567001855016
4220 4.3879500470736716e-05
4295 0.00012176521653240713
4314 3.1644758795232604e-05
4315 7.256700694753944e-05
4316 0.0002537323685808453
4381 4.3226837668107787e-05
4382 6.14960082295629e-05
4390 8.825864993225359e-05
4398 6.325661252824365e-05
4435 0.00010856509334268535
4436 0.0001128804268053397
4453 3.6854914742017664e-05
4460 0.00011862016226846598
4485 7.159039254876493e-05
4495 3.207260550754382e-05
4533 5.685140711216779e-05
4558 0.0002199543170027505
4563 4.728074758348793e-05
4569 0.00010422176939821458
4572 0.00013401212737453773
4628 0.00011566583790554528
4629 0.00015890538922556517
4670 7.541048004377448e-05
4676 1.811794967986411e-05
4683 0.00017695423263882194
4699 3.676019862375966e-05
4723 9.106007793564448e-05
4834 1.7286007534181456e-05
4839 3.088397517794058e-05
4846 4.681329625334851e-05
4911 6.341986704442123e-05
4913 6.457822376461287e-05
4914 6.542281037332744e-05
4923 8.188778632745044e-05
4925 0.00020019542348213994
4933 2.564069103539461e-05
4942 6.804811807694473e-05
4972 4.681329625334851e-05
4974 0.00013263932032595027
5007 0.00018617626542465564
5161 5.502814824397996e-05
5162 5.6001418804450566e-05
5171 7.52017798211394e-05
5334 9.719791862251607e-05
5335 9.852402568908913e-05
5369 7.562007790453742e-05
5370 0.00011154523568104574
5378 0.00010347204034115494
5379 2.541525611908456e-05
5380 3.8298201700263376e-05
5395 3.215862746722012e-05
5427 3.490353872923123e-05
5434 7.159039254876493e-05
5457 0.0001423431449207802
5469 1.1433598200043818e-05
5473 0.0001251273376474703
5482 0.00013196715204843822
5568 0.0001753021616311125
5676 9.312153328472917e-05
5713 0.0001786642827461757
5729 9.106007793564448e-05
5731 0.0001415241100530177
5765 0.00015554326811050196
5766 0.00018418695135817993
5797 5.544288630052885e-05
5826 0.0001391464957049546
5828 0.00018227567001855016
5858 6.663037655997976e-05
5894 1.5848029138067838e-05
5896 1.6219082409210568e-05
5907 0.0001786642827461757
5909 6.663037655997976e-05
5975 0.00010460100421098168
5984 3.088397517794058e-05
6022 2.0770655001689466e-05
6032 0.00017215710736717137
6035 9.818910047034337e-05
6036 0.00017370426675739054
6064 0.00010498321344481378
6067 0.00016378259903044513
6069 0.0001786642827461757
6071 0.0002199543170027505
6084 7.843020694973282e-05
6085 0.00011862016226846598
6092 0.00014576429866269
6138 0.0002734912621014559
6159 7.101368253390731e-05
6160 7.955569410086921e-05
6174 0.0002875104201589402
6242 3.105201474962982e-05
6254 8.141235399539764e-05
6292 8.853165584237468e-05
6312 0.00019506105515172307
6313 0.0002537323685808453
6314 0.0002537323685808453
6352 0.00011519040557349246
6380 0.00011067500849334801
6431 0.00016251677649793962
6467 4.669713069773751e-05
6468 4.669713069773751e-05
6490 2.724862948448243e-05
6516 9.818910047034337e-05
6528 0.00011913044365880717
6540 6.040786096929821e-05
6547 0.0001475693727081854
6566 7.082295263288685e-05
6568 3.9584588186023764e-05
6569 4.981125419104163e-05
6586 5.24803957997587e-05
6588 6.576478670658657e-05
6593 7.754816608258265e-05
6595 7.66818067754729e-05
6619 5.7716484755306535e-05
6623 0.00010460100421098168
6653 0.0001423431449207802
6667 0.00012069415303305452
6668 0.00017695423263882194
6675 5.7716484755306535e-05
6686 0.00011333374567896404
6689 7.376538112671329e-05
6760 1.9892587507080337e-05
6762 7.139739654402146e-05
6763 7.27647006365303e-05
6784 9.68719546813797e-05
6785 0.0001228603508781383
6789 4.7516165565500014e-05
6815 7.178415593526694e-05
6822 8.535239208071232e-05
6823 0.00012176521653240713
6881 0.0001804365299615294
6905 2.9805618738211806e-05
6919 7.3968006896828e-05
6920 9.403242760948e-05
6929 5.904359505253569e-05
6960 3.259102983841739e-05
6967 0.00010536844412685977
6972 6.133906307779394e-05
6975 0.0001440237055098346
7067 3.508605365233e-05
7073 5.516600244482883e-05
7165 6.628229345501092e-05
7167 0.00011243128604527755
7171 0.00012341728754011654
7174 7.256700694753944e-05
7178 3.714017269315804e-05
7195 0.00018418695135817993
7251 7.689695691525318e-05
7321 3.8200641252257444e-05
7344 8.96392359620217e-05
7345 0.00011425323385392718
7355 0.00017215710736717137
7369 9.372690041743856e-05
7373 7.27647006365303e-05
7374 0.00010498321344481378
7406 6.698096388147314e-05
7444 9.886126874785542e-05
7447 0.00012176521653240713
7482 2.5340342303404983e-05
7483 2.8590308184836374e-05
7491 0.0001147195668623605
7665 0.00010422176939821458
7677 6.988034244141115e-05
7678 8.260974660633398e-05
7679 8.260974660633398e-05
7724 9.920086195142229e-05
7775 0.00010536844412685977
7799 9.403242760948e-05
7808 4.7398314413738584e-05
7818 2.996997446737178e-05
7858 4.509923582401553e-05
7863 7.64676023536449e-05
7866 5.91933076971794e-05
7890 9.233159952796689e-06
7894 6.374802604546662e-05
7902 7.376538112671329e-05
7903 8.141235399539764e-05
7989 0.00011862016226846598
8054 2.9805618738211806e-05
8061 7.865323446718271e-05
8084 0.00011333374567896404
8170 0.00011425323385392718
8204 5.1064059112276297e-05
8234 4.8109734749355606e-05
8349 4.919672615455441e-05
8444 5.815485137703107e-05
8447 4.100899018649567e-05
8513 4.3335009582674306e-05
8516 8.024367862190805e-05
8520 5.874554257904601e-05
8521 6.610917985376751e-05
8522 0.0001523982138465608
8523 0.00016007969731333051
8535 0.00012341728754011654
8539 7.955569410086921e-05
8639 3.69498153124238e-05
8666 0.0001128804268053397
8708 0.0002734912621014559
8756 9.372690041743856e-05
8757 9.818910047034337e-05
8781 8.63892700805903e-05
8812 0.00018418695135817993
8829 0.00011663084820199027
8871 7.025520142447097e-05
8872 0.00010422176939821458
