184
44 0.005965215861823295
56 0.0028973496145856055
93 0.0030972034139953334
108 0.007155895154406624
109 0.0033597801072382575
277 0.003103866184495882
373 0.016715131502120013
401 0.003085304208700059
402 0.008665772542759987
427 0.00406183311235331
438 0.020155140352328075
459 0.0024814608040279462
494 0.0030502125246316654
574 0.006598644334610165
662 0.008665772542759987
707 0.005356262790010604
708 0.0027229024426676193
726 0.0018071733821644932
821 0.00317084690264403
872 0.005578743832137787
904 0.005646017766053262
926 0.007713145974203085
1095 0.0019603112996404407
1102 0.0134348484336368
1110 0.00557627612076511
1268 0.0071355606573978905
1411 0.03262519645927036
1468 0.007172881896948415
1496 0.0018791453034890495
1503 0.003496568569406865
1511 0.0035959624436208656
1567 0.00525064201729282
1588 0.004481534268285559
1640 0.0021386143648227623
1646 0.004214696022399369
1702 0.008835199004366771
1728 0.002876836552788389
1921 0.00020684562146601202
1930 0.0021870546079999255
1935 0.0031092065437964066
1941 0.007762663054008111
1983 0.0030273061672774905
2031 0.0031092065437964066
2117 0.0018940032819965806
2180 0.007713145974203085
2272 0.005571710500706671
2358 0.008665772542759987
2388 0.002276164028686972
2497 0.012406537171699445
2570 0.0018595812773792625
2738 0.004277228729645525
2829 0.0023366586187093543
2836 0.008108521722963528
2848 0.007406468717848476
2954 0.0013400761630371395
3050 0.0022308872405860957
3079 0.011143421001413342
3217 0.005370226070740287
3229 0.0013235374601300693
3306 0.00711436241595208
3388 0.01319728866922033
3434 0.005991411656638921
3486 0.004188008783358664
3506 0.002576281131171754
3540 0.007406468717848476
3544 0.0017123530550206853
3564 0.00802887409831641
3641 0.003819320273638927
3661 0.005991411656638921
3663 0.008075861554513923
3698 0.006760519405646182
3724 0.0016277509877825691
3785 0.008665772542759987
3884 0.00237852021913263
3912 0.007481529257878916
3916 0.005896591329495113
3919 0.008108521722963528
3947 0.006093261920472469
3974 0.0028566251646194
3999 0.0053091338074637475
4012 0.008665772542759987
4089 0.0062032685858497225
4149 0.006598644334610165
4221 0.0024750260012354783
4226 0.0030735071437657455
4248 0.001366959164435027
4297 0.0026869696867273594
4381 0.05306932196545602
4382 0.0012191062572727107
4393 0.0023504712940335634
4430 0.005991411656638921
4485 0.003434087372584849
4493 0.001965546923596176
4534 0.0016033536081760738
4626 0.004990557345813864
4838 0.004655735427560576
4886 0.0028973496145856055
4888 0.005194538324380061
4951 0.0032222304433740475
5019 0.0030972034139953334
5112 0.004188008783358664
5120 0.006944038225195823
5124 0.004014437049158205
5193 0.004513153533211302
5218 0.0020190303113752943
5223 0.00778456008207359
5229 0.0027818420702686664
5234 0.004037930777256961
5337 0.0053091338074637475
5371 0.003145858039207214
5423 0.008665772542759987
5434 0.00580789283708928
5438 0.0036846609360267
5456 0.007537039095208741
5463 0.006009550681878096
5507 0.005434160836842462
5551 0.0013943785202943735
5583 0.008323659807438911
5623 0.0037979837047207245
5643 0.00277862695234545
5703 0.0022497910659786393
5706 0.006524138907684934
5763 0.011772850345467298
5811 0.0014837695547286064
5855 0.00202449492941487
5869 0.002046573309862251
5873 0.011109326577011023
5913 0.005921584798861901
5929 0.004241911755823159
5946 0.004943964760938211
6110 0.009543893684391657
6194 0.0030159945838651547
6228 0.0029716568799321966
6328 0.002928704958447153
6329 0.0027977154484527702
6381 0.0031213154294073334
6456 0.004548589012177768
6463 0.005038785088082019
6469 0.0013169773062602426
6471 0.003562026160735508
6477 0.01823226974294644
6517 0.0027691812132648735
6537 0.004230039600660766
6578 0.0030735071437657455
6643 0.004326950193798797
6654 0.004014437049158205
6713 0.0033986518936183823
6761 0.005049191958126264
6764 0.008208595089528583
6823 0.009628614154725419
6834 0.0007640964412624716
6858 0.008272280755399802
6963 0.008850039394255717
7000 0.0017794077989128944
7371 0.005571710500706671
7407 0.0018890327535180018
7409 0.00245125410179304
7412 0.0053091338074637475
7484 0.0024189572140183076
7494 0.007406468717848476
7496 0.006093261920472469
7555 0.002329803992897621
7680 0.004659607985795242
7695 0.005757387610459476
7716 0.003968621152422057
7903 0.006241111486720906
7904 0.004592068979791036
7963 0.00580789283708928
7988 0.002211930393468414
8011 0.0011220530301636856
8159 0.003085304208700059
8230 0.008665772542759987
8235 0.0013568163167286618
8257 0.006944038225195823
8433 0.008665772542759987
8448 0.0046262293739499916
8509 0.008108521722963528
8560 0.0032092033351625534
8604 0.011643994581012167
8639 0.0018307477101885735
8697 0.002700191534534188
8799 0.01542629194840617
8814 0.0012499225623680335
8880 0.040491883502902726
