337
44 0.00010575674440844711
46 0.00016920278300425065
58 3.9886331735258645e-05
68 3.241760820520544e-05
158 1.722259642893919e-05
160 3.6009024944890365e-05
225 4.311890533715833e-05
232 0.0001245506276326127
246 0.0001002340757964429
278 5.558192042480493e-05
319 0.0001523982138465608
328 5.502814824397996e-05
330 6.358367031630664e-05
334 9.252359415714085e-05
375 8.334256383691721e-05
412 6.391293797104737e-05
413 7.562007790453742e-05
421 0.0002537323685808453
430 2.1595466130645556e-05
443 5.859719717528758e-05
447 0.00019506105515172307
463 2.104404381130732e-05
480 6.877276232176413e-05
517 0.00021605372159664503
522 0.00011110817958998604
535 8.236790279729728e-05
536 0.00017065756051371745
549 6.786862826996617e-05
569 0.0001415241100530177
597 0.00011198624708459517
599 0.00016251677649793962
632 6.4078409870285e-05
645 6.341986704442123e-05
651 0.00012571095453322076
652 0.0001664173719040451
751 0.00011614595437539213
821 0.00011243128604527755
861 7.316251041712385e-05
969 0.00010536844412685977
1041 0.00010734164596720007
1140 3.8493910507496085e-05
1164 8.408656954820681e-05
1165 8.433711728522342e-05
1166 0.00019506105515172307
1176 0.0002059351589452662
1194 0.0001027336712532598
1223 0.00014849761844045535
1343 0.000126899584862824
1349 0.00015663840245623315
1391 6.491430390704548e-05
1483 0.00019506105515172307
1524 0.0001300045474523503
1526 0.00016378259903044513
1554 0.00022883910672981793
1629 0.00015447220461114937
1667 0.0001376235146469122
1706 3.382257549850835e-05
1713 4.787143878550288e-05
1729 0.00010200632301179658
1773 0.0001002340757964429
1793 0.00014665847838343454
1848 6.508321716976057e-05
1881 8.408656954820681e-05
1882 9.496067334174995e-05
1888 6.071628875522179e-05
1899 0.00030726931367955075
1922 7.334292682143156e-06
1942 0.0001376235146469122
1985 9.496067334174995e-05
2004 7.217400943451535e-05
2006 0.00016920278300425065
2040 4.7398314413738584e-05
2054 0.00015447220461114937
2083 0.00010422176939821458
2085 0.0001147195668623605
2118 6.715720793434914e-05
2162 0.0001263016457352357
2238 0.00011913044365880717
2239 0.0001251273376474703
2358 0.0001804365299615294
2371 8.858094887998e-06
2373 4.532432364915004e-05
2374 8.586807337437805e-05
2402 8.825864993225359e-05
2417 8.63892700805903e-05
2426 0.00019041645403432799
2479 0.00013542473142615584
2493 2.5565430128539482e-05
2526 8.070779096331723e-05
2563 2.4450245822639586e-05
2586 9.502842032885344e-06
2607 3.3290954653437934e-05
2618 4.846937791309118e-05
2626 0.0001287387249198448
2672 0.00019268344080366
2682 0.00015342417653056774
2685 7.754816608258265e-05
2708 0.0001300045474523503
2718 8.88061998220748e-05
2725 0.00010536844412685977
2739 7.583058115843726e-05
2744 7.52017798211394e-05
2748 0.00020019542348213994
2749 0.0002059351589452662
2896 0.00011379132113009053
2897 0.00013332088986277624
2913 0.00016378259903044513
2929 0.0001251273376474703
2930 0.0001523982138465608
2955 4.7516165565500014e-05
2958 6.950834500520415e-05
2963 8.509658347491132e-05
2970 0.00017215710736717137
2972 0.00023971321052336105
2982 7.197869283035229e-05
3214 8.001326955199571e-05
3303 0.00010058340652177312
3395 7.541048004377448e-05
3401 0.0001504088997800851
3450 0.00011198624708459517
3490 0.0001245506276326127
3508 0.00018227567001855016
3513 6.056183085252843e-05
3576 5.3536945098705395e-05
3600 0.0001002340757964429
3654 6.663037655997976e-05
3681 0.0001287387249198448
3719 2.489326185102742e-05
3731 5.3138049876864844e-05
3740 0.00016378259903044513
3743 3.233112827567267e-05
3746 1.903006184883404e-05
3755 0.00023397347506023475
3760 0.00010614816360120087
3819 6.424444555902466e-05
3832 3.3290954653437934e-05
3875 3.285232498188492e-05
3879 0.0002734912621014559
3887 5.5861184383926875e-05
3901 0.00010384546306881737
4035 0.0002199543170027505
4189 4.981125419104163e-05
4220 4.3879500470736716e-05
4236 0.00023397347506023475
4247 4.846937791309118e-05
4281 0.00014576429866269
4290 5.656642719180506e-05
4291 7.843020694973282e-05
4314 3.1644758795232604e-05
4315 7.256700694753944e-05
4375 7.541048004377448e-05
4399 9.282164663063054e-05
4453 3.6854914742017664e-05
4467 5.5861184383926875e-05
4495 3.207260550754382e-05
4502 6.424444555902466e-05
4533 5.685140711216779e-05
4541 0.0001376235146469122
4558 0.0002199543170027505
4576 0.0001475693727081854
4577 3.9085797470059324e-05
4652 4.476354154013861e-05
4670 7.541048004377448e-05
4676 1.811794967986411e-05
4684 0.0002199543170027505
4699 3.676019862375966e-05
4712 8.484211069037113e-05
4718 0.0001147195668623605
4779 0.00016251677649793962
4829 8.383730339089555e-05
4834 1.7286007534181456e-05
4853 8.535239208071232e-05
4854 0.00016920278300425065
4933 2.564069103539461e-05
4942 6.804811807694473e-05
5055 0.00013065000625947455
5056 0.00013614669170503938
5068 0.00017370426675739054
5114 0.00026261715830791277
5171 7.52017798211394e-05
5177 6.196989942762013e-05
5192 8.001326955199571e-05
5254 5.9796800580258657e-05
5264 0.00011425323385392718
5266 0.00019506105515172307
5294 9.68719546813797e-05
5297 0.0001415241100530177
5303 0.00015663840245623315
5307 0.00013263932032595027
5329 0.00014849761844045535
5334 9.719791862251607e-05
5335 9.852402568908913e-05
5379 2.541525611908456e-05
5380 3.8298201700263376e-05
5427 3.490353872923123e-05
5443 0.00011712061541501202
5464 0.00020019542348213994
5469 1.1433598200043818e-05
5471 0.00020298083458234552
5550 4.944160821510571e-05
5676 9.312153328472917e-05
5687 2.724862948448243e-05
5699 8.260974660633398e-05
5702 3.9886331735258645e-05
5729 9.106007793564448e-05
5731 0.0001415241100530177
5738 9.19329029551259e-05
5744 0.00015890538922556517
5806 7.910237522724487e-05
5849 0.00019041645403432799
5850 0.00019268344080366
5858 6.663037655997976e-05
5861 0.00023397347506023475
5894 1.5848029138067838e-05
5896 1.6219082409210568e-05
5911 7.47870417645905e-05
5934 5.434466680855229e-05
5938 5.91933076971794e-05
6000 3.4631041686461846e-05
6003 0.00021244233432427055
6005 0.00010897983139923425
6114 0.00010536844412685977
6159 7.101368253390731e-05
6160 7.955569410086921e-05
6197 5.5304247721948624e-05
6222 0.00010347204034115494
6254 8.141235399539764e-05
6348 9.590694438493474e-05
6349 0.0001523982138465608
6399 8.212725328354177e-05
6429 5.815485137703107e-05
6452 8.63892700805903e-05
6464 0.0002875104201589402
6483 0.00010734164596720007
6534 0.00018418695135817993
6540 6.040786096929821e-05
6550 0.00020019542348213994
6589 5.9343481706634316e-05
6590 8.691610145495967e-05
6600 0.00013065000625947455
6601 0.00021605372159664503
6667 0.00012069415303305452
6682 6.698096388147314e-05
6693 0.0001128804268053397
6694 0.00018227567001855016
6704 0.00010694056199521868
6725 8.458895984833521e-05
6727 8.612797493712278e-05
6728 9.527405980765772e-05
6760 1.9892587507080337e-05
6762 7.139739654402146e-05
6763 7.27647006365303e-05
6789 4.7516165565500014e-05
6805 0.0001664173719040451
6815 7.178415593526694e-05
6822 8.535239208071232e-05
6826 0.00013614669170503938
6833 2.7093186202753706e-05
6885 5.131853189681648e-05
6893 9.252359415714085e-05
6894 9.252359415714085e-05
6986 0.00023397347506023475
6992 4.787143878550288e-05
6995 7.843020694973282e-05
6999 6.309390310328486e-05
7010 0.0001504088997800851
7011 0.0002734912621014559
7042 0.00017065756051371745
7067 3.508605365233e-05
7073 5.516600244482883e-05
7124 6.859058854884968e-05
7139 6.196989942762013e-05
7142 0.00015139340654708521
7143 0.0001523982138465608
7151 0.00030726931367955075
7165 6.628229345501092e-05
7173 0.00017215710736717137
7178 3.714017269315804e-05
7180 0.0001275049519955334
7197 0.00011198624708459517
7206 0.00019041645403432799
7251 7.689695691525318e-05
7280 0.0002059351589452662
7321 3.8200641252257444e-05
7369 9.372690041743856e-05
7406 6.698096388147314e-05
7408 8.691610145495967e-05
7503 3.173002815645075e-05
7511 0.0001786642827461757
7523 8.935997200289977e-05
7552 0.000126899584862824
7610 0.00013263932032595027
7627 7.887728740211037e-05
7634 0.0001391464957049546
7677 6.988034244141115e-05
7678 8.260974660633398e-05
7679 8.260974660633398e-05
7681 0.00017215710736717137
7682 0.00018418695135817993
7866 5.91933076971794e-05
7890 9.233159952796689e-06
7891 6.932340577943291e-05
7892 0.0001002340757964429
7893 5.131853189681648e-05
7933 0.00017370426675739054
8009 2.7093186202753706e-05
8010 3.97855428110104e-05
8065 0.00030726931367955075
8072 0.00013837905578907654
8088 8.509658347491132e-05
8090 9.558947467904783e-05
8098 0.0001300045474523503
8124 0.0001300045474523503
8144 1.8182537399726556e-05
8182 0.00022419450561242282
8213 0.0001376235146469122
8216 0.00026261715830791277
8275 0.00016007969731333051
8278 0.0001804365299615294
8285 0.00021244233432427055
8302 0.00020908021320920737
8437 8.433711728522342e-05
8447 4.100899018649567e-05
8462 0.00023971321052336105
8515 0.00023397347506023475
8590 0.00013614669170503938
8621 0.000101646679848061
8678 4.409901177660094e-05
8693 8.484211069037113e-05
8694 8.88061998220748e-05
8695 4.476354154013861e-05
8696 4.787143878550288e-05
8697 0.0001376235146469122
8763 6.542281037332744e-05
8764 0.0001287387249198448
8813 4.431951634967444e-05
8876 0.00022883910672981793
