194
44 0.008316212701483064
60 0.0045125415907536215
161 0.0023277672141597955
240 0.00813655432517976
244 0.005998276821106286
246 0.002627312010287938
257 0.0071686886113181605
277 0.002884769747943232
339 0.003994626122942793
373 0.010356826577784166
394 0.0047777669741332915
443 0.001535935944782832
480 0.0018026554641516525
523 0.0035310736130555347
524 0.003627159250565441
644 0.006650773143507333
707 0.0024890868259461046
710 0.006283306271129981
726 0.0016796082022469995
772 0.0030699380134664328
821 0.002947022415398569
841 0.0038207394990643923
872 0.0034566334332461583
904 0.0052474753355083266
926 0.0071686886113181605
977 0.0027219728437332365
981 0.006132857675696506
1095 0.0018219363843717039
1102 0.019978409906019897
1144 0.002600229652091398
1192 0.0040489890808663625
1193 0.0026928308182619155
1239 0.0038207394990643923
1253 0.009398410245806323
1272 0.004638282709638768
1348 0.004105768949088088
1393 0.003797723800499814
1411 0.02675491889566462
1468 0.01166648143827198
1510 0.0024408797195103124
1511 0.0033421298005417454
1588 0.008330381345754333
1633 0.004880008463130974
1640 0.00596296005250582
1646 0.003917188067877061
1720 0.0036677130284643628
1784 0.008440841901703121
1887 0.001591481074666284
1912 0.0038207394990643923
1956 0.004655534428319591
1983 0.0028136139672343737
1994 0.006650773143507333
2019 0.0034245672228954034
2031 0.0028897331407048954
2069 0.004259851506322464
2084 0.0030070022937569315
2272 0.010356826577784166
2275 0.005876533629464447
2325 0.0031226191584920278
2465 0.005735036058524816
2492 0.0020103451174018575
2525 0.002115493626662009
2588 0.0032203866088999075
2666 0.0021910232147486597
2684 0.0020326742827293425
2738 0.0019876533508352734
2793 0.0032349849016397605
2928 0.0032798083326889865
3079 0.010356826577784166
3096 0.00320595327215066
3213 0.002097288994845252
3217 0.004991151289276267
3306 0.004408114751844818
3440 0.0075361554836955134
3474 0.0033262620596984926
3478 0.003264691745476013
3564 0.003731065022158803
3624 0.0037529003694505877
3729 0.0033909511588342805
3819 0.006735841162612091
3912 0.003476710655131967
3945 0.006283306271129981
3970 0.0017464997526545282
3974 0.005309962070704296
4003 0.006815297217031446
4081 0.005998276821106286
4086 0.005178413288892083
4089 0.011530781606638308
4148 0.008391942720331775
4221 0.0023003182835012095
4226 0.0028565536983234576
4244 0.0038441775275093195
4381 0.049323252179659126
4383 0.0032238377961286147
4389 0.003709596672919099
4462 0.0024097236209884767
4468 0.0014642202212634008
4482 0.0024330191610946452
4485 0.003191681205108271
4542 0.0036073551839214163
4567 0.002539184882707223
4577 0.003868053675221612
4660 0.003465676534451624
4788 0.00805407095150634
4888 0.00482786503089441
5019 0.00863573187196346
5081 0.002772070900494355
5082 0.0047777669741332915
5112 0.0038923846339451117
5124 0.003731065022158803
5163 0.0014678960128978336
5279 0.01610814190301268
5371 0.0029237974717337637
5381 0.002007726903251454
5434 0.005397923930941801
5463 0.00558534710433376
5551 0.0012959518012147708
5583 0.011604161025664837
5623 0.01058967221198602
5653 0.0038207394990643923
5675 0.002683262708268616
5703 0.0031364734272761033
5763 0.007294550410132678
5799 0.006132857675696506
5811 0.0013790328802771752
5869 0.0019021093115190336
5870 0.004077063545296452
5910 0.0017464997526545282
5912 0.0019603003417824425
5939 0.0046546831605640835
6095 0.003082906010246007
6161 0.010426475673925682
6178 0.0040489890808663625
6194 0.0028031008485334967
6223 0.0027121847750599198
6293 0.00464114186392496
6328 0.005443945687466473
6367 0.016399041663444934
6381 0.005801974562898338
6388 0.0025055688186461002
6462 0.0038923846339451117
6469 0.0012240142022889313
6477 0.008472642998192757
6497 0.005480361353295458
6507 0.004655534428319591
6537 0.001965724285012944
6548 0.003868053675221612
6578 0.0028565536983234576
6632 0.00805407095150634
6643 0.004021518415412999
6713 0.0015793735270344248
6761 0.0057356180543944105
6764 0.0038145824239574004
6823 0.0067117104549115425
6834 0.00426096133127543
6882 0.014188679603092499
6962 0.003731065022158803
6963 0.005483553820754522
7322 0.001001306220117995
7328 0.003082906010246007
7340 0.00394248269070623
7370 0.0024567474603535656
7409 0.006834673201470006
7484 0.00449641458605756
7555 0.0021653472404577893
7633 0.008519703012644929
7665 0.003136136075224819
7680 0.006496041721373367
7695 0.010701967558265848
7832 0.003968288350434186
7862 0.013906842620527868
7892 0.0018170888009009002
7903 0.005800562440599431
7904 0.002133961467079364
7943 0.0023944259925008067
7944 0.0020043508005167156
7988 0.0020557941304000554
8011 0.0010428492868580137
8043 0.0017464997526545282
8063 0.004934371421054542
8102 0.003994626122942793
8145 0.0014297891762326154
8229 0.006650773143507333
8235 0.001261041047312521
8312 0.00805407095150634
8350 0.0012895330102629086
8445 0.0030486825616005933
8448 0.0032247540047827886
8560 0.0029826713350334317
8604 0.01082206555176425
8639 0.0017015184600576154
8758 0.0025737095982108827
8867 0.0010089933248317797
8874 0.0035686450484567964
