160
12 0.0001523982138465608
13 0.0001664173719040451
35 0.00015139340654708521
37 0.00017695423263882194
225 4.311890533715833e-05
231 0.00030726931367955075
243 6.309390310328486e-05
290 5.516600244482883e-05
423 8.63892700805903e-05
430 2.1595466130645556e-05
463 2.104404381130732e-05
473 4.858985121920245e-05
509 1.4811799641107606e-05
521 6.165346047478709e-05
645 6.341986704442123e-05
772 0.00011712061541501202
861 7.316251041712385e-05
1102 8.285279662389543e-05
1365 6.733409171295719e-05
1381 0.00014665847838343454
1389 0.00017370426675739054
1390 0.0002537323685808453
1440 0.00010815385522706535
1674 0.00014944388948364012
1777 4.871062309639001e-05
1848 6.508321716976057e-05
1922 7.334292682143156e-06
2020 0.00013065000625947455
2040 4.7398314413738584e-05
2059 0.00014071861357331354
2118 6.715720793434914e-05
2167 8.744869066327002e-05
2178 0.0001523982138465608
2266 0.0001347133110905388
2299 0.00010982004923951138
2300 0.00011024565393173974
2304 0.00016920278300425065
2371 8.858094887998e-06
2373 4.532432364915004e-05
2374 8.586807337437805e-05
2439 5.502814824397996e-05
2462 0.00011712061541501202
2586 9.502842032885344e-06
2593 0.00016920278300425065
2654 0.00013332088986277624
2732 0.00012069415303305452
2825 0.00011614595437539213
2892 0.00020019542348213994
2976 5.461691012835996e-05
3264 0.00018617626542465564
3328 0.00016378259903044513
3731 5.3138049876864844e-05
3732 0.00010654275221462514
3733 0.0001128804268053397
3743 3.233112827567267e-05
3746 1.903006184883404e-05
3897 0.00017370426675739054
3898 0.0001753021616311125
3932 4.895306850942043e-05
3943 7.689695691525318e-05
4018 9.342327683396404e-05
4022 0.00014944388948364012
4046 9.312153328472917e-05
4086 0.00019756065060853997
4089 0.0002199543170027505
4220 4.3879500470736716e-05
4340 0.00012936752625714268
4345 5.131853189681648e-05
4349 0.0001415241100530177
4363 7.025520142447097e-05
4381 4.3226837668107787e-05
4382 6.14960082295629e-05
4386 0.00016007969731333051
4453 3.6854914742017664e-05
4490 0.00019756065060853997
4495 3.207260550754382e-05
4652 4.476354154013861e-05
4676 1.811794967986411e-05
4751 0.00010856509334268535
4753 0.0002537323685808453
4834 1.7286007534181456e-05
4911 6.341986704442123e-05
4913 6.457822376461287e-05
4914 6.542281037332744e-05
4933 2.564069103539461e-05
5080 0.00010575674440844711
5149 0.0001376235146469122
5222 2.3001954162320978e-05
5228 4.931901336427842e-05
5242 6.786862826996617e-05
5412 0.00010856509334268535
5439 8.024367862190805e-05
5440 8.586807337437805e-05
5469 1.1433598200043818e-05
5480 0.0001753021616311125
5509 8.935997200289977e-05
5622 6.733409171295719e-05
5661 0.00017215710736717137
5663 0.00026261715830791277
5702 3.9886331735258645e-05
5862 6.610917985376751e-05
5894 1.5848029138067838e-05
5896 1.6219082409210568e-05
5909 6.663037655997976e-05
6106 7.217400943451535e-05
6211 7.356359438910525e-05
6227 0.00010536844412685977
6282 0.00023397347506023475
6356 6.733409171295719e-05
6384 0.00015663840245623315
6467 4.669713069773751e-05
6468 4.669713069773751e-05
6475 8.691610145495967e-05
6476 0.00010774605847492284
6566 7.082295263288685e-05
6595 7.66818067754729e-05
6619 5.7716484755306535e-05
6623 0.00010460100421098168
6624 0.00011663084820199027
6625 0.00011811516886331826
6682 6.698096388147314e-05
6746 0.00019268344080366
6789 4.7516165565500014e-05
6831 0.00011198624708459517
6833 2.7093186202753706e-05
6868 0.00016508218077975113
6905 2.9805618738211806e-05
6924 0.0001677901789526326
6926 0.00019756065060853997
7178 3.714017269315804e-05
7577 8.853165584237468e-05
7578 8.88061998220748e-05
7597 0.0001786642827461757
7627 7.887728740211037e-05
7646 0.0001664173719040451
7677 6.988034244141115e-05
7678 8.260974660633398e-05
7679 8.260974660633398e-05
7694 6.804811807694473e-05
7818 2.996997446737178e-05
7890 9.233159952796689e-06
7893 5.131853189681648e-05
7904 6.056183085252843e-05
7981 6.950834500520415e-05
7987 7.843020694973282e-05
8061 7.865323446718271e-05
8079 0.00015775871449691997
8137 8.63892700805903e-05
8144 1.8182537399726556e-05
8158 0.00010939812948263226
8585 0.0001431761810607271
8695 4.476354154013861e-05
8696 4.787143878550288e-05
8746 0.00011811516886331826
8779 0.0001475693727081854
8781 8.63892700805903e-05
8803 0.0001281179340087181
8804 0.00013542473142615584
8882 0.0001147195668623605
8883 0.00011519040557349246
