114
158 1.722259642893919e-05
160 3.6009024944890365e-05
430 2.1595466130645556e-05
443 5.859719717528758e-05
447 0.00019506105515172307
473 4.858985121920245e-05
480 6.877276232176413e-05
511 4.409901177660094e-05
523 0.0001347133110905388
535 8.236790279729728e-05
537 0.00017215710736717137
645 6.341986704442123e-05
651 0.00012571095453322076
652 0.0001664173719040451
861 7.316251041712385e-05
891 5.757123449128065e-05
1140 3.8493910507496085e-05
1164 8.408656954820681e-05
1165 8.433711728522342e-05
1223 0.00014849761844045535
1391 6.491430390704548e-05
1733 0.00011243128604527755
1750 0.0001245506276326127
1922 7.334292682143156e-06
1985 9.496067334174995e-05
2118 6.715720793434914e-05
2238 0.00011913044365880717
2239 0.0001251273376474703
2371 8.858094887998e-06
2493 2.5565430128539482e-05
2567 0.00022883910672981793
2607 3.3290954653437934e-05
2970 0.00017215710736717137
2972 0.00023971321052336105
3134 0.0001228603508781383
3156 9.342327683396404e-05
3161 0.00010536844412685977
3162 0.00022883910672981793
3163 0.00023397347506023475
3719 2.489326185102742e-05
3740 0.00016378259903044513
3743 3.233112827567267e-05
3746 1.903006184883404e-05
3887 5.5861184383926875e-05
3912 0.00013263932032595027
4220 4.3879500470736716e-05
4281 0.00014576429866269
4296 9.527405980765772e-05
4314 3.1644758795232604e-05
4321 0.00010200632301179658
4495 3.207260550754382e-05
4652 4.476354154013861e-05
4699 3.676019862375966e-05
4712 8.484211069037113e-05
4718 0.0001147195668623605
4831 0.00013065000625947455
4832 0.0001347133110905388
4833 0.0001431761810607271
4911 6.341986704442123e-05
4913 6.457822376461287e-05
4914 6.542281037332744e-05
4933 2.564069103539461e-05
4942 6.804811807694473e-05
5043 0.00010422176939821458
5051 0.0001281179340087181
5198 0.00010654275221462514
5329 0.00014849761844045535
5464 0.00020019542348213994
5568 0.0001753021616311125
5702 3.9886331735258645e-05
5810 5.261121850249547e-05
5811 0.00010310145735752775
6134 0.00013332088986277624
6262 0.0001128804268053397
6348 9.590694438493474e-05
6429 5.815485137703107e-05
6452 8.63892700805903e-05
6534 0.00018418695135817993
6566 7.082295263288685e-05
6638 9.282164663063054e-05
6725 8.458895984833521e-05
6727 8.612797493712278e-05
6728 9.527405980765772e-05
6762 7.139739654402146e-05
6763 7.27647006365303e-05
6885 5.131853189681648e-05
6986 0.00023397347506023475
6992 4.787143878550288e-05
6995 7.843020694973282e-05
7010 0.0001504088997800851
7165 6.628229345501092e-05
7173 0.00017215710736717137
7503 3.173002815645075e-05
7504 0.00012571095453322076
7627 7.887728740211037e-05
7634 0.0001391464957049546
7677 6.988034244141115e-05
7678 8.260974660633398e-05
7679 8.260974660633398e-05
7818 2.996997446737178e-05
7836 6.424444555902466e-05
7877 8.853165584237468e-05
8016 3.6571316885345003e-05
8088 8.509658347491132e-05
8090 9.558947467904783e-05
8144 1.8182537399726556e-05
8149 0.00011811516886331826
8447 4.100899018649567e-05
8515 0.00023397347506023475
8582 0.00010774605847492284
8695 4.476354154013861e-05
8696 4.787143878550288e-05
8834 0.0001391464957049546
8836 0.00016508218077975113
