401
15 6.0101372993599195e-05
17 0.00012016732165868515
68 3.241760820520544e-05
69 0.00010460100421098168
77 8.691610145495967e-05
79 0.00013130412920165632
82 8.334256383691721e-05
102 0.00013687950893562258
103 0.00019268344080366
138 5.5304247721948624e-05
158 1.722259642893919e-05
160 3.6009024944890365e-05
163 4.4209139343250144e-05
225 4.311890533715833e-05
328 5.502814824397996e-05
344 9.164022082905678e-05
353 0.00030726931367955075
373 0.00019756065060853997
375 8.334256383691721e-05
397 0.00013614669170503938
436 6.181142310095298e-05
443 5.859719717528758e-05
447 0.00019506105515172307
449 6.628229345501092e-05
463 2.104404381130732e-05
473 4.858985121920245e-05
509 1.4811799641107606e-05
510 0.00019041645403432799
521 6.165346047478709e-05
607 0.00018825025618924418
779 0.00013401212737453773
780 0.00013614669170503938
785 9.134928606937549e-05
821 0.00011243128604527755
849 0.00014576429866269
855 9.464928935894339e-05
858 0.00010815385522706535
871 0.0002199543170027505
884 0.00012936752625714268
886 0.0001677901789526326
891 5.757123449128065e-05
1014 0.00017695423263882194
1031 0.00021605372159664503
1072 0.00015775871449691997
1075 0.00026261715830791277
1140 3.8493910507496085e-05
1148 0.0002199543170027505
1164 8.408656954820681e-05
1165 8.433711728522342e-05
1166 0.00019506105515172307
1173 9.077257605451787e-05
1216 4.5550455969092306e-05
1234 2.8271279696782107e-05
1265 6.576478670658657e-05
1277 0.00023397347506023475
1278 0.0002462203859023654
1330 0.0002734912621014559
1431 0.0001677901789526326
1440 0.00010815385522706535
1469 6.358367031630664e-05
1494 0.00014576429866269
1495 0.00019041645403432799
1642 0.0001786642827461757
1649 8.744869066327002e-05
1660 0.00021244233432427055
1695 0.00014576429866269
1773 0.0001002340757964429
1776 0.00022883910672981793
1777 4.871062309639001e-05
1780 0.00016128300357362823
1808 0.00020019542348213994
1809 0.0002875104201589402
1881 8.408656954820681e-05
1882 9.496067334174995e-05
1901 0.00011243128604527755
1904 0.00017215710736717137
1922 7.334292682143156e-06
1959 0.00015447220461114937
2004 7.217400943451535e-05
2009 0.00012176521653240713
2013 0.00016378259903044513
2076 7.66818067754729e-05
2253 0.00015342417653056774
2339 0.00022883910672981793
2340 0.00026261715830791277
2357 0.0002875104201589402
2358 0.0001804365299615294
2371 8.858094887998e-06
2373 4.532432364915004e-05
2377 0.0001228603508781383
2384 3.364472337590274e-05
2389 8.070779096331723e-05
2404 0.00012341728754011654
2493 2.5565430128539482e-05
2506 0.00014488623116808087
2550 5.3403616896513294e-05
2563 2.4450245822639586e-05
2571 6.593667904531496e-05
2577 0.00022883910672981793
2586 9.502842032885344e-06
2607 3.3290954653437934e-05
2618 4.846937791309118e-05
2624 0.00026261715830791277
2635 0.00015554326811050196
2636 0.00016508218077975113
2685 7.754816608258265e-05
2686 0.0002875104201589402
2716 0.0001523982138465608
2725 0.00010536844412685977
2744 7.52017798211394e-05
2783 8.718166847460814e-05
2786 0.0001399262151792957
2817 0.0001275049519955334
2819 0.0001423431449207802
2843 7.33626397641186e-05
2850 9.252359415714085e-05
2877 0.00014944388948364012
2896 0.00011379132113009053
2897 0.00013332088986277624
2909 0.00018825025618924418
2955 4.7516165565500014e-05
2976 5.461691012835996e-05
3042 0.0001287387249198448
3050 5.1064059112276297e-05
3055 0.00022883910672981793
3067 0.00010093525951244397
3180 0.00026261715830791277
3181 0.0002875104201589402
3185 0.00010939812948263226
3278 0.0001753021616311125
3343 0.00011614595437539213
3345 0.00011110817958998604
3346 0.00030726931367955075
3368 0.00010058340652177312
3369 0.00018617626542465564
3372 6.542281037332744e-05
3375 0.00010236864012694453
3419 0.00011712061541501202
3442 0.00020908021320920737
3493 0.00023397347506023475
3513 6.056183085252843e-05
3530 0.0001786642827461757
3576 5.3536945098705395e-05
3586 6.228840662358072e-05
3600 0.0001002340757964429
3605 5.380470086849468e-05
3642 0.00013542473142615584
3646 0.00020908021320920737
3681 0.0001287387249198448
3696 0.0001391464957049546
3699 0.00023971321052336105
3719 2.489326185102742e-05
3746 1.903006184883404e-05
3813 0.00019756065060853997
3814 0.00014576429866269
3819 6.424444555902466e-05
3875 3.285232498188492e-05
3884 8.433711728522342e-05
3891 8.334256383691721e-05
3894 0.0002537323685808453
3977 0.0001128804268053397
3978 0.00018617626542465564
3980 0.00026261715830791277
3982 0.0001786642827461757
3983 0.00023971321052336105
3994 0.0001147195668623605
4002 0.0001263016457352357
4003 0.0001300045474523503
4184 0.00023971321052336105
4189 4.981125419104163e-05
4220 4.3879500470736716e-05
4229 0.0002537323685808453
4247 4.846937791309118e-05
4283 0.0002059351589452662
4295 0.00012176521653240713
4298 0.00011614595437539213
4314 3.1644758795232604e-05
4329 3.676019862375966e-05
4332 8.117636599183342e-05
4334 0.00017065756051371745
4340 0.00012936752625714268
4345 5.131853189681648e-05
4348 8.212725328354177e-05
4388 0.0001415241100530177
4399 9.282164663063054e-05
4429 0.00021244233432427055
4444 0.00014665847838343454
4446 0.00023971321052336105
4460 0.00011862016226846598
4467 5.5861184383926875e-05
4485 7.159039254876493e-05
4502 6.424444555902466e-05
4525 9.818910047034337e-05
4533 5.685140711216779e-05
4596 0.00017370426675739054
4597 0.00018617626542465564
4628 0.00011566583790554528
4652 4.476354154013861e-05
4670 7.541048004377448e-05
4676 1.811794967986411e-05
4699 3.676019862375966e-05
4730 0.00020908021320920737
4815 0.0002537323685808453
4831 0.00013065000625947455
4832 0.0001347133110905388
4833 0.0001431761810607271
4834 1.7286007534181456e-05
4839 3.088397517794058e-05
4844 0.00010734164596720007
4878 6.969398876306011e-05
4879 0.0001753021616311125
4885 0.0001027336712532598
4894 0.00014849761844045535
4895 0.0002875104201589402
4923 8.188778632745044e-05
4933 2.564069103539461e-05
4947 0.00016251677649793962
4972 4.681329625334851e-05
4973 0.00014576429866269
4976 0.00021605372159664503
5016 8.117636599183342e-05
5024 6.025437603138515e-05
5031 6.913916575845257e-05
5033 0.0001347133110905388
5036 0.0001677901789526326
5043 0.00010422176939821458
5065 0.0001287387249198448
5170 0.0001128804268053397
5171 7.52017798211394e-05
5177 6.196989942762013e-05
5180 0.00010982004923951138
5254 5.9796800580258657e-05
5303 0.00015663840245623315
5369 7.562007790453742e-05
5370 0.00011154523568104574
5379 2.541525611908456e-05
5380 3.8298201700263376e-05
5381 0.00022419450561242282
5385 0.00011519040557349246
5421 0.00026261715830791277
5427 3.490353872923123e-05
5469 1.1433598200043818e-05
5477 0.0002875104201589402
5550 4.944160821510571e-05
5574 0.00013401212737453773
5644 7.711306116076915e-05
5654 0.00019506105515172307
5661 0.00017215710736717137
5717 0.00022883910672981793
5718 0.00023397347506023475
5726 0.00013614669170503938
5779 0.0002462203859023654
5780 0.00030726931367955075
5810 5.261121850249547e-05
5820 0.00019756065060853997
5858 6.663037655997976e-05
5876 0.00019041645403432799
5894 1.5848029138067838e-05
5896 1.6219082409210568e-05
5934 5.434466680855229e-05
5938 5.91933076971794e-05
5998 0.00014488623116808087
5999 0.0001804365299615294
6000 3.4631041686461846e-05
6006 0.0001664173719040451
6007 0.00030726931367955075
6022 2.0770655001689466e-05
6094 0.00011761535496899039
6158 0.0002734912621014559
6211 7.356359438910525e-05
6212 0.0001391464957049546
6218 9.464928935894339e-05
6242 3.105201474962982e-05
6328 9.920086195142229e-05
6377 0.00010694056199521868
6448 0.00030726931367955075
6458 0.00015554326811050196
6516 9.818910047034337e-05
6525 0.00017695423263882194
6536 7.499396958083494e-05
6540 6.040786096929821e-05
6560 0.0001504088997800851
6578 6.025437603138515e-05
6579 0.00016920278300425065
6586 5.24803957997587e-05
6595 7.66818067754729e-05
6596 0.00015890538922556517
6619 5.7716484755306535e-05
6623 0.00010460100421098168
6624 0.00011663084820199027
6625 0.00011811516886331826
6675 5.7716484755306535e-05
6689 7.376538112671329e-05
6720 0.0002875104201589402
6760 1.9892587507080337e-05
6762 7.139739654402146e-05
6763 7.27647006365303e-05
6784 9.68719546813797e-05
6788 0.00023971321052336105
6789 4.7516165565500014e-05
6805 0.0001664173719040451
6826 0.00013614669170503938
6833 2.7093186202753706e-05
6885 5.131853189681648e-05
6905 2.9805618738211806e-05
6908 8.935997200289977e-05
6992 4.787143878550288e-05
6993 0.0002537323685808453
7010 0.0001504088997800851
7067 3.508605365233e-05
7073 5.516600244482883e-05
7076 0.00023971321052336105
7175 0.00019041645403432799
7177 0.00015447220461114937
7189 0.00016920278300425065
7192 0.00019756065060853997
7197 0.00011198624708459517
7202 0.00021605372159664503
7203 0.00026261715830791277
7251 7.689695691525318e-05
7261 0.00017695423263882194
7262 0.00018418695135817993
7321 3.8200641252257444e-05
7327 0.00011761535496899039
7392 5.274239335290522e-05
7406 6.698096388147314e-05
7408 8.691610145495967e-05
7414 0.00010460100421098168
7430 0.00026261715830791277
7476 8.117636599183342e-05
7478 0.0002537323685808453
7480 9.252359415714085e-05
7482 2.5340342303404983e-05
7483 2.8590308184836374e-05
7485 0.0002875104201589402
7486 0.00030726931367955075
7503 3.173002815645075e-05
7511 0.0001786642827461757
7619 0.00021605372159664503
7627 7.887728740211037e-05
7635 0.00026261715830791277
7665 0.00010422176939821458
7677 6.988034244141115e-05
7681 0.00017215710736717137
7694 6.804811807694473e-05
7718 9.527405980765772e-05
7745 0.00019041645403432799
7784 7.082295263288685e-05
7792 0.000101646679848061
7808 4.7398314413738584e-05
7812 0.0001786642827461757
7813 0.00030726931367955075
7818 2.996997446737178e-05
7843 0.00012571095453322076
7846 0.0002734912621014559
7890 9.233159952796689e-06
7894 6.374802604546662e-05
7902 7.376538112671329e-05
7903 8.141235399539764e-05
7915 0.00018617626542465564
8009 2.7093186202753706e-05
8010 3.97855428110104e-05
8016 3.6571316885345003e-05
8017 0.00012122674224136485
8054 2.9805618738211806e-05
8062 0.00018825025618924418
8088 8.509658347491132e-05
8105 0.0001281179340087181
8109 8.285279662389543e-05
8122 0.00014576429866269
8144 1.8182537399726556e-05
8158 0.00010939812948263226
8189 0.00020298083458234552
8190 0.0002059351589452662
8197 0.0002875104201589402
8204 5.1064059112276297e-05
8210 0.00020298083458234552
8234 4.8109734749355606e-05
8349 4.919672615455441e-05
8444 5.815485137703107e-05
8447 4.100899018649567e-05
8474 8.408656954820681e-05
8479 0.00019041645403432799
8519 0.00014488623116808087
8530 0.0001147195668623605
8621 0.000101646679848061
8639 3.69498153124238e-05
8646 0.00023397347506023475
8654 0.0002537323685808453
8655 0.00026261715830791277
8659 0.00012936752625714268
8670 0.00010654275221462514
8695 4.476354154013861e-05
8696 4.787143878550288e-05
8697 0.0001376235146469122
8699 0.0001664173719040451
8763 6.542281037332744e-05
8813 4.431951634967444e-05
8829 0.00011663084820199027
8863 0.0001664173719040451
8866 3.8493910507496085e-05
