191
44 0.003050175100867575
56 0.0029629853663723344
69 0.003016841907858475
107 0.006343795705917516
109 0.0034358916307032023
148 0.003061464187747256
334 0.002668512204299156
386 0.006992703733689603
387 0.00829220991733487
474 0.016714900869513747
480 0.0039670087884243485
524 0.003991049013567152
626 0.0038255068697244945
757 0.0031193111902382085
860 0.007318002811626192
1042 0.006231296980159548
1063 0.01577575487280372
1102 0.01648703730108438
1108 0.004723723373978405
1110 0.002851299764015817
1156 0.09423994691070374
1226 0.004178725217378437
1227 0.005939463224984507
1268 0.002432402554193887
1330 0.005773921081141848
1333 0.002851299764015817
1398 0.007318002811626192
1490 0.012060342136701981
1546 0.007574252798835336
1571 0.004282882768742194
1653 0.00612713942879579
1749 0.007184434909138152
1784 0.003095885918639764
1930 0.002236599534394746
1933 0.006231296980159548
1935 0.00317964164349406
1956 0.007683891774896412
2020 0.006466088783229489
2025 0.002461684524994525
2117 0.0038738190104266636
2129 0.006913670330693183
2232 0.010514179748901741
2316 0.005491881677520812
2437 0.00829220991733487
2438 0.0015870901525901276
2570 0.0019017077140836471
2738 0.006561185818291192
2741 0.0048393076855205875
2750 0.005773921081141848
2929 0.004395381494500162
3051 0.003281903734340993
3082 0.005697930479687082
3121 0.01085881089423006
3217 0.005491881677520812
3227 0.0013170123850854787
3234 0.0037130081439665265
3268 0.005947185682655581
3283 0.005697930479687082
3286 0.006600045693126658
3472 0.004229839350657504
3506 0.0026346434868940918
3512 0.0017466894386981662
3627 0.002230311005961082
3663 0.008258809874519093
3703 0.02272198833874099
3786 0.0029009686696506217
3788 0.003749516268269728
3819 0.0018529012906861738
3831 0.005055963962642313
3929 0.004517674571812135
3943 0.0022178177347208293
4005 0.002659968203761265
4061 0.02272198833874099
4105 0.0028808899887403146
4240 0.007574252798835336
4244 0.004229839350657504
4297 0.00274783955018073
4328 0.00829220991733487
4346 0.005920398139345352
4382 0.0012467235511267852
4433 0.0018481125849966987
4468 0.0016111161010665253
4504 0.0022492616358932896
4534 0.0016396755345748847
4573 0.015460402319247642
4660 0.0057200486490949125
4680 0.0034963518668448016
4704 0.0034809912356976763
4711 0.005257089874450871
4802 0.0038853237166306858
4809 0.003592217454569076
4822 0.025067841299889985
4878 0.008862084542110538
4924 0.0023617603616512568
4949 0.0032045181116697593
4978 0.0038651005798119105
4993 0.005103612042968224
5017 0.0023412419861463412
5032 0.0019940719910657907
5070 0.006343795705917516
5082 0.01577126962335261
5178 0.0017873001414205523
5193 0.002307696628632316
5218 0.002064768862118424
5371 0.003217123431681164
5379 0.005968561964533157
5380 0.000733012176483112
5381 0.002209149343383477
5504 0.005939463224984507
5510 0.005154537673073416
5625 0.004081756856933637
5670 0.003749516268269728
5706 0.013343869869439735
5707 0.006343795705917516
5730 0.005252604624999765
5787 0.005103612042968224
5811 0.0015173824572629114
5812 0.0029735928413277906
5815 0.005369588600208839
5823 0.0026346434868940918
5842 0.004178725217378437
5855 0.0020703572740941715
5873 0.015147992225827328
5915 0.007574252798835336
6040 0.005773921081141848
6082 0.005491881677520812
6107 0.004163202408287384
6147 0.00542940544711503
6194 0.006168636171530025
6296 0.005773921081141848
6328 0.005990102050933983
6346 0.0036088505926027688
6414 0.0027660928425842666
6430 0.003354537446421365
6444 0.0036774243760006264
6471 0.0036427193100078336
6477 0.0062150995024499184
6517 0.0028319134737595474
6529 0.0034358916307032023
6607 0.004310174573068611
6648 0.013186144483500483
6656 0.006600045693126658
6713 0.0017378220038566487
6761 0.00516357494746893
6834 0.0007814060693816862
6852 0.007354848752001253
6963 0.009050525723575424
6969 0.0037130081439665265
7135 0.011878926449969013
7217 0.006913670330693183
7252 0.0022178177347208293
7322 0.0011017608894502212
7391 0.003768132219367111
7444 0.01681619973698244
7470 0.0022749332858498627
7484 0.0016491703983382638
7492 0.003308675663033517
7495 0.0030843180857650127
7496 0.006231296980159548
7521 0.0027569365642060653
7665 0.003450764613515982
7680 0.002382582724128312
7695 0.0019626046223357005
7702 0.003295225955036243
7716 0.00405852519147369
7768 0.006913670330693183
7793 0.0029316349864269243
7863 0.002618010348860399
7958 0.003281903734340993
7996 0.0026346434868940918
8011 0.00114747170722241
8043 0.0019217149381959213
8059 0.0025533790189878423
8235 0.0013875532559425798
8302 0.004178725217378437
8407 0.00829220991733487
8438 0.002432402554193887
8598 0.005055963962642313
8601 0.009671948839089464
8604 0.003969258131175668
8622 0.0029316349864269243
8639 0.0018722209592866967
8698 0.015877032524702673
8752 0.004486089337866646
8762 0.025049391995823046
8764 0.001886887009861146
8794 0.00829220991733487
8812 0.0034358916307032023
8846 0.004129404937259547
8867 0.0011102191923715375
8910 0.01658441983466974
