31
13 0.04784231027125322
872 0.01895573173070474
1095 0.019982528086657396
1110 0.028421020228415726
1364 0.019357465333737885
1439 0.031092488960761493
1721 0.023336895926426432
1959 0.03367028788963184
2414 0.03665561716723205
2438 0.01581970506936611
2468 0.03194180956470824
2681 0.0441069761690458
2684 0.02229384697187021
3229 0.01349154314197103
4022 0.04296270784123228
4221 0.012614648651458244
4653 0.012868796200184362
4889 0.05679550058784865
4915 0.018808002775712714
5372 0.03737421054501116
5703 0.011466677045955645
5988 0.022420059531968593
6707 0.022740657033071168
7004 0.025217275622804926
7217 0.06891368168336108
7470 0.022675947913793792
7484 0.008219252469137475
7699 0.04324013273677801
8033 0.017410549566378494
8054 0.046020331046980695
8830 0.03352948771535926
