85
12 0.01069427465984685
44 0.007421292174551816
109 0.008359767825884169
334 0.012985358600447862
386 0.02552061559500103
474 0.0203342691680305
1042 0.015161187140703152
1095 0.004877624966034483
1102 0.0066856883543767376
1156 0.11464623462758843
1326 0.011233309153200012
1330 0.014048359165927803
1333 0.006937414386463681
1625 0.013688063964662645
1640 0.005321276687275535
1749 0.01748023926711566
1921 0.001029341990287556
1955 0.007921183966056594
1959 0.008218731689595174
2117 0.00942527617497511
2437 0.02017553436579901
2729 0.016058378891150686
2738 0.015963830061826605
2750 0.014048359165927803
2824 0.008150336577901532
2939 0.005550869039568553
3202 0.011404326867319984
3227 0.0064087689289986285
3234 0.009034011940831942
3506 0.006410274310632081
3730 0.015434904512822931
3831 0.012301518617767517
4061 0.009214034641300481
4105 0.007009409500163442
4382 0.0030333667503793433
4504 0.005472612956622255
4573 0.009404063615447876
4660 0.004639094573675402
4809 0.00874011963355783
4822 0.024396733737530728
4978 0.01880812723089575
5017 0.005696407667080468
5032 0.004851718466451411
5082 0.051163488856860444
5371 0.00782748929440535
5379 0.014521934228667288
5380 0.0017834705711282015
5510 0.006270677720392462
5625 0.009931203691279478
5771 0.009307729312951723
5787 0.012417449773836072
5812 0.014469924220004524
5873 0.018428069282600962
5896 0.02156207971269414
6107 0.005064683244727565
6194 0.007504364476388889
6228 0.007394043890224994
6409 0.0030868594414292703
6477 0.007560888764791436
6648 0.03208282397954055
6656 0.016058378891150686
6713 0.004228244088123657
6761 0.00418778125660866
6899 0.008862994226711973
6963 0.029360760615063583
7135 0.014451134933230018
7232 0.012661813819032676
7252 0.005396107716761703
7322 0.0026806623215757347
7444 0.010228751414818058
7470 0.005535073900217382
7496 0.015161187140703152
7553 0.008904953545649508
7695 0.00477515612836009
7793 0.007132875675637162
7996 0.006410274310632081
8043 0.004675668629153855
8235 0.003376015402253993
8601 0.011766268469600962
8604 0.019314972638319394
8639 0.004555246271020387
8679 0.0030945700232525002
8697 0.006718586810337034
8752 0.01091497327087239
8762 0.024378778351840383
