393
45 0.00015663840245623315
53 0.00010200632301179658
56 0.0001027336712532598
58 3.9886331735258645e-05
68 3.241760820520544e-05
69 0.00010460100421098168
82 8.334256383691721e-05
122 0.0001523982138465608
124 0.00015447220461114937
129 0.0001786642827461757
130 0.00011862016226846598
145 5.786216925096193e-05
146 0.000101646679848061
151 0.00011712061541501202
153 0.00016007969731333051
158 1.722259642893919e-05
160 3.6009024944890365e-05
216 0.00013837905578907654
217 0.0001399262151792957
225 4.311890533715833e-05
276 4.8109734749355606e-05
277 5.502814824397996e-05
295 6.969398876306011e-05
338 0.0001391464957049546
344 9.164022082905678e-05
354 0.00021244233432427055
394 0.00018227567001855016
401 0.00010939812948263226
404 0.00011913044365880717
405 0.00011913044365880717
430 2.1595466130645556e-05
456 0.00016378259903044513
463 2.104404381130732e-05
473 4.858985121920245e-05
480 6.877276232176413e-05
509 1.4811799641107606e-05
511 4.409901177660094e-05
521 6.165346047478709e-05
535 8.236790279729728e-05
537 0.00017215710736717137
549 6.786862826996617e-05
569 0.0001415241100530177
605 0.0001677901789526326
632 6.4078409870285e-05
671 0.00014576429866269
765 7.499396958083494e-05
785 9.134928606937549e-05
849 0.00014576429866269
872 6.593667904531496e-05
941 9.719791862251607e-05
944 0.0002537323685808453
955 0.00020908021320920737
1108 0.00019268344080366
1173 9.077257605451787e-05
1216 4.5550455969092306e-05
1220 0.0001251273376474703
1234 2.8271279696782107e-05
1265 6.576478670658657e-05
1269 8.433711728522342e-05
1391 6.491430390704548e-05
1412 6.804811807694473e-05
1418 6.424444555902466e-05
1467 0.00020019542348213994
1468 0.00015554326811050196
1469 6.358367031630664e-05
1500 0.00010310145735752775
1559 0.00011425323385392718
1569 9.920086195142229e-05
1572 0.00014849761844045535
1610 9.590694438493474e-05
1638 7.33626397641186e-05
1641 7.583058115843726e-05
1665 0.00013263932032595027
1666 0.0001804365299615294
1706 3.382257549850835e-05
1707 0.00015554326811050196
1711 0.00022883910672981793
1749 0.00020019542348213994
1764 0.00015890538922556517
1808 0.00020019542348213994
1922 7.334292682143156e-06
1929 4.2158123180710165e-05
1941 8.024367862190805e-05
1959 0.00015447220461114937
1961 0.0001523982138465608
1985 9.496067334174995e-05
2020 0.00013065000625947455
2032 0.00011024565393173974
2042 8.383730339089555e-05
2124 0.00011663084820199027
2125 0.00019268344080366
2148 8.383730339089555e-05
2149 8.408656954820681e-05
2299 0.00010982004923951138
2300 0.00011024565393173974
2341 8.744869066327002e-05
2343 0.0001263016457352357
2371 8.858094887998e-06
2384 3.364472337590274e-05
2389 8.070779096331723e-05
2390 0.00014576429866269
2391 2.4157123570420575e-05
2404 0.00012341728754011654
2421 0.00015447220461114937
2422 0.00017370426675739054
2451 0.00014576429866269
2455 0.00010128967145643295
2462 0.00011712061541501202
2466 0.00010939812948263226
2523 0.0001504088997800851
2524 0.00016920278300425065
2550 5.3403616896513294e-05
2563 2.4450245822639586e-05
2564 4.692973938522239e-05
2571 6.593667904531496e-05
2582 7.458098891001271e-05
2585 0.00019756065060853997
2586 9.502842032885344e-06
2618 4.846937791309118e-05
2620 0.00010347204034115494
2666 0.0002875104201589402
2667 8.358930576913648e-05
2759 0.00015554326811050196
2940 7.910237522724487e-05
2955 4.7516165565500014e-05
2958 6.950834500520415e-05
2963 8.509658347491132e-05
2976 5.461691012835996e-05
3050 5.1064059112276297e-05
3075 0.00016128300357362823
3097 0.00012230970742046953
3113 6.165346047478709e-05
3212 7.356359438910525e-05
3228 4.566391685271689e-05
3229 4.669713069773751e-05
3230 4.692973938522239e-05
3277 0.00017215710736717137
3307 8.408656954820681e-05
3331 0.00019506105515172307
3343 0.00011614595437539213
3395 7.541048004377448e-05
3413 8.001326955199571e-05
3414 9.852402568908913e-05
3459 0.0001423431449207802
3461 0.00016920278300425065
3465 5.7716484755306535e-05
3493 0.00023397347506023475
3507 9.134928606937549e-05
3545 6.071628875522179e-05
3558 0.00016007969731333051
3572 5.234992335902794e-05
3576 5.3536945098705395e-05
3594 0.00018227567001855016
3596 8.285279662389543e-05
3627 6.491430390704548e-05
3628 7.733012801189119e-05
3719 2.489326185102742e-05
3743 3.233112827567267e-05
3746 1.903006184883404e-05
3760 0.00010614816360120087
3819 6.424444555902466e-05
3832 3.3290954653437934e-05
3840 0.00010774605847492284
3872 9.164022082905678e-05
3875 3.285232498188492e-05
3884 8.433711728522342e-05
3926 0.00011110817958998604
3959 0.0002875104201589402
3969 6.0101372993599195e-05
3970 6.663037655997976e-05
3974 0.00010128967145643295
3994 0.0001147195668623605
4189 4.981125419104163e-05
4195 0.00016251677649793962
4220 4.3879500470736716e-05
4247 4.846937791309118e-05
4283 0.0002059351589452662
4290 5.656642719180506e-05
4291 7.843020694973282e-05
4295 0.00012176521653240713
4314 3.1644758795232604e-05
4381 4.3226837668107787e-05
4457 0.00010058340652177312
4460 0.00011862016226846598
4467 5.5861184383926875e-05
4495 3.207260550754382e-05
4533 5.685140711216779e-05
4563 4.728074758348793e-05
4577 3.9085797470059324e-05
4652 4.476354154013861e-05
4659 6.610917985376751e-05
4676 1.811794967986411e-05
4699 3.676019862375966e-05
4730 0.00020908021320920737
4797 9.988723143186235e-05
4799 0.0001664173719040451
4800 0.00021244233432427055
4815 0.0002537323685808453
4818 9.048676041112919e-05
4834 1.7286007534181456e-05
4839 3.088397517794058e-05
4846 4.681329625334851e-05
4869 0.00013614669170503938
4871 0.00015775871449691997
4911 6.341986704442123e-05
4916 0.0002875104201589402
4933 2.564069103539461e-05
4942 6.804811807694473e-05
4963 0.00026261715830791277
4972 4.681329625334851e-05
4973 0.00014576429866269
5016 8.117636599183342e-05
5123 0.0001423431449207802
5171 7.52017798211394e-05
5217 7.159039254876493e-05
5219 0.00014071861357331354
5237 0.0001786642827461757
5254 5.9796800580258657e-05
5291 0.00011067500849334801
5292 0.0001347133110905388
5369 7.562007790453742e-05
5370 0.00011154523568104574
5379 2.541525611908456e-05
5380 3.8298201700263376e-05
5395 3.215862746722012e-05
5407 0.0002462203859023654
5427 3.490353872923123e-05
5428 0.0002059351589452662
5434 7.159039254876493e-05
5455 8.908229930004346e-05
5457 0.0001423431449207802
5462 0.00010654275221462514
5469 1.1433598200043818e-05
5473 0.0001251273376474703
5644 7.711306116076915e-05
5676 9.312153328472917e-05
5687 2.724862948448243e-05
5699 8.260974660633398e-05
5700 0.00010575674440844711
5701 0.00010575674440844711
5702 3.9886331735258645e-05
5726 0.00013614669170503938
5751 0.00023397347506023475
5806 7.910237522724487e-05
5810 5.261121850249547e-05
5858 6.663037655997976e-05
5894 1.5848029138067838e-05
5896 1.6219082409210568e-05
5969 0.00018617626542465564
5975 0.00010460100421098168
5984 3.088397517794058e-05
6000 3.4631041686461846e-05
6019 0.00022883910672981793
6022 2.0770655001689466e-05
6035 9.818910047034337e-05
6038 0.00011663084820199027
6057 0.00011024565393173974
6059 0.00014849761844045535
6064 0.00010498321344481378
6094 0.00011761535496899039
6140 0.00020908021320920737
6159 7.101368253390731e-05
6160 7.955569410086921e-05
6214 0.0001664173719040451
6215 0.00013614669170503938
6218 9.464928935894339e-05
6242 3.105201474962982e-05
6249 0.00010897983139923425
6254 8.141235399539764e-05
6297 9.164022082905678e-05
6299 0.0001431761810607271
6356 6.733409171295719e-05
6378 0.00021244233432427055
6387 9.558947467904783e-05
6399 8.212725328354177e-05
6408 4.3989132524856074e-05
6417 9.954283828468142e-05
6467 4.669713069773751e-05
6468 4.669713069773751e-05
6490 2.724862948448243e-05
6506 8.88061998220748e-05
6536 7.499396958083494e-05
6565 0.00011333374567896404
6568 3.9584588186023764e-05
6569 4.981125419104163e-05
6586 5.24803957997587e-05
6588 6.576478670658657e-05
6595 7.66818067754729e-05
6661 5.889434094657216e-05
6684 0.0001251273376474703
6706 7.910237522724487e-05
6760 1.9892587507080337e-05
6762 7.139739654402146e-05
6763 7.27647006365303e-05
6784 9.68719546813797e-05
6785 0.0001228603508781383
6789 4.7516165565500014e-05
6795 0.0002734912621014559
6823 0.00012176521653240713
6833 2.7093186202753706e-05
6851 0.0001275049519955334
6874 0.00020298083458234552
6885 5.131853189681648e-05
6905 2.9805618738211806e-05
6929 5.904359505253569e-05
6960 3.259102983841739e-05
6967 0.00010536844412685977
6972 6.133906307779394e-05
7051 0.00030726931367955075
7067 3.508605365233e-05
7073 5.516600244482883e-05
7091 9.464928935894339e-05
7100 0.00015342417653056774
7178 3.714017269315804e-05
7181 0.0001263016457352357
7232 0.00013401212737453773
7346 8.070779096331723e-05
7349 0.00013614669170503938
7369 9.372690041743856e-05
7373 7.27647006365303e-05
7376 0.00013263932032595027
7382 0.00015663840245623315
7406 6.698096388147314e-05
7408 8.691610145495967e-05
7411 0.00018825025618924418
7482 2.5340342303404983e-05
7483 2.8590308184836374e-05
7489 0.0002537323685808453
7503 3.173002815645075e-05
7523 8.935997200289977e-05
7554 8.260974660633398e-05
7602 9.654815662959692e-05
7605 0.0001804365299615294
7627 7.887728740211037e-05
7643 0.00019756065060853997
7658 0.00018227567001855016
7659 0.00020019542348213994
7724 9.920086195142229e-05
7784 7.082295263288685e-05
7792 0.000101646679848061
7797 0.0002059351589452662
7798 0.00020908021320920737
7808 4.7398314413738584e-05
7814 0.0001275049519955334
7815 0.00016508218077975113
7818 2.996997446737178e-05
7820 0.00013614669170503938
7858 4.509923582401553e-05
7863 7.64676023536449e-05
7890 9.233159952796689e-06
7893 5.131853189681648e-05
7894 6.374802604546662e-05
7902 7.376538112671329e-05
7903 8.141235399539764e-05
7960 9.954283828468142e-05
7989 0.00011862016226846598
8009 2.7093186202753706e-05
8010 3.97855428110104e-05
8016 3.6571316885345003e-05
8018 0.0001281179340087181
8047 9.312153328472917e-05
8048 0.0002537323685808453
8054 2.9805618738211806e-05
8103 0.00014576429866269
8128 0.00013332088986277624
8144 1.8182537399726556e-05
8145 0.0001263016457352357
8158 0.00010939812948263226
8162 0.00013332088986277624
8186 9.252359415714085e-05
8204 5.1064059112276297e-05
8234 4.8109734749355606e-05
8275 0.00016007969731333051
8278 0.0001804365299615294
8349 4.919672615455441e-05
8437 8.433711728522342e-05
8444 5.815485137703107e-05
8447 4.100899018649567e-05
8449 0.00016251677649793962
8513 4.3335009582674306e-05
8520 5.874554257904601e-05
8521 6.610917985376751e-05
8590 0.00013614669170503938
8605 0.00026261715830791277
8621 0.000101646679848061
8661 7.843020694973282e-05
8663 8.001326955199571e-05
8678 4.409901177660094e-05
8781 8.63892700805903e-05
8813 4.431951634967444e-05
8871 7.025520142447097e-05
8872 0.00010422176939821458
8897 0.00015342417653056774
