350
8 0.0001475693727081854
10 0.00016128300357362823
15 6.0101372993599195e-05
44 0.00010575674440844711
45 0.00015663840245623315
58 3.9886331735258645e-05
68 3.241760820520544e-05
82 8.334256383691721e-05
92 0.00010774605847492284
93 0.00010982004923951138
138 5.5304247721948624e-05
141 0.00012571095453322076
145 5.786216925096193e-05
158 1.722259642893919e-05
163 4.4209139343250144e-05
210 0.00015342417653056774
225 4.311890533715833e-05
240 0.00010347204034115494
246 0.0001002340757964429
276 4.8109734749355606e-05
277 5.502814824397996e-05
323 0.00018825025618924418
325 0.00022419450561242282
328 5.502814824397996e-05
391 0.00030726931367955075
430 2.1595466130645556e-05
456 0.00016378259903044513
459 8.798716495431228e-05
463 2.104404381130732e-05
466 0.00013401212737453773
473 4.858985121920245e-05
492 0.00018617626542465564
509 1.4811799641107606e-05
511 4.409901177660094e-05
521 6.165346047478709e-05
668 8.63892700805903e-05
671 0.00014576429866269
672 0.00015775871449691997
723 6.212889280683989e-05
726 6.4078409870285e-05
753 9.752607762356147e-05
757 0.00010815385522706535
772 0.00011712061541501202
800 0.00011154523568104574
872 6.593667904531496e-05
891 5.757123449128065e-05
892 0.0001475693727081854
963 0.00013614669170503938
965 0.0001391464957049546
1096 6.950834500520415e-05
1173 9.077257605451787e-05
1216 4.5550455969092306e-05
1226 0.00011110817958998604
1227 0.00014488623116808087
1381 0.00014665847838343454
1412 6.804811807694473e-05
1418 6.424444555902466e-05
1433 0.00026261715830791277
1440 0.00010815385522706535
1469 6.358367031630664e-05
1497 6.663037655997976e-05
1504 0.0001239806629188251
1524 0.0001300045474523503
1525 0.00023397347506023475
1559 0.00011425323385392718
1578 0.00010856509334268535
1649 8.744869066327002e-05
1706 3.382257549850835e-05
1713 4.787143878550288e-05
1729 0.00010200632301179658
1790 0.0002462203859023654
1834 0.00014849761844045535
1888 6.071628875522179e-05
1891 0.00020908021320920737
1922 7.334292682143156e-06
1929 4.2158123180710165e-05
1931 7.754816608258265e-05
1932 0.0001275049519955334
1936 0.00011024565393173974
2004 7.217400943451535e-05
2093 0.00011811516886331826
2123 0.00011243128604527755
2124 0.00011663084820199027
2148 8.383730339089555e-05
2149 8.408656954820681e-05
2350 0.00016007969731333051
2371 8.858094887998e-06
2384 3.364472337590274e-05
2389 8.070779096331723e-05
2391 2.4157123570420575e-05
2421 0.00015447220461114937
2422 0.00017370426675739054
2451 0.00014576429866269
2493 2.5565430128539482e-05
2563 2.4450245822639586e-05
2564 4.692973938522239e-05
2586 9.502842032885344e-06
2587 0.00014944388948364012
2590 8.771718405598661e-05
2607 3.3290954653437934e-05
2618 4.846937791309118e-05
2620 0.00010347204034115494
2684 0.00021605372159664503
2714 8.691610145495967e-05
2718 8.88061998220748e-05
2728 0.00010939812948263226
2744 7.52017798211394e-05
2772 0.00011067500849334801
2843 7.33626397641186e-05
2850 9.252359415714085e-05
2928 0.00030726931367955075
2929 0.0001251273376474703
2930 0.0001523982138465608
2931 0.00030726931367955075
2940 7.910237522724487e-05
2958 6.950834500520415e-05
2963 8.509658347491132e-05
2976 5.461691012835996e-05
3031 8.691610145495967e-05
3036 0.00021244233432427055
3134 0.0001228603508781383
3185 0.00010939812948263226
3214 8.001326955199571e-05
3269 0.00010310145735752775
3270 0.0001753021616311125
3343 0.00011614595437539213
3395 7.541048004377448e-05
3401 0.0001504088997800851
3402 0.0002462203859023654
3413 8.001326955199571e-05
3415 0.00015663840245623315
3421 8.586807337437805e-05
3478 7.865323446718271e-05
3479 0.0001245506276326127
3519 8.586807337437805e-05
3572 5.234992335902794e-05
3626 0.00015342417653056774
3657 4.716346370617082e-05
3719 2.489326185102742e-05
3743 3.233112827567267e-05
3746 1.903006184883404e-05
3766 5.131853189681648e-05
3788 0.0001300045474523503
3789 0.00016508218077975113
3814 0.00014576429866269
3832 3.3290954653437934e-05
3872 9.164022082905678e-05
3875 3.285232498188492e-05
3887 5.5861184383926875e-05
3932 4.895306850942043e-05
3946 0.0002059351589452662
3951 9.920086195142229e-05
3954 0.00010774605847492284
3969 6.0101372993599195e-05
3970 6.663037655997976e-05
3974 0.00010128967145643295
4002 0.0001263016457352357
4003 0.0001300045474523503
4099 0.0001147195668623605
4125 0.00016508218077975113
4220 4.3879500470736716e-05
4224 8.236790279729728e-05
4225 0.00010897983139923425
4247 4.846937791309118e-05
4329 3.676019862375966e-05
4340 0.00012936752625714268
4402 6.950834500520415e-05
4431 0.00013196715204843822
4453 3.6854914742017664e-05
4467 5.5861184383926875e-05
4484 0.00012176521653240713
4492 6.969398876306011e-05
4495 3.207260550754382e-05
4499 9.312153328472917e-05
4563 4.728074758348793e-05
4567 6.341986704442123e-05
4577 3.9085797470059324e-05
4628 0.00011566583790554528
4629 0.00015890538922556517
4659 6.610917985376751e-05
4759 5.0810908270240366e-05
4768 0.00012176521653240713
4769 0.00012936752625714268
4797 9.988723143186235e-05
4834 1.7286007534181456e-05
4839 3.088397517794058e-05
4846 4.681329625334851e-05
4878 6.969398876306011e-05
4885 0.0001027336712532598
4911 6.341986704442123e-05
4913 6.457822376461287e-05
4914 6.542281037332744e-05
4933 2.564069103539461e-05
4935 0.00011862016226846598
4942 6.804811807694473e-05
4948 0.00011110817958998604
4950 0.00011425323385392718
5011 0.00010310145735752775
5012 0.00010774605847492284
5024 6.025437603138515e-05
5031 6.913916575845257e-05
5104 0.0002199543170027505
5123 0.0001423431449207802
5222 2.3001954162320978e-05
5236 0.00010200632301179658
5334 9.719791862251607e-05
5335 9.852402568908913e-05
5355 0.00015447220461114937
5379 2.541525611908456e-05
5380 3.8298201700263376e-05
5395 3.215862746722012e-05
5411 8.164949036359771e-05
5416 0.00013332088986277624
5434 7.159039254876493e-05
5455 8.908229930004346e-05
5469 1.1433598200043818e-05
5509 8.935997200289977e-05
5558 9.68719546813797e-05
5559 0.0001786642827461757
5580 0.0001431761810607271
5581 0.00014488623116808087
5582 0.0001475693727081854
5613 0.0001804365299615294
5622 6.733409171295719e-05
5624 0.0001415241100530177
5625 0.0001347133110905388
5626 0.00016007969731333051
5676 9.312153328472917e-05
5702 3.9886331735258645e-05
5751 0.00023397347506023475
5836 0.0001786642827461757
5854 7.178415593526694e-05
5858 6.663037655997976e-05
5862 6.610917985376751e-05
5894 1.5848029138067838e-05
5896 1.6219082409210568e-05
5907 0.0001786642827461757
5911 7.47870417645905e-05
5912 0.00010498321344481378
5969 0.00018617626542465564
5984 3.088397517794058e-05
5988 7.044371782011974e-05
6159 7.101368253390731e-05
6160 7.955569410086921e-05
6242 3.105201474962982e-05
6249 0.00010897983139923425
6264 4.7398314413738584e-05
6269 0.0002537323685808453
6328 9.920086195142229e-05
6365 0.00020298083458234552
6399 8.212725328354177e-05
6408 4.3989132524856074e-05
6417 9.954283828468142e-05
6421 0.00023397347506023475
6452 8.63892700805903e-05
6467 4.669713069773751e-05
6468 4.669713069773751e-05
6490 2.724862948448243e-05
6568 3.9584588186023764e-05
6569 4.981125419104163e-05
6578 6.025437603138515e-05
6586 5.24803957997587e-05
6588 6.576478670658657e-05
6653 0.0001423431449207802
6665 0.00012936752625714268
6760 1.9892587507080337e-05
6773 0.00013542473142615584
6774 0.00016378259903044513
6833 2.7093186202753706e-05
6905 2.9805618738211806e-05
6919 7.3968006896828e-05
6920 9.403242760948e-05
6929 5.904359505253569e-05
6934 0.00010200632301179658
6992 4.787143878550288e-05
6995 7.843020694973282e-05
7067 3.508605365233e-05
7124 6.859058854884968e-05
7139 6.196989942762013e-05
7142 0.00015139340654708521
7143 0.0001523982138465608
7232 0.00013401212737453773
7243 0.00013687950893562258
7246 0.00018227567001855016
7321 3.8200641252257444e-05
7344 8.96392359620217e-05
7345 0.00011425323385392718
7353 0.00022883910672981793
7354 0.00023971321052336105
7357 0.00019756065060853997
7369 9.372690041743856e-05
7406 6.698096388147314e-05
7444 9.886126874785542e-05
7447 0.00012176521653240713
7469 7.887728740211037e-05
7476 8.117636599183342e-05
7480 9.252359415714085e-05
7482 2.5340342303404983e-05
7483 2.8590308184836374e-05
7491 0.0001147195668623605
7502 9.68719546813797e-05
7559 8.509658347491132e-05
7656 0.00016508218077975113
7694 6.804811807694473e-05
7724 9.920086195142229e-05
7775 0.00010536844412685977
7799 9.403242760948e-05
7808 4.7398314413738584e-05
7818 2.996997446737178e-05
7858 4.509923582401553e-05
7863 7.64676023536449e-05
7866 5.91933076971794e-05
7890 9.233159952796689e-06
7894 6.374802604546662e-05
7922 0.00010774605847492284
7938 4.907474504580058e-05
7943 7.64676023536449e-05
7989 0.00011862016226846598
8009 2.7093186202753706e-05
8010 3.97855428110104e-05
8016 3.6571316885345003e-05
8017 0.00012122674224136485
8018 0.0001281179340087181
8031 5.5721352358276173e-05
8032 6.056183085252843e-05
8042 6.663037655997976e-05
8054 2.9805618738211806e-05
8069 5.287392225192349e-05
8144 1.8182537399726556e-05
8228 0.0002537323685808453
8301 0.00014488623116808087
8349 4.919672615455441e-05
8421 0.00020019542348213994
8447 4.100899018649567e-05
8472 0.00016378259903044513
8520 5.874554257904601e-05
8521 6.610917985376751e-05
8539 7.955569410086921e-05
8633 5.949411993323993e-05
8638 6.491430390704548e-05
8661 7.843020694973282e-05
8663 8.001326955199571e-05
8678 4.409901177660094e-05
8695 4.476354154013861e-05
8696 4.787143878550288e-05
8781 8.63892700805903e-05
8813 4.431951634967444e-05
8823 0.0001475693727081854
8871 7.025520142447097e-05
8872 0.00010422176939821458
