89
310 8.408656954820681e-05
330 6.358367031630664e-05
337 0.00022419450561242282
344 9.164022082905678e-05
352 0.00019506105515172307
722 0.00011663084820199027
1065 0.00015554326811050196
1111 9.886126874785542e-05
1391 6.491430390704548e-05
1559 0.00011425323385392718
1621 0.00011198624708459517
1622 0.00011333374567896404
1654 0.00021244233432427055
1706 3.382257549850835e-05
1713 4.787143878550288e-05
1722 8.117636599183342e-05
1888 6.071628875522179e-05
1922 7.334292682143156e-06
2093 0.00011811516886331826
2371 8.858094887998e-06
2439 5.502814824397996e-05
2586 9.502842032885344e-06
2607 3.3290954653437934e-05
2667 8.358930576913648e-05
3185 0.00010939812948263226
3657 4.716346370617082e-05
3691 0.00011425323385392718
3724 5.7716484755306535e-05
3832 3.3290954653437934e-05
3996 7.417147870601431e-05
4224 8.236790279729728e-05
4225 0.00010897983139923425
4267 0.00011519040557349246
4513 9.19329029551259e-05
4563 4.728074758348793e-05
4566 9.68719546813797e-05
4926 0.00010236864012694453
4927 0.00010236864012694453
5242 6.786862826996617e-05
5439 8.024367862190805e-05
5440 8.586807337437805e-05
5469 1.1433598200043818e-05
5550 4.944160821510571e-05
5894 1.5848029138067838e-05
5896 1.6219082409210568e-05
5909 6.663037655997976e-05
5934 5.434466680855229e-05
5938 5.91933076971794e-05
5984 3.088397517794058e-05
6022 2.0770655001689466e-05
6084 7.843020694973282e-05
6087 0.00010236864012694453
6197 5.5304247721948624e-05
6347 0.0002059351589452662
6467 4.669713069773751e-05
6468 4.669713069773751e-05
6490 2.724862948448243e-05
6577 0.00010897983139923425
6675 5.7716484755306535e-05
6687 6.196989942762013e-05
6704 0.00010694056199521868
6789 4.7516165565500014e-05
6796 8.260974660633398e-05
6833 2.7093186202753706e-05
7178 3.714017269315804e-05
7236 0.00010536844412685977
7237 0.00010536844412685977
7503 3.173002815645075e-05
7520 9.558947467904783e-05
7610 0.00013263932032595027
7620 0.0001027336712532598
7904 6.056183085252843e-05
7958 9.496067334174995e-05
8009 2.7093186202753706e-05
8010 3.97855428110104e-05
8031 5.5721352358276173e-05
8032 6.056183085252843e-05
8047 9.312153328472917e-05
8053 0.00016007969731333051
8144 1.8182537399726556e-05
8150 0.00012176521653240713
8275 0.00016007969731333051
8278 0.0001804365299615294
8442 8.001326955199571e-05
8510 0.00019268344080366
8591 0.00011761535496899039
8890 0.00010058340652177312
8891 0.00010058340652177312
8892 0.00010384546306881737
