143
130 0.00011862016226846598
145 5.786216925096193e-05
146 0.000101646679848061
216 0.00013837905578907654
217 0.0001399262151792957
295 6.969398876306011e-05
509 1.4811799641107606e-05
521 6.165346047478709e-05
549 6.786862826996617e-05
569 0.0001415241100530177
847 0.00016508218077975113
848 0.00022419450561242282
849 0.00014576429866269
1108 0.00019268344080366
1140 3.8493910507496085e-05
1164 8.408656954820681e-05
1165 8.433711728522342e-05
1469 6.358367031630664e-05
1497 6.663037655997976e-05
1559 0.00011425323385392718
1665 0.00013263932032595027
1689 0.00018227567001855016
1777 4.871062309639001e-05
1780 0.00016128300357362823
1922 7.334292682143156e-06
1959 0.00015447220461114937
2076 7.66818067754729e-05
2148 8.383730339089555e-05
2149 8.408656954820681e-05
2150 0.00015663840245623315
2391 2.4157123570420575e-05
2455 0.00010128967145643295
2532 0.00015554326811050196
2571 6.593667904531496e-05
2582 7.458098891001271e-05
2586 9.502842032885344e-06
2618 4.846937791309118e-05
2620 0.00010347204034115494
2711 0.0002734912621014559
2843 7.33626397641186e-05
2850 9.252359415714085e-05
3050 5.1064059112276297e-05
3075 0.00016128300357362823
3212 7.356359438910525e-05
3343 0.00011614595437539213
3490 0.0001245506276326127
3545 6.071628875522179e-05
3558 0.00016007969731333051
3576 5.3536945098705395e-05
3600 0.0001002340757964429
3605 5.380470086849468e-05
3719 2.489326185102742e-05
3724 5.7716484755306535e-05
3829 0.00019506105515172307
3887 5.5861184383926875e-05
3926 0.00011110817958998604
3969 6.0101372993599195e-05
3970 6.663037655997976e-05
3994 0.0001147195668623605
4094 0.00010694056199521868
4329 3.676019862375966e-05
4332 8.117636599183342e-05
4334 0.00017065756051371745
4460 0.00011862016226846598
4484 0.00012176521653240713
4509 0.0001281179340087181
4533 5.685140711216779e-05
4577 3.9085797470059324e-05
4699 3.676019862375966e-05
4730 0.00020908021320920737
4834 1.7286007534181456e-05
4839 3.088397517794058e-05
4844 0.00010734164596720007
4900 0.00014944388948364012
4903 0.00021244233432427055
4908 9.372690041743856e-05
5176 0.0001347133110905388
5222 2.3001954162320978e-05
5228 4.931901336427842e-05
5254 5.9796800580258657e-05
5427 3.490353872923123e-05
5434 7.159039254876493e-05
5469 1.1433598200043818e-05
5687 2.724862948448243e-05
5699 8.260974660633398e-05
5700 0.00010575674440844711
5701 0.00010575674440844711
5726 0.00013614669170503938
5770 0.00013263932032595027
5894 1.5848029138067838e-05
5896 1.6219082409210568e-05
5909 6.663037655997976e-05
6133 0.00013614669170503938
6356 6.733409171295719e-05
6387 9.558947467904783e-05
6467 4.669713069773751e-05
6468 4.669713069773751e-05
6505 0.00013196715204843822
6568 3.9584588186023764e-05
6595 7.66818067754729e-05
6596 0.00015890538922556517
6598 0.00012936752625714268
6689 7.376538112671329e-05
6885 5.131853189681648e-05
7067 3.508605365233e-05
7073 5.516600244482883e-05
7178 3.714017269315804e-05
7197 0.00011198624708459517
7346 8.070779096331723e-05
7349 0.00013614669170503938
7482 2.5340342303404983e-05
7483 2.8590308184836374e-05
7627 7.887728740211037e-05
7635 0.00026261715830791277
7658 0.00018227567001855016
7659 0.00020019542348213994
7724 9.920086195142229e-05
7784 7.082295263288685e-05
7858 4.509923582401553e-05
7863 7.64676023536449e-05
7890 9.233159952796689e-06
7894 6.374802604546662e-05
7902 7.376538112671329e-05
7903 8.141235399539764e-05
7960 9.954283828468142e-05
8018 0.0001281179340087181
8054 2.9805618738211806e-05
8058 8.853165584237468e-05
8059 0.00011425323385392718
8060 0.0001147195668623605
8144 1.8182537399726556e-05
8158 0.00010939812948263226
8187 0.00022883910672981793
8234 4.8109734749355606e-05
8520 5.874554257904601e-05
8521 6.610917985376751e-05
8533 0.00013687950893562258
8590 0.00013614669170503938
8639 3.69498153124238e-05
8659 0.00012936752625714268
8670 0.00010654275221462514
8678 4.409901177660094e-05
8871 7.025520142447097e-05
