282
1 0.003391919232200557
10 0.0033661689176772243
35 0.003159761215802397
70 0.004828168371963557
82 0.008697294249585551
83 0.021924535033631086
99 0.004236452453859165
122 0.003180732744263583
124 0.006448038817304745
130 0.0024757444640200674
145 0.001207652581650053
180 0.005708089292384484
188 0.048005486921901167
193 0.006000685865237646
195 0.006413077572628
212 0.0054811337584077715
224 0.0054811337584077715
225 0.0008999430547183959
246 0.0020920048793861804
250 0.003391919232200557
277 0.0022970063566761095
281 0.00306093760972639
333 0.004363753770773901
346 0.004298112731897453
350 0.006000685865237646
381 0.0047761454781642555
386 0.002530146901299868
401 0.0068498088755214424
406 0.0032692305449413344
446 0.01469507080200069
480 0.0014353696904252035
487 0.0037289369738499247
493 0.002713350180082777
521 0.006433906788656939
522 0.0023189604133628935
532 0.004298112731897453
579 0.005003101012140968
632 0.0013373929479250115
645 0.0013236483725992552
668 0.0036060944962914322
705 0.006413077572628
707 0.003963885343427052
726 0.002674785895850023
728 0.0036254155160231017
751 0.0024241047901486994
785 0.005719706117917618
807 0.002811627701262018
814 0.003023948693606409
872 0.00550470898034517
929 0.004883305877603775
958 0.004590709304750615
1011 0.00536032071430604
1048 0.003099322659347396
1101 0.0017292368232134801
1126 0.003844201663944027
1138 0.0029537772102868703
1253 0.00187087791778346
1330 0.00417831759736026
1353 0.006413077572628
1370 0.002404161345365257
1390 0.0013548390548468133
1417 0.004022574933175839
1419 0.003693246185660846
1428 0.005708089292384484
1439 0.002257300135324605
1468 0.006635335712633779
1496 0.0027813110815107242
1577 0.0022658831659719244
1593 0.002648545902336036
1657 0.002223674491186743
1712 0.001998268208226706
1834 0.005708089292384484
1837 0.005708089292384484
1921 0.00015307544820435551
1940 0.003349562828470466
2012 0.0034183384603262926
2074 0.004433925254093441
2075 0.0016004408945738044
2078 0.0035931244516539374
2093 0.004363753770773901
2117 0.0014016511407749872
2312 0.004433925254093441
2320 0.001814042848165341
2355 0.004679207105428365
2420 0.0032240194086523726
2421 0.0036254155160231017
2465 0.004566539250347629
2492 0.0005335810616054891
2586 0.0031190724662252946
2653 0.005565132414318791
2684 0.0016185228480748864
2705 0.004236452453859165
2712 0.005708089292384484
2715 0.006361465488527166
2722 0.003804310939590911
2828 0.005003101012140968
2939 0.001650961049239359
2954 0.0029751573830426423
2962 0.003552134669453909
2988 0.006361465488527166
3035 0.004433925254093441
3076 0.004298112731897453
3081 0.004883305877603775
3201 0.004123326740569809
3229 0.004897398564415714
3232 0.006000685865237646
3306 0.015794884239631313
3393 0.006413077572628
3464 0.0024092239444463317
3466 0.006413077572628
3512 0.001263997743694926
3530 0.005003101012140968
3542 0.006413077572628
3585 0.0013000334422233052
3592 0.006413077572628
3600 0.003159761215802397
3604 0.0011229683703513455
3643 0.007317530981060771
3648 0.002811627701262018
3656 0.0029530734558505457
3705 0.005003101012140968
3733 0.0023559493294828746
3788 0.002713350180082777
3819 0.0026817166221172256
3835 0.0024652046485009187
3954 0.0022487889300433547
3997 0.025304649311358163
4026 0.044891543008396005
4091 0.0079484376503697
4099 0.00239433437910388
4195 0.003391919232200557
4217 0.007003962879746424
4221 0.0027474527507859877
4244 0.00306093760972639
4296 0.007624156508689547
4341 0.0027000547868938065
4349 0.0034281877342525724
4364 0.0014663099650934082
4383 0.003850485423947526
4393 0.0017394588499171104
4485 0.002541385502896516
4493 0.0014545967865489265
4532 0.005138913534336956
4653 0.000934268576594181
4747 0.004679207105428365
4770 0.0027000547868938065
4830 0.0052493539659460966
4846 0.006413077572628
4909 0.003912384714380385
4912 0.0039709451177977655
4915 0.004096356576443284
4935 0.006413077572628
5032 0.0014430169677736048
5053 0.004363753770773901
5059 0.004123326740569809
5066 0.0026869309519570415
5067 0.0066330905329191414
5075 0.009552290956328511
5124 0.0029708714462154404
5178 0.001293385816625177
5180 0.00285683883755098
5218 0.001494176998582185
5220 0.0029369655366870496
5256 0.006000685865237646
5280 0.004883305877603775
5295 0.0020218333960666415
5296 0.004298112731897453
5298 0.0029537772102868703
5371 0.0023280822959940977
5386 0.002404161345365257
5431 0.0013443355216105827
5435 0.001494176998582185
5474 0.0026115569862160547
5574 0.004590709304750615
5623 0.001405342916500877
5695 0.003292612795308081
5703 0.0008324753827274592
5704 0.006000685865237646
5796 0.00529569758499413
5811 0.0010980589679022005
5897 0.00033851162161799666
5910 0.0013906555407553621
5952 0.006000685865237646
5976 0.0021831478911669058
5985 0.0012891708982941752
6003 0.004509299219834427
6040 0.00417831759736026
6053 0.005138913534336956
6107 0.001506357780047777
6122 0.003180732744263583
6133 0.0034454622836279673
6161 0.001660422355566619
6179 0.006413077572628
6202 0.007186248903307875
6215 0.0034733293171167446
6378 0.0022319772564435335
6387 0.0028881361714104214
6401 0.0035314641736156486
6410 0.002207269569480283
6430 0.0012137612071946157
6476 0.001814042848165341
6484 0.0022403483579852158
6501 0.004590709304750615
6537 0.0015652137164037495
6544 0.004509299219834427
6557 0.0034183384603262926
6563 0.005708089292384484
6601 0.002726821676310157
6624 0.0021831478911669058
6691 0.005138913534336956
6705 0.0022319772564435335
6707 0.003301922098478718
6714 0.005708089292384484
6753 0.0054811337584077715
6761 0.0016607282422772829
6775 0.010255015380978878
6816 0.0014982210718854777
6858 0.00306093760972639
6907 0.005708089292384484
6920 0.0015438006497998386
6929 0.006413077572628
6930 0.001232310349199527
6968 0.0021991652788257007
6992 0.012001371730475292
6997 0.0038857210245070986
7000 0.0013168451158231257
7011 0.003139213383700511
7074 0.0011513803601599871
7202 0.004679207105428365
7291 0.0034454622836279673
7292 0.0035314641736156486
7294 0.006413077572628
7303 0.004930409297001837
7340 0.003139213383700511
7346 0.002384601452239342
7347 0.006737871972506634
7350 0.005683088133373821
7356 0.0035931244516539374
7385 0.002920427235779586
7417 0.004433925254093441
7484 0.002386855517969665
7492 0.00239433437910388
7561 0.003099322659347396
7579 0.0018534914585815704
7588 0.00285683883755098
7606 0.003765925889969906
7633 0.003391919232200557
7695 0.0014202454995356707
7716 0.0029369655366870496
7782 0.004298112731897453
7816 0.0034454622836279673
7821 0.005683088133373821
7862 0.002768341036873229
7904 0.005097519195365226
8011 0.0016607435949963685
8033 0.001263997743694926
8086 0.00918141860950123
8090 0.004021533546703086
8091 0.005985199519950872
8099 0.002713350180082777
8106 0.002673974304181957
8145 0.0003794912723802414
8235 0.00401643050197899
8350 0.0010267944344013792
8448 0.0008559066054848932
8517 0.001674781414235233
8518 0.00417831759736026
8524 0.0033410544788206125
8549 0.0035314641736156486
8559 0.0036254155160231017
8572 0.001981942671713526
8619 0.004433925254093441
8640 0.002313560333004596
8664 0.0016699725017503178
8724 0.0021911250543798135
8740 0.006000685865237646
8801 0.002374960781993833
8830 0.002434225103456996
8867 0.0016068277772496725
8872 0.013196789685840675
8873 0.008700931230696846
8903 0.005708089292384484
