547
1 0.00016251677649793962
8 0.0001475693727081854
10 0.00016128300357362823
12 0.0001523982138465608
15 6.0101372993599195e-05
38 0.00026261715830791277
68 3.241760820520544e-05
70 0.00011566583790554528
71 0.00019756065060853997
72 0.00013837905578907654
82 8.334256383691721e-05
83 0.00026261715830791277
97 8.612797493712278e-05
99 0.00020298083458234552
122 0.0001523982138465608
124 0.00015447220461114937
130 0.00011862016226846598
138 5.5304247721948624e-05
145 5.786216925096193e-05
158 1.722259642893919e-05
159 0.0002537323685808453
161 8.88061998220748e-05
180 0.0002734912621014559
188 0.0002875104201589402
193 0.0002875104201589402
195 0.00030726931367955075
212 0.00026261715830791277
223 0.0002537323685808453
224 0.00026261715830791277
225 4.311890533715833e-05
246 0.0001002340757964429
250 0.00016251677649793962
276 4.8109734749355606e-05
277 5.502814824397996e-05
278 5.558192042480493e-05
281 0.00014665847838343454
290 5.516600244482883e-05
295 6.969398876306011e-05
344 9.164022082905678e-05
346 0.0002059351589452662
350 0.0002875104201589402
371 9.818910047034337e-05
380 0.0001423431449207802
381 0.00022883910672981793
386 0.00012122674224136485
401 0.00010939812948263226
404 0.00011913044365880717
405 0.00011913044365880717
406 0.00015663840245623315
430 2.1595466130645556e-05
443 5.859719717528758e-05
446 0.00010058340652177312
463 2.104404381130732e-05
473 4.858985121920245e-05
480 6.877276232176413e-05
487 0.0001786642827461757
493 0.0001300045474523503
509 1.4811799641107606e-05
511 4.409901177660094e-05
521 6.165346047478709e-05
522 0.00011110817958998604
532 0.0002059351589452662
579 0.00023971321052336105
632 6.4078409870285e-05
633 0.00010058340652177312
645 6.341986704442123e-05
668 8.63892700805903e-05
705 0.00030726931367955075
706 6.525271795805037e-05
707 9.496067334174995e-05
723 6.212889280683989e-05
726 6.4078409870285e-05
728 0.00017370426675739054
765 7.499396958083494e-05
772 0.00011712061541501202
785 9.134928606937549e-05
800 0.00011154523568104574
807 0.0001347133110905388
814 0.00014488623116808087
849 0.00014576429866269
872 6.593667904531496e-05
929 0.00023397347506023475
958 0.0002199543170027505
969 0.00010536844412685977
1011 8.56095506062492e-05
1048 0.00014849761844045535
1102 8.285279662389543e-05
1126 4.895306850942043e-05
1127 0.00018418695135817993
1135 0.00010774605847492284
1139 0.0001415241100530177
1234 2.8271279696782107e-05
1254 8.96392359620217e-05
1350 6.374802604546662e-05
1354 0.00030726931367955075
1371 0.00011519040557349246
1374 9.920086195142229e-05
1391 6.491430390704548e-05
1418 6.424444555902466e-05
1420 0.00017695423263882194
1426 0.00020019542348213994
1429 0.0002734912621014559
1440 0.00010815385522706535
1469 6.358367031630664e-05
1497 6.663037655997976e-05
1521 0.00011110817958998604
1578 0.00010856509334268535
1594 0.000126899584862824
1658 0.00010654275221462514
1699 0.00013130412920165632
1706 3.382257549850835e-05
1713 4.787143878550288e-05
1835 0.0002734912621014559
1848 6.508321716976057e-05
1881 8.408656954820681e-05
1884 0.00018617626542465564
1901 0.00011243128604527755
1922 7.334292682143156e-06
1929 4.2158123180710165e-05
1941 8.024367862190805e-05
1959 0.00015447220461114937
2004 7.217400943451535e-05
2009 0.00012176521653240713
2013 0.00016378259903044513
2040 4.7398314413738584e-05
2044 0.00010536844412685977
2076 7.66818067754729e-05
2079 0.00017215710736717137
2094 0.00020908021320920737
2118 6.715720793434914e-05
2252 0.00015554326811050196
2294 8.535239208071232e-05
2313 0.00021244233432427055
2350 0.00016007969731333051
2355 0.0001504088997800851
2356 0.00022419450561242282
2371 8.858094887998e-06
2384 3.364472337590274e-05
2389 8.070779096331723e-05
2391 2.4157123570420575e-05
2421 0.00015447220461114937
2422 0.00017370426675739054
2434 0.00010536844412685977
2458 0.00017065756051371745
2466 0.00010939812948263226
2493 2.5565430128539482e-05
2550 5.3403616896513294e-05
2559 7.604199766141655e-05
2563 2.4450245822639586e-05
2564 4.692973938522239e-05
2571 6.593667904531496e-05
2586 9.502842032885344e-06
2587 0.00014944388948364012
2601 0.00018617626542465564
2607 3.3290954653437934e-05
2618 4.846937791309118e-05
2654 0.00013332088986277624
2667 8.358930576913648e-05
2685 7.754816608258265e-05
2705 0.00016378259903044513
2706 0.00020298083458234552
2713 0.0002734912621014559
2716 0.0001523982138465608
2718 8.88061998220748e-05
2721 0.0001475693727081854
2722 0.00014944388948364012
2723 0.00018227567001855016
2773 0.00011067500849334801
2829 0.00023971321052336105
2843 7.33626397641186e-05
2850 9.252359415714085e-05
2940 7.910237522724487e-05
2955 4.7516165565500014e-05
2958 6.950834500520415e-05
2963 8.509658347491132e-05
2989 0.0001523982138465608
3029 0.0002462203859023654
3030 0.0002875104201589402
3031 8.691610145495967e-05
3036 0.00021244233432427055
3050 5.1064059112276297e-05
3067 0.00010093525951244397
3076 9.818910047034337e-05
3077 0.0002059351589452662
3079 0.00011862016226846598
3081 0.00018825025618924418
3082 0.00023397347506023475
3113 6.165346047478709e-05
3202 0.00019756065060853997
3228 4.566391685271689e-05
3229 4.669713069773751e-05
3230 4.692973938522239e-05
3231 0.00021605372159664503
3233 0.0002875104201589402
3307 8.408656954820681e-05
3409 8.458895984833521e-05
3465 5.7716484755306535e-05
3467 0.00030726931367955075
3490 0.0001245506276326127
3513 6.056183085252843e-05
3530 0.0001786642827461757
3531 0.00023971321052336105
3540 0.00013542473142615584
3542 0.0001431761810607271
3543 0.00030726931367955075
3572 5.234992335902794e-05
3576 5.3536945098705395e-05
3586 6.228840662358072e-05
3593 0.00030726931367955075
3596 8.285279662389543e-05
3601 0.00015139340654708521
3605 5.380470086849468e-05
3642 0.00013542473142615584
3644 0.0001753021616311125
3647 8.094151528426567e-05
3649 0.0001347133110905388
3657 4.716346370617082e-05
3706 0.00023971321052336105
3719 2.489326185102742e-05
3723 6.859058854884968e-05
3724 5.7716484755306535e-05
3727 6.424444555902466e-05
3731 5.3138049876864844e-05
3732 0.00010654275221462514
3733 0.0001128804268053397
3743 3.233112827567267e-05
3746 1.903006184883404e-05
3766 5.131853189681648e-05
3788 0.0001300045474523503
3819 6.424444555902466e-05
3832 3.3290954653437934e-05
3835 0.00011811516886331826
3875 3.285232498188492e-05
3996 7.417147870601431e-05
3997 0.0001347133110905388
4026 0.00030726931367955075
4091 0.00019041645403432799
4099 0.0001147195668623605
4189 4.981125419104163e-05
4195 0.00016251677649793962
4215 0.0001504088997800851
4216 0.0001677901789526326
4220 4.3879500470736716e-05
4224 8.236790279729728e-05
4243 0.00014665847838343454
4290 5.656642719180506e-05
4292 0.00011110817958998604
4295 0.00012176521653240713
4298 0.00011614595437539213
4308 7.955569410086921e-05
4314 3.1644758795232604e-05
4329 3.676019862375966e-05
4340 0.00012936752625714268
4345 5.131853189681648e-05
4348 8.212725328354177e-05
4352 0.0002059351589452662
4356 0.00014944388948364012
4363 7.025520142447097e-05
4381 4.3226837668107787e-05
4382 6.14960082295629e-05
4392 8.334256383691721e-05
4453 3.6854914742017664e-05
4461 9.19329029551259e-05
4492 6.969398876306011e-05
4495 3.207260550754382e-05
4502 6.424444555902466e-05
4509 0.0001281179340087181
4530 0.00017065756051371745
4531 0.0002462203859023654
4533 5.685140711216779e-05
4563 4.728074758348793e-05
4564 0.0001664173719040451
4577 3.9085797470059324e-05
4609 0.00018825025618924418
4652 4.476354154013861e-05
4676 1.811794967986411e-05
4679 0.00012122674224136485
4699 3.676019862375966e-05
4730 0.00020908021320920737
4746 0.00022419450561242282
4829 8.383730339089555e-05
4834 1.7286007534181456e-05
4836 0.00018617626542465564
4839 3.088397517794058e-05
4844 0.00010734164596720007
4845 0.00030726931367955075
4846 4.681329625334851e-05
4878 6.969398876306011e-05
4908 9.372690041743856e-05
4911 6.341986704442123e-05
4913 6.457822376461287e-05
4914 6.542281037332744e-05
4933 2.564069103539461e-05
4934 0.00030726931367955075
5024 6.025437603138515e-05
5031 6.913916575845257e-05
5052 0.00020908021320920737
5058 0.00019756065060853997
5065 0.0001287387249198448
5066 0.00015890538922556517
5074 0.00022883910672981793
5123 0.0001423431449207802
5151 0.0001431761810607271
5177 6.196989942762013e-05
5179 0.00013687950893562258
5217 7.159039254876493e-05
5219 0.00014071861357331354
5222 2.3001954162320978e-05
5254 5.9796800580258657e-05
5255 0.0002875104201589402
5264 0.00011425323385392718
5279 0.00023397347506023475
5294 9.68719546813797e-05
5295 0.0002059351589452662
5297 0.0001415241100530177
5303 0.00015663840245623315
5355 0.00015447220461114937
5369 7.562007790453742e-05
5370 0.00011154523568104574
5381 0.00022419450561242282
5385 0.00011519040557349246
5395 3.215862746722012e-05
5411 8.164949036359771e-05
5427 3.490353872923123e-05
5430 6.441104889224853e-05
5434 7.159039254876493e-05
5443 0.00011712061541501202
5469 1.1433598200043818e-05
5473 0.0001251273376474703
5481 6.576478670658657e-05
5550 4.944160821510571e-05
5557 0.0001786642827461757
5570 0.0001347133110905388
5573 0.0002199543170027505
5588 6.913916575845257e-05
5622 6.733409171295719e-05
5687 2.724862948448243e-05
5691 8.383730339089555e-05
5694 0.00015775871449691997
5702 3.9886331735258645e-05
5703 0.0002875104201589402
5794 0.00021605372159664503
5795 0.0002537323685808453
5810 5.261121850249547e-05
5854 7.178415593526694e-05
5894 1.5848029138067838e-05
5896 1.6219082409210568e-05
5909 6.663037655997976e-05
5925 0.00010734164596720007
5951 0.0002875104201589402
5975 0.00010460100421098168
5984 3.088397517794058e-05
6000 3.4631041686461846e-05
6002 0.00021605372159664503
6022 2.0770655001689466e-05
6039 0.00020019542348213994
6052 0.0002462203859023654
6106 7.217400943451535e-05
6120 0.0001504088997800851
6121 0.0001523982138465608
6131 0.00016378259903044513
6132 0.00016508218077975113
6139 0.0002734912621014559
6159 7.101368253390731e-05
6160 7.955569410086921e-05
6178 0.00030726931367955075
6197 5.5304247721948624e-05
6201 0.00017215710736717137
6214 0.0001664173719040451
6218 9.464928935894339e-05
6242 3.105201474962982e-05
6244 0.00020298083458234552
6254 8.141235399539764e-05
6255 0.00018227567001855016
6292 8.853165584237468e-05
6356 6.733409171295719e-05
6365 0.00020298083458234552
6377 0.00010694056199521868
6386 0.00013837905578907654
6399 8.212725328354177e-05
6400 0.00016920278300425065
6408 4.3989132524856074e-05
6409 0.00010575674440844711
6429 5.815485137703107e-05
6475 8.691610145495967e-05
6483 0.00010734164596720007
6490 2.724862948448243e-05
6536 7.499396958083494e-05
6556 0.00016378259903044513
6562 0.0002734912621014559
6568 3.9584588186023764e-05
6569 4.981125419104163e-05
6577 0.00010897983139923425
6578 6.025437603138515e-05
6579 0.00016920278300425065
6590 8.691610145495967e-05
6595 7.66818067754729e-05
6600 0.00013065000625947455
6619 5.7716484755306535e-05
6623 0.00010460100421098168
6661 5.889434094657216e-05
6682 6.698096388147314e-05
6689 7.376538112671329e-05
6690 0.0002462203859023654
6704 0.00010694056199521868
6706 7.910237522724487e-05
6712 6.025437603138515e-05
6713 0.0002734912621014559
6752 0.00026261715830791277
6760 1.9892587507080337e-05
6773 0.00013542473142615584
6774 0.00016378259903044513
6784 9.68719546813797e-05
6785 0.0001228603508781383
6815 7.178415593526694e-05
6851 0.0001275049519955334
6857 0.00014665847838343454
6905 2.9805618738211806e-05
6906 0.0002734912621014559
6919 7.3968006896828e-05
6928 0.00030726931367955075
6929 5.904359505253569e-05
6960 3.259102983841739e-05
6967 0.00010536844412685977
6991 0.0002875104201589402
6992 4.787143878550288e-05
6995 7.843020694973282e-05
6996 0.00018617626542465564
6999 6.309390310328486e-05
7010 0.0001504088997800851
7067 3.508605365233e-05
7073 5.516600244482883e-05
7090 0.00019756065060853997
7174 7.256700694753944e-05
7176 0.00018418695135817993
7178 3.714017269315804e-05
7197 0.00011198624708459517
7201 0.00022419450561242282
7211 0.00010498321344481378
7232 0.00013401212737453773
7289 0.00013542473142615584
7290 0.00016508218077975113
7291 0.00016920278300425065
7293 0.00030726931367955075
7301 0.00011024565393173974
7302 0.00011811516886331826
7344 8.96392359620217e-05
7345 0.00011425323385392718
7346 8.070779096331723e-05
7349 0.00013614669170503938
7355 0.00017215710736717137
7384 0.0001399262151792957
7414 0.00010460100421098168
7415 0.0001475693727081854
7416 0.00021244233432427055
7444 9.886126874785542e-05
7447 0.00012176521653240713
7482 2.5340342303404983e-05
7483 2.8590308184836374e-05
7491 0.0001147195668623605
7503 3.173002815645075e-05
7523 8.935997200289977e-05
7560 0.00014849761844045535
7577 8.853165584237468e-05
7578 8.88061998220748e-05
7587 0.00013687950893562258
7590 0.0001239806629188251
7602 9.654815662959692e-05
7605 0.0001804365299615294
7627 7.887728740211037e-05
7632 0.00016251677649793962
7694 6.804811807694473e-05
7715 0.00014071861357331354
7775 0.00010536844412685977
7781 0.0002059351589452662
7784 7.082295263288685e-05
7808 4.7398314413738584e-05
7815 0.00016508218077975113
7818 2.996997446737178e-05
7820 0.00013614669170503938
7852 0.00015447220461114937
7858 4.509923582401553e-05
7866 5.91933076971794e-05
7890 9.233159952796689e-06
7893 5.131853189681648e-05
7894 6.374802604546662e-05
7902 7.376538112671329e-05
7903 8.141235399539764e-05
7989 0.00011862016226846598
8009 2.7093186202753706e-05
8010 3.97855428110104e-05
8028 0.00019268344080366
8031 5.5721352358276173e-05
8032 6.056183085252843e-05
8054 2.9805618738211806e-05
8069 5.287392225192349e-05
8084 0.00011333374567896404
8085 0.0002199543170027505
8088 8.509658347491132e-05
8089 0.00019268344080366
8090 9.558947467904783e-05
8098 0.0001300045474523503
8105 0.0001281179340087181
8109 8.285279662389543e-05
8122 0.00014576429866269
8137 8.63892700805903e-05
8144 1.8182537399726556e-05
8158 0.00010939812948263226
8204 5.1064059112276297e-05
8234 4.8109734749355606e-05
8349 4.919672615455441e-05
8447 4.100899018649567e-05
8489 0.00013837905578907654
8513 4.3335009582674306e-05
8516 8.024367862190805e-05
8517 0.00020019542348213994
8522 0.0001523982138465608
8523 0.00016007969731333051
8526 0.00010939812948263226
8535 0.00012341728754011654
8547 0.00015775871449691997
8548 0.00016920278300425065
8558 0.00017370426675739054
8571 9.496067334174995e-05
8618 0.00021244233432427055
8639 3.69498153124238e-05
8642 9.164022082905678e-05
8661 7.843020694973282e-05
8663 8.001326955199571e-05
8693 8.484211069037113e-05
8694 8.88061998220748e-05
8695 4.476354154013861e-05
8696 4.787143878550288e-05
8722 7.217400943451535e-05
8723 0.00010498321344481378
8738 8.853165584237468e-05
8739 0.0002875104201589402
8800 0.00011379132113009053
8813 4.431951634967444e-05
8829 0.00011663084820199027
8861 0.00015775871449691997
8866 3.8493910507496085e-05
8871 7.025520142447097e-05
8872 0.00010422176939821458
8897 0.00015342417653056774
8899 0.00026261715830791277
8902 0.0002734912621014559
