121
517 0.011326298628642944
521 0.006464183997074147
821 0.011788089661594276
872 0.0034566334332461583
1004 0.011326298628642944
1073 0.009025083181507243
1183 0.011530781606638308
1257 0.008330381345754333
1393 0.007595447600999628
1468 0.019999682465609108
1575 0.007214710367842833
1664 0.0208602639307918
1773 0.014337377222636321
1881 0.014934520955676626
1903 0.009025083181507243
1930 0.004065348565458685
1958 0.008097978161732725
2041 0.0043950473401156535
2072 0.005735036058524816
2091 0.007462130044317606
2124 0.010101146026130693
2148 0.004408114751844818
2403 0.006469969803279521
2615 0.010225788961836211
2619 0.010848739100239679
2635 0.00865419055946554
2650 0.009868742842109084
2689 0.008519703012644929
2705 0.010640971751752135
2771 0.005801974562898338
2915 0.008330381345754333
3074 0.0169100485629197
3117 0.010795847861883602
3225 0.004280354459531664
3229 0.0024602225729476583
3418 0.0061398760269328655
3420 0.004501507470073277
3491 0.009106190737305085
3604 0.005641264636941466
3647 0.01610814190301268
3680 0.006748938332268569
3757 0.009106190737305085
3767 0.008946471642930881
3901 0.005443945687466473
3970 0.006985999010618113
3975 0.01610814190301268
3997 0.0070621472261110695
4077 0.01610814190301268
4094 0.016818605091200978
4126 0.010225788961836211
4158 0.006038687614535087
4333 0.004255551610113055
4335 0.008946471642930881
4350 0.007419193345838198
4482 0.0048660383221892905
4493 0.0036536048697434803
4534 0.0029803514128449375
4567 0.005078369765414446
4660 0.003465676534451624
4830 0.0043950473401156535
4904 0.022273953923504695
4924 0.004292846775001402
5172 0.003942342716270555
5177 0.03531073613055535
5223 0.0012058436205564973
5229 0.007756430242984399
5360 0.007376966377443353
5381 0.008030907613005817
5431 0.003376654516045405
5702 0.00554414180098871
5766 0.008154127090592904
5775 0.008796153381328598
5912 0.003920600683564885
5938 0.012265715351393012
5939 0.006206244214085444
5965 0.007550230961786151
5985 0.0032380939621859577
6052 0.008796153381328598
6202 0.009025083181507243
6459 0.008154127090592904
6469 0.004896056809155725
6484 0.0056272279344687474
6507 0.009311068856639182
6526 0.009276565419277537
6542 0.008870207071375775
6596 0.004019930952841261
6775 0.008586061897407805
6834 0.0028406408875169533
6844 0.011530781606638308
6892 0.013767318322588932
6927 0.010356826577784166
6968 0.0055237857297563185
6996 0.004111588260800111
7054 0.015072310967391027
7074 0.005783993103391936
7122 0.008870207071375775
7179 0.0019470189355377907
7475 0.013301546287014666
7481 0.0048504133595790545
7484 0.0014988048620191868
7644 0.010356826577784166
7717 0.010640971751752135
7808 0.015072310967391027
7864 0.008017403202066863
7904 0.012803768802476185
7923 0.005648428665461837
7996 0.0047888519850016135
8011 0.006257095721148082
8048 0.004881759439020625
8061 0.018042013762541588
8235 0.005044164189250084
8350 0.0025790660205258172
8448 0.004299672006377051
8534 0.00717570696255452
8570 0.01730838111893108
8639 0.003403036920115231
8671 0.01675604131300128
8787 0.014337377222636321
8815 0.005236441214827983
8830 0.012228401402072204
8872 0.014732102472820831
