89
68 3.241760820520544e-05
138 5.5304247721948624e-05
139 0.00010897983139923425
158 1.722259642893919e-05
161 8.88061998220748e-05
310 8.408656954820681e-05
328 5.502814824397996e-05
330 6.358367031630664e-05
334 9.252359415714085e-05
337 0.00022419450561242282
1083 7.178415593526694e-05
1096 6.950834500520415e-05
1111 9.886126874785542e-05
1216 4.5550455969092306e-05
1374 9.920086195142229e-05
1536 0.0001475693727081854
1537 0.00019268344080366
1621 0.00011198624708459517
1622 0.00011333374567896404
1722 8.117636599183342e-05
1888 6.071628875522179e-05
1922 7.334292682143156e-06
1957 8.88061998220748e-05
2040 4.7398314413738584e-05
2371 8.858094887998e-06
2384 3.364472337590274e-05
2439 5.502814824397996e-05
2469 0.00011110817958998604
2667 8.358930576913648e-05
2940 7.910237522724487e-05
3372 6.542281037332744e-05
3375 0.00010236864012694453
3478 7.865323446718271e-05
3654 6.663037655997976e-05
3724 5.7716484755306535e-05
3731 5.3138049876864844e-05
4301 0.00011154523568104574
4390 8.825864993225359e-05
4513 9.19329029551259e-05
4516 0.00011663084820199027
4563 4.728074758348793e-05
4577 3.9085797470059324e-05
4839 3.088397517794058e-05
4844 0.00010734164596720007
4926 0.00010236864012694453
4927 0.00010236864012694453
5222 2.3001954162320978e-05
5228 4.931901336427842e-05
5379 2.541525611908456e-05
5380 3.8298201700263376e-05
5439 8.024367862190805e-05
5440 8.586807337437805e-05
5554 0.0001440237055098346
5555 0.0001440237055098346
5808 0.00011913044365880717
5909 6.663037655997976e-05
5984 3.088397517794058e-05
5985 7.52017798211394e-05
5987 7.798719092134497e-05
6328 9.920086195142229e-05
6408 4.3989132524856074e-05
6413 9.590694438493474e-05
6490 2.724862948448243e-05
6491 7.604199766141655e-05
6493 0.0001251273376474703
6516 9.818910047034337e-05
6586 5.24803957997587e-05
6702 0.0001440237055098346
6760 1.9892587507080337e-05
6833 2.7093186202753706e-05
6998 0.00016251677649793962
7139 6.196989942762013e-05
7174 7.256700694753944e-05
7178 3.714017269315804e-05
7236 0.00010536844412685977
7237 0.00010536844412685977
7808 4.7398314413738584e-05
7922 0.00010774605847492284
8009 2.7093186202753706e-05
8010 3.97855428110104e-05
8031 5.5721352358276173e-05
8032 6.056183085252843e-05
8174 0.00016508218077975113
8600 8.383730339089555e-05
8693 8.484211069037113e-05
8694 8.88061998220748e-05
8890 0.00010058340652177312
8891 0.00010058340652177312
8892 0.00010384546306881737
