228
45 0.00015663840245623315
56 0.0001027336712532598
138 5.5304247721948624e-05
141 0.00012571095453322076
145 5.786216925096193e-05
160 3.6009024944890365e-05
246 0.0001002340757964429
276 4.8109734749355606e-05
277 5.502814824397996e-05
295 6.969398876306011e-05
401 0.00010939812948263226
404 0.00011913044365880717
405 0.00011913044365880717
430 2.1595466130645556e-05
463 2.104404381130732e-05
473 4.858985121920245e-05
480 6.877276232176413e-05
491 0.00022419450561242282
509 1.4811799641107606e-05
521 6.165346047478709e-05
549 6.786862826996617e-05
645 6.341986704442123e-05
765 7.499396958083494e-05
814 0.00014488623116808087
872 6.593667904531496e-05
891 5.757123449128065e-05
908 0.00023971321052336105
1173 9.077257605451787e-05
1226 0.00011110817958998604
1234 2.8271279696782107e-05
1235 0.0002875104201589402
1236 0.00030726931367955075
1265 6.576478670658657e-05
1412 6.804811807694473e-05
1433 0.00026261715830791277
1469 6.358367031630664e-05
1521 0.00011110817958998604
1536 0.0001475693727081854
1540 0.00016007969731333051
1638 7.33626397641186e-05
1641 7.583058115843726e-05
1649 8.744869066327002e-05
1671 7.64676023536449e-05
1682 0.00015447220461114937
1684 0.00020908021320920737
1706 3.382257549850835e-05
1713 4.787143878550288e-05
1918 0.0001376235146469122
1919 0.00014071861357331354
2042 8.383730339089555e-05
2076 7.66818067754729e-05
2123 0.00011243128604527755
2148 8.383730339089555e-05
2149 8.408656954820681e-05
2371 8.858094887998e-06
2550 5.3403616896513294e-05
2563 2.4450245822639586e-05
2564 4.692973938522239e-05
2571 6.593667904531496e-05
2586 9.502842032885344e-06
2618 4.846937791309118e-05
2620 0.00010347204034115494
2675 0.00010694056199521868
2676 0.00023971321052336105
2691 0.00016920278300425065
2772 0.00011067500849334801
2976 5.461691012835996e-05
3226 8.164949036359771e-05
3227 0.0002059351589452662
3228 4.566391685271689e-05
3229 4.669713069773751e-05
3230 4.692973938522239e-05
3421 8.586807337437805e-05
3572 5.234992335902794e-05
3654 6.663037655997976e-05
3657 4.716346370617082e-05
3724 5.7716484755306535e-05
3743 3.233112827567267e-05
3746 1.903006184883404e-05
3832 3.3290954653437934e-05
3872 9.164022082905678e-05
3875 3.285232498188492e-05
3932 4.895306850942043e-05
3943 7.689695691525318e-05
3969 6.0101372993599195e-05
3970 6.663037655997976e-05
4005 9.222735356398462e-05
4220 4.3879500470736716e-05
4224 8.236790279729728e-05
4225 0.00010897983139923425
4247 4.846937791309118e-05
4301 0.00011154523568104574
4308 7.955569410086921e-05
4372 0.00018825025618924418
4495 3.207260550754382e-05
4577 3.9085797470059324e-05
4652 4.476354154013861e-05
4659 6.610917985376751e-05
4676 1.811794967986411e-05
4679 0.00012122674224136485
4834 1.7286007534181456e-05
4839 3.088397517794058e-05
4846 4.681329625334851e-05
4911 6.341986704442123e-05
4913 6.457822376461287e-05
4914 6.542281037332744e-05
5024 6.025437603138515e-05
5031 6.913916575845257e-05
5171 7.52017798211394e-05
5192 8.001326955199571e-05
5198 0.00010654275221462514
5222 2.3001954162320978e-05
5228 4.931901336427842e-05
5242 6.786862826996617e-05
5247 0.00020019542348213994
5359 0.00014071861357331354
5379 2.541525611908456e-05
5380 3.8298201700263376e-05
5395 3.215862746722012e-05
5427 3.490353872923123e-05
5434 7.159039254876493e-05
5469 1.1433598200043818e-05
5483 0.00020019542348213994
5550 4.944160821510571e-05
5588 6.913916575845257e-05
5808 0.00011913044365880717
5854 7.178415593526694e-05
5858 6.663037655997976e-05
5894 1.5848029138067838e-05
5896 1.6219082409210568e-05
5911 7.47870417645905e-05
5984 3.088397517794058e-05
5988 7.044371782011974e-05
6022 2.0770655001689466e-05
6035 9.818910047034337e-05
6036 0.00017370426675739054
6051 0.0001677901789526326
6084 7.843020694973282e-05
6085 0.00011862016226846598
6175 0.00015139340654708521
6177 0.00015447220461114937
6345 0.0001251273376474703
6384 0.00015663840245623315
6399 8.212725328354177e-05
6429 5.815485137703107e-05
6467 4.669713069773751e-05
6468 4.669713069773751e-05
6490 2.724862948448243e-05
6497 0.0001664173719040451
6533 0.00030726931367955075
6566 7.082295263288685e-05
6568 3.9584588186023764e-05
6569 4.981125419104163e-05
6572 0.00011614595437539213
6573 0.0001504088997800851
6661 5.889434094657216e-05
6675 5.7716484755306535e-05
6689 7.376538112671329e-05
6753 0.00011862016226846598
6762 7.139739654402146e-05
6763 7.27647006365303e-05
6823 0.00012176521653240713
6833 2.7093186202753706e-05
6905 2.9805618738211806e-05
6929 5.904359505253569e-05
6999 6.309390310328486e-05
7067 3.508605365233e-05
7103 0.0002059351589452662
7124 6.859058854884968e-05
7311 0.0001475693727081854
7353 0.00022883910672981793
7354 0.00023971321052336105
7406 6.698096388147314e-05
7409 0.0002734912621014559
7482 2.5340342303404983e-05
7483 2.8590308184836374e-05
7701 0.00011425323385392718
7724 9.920086195142229e-05
7786 0.00017695423263882194
7818 2.996997446737178e-05
7884 0.00010982004923951138
7890 9.233159952796689e-06
7893 5.131853189681648e-05
7894 6.374802604546662e-05
7902 7.376538112671329e-05
7903 8.141235399539764e-05
7938 4.907474504580058e-05
7942 9.134928606937549e-05
8009 2.7093186202753706e-05
8010 3.97855428110104e-05
8016 3.6571316885345003e-05
8042 6.663037655997976e-05
8047 9.312153328472917e-05
8054 2.9805618738211806e-05
8088 8.509658347491132e-05
8089 0.00019268344080366
8144 1.8182537399726556e-05
8149 0.00011811516886331826
8204 5.1064059112276297e-05
8349 4.919672615455441e-05
8363 0.0002734912621014559
8377 0.0002734912621014559
8447 4.100899018649567e-05
8513 4.3335009582674306e-05
8520 5.874554257904601e-05
8521 6.610917985376751e-05
8585 0.0001431761810607271
8589 0.0001677901789526326
8633 5.949411993323993e-05
8638 6.491430390704548e-05
8661 7.843020694973282e-05
8663 8.001326955199571e-05
8704 0.00015139340654708521
8745 0.0002734912621014559
8756 9.372690041743856e-05
8757 9.818910047034337e-05
8781 8.63892700805903e-05
8813 4.431951634967444e-05
8818 7.139739654402146e-05
8819 7.139739654402146e-05
8824 0.00011712061541501202
8841 0.0001275049519955334
8844 0.0001523982138465608
8845 0.0001431761810607271
8866 3.8493910507496085e-05
8871 7.025520142447097e-05
8872 0.00010422176939821458
8879 0.0001196461249524729
