177
52 0.0032419954811448363
163 0.0014646537168291646
313 0.010179866630156712
314 0.006926850781116936
378 0.0026356890179440383
490 0.005048969820819887
520 0.006926850781116936
536 0.005653904012261151
652 0.005513426090739219
800 0.0036955060981021547
807 0.004463067020218891
821 0.0037248610454851797
831 0.008700535742900068
848 0.0074275889740442825
861 0.009695528518028367
984 0.004951092725197772
1041 0.003556240702080621
1097 0.011725026923993912
1134 0.0035696389335632427
1193 0.003403577985907254
1222 0.004919742660004974
1248 0.011402016132461227
1364 0.0022307859678285294
1390 0.002150618127953863
1459 0.01407647645723345
1482 0.006462394511197606
1525 0.043409086172768084
1772 0.006641532219315235
1782 0.009525252284224812
1847 0.004312428486371049
1852 0.010179866630156712
1881 0.009438173094665527
1903 0.005703584166751789
1921 0.00048597186902051893
1955 0.0037397411289560867
2117 0.0022249257885164292
2211 0.005862513461996956
2238 0.02487289590589417
2244 0.009060796014305482
2249 0.007287111052522351
2283 0.005117681366150792
2312 0.007038238228616725
2318 0.004070377126490589
2373 0.0028448188472582053
2381 0.0036955060981021547
2425 0.0063085183581930515
2525 0.005347716230967161
2556 0.004052134247327972
2644 0.008700535742900068
2655 0.0063085183581930515
2674 0.0035429527453583226
2681 0.005082960078960668
2684 0.015415076344861929
2690 0.005605707071129672
2748 0.00682265478260302
2876 0.004951092725197772
2896 0.004416935949654505
2929 0.005048969820819887
2939 0.0026206705131048558
2954 0.0015742158643856359
2986 0.018648093444838216
3001 0.004771521425664111
3010 0.00775156732244168
3011 0.008157308844467956
3276 0.005703584166751789
3320 0.003896609827076737
3599 0.006641532219315235
3624 0.004743442846145724
3627 0.0051239115304236
3653 0.0022074718063291436
3680 0.008530256628146146
3733 0.007479482257912173
3819 0.0021284256461785414
3840 0.010708916800689729
3882 0.003981156768112275
3900 0.009525252284224812
3911 0.006926850781116936
3943 0.0025476047584711385
4221 0.001453732744220095
4256 0.03578941945853718
4282 0.014487562412809218
4349 0.0027208850604569673
4376 0.0024983576139409594
4435 0.00432844927800906
4468 0.005552061805534084
4493 0.004617939240567967
4534 0.0018834934579317448
4564 0.001566416440386782
4592 0.014666969326119123
4643 0.008700535742900068
4668 0.007157883891707436
4680 0.004016255490167448
4685 0.007287111052522351
4756 0.00455948238859956
4830 0.0027775392112255057
4834 0.004743442846145724
5166 0.006632496706590449
5171 0.0037397411289560867
5172 0.004982886704579883
5174 0.031766901593817
5267 0.012924789022395211
5298 0.004688709549414474
5308 0.013183066424663962
5331 0.009060796014305482
5380 0.0016840205392809038
5381 0.007612942161027819
5470 0.0003787963834899275
5493 0.0074275889740442825
5556 0.004771521425664111
5578 0.006038813275856205
5706 0.0038320221093465405
5742 0.00794172539845425
5939 0.001961080885491683
5990 0.004350120444034056
5997 0.004743442846145724
6120 0.00775156732244168
6264 0.010179866630156712
6298 0.003036050736165628
6309 0.005048969820819887
6349 0.006354815526829281
6414 0.0031774077634146407
6430 0.0019266767117921966
6517 0.003253015849039777
6535 0.006102134239792192
6601 0.00432844927800906
6639 0.003075191504729291
6729 0.00946932068036259
6761 0.005272349140910035
6764 0.0024107026471106244
6806 0.011026852181478438
6886 0.001700188684997875
6895 0.003065316993042525
6909 0.0029605058382522033
6927 0.013090412774894485
7000 0.002090308046306597
7022 0.00555890734136008
7074 0.0018276558133394592
7228 0.00498306362394096
7252 0.005095209516942277
7279 0.010179866630156712
7409 0.005759080268896659
7444 0.009658374941872813
7481 0.003065316993042525
7484 0.0009472000986738354
7485 0.009060796014305482
7512 0.011838335225530986
7524 0.0029605058382522033
7555 0.002736870118050737
7628 0.0026132133283554185
7635 0.023049694604508463
7661 0.0039468048843393656
7667 0.004951092725197772
7683 0.006102134239792192
7716 0.004662023361209554
7719 0.00315644022678753
7811 0.007157883891707436
7863 0.0030073055680217963
7934 0.005754841729895406
7988 0.0051968030062157534
8011 0.0013180994703781586
8062 0.002605790429633949
8069 0.0037699191595218094
8073 0.004584513550900557
8145 0.0012047789836904317
8183 0.014855177948088565
8345 0.006168040436671119
8505 0.006545206387447242
8520 0.009600193993828526
8534 0.00906966679281984
8583 0.0035696389335632427
8657 0.00682265478260302
8697 0.0031719722115717596
8754 0.0035167004981929446
8814 0.0029366210387234094
8831 0.009060796014305482
8843 0.01627840731478803
8848 0.005303458224744987
