91
45 0.00015663840245623315
68 3.241760820520544e-05
160 3.6009024944890365e-05
163 4.4209139343250144e-05
246 0.0001002340757964429
449 6.628229345501092e-05
509 1.4811799641107606e-05
547 0.0002734912621014559
549 6.786862826996617e-05
773 0.00011110817958998604
774 0.00023971321052336105
872 6.593667904531496e-05
1432 0.00015139340654708521
1469 6.358367031630664e-05
1706 3.382257549850835e-05
1713 4.787143878550288e-05
1881 8.408656954820681e-05
1882 9.496067334174995e-05
2040 4.7398314413738584e-05
2076 7.66818067754729e-05
2118 6.715720793434914e-05
2371 8.858094887998e-06
2377 0.0001228603508781383
2550 5.3403616896513294e-05
2571 6.593667904531496e-05
2586 9.502842032885344e-06
2589 0.0001228603508781383
2685 7.754816608258265e-05
2692 0.0001804365299615294
2718 8.88061998220748e-05
2783 8.718166847460814e-05
2786 0.0001399262151792957
2929 0.0001251273376474703
3307 8.408656954820681e-05
3545 6.071628875522179e-05
3576 5.3536945098705395e-05
3600 0.0001002340757964429
3605 5.380470086849468e-05
3647 8.094151528426567e-05
3681 0.0001287387249198448
3731 5.3138049876864844e-05
3732 0.00010654275221462514
3746 1.903006184883404e-05
3882 0.00012016732165868515
3977 0.0001128804268053397
3978 0.00018617626542465564
4388 0.0001415241100530177
4485 7.159039254876493e-05
4577 3.9085797470059324e-05
4676 1.811794967986411e-05
4696 0.0002199543170027505
4923 8.188778632745044e-05
5171 7.52017798211394e-05
5359 0.00014071861357331354
5469 1.1433598200043818e-05
5574 0.00013401212737453773
5765 0.00015554326811050196
5766 0.00018418695135817993
5894 1.5848029138067838e-05
5896 1.6219082409210568e-05
6242 3.105201474962982e-05
6254 8.141235399539764e-05
6458 0.00015554326811050196
6467 4.669713069773751e-05
6468 4.669713069773751e-05
6536 7.499396958083494e-05
6689 7.376538112671329e-05
6712 6.025437603138515e-05
6762 7.139739654402146e-05
6763 7.27647006365303e-05
6783 0.00021605372159664503
6833 2.7093186202753706e-05
7067 3.508605365233e-05
7073 5.516600244482883e-05
7192 0.00019756065060853997
7344 8.96392359620217e-05
7345 0.00011425323385392718
7482 2.5340342303404983e-05
7483 2.8590308184836374e-05
7886 7.910237522724487e-05
7890 9.233159952796689e-06
7894 6.374802604546662e-05
7902 7.376538112671329e-05
7903 8.141235399539764e-05
8009 2.7093186202753706e-05
8144 1.8182537399726556e-05
8204 5.1064059112276297e-05
8349 4.919672615455441e-05
8444 5.815485137703107e-05
8447 4.100899018649567e-05
8746 0.00011811516886331826
