239
68 0.0007724751987293873
139 0.0025968669984758703
152 0.003516412432019647
163 0.0010534541439225808
210 0.0036559258321936356
277 0.00524503590535133
297 0.0039027554079126385
377 0.0028387446895382067
395 0.008777936419808018
446 0.0023967896227862088
456 0.0039027554079126385
458 0.0026685065080692834
480 0.0032775553893666406
549 0.0016172331955666803
657 0.006851050439723194
688 0.004216620645126153
726 0.0015269165474972723
822 0.007321882683187582
841 0.006946799089207986
849 0.003473399544603993
857 0.006851050439723194
882 0.006989413686380581
904 0.004770432123189387
990 0.002606834572056734
1095 0.003312611607948552
1109 0.007412842809629911
1138 0.003372360611744635
1144 0.004727690276529814
1172 0.010815042751308332
1192 0.007361798328847931
1193 0.0024480280166017413
1246 0.0034117276085914435
1268 0.004019317589550327
1284 0.011424193220236328
1366 0.003038299818674314
1373 0.004727690276529814
1401 0.011150650319448192
1411 0.001621510236100886
1417 0.0015308729915027477
1433 0.006046157403188484
1442 0.005148317558474065
1496 0.0047631811436032595
1588 0.0037865369753428786
1610 0.004257369218807267
1640 0.00180695759166843
1648 0.0020838040940937496
1657 0.002538794138333527
1712 0.0011407226268887744
1720 0.0033342845713312387
1721 0.00580302492288144
1724 0.005867155291876685
1823 0.004299599879725
1833 0.0035385314854046467
1921 0.00017476795824401014
1948 0.005991101747593921
1984 0.004525612410811099
2005 0.0040319123051708065
2019 0.0031132429299049118
2031 0.0026270301279135416
2064 0.003843192855209023
2254 0.014154125941618587
2277 0.003297417500514037
2373 0.004092279518248434
2387 0.004388968209904009
2407 0.008686849043878711
2467 0.004648085891743732
2488 0.0053423032995131335
2580 0.008063824610341613
2586 0.003561080061706419
2616 0.005452978928278442
2646 0.004485792200958674
2655 0.004537410262978424
2675 0.005712096610118164
2713 0.002071113091354547
2738 0.00180695759166843
2743 0.0017919739619411611
2772 0.00263726116495379
2861 0.005829005949364836
2954 0.0011322568650260322
2962 0.002027756021198956
3047 0.004343424521939356
3064 0.013033979293305747
3088 0.007321882683187582
3126 0.007321882683187582
3174 0.004770432123189387
3198 0.0065169896466528736
3254 0.005148317558474065
3256 0.0035840751733693
3302 0.0023967896227862088
3337 0.0038145194183326243
3344 0.0026475831457378487
3374 0.002439329734789651
3420 0.002046139759124217
3433 0.004436371330119067
3439 0.004707648444447348
3474 0.009071623799177708
3506 0.004353501804546921
3552 0.004343424521939356
3582 0.0027791821368345912
3604 0.0012821055993048785
3627 0.0018426901092031397
3640 0.0029276241899090067
3653 0.0015877270478677529
3748 0.003631478293584358
3760 0.0025293915347965297
3872 0.002183683550878486
3890 0.0038145194183326243
3893 0.004177253648279344
3923 0.006046157403188484
3926 0.007942749437213547
3945 0.005712096610118164
4105 0.0023802005521945378
4110 0.004907203573583456
4136 0.006289258069816477
4206 0.00625787196481315
4346 0.0012228629846642472
4349 0.001957000217280546
4364 0.0016741025537296398
4372 0.00948193815035991
4433 0.0030538330949945445
4435 0.0031132429299049118
4468 0.003993327876172912
4491 0.004707648444447348
4493 0.0016607294862470365
4534 0.0013547051876567897
4630 0.0037865369753428786
4653 0.0010666649256837306
4798 0.0023802005521945378
4811 0.007760952769010791
4915 0.0031179042034603964
5004 0.004343424521939356
5032 0.003295017354221012
5052 0.0183174389500379
5057 0.00324422277132436
5098 0.005575325159724096
5163 0.0013344509208162124
5171 0.002689813806655581
5205 0.0053423032995131335
5207 0.013702100879446387
5223 0.0005481107366165896
5349 0.003965539086654679
5357 0.007321882683187582
5380 0.0012112340242421474
5381 0.0009126031378415701
5396 0.0007663039785771811
5434 0.004907203573583456
5437 0.004485792200958674
5612 0.0028886971306284585
5744 0.005452978928278442
5775 0.007996503073935088
5787 0.004216620645126153
5807 0.0018849207701208722
5812 0.0024567919464446183
5869 0.0034583805663982426
5885 0.0038725922784749673
5890 0.05935351500925267
5939 0.0028210200973115655
5985 0.002207791337854062
5989 0.0016785946877350456
5990 0.0031288299450405372
5993 0.00625787196481315
6001 0.0008252188329137646
6012 0.004257369218807267
6015 0.004679471996747059
6031 0.00331570473187849
6038 0.004436371330119067
6063 0.005241264366653776
6078 0.005867155291876685
6080 0.0029816439388081696
6081 0.003353166535201524
6095 0.00280264182749637
6125 0.004537410262978424
6134 0.00324422277132436
6135 0.006353774173567175
6174 0.0031446290349082385
6252 0.0029276241899090067
6328 0.002474520767030215
6387 0.003297417500514037
6406 0.006706333070403048
6414 0.0022853547817073216
6438 0.007321882683187582
6469 0.0011127401838990285
6634 0.0028145518313098723
6707 0.0018849207701208722
6729 0.018162190823654452
6761 0.0009480360420486628
6834 0.0077472024205007825
6920 0.005287723616025651
6921 0.0022406871520205497
6930 0.0028138851289208453
6974 0.0056774893790764135
6996 0.0037378075098182823
7067 0.013702100879446387
7094 0.006851050439723194
7356 0.012306931611146241
7393 0.003770376012522123
7470 0.005638671540061024
7484 0.0006812749372814485
7503 0.002308349893370203
7508 0.004139177607865948
7533 0.004343424521939356
7547 0.014643765366375164
7665 0.002851032795658926
7702 0.0027225262569684464
7704 0.004066578019514037
7725 0.004727690276529814
7726 0.004388968209904009
7800 0.0022406871520205497
7870 0.005452978928278442
7905 0.004329361255810696
7943 0.0021767509022734607
7988 0.0018689037549091412
8011 0.001896089612469116
8033 0.004329361255810696
8062 0.005622654750573789
8073 0.006594835001028074
8104 0.006946799089207986
8145 0.001733077789372867
8146 0.012038505527191663
8180 0.004139177607865948
8250 0.005575325159724096
8307 0.004591430011877588
8323 0.005241264366653776
8347 0.0033342845713312387
8445 0.0013857648007275425
8531 0.002733638448869938
8569 0.005452978928278442
8572 0.0022628062054055494
8639 0.0030936699273774824
8679 0.0010508299276819988
8681 0.003732517226443716
8697 0.002281445253777549
8727 0.006046157403188484
8754 0.0025293915347965297
8782 0.002058559291332141
8814 0.0021121686080657676
8820 0.006805279122998067
8848 0.0038145194183326243
8867 0.001834533317875963
