112
46 0.00016920278300425065
91 0.00015663840245623315
163 4.4209139343250144e-05
225 4.311890533715833e-05
278 5.558192042480493e-05
430 2.1595466130645556e-05
436 6.181142310095298e-05
463 2.104404381130732e-05
807 0.0001347133110905388
1216 4.5550455969092306e-05
1234 2.8271279696782107e-05
1249 0.0001147195668623605
1306 4.5550455969092306e-05
1310 8.285279662389543e-05
1391 6.491430390704548e-05
1460 0.00021244233432427055
1524 0.0001300045474523503
1526 0.00016378259903044513
1629 0.00015447220461114937
1634 0.00018617626542465564
1773 0.0001002340757964429
1901 0.00011243128604527755
1904 0.00017215710736717137
1922 7.334292682143156e-06
1957 8.88061998220748e-05
2069 0.0002537323685808453
2118 6.715720793434914e-05
2212 0.00017695423263882194
2250 0.0002199543170027505
2371 8.858094887998e-06
2384 3.364472337590274e-05
2426 0.00019041645403432799
2607 3.3290954653437934e-05
2612 8.001326955199571e-05
2645 0.00026261715830791277
2739 7.583058115843726e-05
2877 0.00014944388948364012
2878 0.0002537323685808453
2940 7.910237522724487e-05
3012 0.0002462203859023654
3076 9.818910047034337e-05
3083 0.00019756065060853997
3627 6.491430390704548e-05
3628 7.733012801189119e-05
3743 3.233112827567267e-05
4125 0.00016508218077975113
4189 4.981125419104163e-05
4255 0.00021605372159664503
4280 0.00026261715830791277
4281 0.00014576429866269
4290 5.656642719180506e-05
4292 0.00011110817958998604
4296 9.527405980765772e-05
4298 0.00011614595437539213
4375 7.541048004377448e-05
4390 8.825864993225359e-05
4481 9.282164663063054e-05
4492 6.969398876306011e-05
4577 3.9085797470059324e-05
4591 0.0001475693727081854
4699 3.676019862375966e-05
4712 8.484211069037113e-05
4718 0.0001147195668623605
5171 7.52017798211394e-05
5264 0.00011425323385392718
5266 0.00019506105515172307
5307 0.00013263932032595027
5329 0.00014849761844045535
5369 7.562007790453742e-05
5370 0.00011154523568104574
5379 2.541525611908456e-05
5380 3.8298201700263376e-05
5574 0.00013401212737453773
5702 3.9886331735258645e-05
5705 0.00011566583790554528
5729 9.106007793564448e-05
5731 0.0001415241100530177
5822 9.134928606937549e-05
6106 7.217400943451535e-05
6229 7.458098891001271e-05
6254 8.141235399539764e-05
6297 9.164022082905678e-05
6408 4.3989132524856074e-05
6413 9.590694438493474e-05
6516 9.818910047034337e-05
6560 0.0001504088997800851
6689 7.376538112671329e-05
6833 2.7093186202753706e-05
7003 8.771718405598661e-05
7009 0.00017370426675739054
7189 0.00016920278300425065
7321 3.8200641252257444e-05
7627 7.887728740211037e-05
7634 0.0001391464957049546
7677 6.988034244141115e-05
7681 0.00017215710736717137
7682 0.00018418695135817993
7702 0.0001677901789526326
7703 0.00017065756051371745
7886 7.910237522724487e-05
7981 6.950834500520415e-05
7987 7.843020694973282e-05
8079 0.00015775871449691997
8144 1.8182537399726556e-05
8321 0.00019268344080366
8503 7.256700694753944e-05
8582 0.00010774605847492284
8717 9.106007793564448e-05
8718 9.403242760948e-05
8841 0.0001275049519955334
8842 0.00016378259903044513
8844 0.0001523982138465608
