87
28 0.0002537323685808453
82 8.334256383691721e-05
130 0.00011862016226846598
145 5.786216925096193e-05
146 0.000101646679848061
160 3.6009024944890365e-05
278 5.558192042480493e-05
459 8.798716495431228e-05
463 2.104404381130732e-05
517 0.00021605372159664503
521 6.165346047478709e-05
849 0.00014576429866269
872 6.593667904531496e-05
1469 6.358367031630664e-05
1773 0.0001002340757964429
1828 0.00016128300357362823
1881 8.408656954820681e-05
1882 9.496067334174995e-05
1922 7.334292682143156e-06
1953 0.0001281179340087181
2042 8.383730339089555e-05
2076 7.66818067754729e-05
2493 2.5565430128539482e-05
2550 5.3403616896513294e-05
2586 9.502842032885344e-06
2739 7.583058115843726e-05
2939 0.00013065000625947455
3050 5.1064059112276297e-05
3052 0.00011379132113009053
3185 0.00010939812948263226
3212 7.356359438910525e-05
3226 8.164949036359771e-05
3343 0.00011614595437539213
3493 0.00023397347506023475
3530 0.0001786642827461757
3576 5.3536945098705395e-05
3743 3.233112827567267e-05
3746 1.903006184883404e-05
3884 8.433711728522342e-05
4220 4.3879500470736716e-05
4392 8.334256383691721e-05
4460 0.00011862016226846598
4509 0.0001281179340087181
4652 4.476354154013861e-05
4699 3.676019862375966e-05
4730 0.00020908021320920737
4829 8.383730339089555e-05
5290 0.00013614669170503938
5369 7.562007790453742e-05
5371 0.0001300045474523503
5687 2.724862948448243e-05
5691 8.383730339089555e-05
5699 8.260974660633398e-05
5700 0.00010575674440844711
5701 0.00010575674440844711
5779 0.0002462203859023654
5780 0.00030726931367955075
6353 0.0002875104201589402
6429 5.815485137703107e-05
6536 7.499396958083494e-05
6568 3.9584588186023764e-05
6687 6.196989942762013e-05
6689 7.376538112671329e-05
6762 7.139739654402146e-05
6763 7.27647006365303e-05
6833 2.7093186202753706e-05
6960 3.259102983841739e-05
7067 3.508605365233e-05
7073 5.516600244482883e-05
7344 8.96392359620217e-05
7345 0.00011425323385392718
7346 8.070779096331723e-05
7349 0.00013614669170503938
7389 0.0001300045474523503
7784 7.082295263288685e-05
8009 2.7093186202753706e-05
8010 3.97855428110104e-05
8018 0.0001281179340087181
8031 5.5721352358276173e-05
8032 6.056183085252843e-05
8047 9.312153328472917e-05
8053 0.00016007969731333051
8204 5.1064059112276297e-05
8234 4.8109734749355606e-05
8447 4.100899018649567e-05
8519 0.00014488623116808087
8704 0.00015139340654708521
