47
160 3.6009024944890365e-05
278 5.558192042480493e-05
459 8.798716495431228e-05
872 6.593667904531496e-05
1469 6.358367031630664e-05
1773 0.0001002340757964429
1922 7.334292682143156e-06
2479 0.00013542473142615584
2493 2.5565430128539482e-05
2571 6.593667904531496e-05
2739 7.583058115843726e-05
2939 0.00013065000625947455
3050 5.1064059112276297e-05
3052 0.00011379132113009053
3277 0.00017215710736717137
3576 5.3536945098705395e-05
3586 6.228840662358072e-05
3605 5.380470086849468e-05
3608 0.0002537323685808453
3691 0.00011425323385392718
3743 3.233112827567267e-05
3746 1.903006184883404e-05
3884 8.433711728522342e-05
4220 4.3879500470736716e-05
4829 8.383730339089555e-05
4834 1.7286007534181456e-05
5254 5.9796800580258657e-05
5290 0.00013614669170503938
6762 7.139739654402146e-05
6763 7.27647006365303e-05
7067 3.508605365233e-05
7073 5.516600244482883e-05
7718 9.527405980765772e-05
7890 9.233159952796689e-06
7894 6.374802604546662e-05
7902 7.376538112671329e-05
8031 5.5721352358276173e-05
8032 6.056183085252843e-05
8054 2.9805618738211806e-05
8058 8.853165584237468e-05
8059 0.00011425323385392718
8060 0.0001147195668623605
8447 4.100899018649567e-05
8562 0.00013614669170503938
8563 0.0001376235146469122
8564 0.00014071861357331354
8871 7.025520142447097e-05
