513
8 0.0001475693727081854
10 0.00016128300357362823
56 0.0001027336712532598
58 3.9886331735258645e-05
68 3.241760820520544e-05
77 8.691610145495967e-05
79 0.00013130412920165632
82 8.334256383691721e-05
122 0.0001523982138465608
132 8.334256383691721e-05
134 0.0001376235146469122
138 5.5304247721948624e-05
141 0.00012571095453322076
158 1.722259642893919e-05
161 8.88061998220748e-05
163 4.4209139343250144e-05
225 4.311890533715833e-05
226 0.00011712061541501202
238 0.00012176521653240713
239 0.00018825025618924418
246 0.0001002340757964429
260 0.00023971321052336105
276 4.8109734749355606e-05
277 5.502814824397996e-05
278 5.558192042480493e-05
318 9.719791862251607e-05
330 6.358367031630664e-05
344 9.164022082905678e-05
351 0.00030726931367955075
356 0.00023397347506023475
371 9.818910047034337e-05
375 8.334256383691721e-05
378 7.955569410086921e-05
412 6.391293797104737e-05
413 7.562007790453742e-05
423 8.63892700805903e-05
430 2.1595466130645556e-05
443 5.859719717528758e-05
463 2.104404381130732e-05
473 4.858985121920245e-05
480 6.877276232176413e-05
509 1.4811799641107606e-05
521 6.165346047478709e-05
547 0.0002734912621014559
549 6.786862826996617e-05
575 8.825864993225359e-05
578 0.0001440237055098346
645 6.341986704442123e-05
647 0.00017215710736717137
659 0.0001263016457352357
668 8.63892700805903e-05
706 6.525271795805037e-05
708 9.654815662959692e-05
723 6.212889280683989e-05
726 6.4078409870285e-05
785 9.134928606937549e-05
800 0.00011154523568104574
814 0.00014488623116808087
821 0.00011243128604527755
837 0.0001128804268053397
838 0.00011614595437539213
849 0.00014576429866269
858 0.00010815385522706535
872 6.593667904531496e-05
891 5.757123449128065e-05
897 0.00014488623116808087
909 0.00022883910672981793
969 0.00010536844412685977
1035 0.00015663840245623315
1057 9.988723143186235e-05
1083 7.178415593526694e-05
1096 6.950834500520415e-05
1097 0.0002875104201589402
1120 0.0002734912621014559
1140 3.8493910507496085e-05
1144 0.0001523982138465608
1160 0.0002462203859023654
1183 0.00010310145735752775
1216 4.5550455969092306e-05
1234 2.8271279696782107e-05
1254 8.96392359620217e-05
1350 6.374802604546662e-05
1352 0.0002734912621014559
1353 0.0002875104201589402
1371 0.00011519040557349246
1374 9.920086195142229e-05
1418 6.424444555902466e-05
1463 0.0002875104201589402
1469 6.358367031630664e-05
1477 0.00016378259903044513
1551 0.0002059351589452662
1554 0.00022883910672981793
1594 0.000126899584862824
1610 9.590694438493474e-05
1638 7.33626397641186e-05
1641 7.583058115843726e-05
1671 7.64676023536449e-05
1706 3.382257549850835e-05
1707 0.00015554326811050196
1711 0.00022883910672981793
1713 4.787143878550288e-05
1752 0.00030726931367955075
1764 0.00015890538922556517
1777 4.871062309639001e-05
1782 0.00014665847838343454
1844 0.00018617626542465564
1881 8.408656954820681e-05
1884 0.00018617626542465564
1888 6.071628875522179e-05
1895 0.00011519040557349246
1922 7.334292682143156e-06
1929 4.2158123180710165e-05
1931 7.754816608258265e-05
1932 0.0001275049519955334
1953 0.0001281179340087181
2040 4.7398314413738584e-05
2073 0.00010939812948263226
2076 7.66818067754729e-05
2079 0.00017215710736717137
2080 0.00030726931367955075
2137 0.00015342417653056774
2144 0.0001263016457352357
2146 0.0001347133110905388
2159 0.00018617626542465564
2321 8.691610145495967e-05
2326 0.00011913044365880717
2341 8.744869066327002e-05
2350 0.00016007969731333051
2371 8.858094887998e-06
2384 3.364472337590274e-05
2389 8.070779096331723e-05
2391 2.4157123570420575e-05
2402 8.825864993225359e-05
2421 0.00015447220461114937
2422 0.00017370426675739054
2434 0.00010536844412685977
2450 0.0001504088997800851
2465 0.00022883910672981793
2466 0.00010939812948263226
2550 5.3403616896513294e-05
2559 7.604199766141655e-05
2563 2.4450245822639586e-05
2564 4.692973938522239e-05
2571 6.593667904531496e-05
2572 0.00020019542348213994
2579 0.00013130412920165632
2580 8.992010952057247e-05
2582 7.458098891001271e-05
2586 9.502842032885344e-06
2607 3.3290954653437934e-05
2647 0.00018825025618924418
2675 0.00010694056199521868
2685 7.754816608258265e-05
2731 0.00022883910672981793
2806 0.00026261715830791277
2828 0.00016128300357362823
2862 0.00012230970742046953
2929 0.0001251273376474703
2940 7.910237522724487e-05
2958 6.950834500520415e-05
2963 8.509658347491132e-05
2976 5.461691012835996e-05
3047 0.0001786642827461757
3050 5.1064059112276297e-05
3051 7.910237522724487e-05
3063 0.00023397347506023475
3067 0.00010093525951244397
3076 9.818910047034337e-05
3079 0.00011862016226846598
3081 0.00018825025618924418
3082 0.00023397347506023475
3137 0.00011379132113009053
3212 7.356359438910525e-05
3213 0.0001300045474523503
3228 4.566391685271689e-05
3229 4.669713069773751e-05
3230 4.692973938522239e-05
3269 0.00010310145735752775
3270 0.0001753021616311125
3307 8.408656954820681e-05
3343 0.00011614595437539213
3409 8.458895984833521e-05
3419 0.00011712061541501202
3501 0.00016508218077975113
3502 0.00017695423263882194
3513 6.056183085252843e-05
3515 0.00030726931367955075
3586 6.228840662358072e-05
3596 8.285279662389543e-05
3601 0.00015139340654708521
3647 8.094151528426567e-05
3649 0.0001347133110905388
3657 4.716346370617082e-05
3707 0.00015663840245623315
3719 2.489326185102742e-05
3723 6.859058854884968e-05
3727 6.424444555902466e-05
3729 0.00012936752625714268
3731 5.3138049876864844e-05
3732 0.00010654275221462514
3743 3.233112827567267e-05
3746 1.903006184883404e-05
3832 3.3290954653437934e-05
3875 3.285232498188492e-05
3901 0.00010384546306881737
3903 0.00018227567001855016
3932 4.895306850942043e-05
3946 0.0002059351589452662
3969 6.0101372993599195e-05
3970 6.663037655997976e-05
3996 7.417147870601431e-05
3997 0.0001347133110905388
4002 0.0001263016457352357
4003 0.0001300045474523503
4005 9.222735356398462e-05
4046 9.312153328472917e-05
4091 0.00019041645403432799
4189 4.981125419104163e-05
4195 0.00016251677649793962
4220 4.3879500470736716e-05
4247 4.846937791309118e-05
4290 5.656642719180506e-05
4291 7.843020694973282e-05
4295 0.00012176521653240713
4299 0.00026261715830791277
4308 7.955569410086921e-05
4314 3.1644758795232604e-05
4345 5.131853189681648e-05
4381 4.3226837668107787e-05
4390 8.825864993225359e-05
4398 6.325661252824365e-05
4406 6.508321716976057e-05
4431 0.00013196715204843822
4453 3.6854914742017664e-05
4457 0.00010058340652177312
4467 5.5861184383926875e-05
4481 9.282164663063054e-05
4485 7.159039254876493e-05
4492 6.969398876306011e-05
4495 3.207260550754382e-05
4499 9.312153328472917e-05
4516 0.00011663084820199027
4518 0.00015139340654708521
4519 0.00010128967145643295
4546 7.625433537211054e-05
4563 4.728074758348793e-05
4567 6.341986704442123e-05
4577 3.9085797470059324e-05
4628 0.00011566583790554528
4652 4.476354154013861e-05
4659 6.610917985376751e-05
4668 0.00020298083458234552
4670 7.541048004377448e-05
4676 1.811794967986411e-05
4699 3.676019862375966e-05
4703 0.00012069415303305452
4705 0.00014071861357331354
4756 0.00014071861357331354
4757 0.00015663840245623315
4758 0.00017065756051371745
4759 5.0810908270240366e-05
4821 8.691610145495967e-05
4829 8.383730339089555e-05
4834 1.7286007534181456e-05
4836 0.00018617626542465564
4839 3.088397517794058e-05
4846 4.681329625334851e-05
4878 6.969398876306011e-05
4885 0.0001027336712532598
4908 9.372690041743856e-05
4911 6.341986704442123e-05
4913 6.457822376461287e-05
4914 6.542281037332744e-05
4923 8.188778632745044e-05
4925 0.00020019542348213994
4933 2.564069103539461e-05
4935 0.00011862016226846598
4972 4.681329625334851e-05
4974 0.00013263932032595027
5018 0.00010982004923951138
5024 6.025437603138515e-05
5031 6.913916575845257e-05
5123 0.0001423431449207802
5131 0.00020298083458234552
5170 0.0001128804268053397
5177 6.196989942762013e-05
5198 0.00010654275221462514
5199 0.00014665847838343454
5217 7.159039254876493e-05
5219 0.00014071861357331354
5289 0.0001300045474523503
5291 0.00011067500849334801
5292 0.0001347133110905388
5294 9.68719546813797e-05
5319 0.0001664173719040451
5369 7.562007790453742e-05
5370 0.00011154523568104574
5379 2.541525611908456e-05
5380 3.8298201700263376e-05
5385 0.00011519040557349246
5395 3.215862746722012e-05
5408 0.00010774605847492284
5427 3.490353872923123e-05
5430 6.441104889224853e-05
5434 7.159039254876493e-05
5469 1.1433598200043818e-05
5473 0.0001251273376474703
5481 6.576478670658657e-05
5509 8.935997200289977e-05
5574 0.00013401212737453773
5580 0.0001431761810607271
5581 0.00014488623116808087
5582 0.0001475693727081854
5600 0.00018227567001855016
5601 0.00030726931367955075
5630 0.00022883910672981793
5687 2.724862948448243e-05
5699 8.260974660633398e-05
5702 3.9886331735258645e-05
5704 0.00022883910672981793
5707 0.0002734912621014559
5716 0.00015775871449691997
5762 0.0001391464957049546
5797 5.544288630052885e-05
5806 7.910237522724487e-05
5810 5.261121850249547e-05
5831 0.00013401212737453773
5832 0.00013542473142615584
5836 0.0001786642827461757
5862 6.610917985376751e-05
5894 1.5848029138067838e-05
5896 1.6219082409210568e-05
5911 7.47870417645905e-05
5941 0.00016251677649793962
5975 0.00010460100421098168
5981 0.0001664173719040451
5982 0.0001376235146469122
5984 3.088397517794058e-05
5988 7.044371782011974e-05
6022 2.0770655001689466e-05
6032 0.00017215710736717137
6040 0.00014488623116808087
6041 0.0001475693727081854
6057 0.00011024565393173974
6063 0.00020298083458234552
6094 0.00011761535496899039
6120 0.0001504088997800851
6121 0.0001523982138465608
6124 0.00019041645403432799
6229 7.458098891001271e-05
6230 0.0001239806629188251
6231 0.0002875104201589402
6242 3.105201474962982e-05
6277 0.00011067500849334801
6292 8.853165584237468e-05
6327 0.00010384546306881737
6328 9.920086195142229e-05
6345 0.0001251273376474703
6356 6.733409171295719e-05
6388 0.0001664173719040451
6399 8.212725328354177e-05
6408 4.3989132524856074e-05
6409 0.00010575674440844711
6413 9.590694438493474e-05
6417 9.954283828468142e-05
6420 0.00013837905578907654
6422 0.00017370426675739054
6429 5.815485137703107e-05
6452 8.63892700805903e-05
6458 0.00015554326811050196
6461 0.00014849761844045535
6462 0.0001786642827461757
6467 4.669713069773751e-05
6468 4.669713069773751e-05
6487 0.00012936752625714268
6490 2.724862948448243e-05
6506 8.88061998220748e-05
6536 7.499396958083494e-05
6540 6.040786096929821e-05
6541 0.00016920278300425065
6543 0.00021605372159664503
6568 3.9584588186023764e-05
6569 4.981125419104163e-05
6578 6.025437603138515e-05
6590 8.691610145495967e-05
6593 7.754816608258265e-05
6619 5.7716484755306535e-05
6623 0.00010460100421098168
6638 9.282164663063054e-05
6653 0.0001423431449207802
6661 5.889434094657216e-05
6664 0.00015775871449691997
6665 0.00012936752625714268
6675 5.7716484755306535e-05
6682 6.698096388147314e-05
6689 7.376538112671329e-05
6712 6.025437603138515e-05
6760 1.9892587507080337e-05
6773 0.00013542473142615584
6774 0.00016378259903044513
6784 9.68719546813797e-05
6785 0.0001228603508781383
6811 0.00014576429866269
6823 0.00012176521653240713
6834 0.00019506105515172307
6877 0.00030726931367955075
6905 2.9805618738211806e-05
6929 5.904359505253569e-05
6934 0.00010200632301179658
6960 3.259102983841739e-05
6967 0.00010536844412685977
6972 6.133906307779394e-05
6977 0.00015342417653056774
6989 0.00015775871449691997
6992 4.787143878550288e-05
6993 0.0002537323685808453
7019 0.00023971321052336105
7067 3.508605365233e-05
7121 0.00016920278300425065
7122 0.00030726931367955075
7124 6.859058854884968e-05
7174 7.256700694753944e-05
7211 0.00010498321344481378
7232 0.00013401212737453773
7251 7.689695691525318e-05
7252 0.00018418695135817993
7312 0.00023397347506023475
7313 0.00023971321052336105
7344 8.96392359620217e-05
7345 0.00011425323385392718
7355 0.00017215710736717137
7373 7.27647006365303e-05
7392 5.274239335290522e-05
7413 0.0002734912621014559
7476 8.117636599183342e-05
7480 9.252359415714085e-05
7482 2.5340342303404983e-05
7483 2.8590308184836374e-05
7503 3.173002815645075e-05
7590 0.0001239806629188251
7602 9.654815662959692e-05
7605 0.0001804365299615294
7665 0.00010422176939821458
7694 6.804811807694473e-05
7724 9.920086195142229e-05
7735 0.0002059351589452662
7808 4.7398314413738584e-05
7815 0.00016508218077975113
7818 2.996997446737178e-05
7850 0.000126899584862824
7858 4.509923582401553e-05
7884 0.00010982004923951138
7885 0.00018418695135817993
7890 9.233159952796689e-06
7891 6.932340577943291e-05
7892 0.0001002340757964429
7893 5.131853189681648e-05
7894 6.374802604546662e-05
7897 0.00013542473142615584
7901 0.00019041645403432799
7902 7.376538112671329e-05
7903 8.141235399539764e-05
7957 0.00011379132113009053
7989 0.00011862016226846598
7995 9.134928606937549e-05
8009 2.7093186202753706e-05
8010 3.97855428110104e-05
8016 3.6571316885345003e-05
8017 0.00012122674224136485
8018 0.0001281179340087181
8031 5.5721352358276173e-05
8042 6.663037655997976e-05
8061 7.865323446718271e-05
8069 5.287392225192349e-05
8088 8.509658347491132e-05
8109 8.285279662389543e-05
8114 0.0001804365299615294
8144 1.8182537399726556e-05
8204 5.1064059112276297e-05
8234 4.8109734749355606e-05
8236 0.00026261715830791277
8349 4.919672615455441e-05
8371 0.00023971321052336105
8444 5.815485137703107e-05
8446 0.0002875104201589402
8447 4.100899018649567e-05
8453 0.00018418695135817993
8474 8.408656954820681e-05
8501 0.00019268344080366
8513 4.3335009582674306e-05
8520 5.874554257904601e-05
8521 6.610917985376751e-05
8522 0.0001523982138465608
8523 0.00016007969731333051
8535 0.00012341728754011654
8550 0.00013542473142615584
8630 0.0001275049519955334
8639 3.69498153124238e-05
8648 0.00016128300357362823
8678 4.409901177660094e-05
8705 0.00022883910672981793
8714 0.00030726931367955075
8717 9.106007793564448e-05
8718 9.403242760948e-05
8738 8.853165584237468e-05
8772 0.00019756065060853997
8799 0.00012069415303305452
8813 4.431951634967444e-05
8824 0.00011712061541501202
8827 0.0001415241100530177
8871 7.025520142447097e-05
8872 0.00010422176939821458
8897 0.00015342417653056774
