236
15 6.0101372993599195e-05
68 3.241760820520544e-05
70 0.00011566583790554528
132 8.334256383691721e-05
134 0.0001376235146469122
138 5.5304247721948624e-05
139 0.00010897983139923425
158 1.722259642893919e-05
160 3.6009024944890365e-05
328 5.502814824397996e-05
400 0.00015890538922556517
412 6.391293797104737e-05
413 7.562007790453742e-05
423 8.63892700805903e-05
430 2.1595466130645556e-05
463 2.104404381130732e-05
509 1.4811799641107606e-05
535 8.236790279729728e-05
536 0.00017065756051371745
583 0.00030726931367955075
732 0.00011614595437539213
821 0.00011243128604527755
861 7.316251041712385e-05
1031 0.00021605372159664503
1126 4.895306850942043e-05
1135 0.00010774605847492284
1194 0.0001027336712532598
1350 6.374802604546662e-05
1356 0.00014488623116808087
1358 0.00023971321052336105
1391 6.491430390704548e-05
1483 0.00019506105515172307
1508 0.00011198624708459517
1524 0.0001300045474523503
1526 0.00016378259903044513
1539 0.00011198624708459517
1651 0.0001753021616311125
1733 0.00011243128604527755
1773 0.0001002340757964429
1848 6.508321716976057e-05
1881 8.408656954820681e-05
1882 9.496067334174995e-05
1922 7.334292682143156e-06
2040 4.7398314413738584e-05
2118 6.715720793434914e-05
2210 0.00021605372159664503
2238 0.00011913044365880717
2239 0.0001251273376474703
2250 0.0002199543170027505
2371 8.858094887998e-06
2384 3.364472337590274e-05
2417 8.63892700805903e-05
2448 8.825864993225359e-05
2493 2.5565430128539482e-05
2526 8.070779096331723e-05
2550 5.3403616896513294e-05
2557 0.00012230970742046953
2586 9.502842032885344e-06
2587 0.00014944388948364012
2618 4.846937791309118e-05
2667 8.358930576913648e-05
2682 0.00015342417653056774
2685 7.754816608258265e-05
2725 0.00010536844412685977
2744 7.52017798211394e-05
2768 0.0001415241100530177
2770 0.00018825025618924418
2896 0.00011379132113009053
2897 0.00013332088986277624
2955 4.7516165565500014e-05
2958 6.950834500520415e-05
2963 8.509658347491132e-05
2982 7.197869283035229e-05
2987 0.00014071861357331354
3002 0.0001440237055098346
3050 5.1064059112276297e-05
3051 7.910237522724487e-05
3076 9.818910047034337e-05
3372 6.542281037332744e-05
3387 0.00019041645403432799
3450 0.00011198624708459517
3507 9.134928606937549e-05
3519 8.586807337437805e-05
3545 6.071628875522179e-05
3600 0.0001002340757964429
3627 6.491430390704548e-05
3628 7.733012801189119e-05
3681 0.0001287387249198448
3719 2.489326185102742e-05
3727 6.424444555902466e-05
3731 5.3138049876864844e-05
3732 0.00010654275221462514
3733 0.0001128804268053397
3740 0.00016378259903044513
3832 3.3290954653437934e-05
3840 0.00010774605847492284
3882 0.00012016732165868515
3887 5.5861184383926875e-05
3891 8.334256383691721e-05
3892 0.00011110817958998604
3897 0.00017370426675739054
3898 0.0001753021616311125
3932 4.895306850942043e-05
3936 0.0002199543170027505
3937 0.00023971321052336105
4009 0.0002734912621014559
4010 0.00014071861357331354
4189 4.981125419104163e-05
4232 0.00018825025618924418
4233 0.00022419450561242282
4247 4.846937791309118e-05
4250 8.612797493712278e-05
4255 0.00021605372159664503
4281 0.00014576429866269
4345 5.131853189681648e-05
4348 8.212725328354177e-05
4399 9.282164663063054e-05
4432 6.4078409870285e-05
4434 0.00013065000625947455
4467 5.5861184383926875e-05
4502 6.424444555902466e-05
4503 7.798719092134497e-05
4591 0.0001475693727081854
4652 4.476354154013861e-05
4667 0.00021605372159664503
4676 1.811794967986411e-05
4699 3.676019862375966e-05
4712 8.484211069037113e-05
4718 0.0001147195668623605
4818 9.048676041112919e-05
4972 4.681329625334851e-05
5051 0.0001281179340087181
5112 0.0002734912621014559
5171 7.52017798211394e-05
5173 0.00023971321052336105
5222 2.3001954162320978e-05
5228 4.931901336427842e-05
5242 6.786862826996617e-05
5289 0.0001300045474523503
5294 9.68719546813797e-05
5297 0.0001415241100530177
5303 0.00015663840245623315
5329 0.00014849761844045535
5379 2.541525611908456e-05
5380 3.8298201700263376e-05
5434 7.159039254876493e-05
5469 1.1433598200043818e-05
5550 4.944160821510571e-05
5858 6.663037655997976e-05
5894 1.5848029138067838e-05
5896 1.6219082409210568e-05
5934 5.434466680855229e-05
5938 5.91933076971794e-05
5975 0.00010460100421098168
6153 0.0001440237055098346
6172 0.00012230970742046953
6309 0.0001147195668623605
6348 9.590694438493474e-05
6399 8.212725328354177e-05
6429 5.815485137703107e-05
6467 4.669713069773751e-05
6468 4.669713069773751e-05
6517 0.0001391464957049546
6560 0.0001504088997800851
6578 6.025437603138515e-05
6665 0.00012936752625714268
6675 5.7716484755306535e-05
6691 0.0001804365299615294
6725 8.458895984833521e-05
6727 8.612797493712278e-05
6728 9.527405980765772e-05
6760 1.9892587507080337e-05
6762 7.139739654402146e-05
6763 7.27647006365303e-05
6789 4.7516165565500014e-05
6805 0.0001664173719040451
6815 7.178415593526694e-05
6822 8.535239208071232e-05
6885 5.131853189681648e-05
6893 9.252359415714085e-05
6894 9.252359415714085e-05
6986 0.00023397347506023475
6992 4.787143878550288e-05
6999 6.309390310328486e-05
7042 0.00017065756051371745
7165 6.628229345501092e-05
7173 0.00017215710736717137
7197 0.00011198624708459517
7280 0.0002059351589452662
7289 0.00013542473142615584
7321 3.8200641252257444e-05
7406 6.698096388147314e-05
7408 8.691610145495967e-05
7444 9.886126874785542e-05
7447 0.00012176521653240713
7482 2.5340342303404983e-05
7483 2.8590308184836374e-05
7503 3.173002815645075e-05
7523 8.935997200289977e-05
7627 7.887728740211037e-05
7634 0.0001391464957049546
7671 9.134928606937549e-05
7677 6.988034244141115e-05
7681 0.00017215710736717137
7682 0.00018418695135817993
7718 9.527405980765772e-05
7775 0.00010536844412685977
7818 2.996997446737178e-05
7828 0.00026261715830791277
7843 0.00012571095453322076
7844 0.00016378259903044513
7858 4.509923582401553e-05
7862 9.077257605451787e-05
7866 5.91933076971794e-05
7871 0.00018418695135817993
7872 0.00018617626542465564
7890 9.233159952796689e-06
7893 5.131853189681648e-05
7933 0.00017370426675739054
8072 0.00013837905578907654
8144 1.8182537399726556e-05
8182 0.00022419450561242282
8355 0.00016378259903044513
8447 4.100899018649567e-05
8462 0.00023971321052336105
8467 0.00030726931367955075
8519 0.00014488623116808087
8639 3.69498153124238e-05
8642 9.164022082905678e-05
8670 0.00010654275221462514
8693 8.484211069037113e-05
8694 8.88061998220748e-05
8695 4.476354154013861e-05
8696 4.787143878550288e-05
8763 6.542281037332744e-05
8764 0.0001287387249198448
