554
1 0.00016251677649793962
58 3.9886331735258645e-05
62 0.00014576429866269
68 3.241760820520544e-05
69 0.00010460100421098168
70 0.00011566583790554528
138 5.5304247721948624e-05
139 0.00010897983139923425
148 0.00010614816360120087
152 0.0001475693727081854
158 1.722259642893919e-05
160 3.6009024944890365e-05
225 4.311890533715833e-05
240 0.00010347204034115494
243 6.309390310328486e-05
245 0.00013196715204843822
290 5.516600244482883e-05
310 8.408656954820681e-05
318 9.719791862251607e-05
330 6.358367031630664e-05
334 9.252359415714085e-05
337 0.00022419450561242282
371 9.818910047034337e-05
377 0.00011913044365880717
393 0.00015139340654708521
423 8.63892700805903e-05
436 6.181142310095298e-05
458 0.00011198624708459517
463 2.104404381130732e-05
473 4.858985121920245e-05
479 0.00017065756051371745
509 1.4811799641107606e-05
522 0.00011110817958998604
535 8.236790279729728e-05
569 0.0001415241100530177
602 0.00013401212737453773
621 0.00011110817958998604
624 0.0001300045474523503
626 0.00013263932032595027
632 6.4078409870285e-05
633 0.00010058340652177312
645 6.341986704442123e-05
653 0.00015775871449691997
654 0.00023397347506023475
659 0.0001263016457352357
664 0.00017370426675739054
665 0.00020019542348213994
678 0.00030726931367955075
682 0.0001228603508781383
692 0.00015342417653056774
700 0.00013542473142615584
702 0.0001786642827461757
706 6.525271795805037e-05
708 9.654815662959692e-05
722 0.00011663084820199027
723 6.212889280683989e-05
726 6.4078409870285e-05
753 9.752607762356147e-05
757 0.00010815385522706535
765 7.499396958083494e-05
837 0.0001128804268053397
838 0.00011614595437539213
839 0.00020908021320920737
911 0.00017065756051371745
941 9.719791862251607e-05
990 0.00010939812948263226
1015 0.0002462203859023654
1065 0.00015554326811050196
1096 6.950834500520415e-05
1102 8.285279662389543e-05
1103 9.527405980765772e-05
1111 9.886126874785542e-05
1112 0.00020908021320920737
1140 3.8493910507496085e-05
1164 8.408656954820681e-05
1165 8.433711728522342e-05
1173 9.077257605451787e-05
1193 0.00015447220461114937
1234 2.8271279696782107e-05
1243 0.00012341728754011654
1254 8.96392359620217e-05
1284 0.00022419450561242282
1290 0.0001664173719040451
1350 6.374802604546662e-05
1365 6.733409171295719e-05
1371 0.00011519040557349246
1381 0.00014665847838343454
1438 0.00014071861357331354
1439 0.0001677901789526326
1477 0.00016378259903044513
1478 0.00026261715830791277
1508 0.00011198624708459517
1517 9.106007793564448e-05
1519 0.0001376235146469122
1521 0.00011110817958998604
1536 0.0001475693727081854
1537 0.00019268344080366
1540 0.00016007969731333051
1548 0.0001753021616311125
1555 0.00015139340654708521
1621 0.00011198624708459517
1622 0.00011333374567896404
1629 0.00015447220461114937
1649 8.744869066327002e-05
1660 0.00021244233432427055
1667 0.0001376235146469122
1669 0.00019756065060853997
1722 8.117636599183342e-05
1777 4.871062309639001e-05
1798 0.00010498321344481378
1800 0.00011333374567896404
1828 0.00016128300357362823
1834 0.00014849761844045535
1848 6.508321716976057e-05
1872 0.00017695423263882194
1888 6.071628875522179e-05
1895 0.00011519040557349246
1922 7.334292682143156e-06
1960 0.00011712061541501202
1981 9.920086195142229e-05
2024 0.0002537323685808453
2040 4.7398314413738584e-05
2137 0.00015342417653056774
2167 8.744869066327002e-05
2184 0.00013130412920165632
2202 0.00021244233432427055
2304 0.00016920278300425065
2305 0.0002462203859023654
2320 0.00014665847838343454
2321 8.691610145495967e-05
2326 0.00011913044365880717
2328 0.00018617626542465564
2371 8.858094887998e-06
2373 4.532432364915004e-05
2374 8.586807337437805e-05
2384 3.364472337590274e-05
2391 2.4157123570420575e-05
2392 0.0001281179340087181
2402 8.825864993225359e-05
2403 0.0001431761810607271
2404 0.00012341728754011654
2405 0.0001677901789526326
2406 0.0002059351589452662
2431 0.0001391464957049546
2439 5.502814824397996e-05
2440 0.0001275049519955334
2469 0.00011110817958998604
2485 0.00013542473142615584
2493 2.5565430128539482e-05
2512 0.0002462203859023654
2586 9.502842032885344e-06
2607 3.3290954653437934e-05
2612 8.001326955199571e-05
2618 4.846937791309118e-05
2677 0.00022883910672981793
2768 0.0001415241100530177
2776 9.222735356398462e-05
2780 9.342327683396404e-05
2781 9.68719546813797e-05
2817 0.0001275049519955334
2819 0.0001423431449207802
2827 0.0001196461249524729
2830 8.285279662389543e-05
2839 0.0001391464957049546
2864 0.00022883910672981793
2885 0.00023397347506023475
2940 7.910237522724487e-05
2945 0.0001196461249524729
2955 4.7516165565500014e-05
2958 6.950834500520415e-05
2966 0.00030726931367955075
3027 0.0002734912621014559
3103 0.00012122674224136485
3113 6.165346047478709e-05
3120 0.00020298083458234552
3137 0.00011379132113009053
3143 0.00022883910672981793
3220 0.0002537323685808453
3228 4.566391685271689e-05
3229 4.669713069773751e-05
3230 4.692973938522239e-05
3247 0.00013263932032595027
3257 0.0001504088997800851
3321 0.00011761535496899039
3343 0.00011614595437539213
3372 6.542281037332744e-05
3383 0.00010815385522706535
3409 8.458895984833521e-05
3465 5.7716484755306535e-05
3478 7.865323446718271e-05
3487 0.00014849761844045535
3497 0.00023397347506023475
3513 6.056183085252843e-05
3545 6.071628875522179e-05
3558 0.00016007969731333051
3572 5.234992335902794e-05
3582 0.00010815385522706535
3583 0.00011663084820199027
3627 6.491430390704548e-05
3628 7.733012801189119e-05
3654 6.663037655997976e-05
3657 4.716346370617082e-05
3724 5.7716484755306535e-05
3727 6.424444555902466e-05
3731 5.3138049876864844e-05
3743 3.233112827567267e-05
3746 1.903006184883404e-05
3752 0.0002059351589452662
3753 0.00022419450561242282
3766 5.131853189681648e-05
3782 0.00013614669170503938
3875 3.285232498188492e-05
3881 0.00020298083458234552
3882 0.00012016732165868515
3891 8.334256383691721e-05
3892 0.00011110817958998604
3901 0.00010384546306881737
3902 0.00012122674224136485
3912 0.00013263932032595027
3966 0.0002462203859023654
3974 0.00010128967145643295
3994 0.0001147195668623605
3996 7.417147870601431e-05
4005 9.222735356398462e-05
4010 0.00014071861357331354
4018 9.342327683396404e-05
4099 0.0001147195668623605
4108 9.654815662959692e-05
4128 0.00016128300357362823
4129 0.00026261715830791277
4134 0.00021605372159664503
4142 0.00020298083458234552
4143 0.0001376235146469122
4144 0.00013837905578907654
4148 0.00016007969731333051
4158 0.00011519040557349246
4247 4.846937791309118e-05
4249 0.00013542473142615584
4256 0.00020298083458234552
4267 0.00011519040557349246
4269 0.00026261715830791277
4270 0.0002734912621014559
4301 0.00011154523568104574
4308 7.955569410086921e-05
4314 3.1644758795232604e-05
4329 3.676019862375966e-05
4332 8.117636599183342e-05
4336 0.00012571095453322076
4340 0.00012936752625714268
4356 0.00014944388948364012
4381 4.3226837668107787e-05
4382 6.14960082295629e-05
4392 8.334256383691721e-05
4398 6.325661252824365e-05
4432 6.4078409870285e-05
4434 0.00013065000625947455
4451 0.00010200632301179658
4453 3.6854914742017664e-05
4481 9.282164663063054e-05
4495 3.207260550754382e-05
4513 9.19329029551259e-05
4519 0.00010128967145643295
4533 5.685140711216779e-05
4541 0.0001376235146469122
4563 4.728074758348793e-05
4567 6.341986704442123e-05
4577 3.9085797470059324e-05
4609 0.00018825025618924418
4652 4.476354154013861e-05
4654 0.0001523982138465608
4658 8.334256383691721e-05
4676 1.811794967986411e-05
4688 0.0001804365299615294
4699 3.676019862375966e-05
4723 9.106007793564448e-05
4751 0.00010856509334268535
4759 5.0810908270240366e-05
4797 9.988723143186235e-05
4801 0.0001347133110905388
4808 0.0001245506276326127
4834 1.7286007534181456e-05
4839 3.088397517794058e-05
4844 0.00010734164596720007
4853 8.535239208071232e-05
4908 9.372690041743856e-05
4926 0.00010236864012694453
4927 0.00010236864012694453
4928 0.0002462203859023654
4933 2.564069103539461e-05
4937 0.00021605372159664503
4938 0.00023397347506023475
4940 0.0002059351589452662
4941 0.00021605372159664503
4942 6.804811807694473e-05
4972 4.681329625334851e-05
5011 0.00010310145735752775
5014 0.00026261715830791277
5024 6.025437603138515e-05
5031 6.913916575845257e-05
5048 0.00030726931367955075
5107 0.00014944388948364012
5161 5.502814824397996e-05
5162 5.6001418804450566e-05
5164 0.00019506105515172307
5192 8.001326955199571e-05
5222 2.3001954162320978e-05
5228 4.931901336427842e-05
5242 6.786862826996617e-05
5267 0.0001677901789526326
5294 9.68719546813797e-05
5297 0.0001415241100530177
5327 0.00014944388948364012
5336 0.00018825025618924418
5346 0.0002059351589452662
5348 0.0001664173719040451
5359 0.00014071861357331354
5364 0.0001804365299615294
5365 0.00020019542348213994
5379 2.541525611908456e-05
5380 3.8298201700263376e-05
5395 3.215862746722012e-05
5427 3.490353872923123e-05
5430 6.441104889224853e-05
5439 8.024367862190805e-05
5440 8.586807337437805e-05
5455 8.908229930004346e-05
5462 0.00010654275221462514
5469 1.1433598200043818e-05
5481 6.576478670658657e-05
5490 0.00015447220461114937
5550 4.944160821510571e-05
5554 0.0001440237055098346
5555 0.0001440237055098346
5569 9.527405980765772e-05
5588 6.913916575845257e-05
5600 0.00018227567001855016
5618 0.00014071861357331354
5622 6.733409171295719e-05
5624 0.0001415241100530177
5687 2.724862948448243e-05
5783 0.00020298083458234552
5801 0.0002537323685808453
5808 0.00011913044365880717
5810 5.261121850249547e-05
5814 0.00018617626542465564
5834 6.804811807694473e-05
5840 0.00012230970742046953
5854 7.178415593526694e-05
5855 0.00030726931367955075
5862 6.610917985376751e-05
5865 0.0001196461249524729
5894 1.5848029138067838e-05
5896 1.6219082409210568e-05
5909 6.663037655997976e-05
5931 0.00014665847838343454
5932 0.00015663840245623315
5934 5.434466680855229e-05
5938 5.91933076971794e-05
5955 0.00016378259903044513
5964 0.0001440237055098346
5984 3.088397517794058e-05
5985 7.52017798211394e-05
5987 7.798719092134497e-05
6000 3.4631041686461846e-05
6005 0.00010897983139923425
6006 0.0001664173719040451
6008 0.00018418695135817993
6022 2.0770655001689466e-05
6050 0.0001431761810607271
6064 0.00010498321344481378
6065 0.00019506105515172307
6066 0.00019756065060853997
6079 0.0001251273376474703
6080 0.00014071861357331354
6084 7.843020694973282e-05
6087 0.00010236864012694453
6095 0.0001753021616311125
6106 7.217400943451535e-05
6133 0.00013614669170503938
6162 0.0001128804268053397
6197 5.5304247721948624e-05
6211 7.356359438910525e-05
6227 0.00010536844412685977
6229 7.458098891001271e-05
6242 3.105201474962982e-05
6278 0.00011566583790554528
6294 0.00017065756051371745
6295 0.00020019542348213994
6325 0.00015890538922556517
6334 0.00014944388948364012
6356 6.733409171295719e-05
6380 0.00011067500849334801
6384 0.00015663840245623315
6385 0.0002462203859023654
6386 0.00013837905578907654
6405 0.00014071861357331354
6429 5.815485137703107e-05
6443 0.0001275049519955334
6452 8.63892700805903e-05
6461 0.00014849761844045535
6467 4.669713069773751e-05
6468 4.669713069773751e-05
6481 0.00012936752625714268
6482 0.00030726931367955075
6490 2.724862948448243e-05
6491 7.604199766141655e-05
6493 0.0001251273376474703
6507 6.212889280683989e-05
6516 9.818910047034337e-05
6523 0.00020298083458234552
6568 3.9584588186023764e-05
6586 5.24803957997587e-05
6589 5.9343481706634316e-05
6593 7.754816608258265e-05
6594 0.00016251677649793962
6595 7.66818067754729e-05
6598 0.00012936752625714268
6599 0.00023971321052336105
6600 0.00013065000625947455
6608 0.00016251677649793962
6613 0.00014944388948364012
6614 8.484211069037113e-05
6670 0.00010734164596720007
6675 5.7716484755306535e-05
6679 9.527405980765772e-05
6680 9.558947467904783e-05
6682 6.698096388147314e-05
6687 6.196989942762013e-05
6706 7.910237522724487e-05
6712 6.025437603138515e-05
6717 0.00017215710736717137
6724 0.00012936752625714268
6760 1.9892587507080337e-05
6789 4.7516165565500014e-05
6796 8.260974660633398e-05
6905 2.9805618738211806e-05
6931 0.0001196461249524729
6943 0.00017065756051371745
6960 3.259102983841739e-05
6977 0.00015342417653056774
6980 0.00011379132113009053
6982 0.0001147195668623605
6998 0.00016251677649793962
6999 6.309390310328486e-05
7139 6.196989942762013e-05
7161 0.0001423431449207802
7162 0.00015447220461114937
7174 7.256700694753944e-05
7178 3.714017269315804e-05
7236 0.00010536844412685977
7237 0.00010536844412685977
7286 0.00019756065060853997
7296 0.00018825025618924418
7299 0.0002462203859023654
7330 0.00018227567001855016
7331 0.00019041645403432799
7339 0.0001504088997800851
7346 8.070779096331723e-05
7373 7.27647006365303e-05
7374 0.00010498321344481378
7466 0.00030726931367955075
7482 2.5340342303404983e-05
7483 2.8590308184836374e-05
7488 0.00018418695135817993
7502 9.68719546813797e-05
7503 3.173002815645075e-05
7504 0.00012571095453322076
7559 8.509658347491132e-05
7576 0.00020298083458234552
7590 0.0001239806629188251
7591 0.00026261715830791277
7593 0.0002199543170027505
7597 0.0001786642827461757
7620 0.0001027336712532598
7677 6.988034244141115e-05
7678 8.260974660633398e-05
7679 8.260974660633398e-05
7684 0.0002734912621014559
7693 0.00014576429866269
7694 6.804811807694473e-05
7730 0.0002875104201589402
7748 0.00021244233432427055
7750 0.00020908021320920737
7756 0.00019506105515172307
7804 0.00022419450561242282
7808 4.7398314413738584e-05
7811 0.00021605372159664503
7836 6.424444555902466e-05
7858 4.509923582401553e-05
7859 0.00030726931367955075
7866 5.91933076971794e-05
7890 9.233159952796689e-06
7891 6.932340577943291e-05
7904 6.056183085252843e-05
7938 4.907474504580058e-05
7942 9.134928606937549e-05
7958 9.496067334174995e-05
7960 9.954283828468142e-05
7961 0.0001523982138465608
7981 6.950834500520415e-05
7987 7.843020694973282e-05
8009 2.7093186202753706e-05
8010 3.97855428110104e-05
8042 6.663037655997976e-05
8066 0.00018227567001855016
8069 5.287392225192349e-05
8144 1.8182537399726556e-05
8158 0.00010939812948263226
8186 9.252359415714085e-05
8204 5.1064059112276297e-05
8206 0.0001804365299615294
8208 0.00020298083458234552
8247 0.00016378259903044513
8248 0.0002875104201589402
8367 0.0001786642827461757
8426 0.00015663840245623315
8442 8.001326955199571e-05
8444 5.815485137703107e-05
8447 4.100899018649567e-05
8469 0.00021605372159664503
8495 0.00015342417653056774
8503 7.256700694753944e-05
8513 4.3335009582674306e-05
8531 9.752607762356147e-05
8532 0.0001002340757964429
8544 0.0002734912621014559
8550 0.00013542473142615584
8580 0.00030726931367955075
8590 0.00013614669170503938
8591 0.00011761535496899039
8593 0.00026261715830791277
8600 8.383730339089555e-05
8603 0.0001376235146469122
8626 0.0001263016457352357
8629 0.0002462203859023654
8639 3.69498153124238e-05
8678 4.409901177660094e-05
8693 8.484211069037113e-05
8694 8.88061998220748e-05
8695 4.476354154013861e-05
8696 4.787143878550288e-05
8717 9.106007793564448e-05
8718 9.403242760948e-05
8763 6.542281037332744e-05
8767 0.0001239806629188251
8781 8.63892700805903e-05
8782 0.00019268344080366
8785 0.0002059351589452662
8813 4.431951634967444e-05
8814 9.988723143186235e-05
8829 0.00011663084820199027
8890 0.00010058340652177312
8891 0.00010058340652177312
8892 0.00010384546306881737
