250
50 0.00026261715830791277
52 9.785646144837983e-05
56 0.0001027336712532598
68 3.241760820520544e-05
82 8.334256383691721e-05
118 0.0002537323685808453
122 0.0001523982138465608
124 0.00015447220461114937
138 5.5304247721948624e-05
141 0.00012571095453322076
158 1.722259642893919e-05
161 8.88061998220748e-05
163 4.4209139343250144e-05
246 0.0001002340757964429
250 0.00016251677649793962
276 4.8109734749355606e-05
277 5.502814824397996e-05
338 0.0001391464957049546
412 6.391293797104737e-05
413 7.562007790453742e-05
430 2.1595466130645556e-05
458 0.00011198624708459517
463 2.104404381130732e-05
507 0.00018617626542465564
509 1.4811799641107606e-05
549 6.786862826996617e-05
723 6.212889280683989e-05
726 6.4078409870285e-05
785 9.134928606937549e-05
829 0.00015890538922556517
858 0.00010815385522706535
872 6.593667904531496e-05
878 0.0001440237055098346
891 5.757123449128065e-05
1140 3.8493910507496085e-05
1365 6.733409171295719e-05
1367 0.0001275049519955334
1374 9.920086195142229e-05
1418 6.424444555902466e-05
1469 6.358367031630664e-05
1541 0.00014488623116808087
1543 0.0001664173719040451
1569 9.920086195142229e-05
1610 9.590694438493474e-05
1628 0.00016378259903044513
1671 7.64676023536449e-05
1706 3.382257549850835e-05
1713 4.787143878550288e-05
1764 0.00015890538922556517
1922 7.334292682143156e-06
2079 0.00017215710736717137
2080 0.00030726931367955075
2167 8.744869066327002e-05
2184 0.00013130412920165632
2253 0.00015342417653056774
2321 8.691610145495967e-05
2326 0.00011913044365880717
2384 3.364472337590274e-05
2389 8.070779096331723e-05
2391 2.4157123570420575e-05
2402 8.825864993225359e-05
2466 0.00010939812948263226
2550 5.3403616896513294e-05
2559 7.604199766141655e-05
2563 2.4450245822639586e-05
2564 4.692973938522239e-05
2571 6.593667904531496e-05
2582 7.458098891001271e-05
2586 9.502842032885344e-06
2607 3.3290954653437934e-05
2612 8.001326955199571e-05
2626 0.0001287387249198448
2664 0.00020019542348213994
2685 7.754816608258265e-05
2762 0.00010200632301179658
2763 0.00023397347506023475
2825 0.00011614595437539213
2858 0.00020019542348213994
2860 0.00026261715830791277
2929 0.0001251273376474703
2976 5.461691012835996e-05
3067 0.00010093525951244397
3228 4.566391685271689e-05
3229 4.669713069773751e-05
3230 4.692973938522239e-05
3269 0.00010310145735752775
3270 0.0001753021616311125
3307 8.408656954820681e-05
3419 0.00011712061541501202
3513 6.056183085252843e-05
3596 8.285279662389543e-05
3743 3.233112827567267e-05
3746 1.903006184883404e-05
3832 3.3290954653437934e-05
3932 4.895306850942043e-05
3946 0.0002059351589452662
3969 6.0101372993599195e-05
3970 6.663037655997976e-05
3996 7.417147870601431e-05
3997 0.0001347133110905388
4091 0.00019041645403432799
4189 4.981125419104163e-05
4195 0.00016251677649793962
4220 4.3879500470736716e-05
4243 0.00014665847838343454
4295 0.00012176521653240713
4299 0.00026261715830791277
4308 7.955569410086921e-05
4375 7.541048004377448e-05
4381 4.3226837668107787e-05
4398 6.325661252824365e-05
4453 3.6854914742017664e-05
4485 7.159039254876493e-05
4495 3.207260550754382e-05
4502 6.424444555902466e-05
4503 7.798719092134497e-05
4533 5.685140711216779e-05
4563 4.728074758348793e-05
4577 3.9085797470059324e-05
4652 4.476354154013861e-05
4670 7.541048004377448e-05
4699 3.676019862375966e-05
4703 0.00012069415303305452
4705 0.00014071861357331354
4756 0.00014071861357331354
4757 0.00015663840245623315
4758 0.00017065756051371745
4834 1.7286007534181456e-05
4839 3.088397517794058e-05
4846 4.681329625334851e-05
4853 8.535239208071232e-05
4878 6.969398876306011e-05
4885 0.0001027336712532598
4908 9.372690041743856e-05
4911 6.341986704442123e-05
4913 6.457822376461287e-05
4914 6.542281037332744e-05
4923 8.188778632745044e-05
4925 0.00020019542348213994
4933 2.564069103539461e-05
4935 0.00011862016226846598
5016 8.117636599183342e-05
5024 6.025437603138515e-05
5031 6.913916575845257e-05
5222 2.3001954162320978e-05
5224 0.0002537323685808453
5294 9.68719546813797e-05
5369 7.562007790453742e-05
5370 0.00011154523568104574
5379 2.541525611908456e-05
5380 3.8298201700263376e-05
5395 3.215862746722012e-05
5427 3.490353872923123e-05
5469 1.1433598200043818e-05
5473 0.0001251273376474703
5588 6.913916575845257e-05
5642 9.852402568908913e-05
5676 9.312153328472917e-05
5762 0.0001391464957049546
5831 0.00013401212737453773
5832 0.00013542473142615584
5834 6.804811807694473e-05
5894 1.5848029138067838e-05
5896 1.6219082409210568e-05
5975 0.00010460100421098168
5988 7.044371782011974e-05
6022 2.0770655001689466e-05
6032 0.00017215710736717137
6094 0.00011761535496899039
6159 7.101368253390731e-05
6160 7.955569410086921e-05
6195 9.622649587425546e-05
6242 3.105201474962982e-05
6345 0.0001251273376474703
6356 6.733409171295719e-05
6377 0.00010694056199521868
6408 4.3989132524856074e-05
6412 0.0002537323685808453
6429 5.815485137703107e-05
6480 0.00014488623116808087
6506 8.88061998220748e-05
6507 6.212889280683989e-05
6540 6.040786096929821e-05
6541 0.00016920278300425065
6568 3.9584588186023764e-05
6569 4.981125419104163e-05
6578 6.025437603138515e-05
6579 0.00016920278300425065
6619 5.7716484755306535e-05
6623 0.00010460100421098168
6653 0.0001423431449207802
6661 5.889434094657216e-05
6760 1.9892587507080337e-05
6784 9.68719546813797e-05
6785 0.0001228603508781383
6823 0.00012176521653240713
7003 8.771718405598661e-05
7008 0.0002059351589452662
7211 0.00010498321344481378
7251 7.689695691525318e-05
7344 8.96392359620217e-05
7345 0.00011425323385392718
7346 8.070779096331723e-05
7349 0.00013614669170503938
7355 0.00017215710736717137
7369 9.372690041743856e-05
7469 7.887728740211037e-05
7476 8.117636599183342e-05
7480 9.252359415714085e-05
7482 2.5340342303404983e-05
7483 2.8590308184836374e-05
7503 3.173002815645075e-05
7590 0.0001239806629188251
7602 9.654815662959692e-05
7605 0.0001804365299615294
7665 0.00010422176939821458
7724 9.920086195142229e-05
7808 4.7398314413738584e-05
7815 0.00016508218077975113
7818 2.996997446737178e-05
7852 0.00015447220461114937
7890 9.233159952796689e-06
7891 6.932340577943291e-05
7892 0.0001002340757964429
7894 6.374802604546662e-05
7902 7.376538112671329e-05
7904 6.056183085252843e-05
8009 2.7093186202753706e-05
8010 3.97855428110104e-05
8061 7.865323446718271e-05
8095 0.00015342417653056774
8144 1.8182537399726556e-05
8204 5.1064059112276297e-05
8234 4.8109734749355606e-05
8349 4.919672615455441e-05
8444 5.815485137703107e-05
8447 4.100899018649567e-05
8503 7.256700694753944e-05
8513 4.3335009582674306e-05
8520 5.874554257904601e-05
8521 6.610917985376751e-05
8522 0.0001523982138465608
8523 0.00016007969731333051
8535 0.00012341728754011654
8639 3.69498153124238e-05
8670 0.00010654275221462514
8722 7.217400943451535e-05
8871 7.025520142447097e-05
8872 0.00010422176939821458
8897 0.00015342417653056774
