302
35 0.00015139340654708521
39 0.00022419450561242282
81 0.00020908021320920737
96 0.00016128300357362823
97 8.612797493712278e-05
158 1.722259642893919e-05
160 3.6009024944890365e-05
163 4.4209139343250144e-05
196 8.935997200289977e-05
201 0.00019756065060853997
234 0.00030726931367955075
268 0.00015342417653056774
276 4.8109734749355606e-05
277 5.502814824397996e-05
285 0.00030726931367955075
295 6.969398876306011e-05
344 9.164022082905678e-05
356 0.00023397347506023475
401 0.00010939812948263226
412 6.391293797104737e-05
413 7.562007790453742e-05
443 5.859719717528758e-05
449 6.628229345501092e-05
463 2.104404381130732e-05
473 4.858985121920245e-05
483 0.0001523982138465608
509 1.4811799641107606e-05
511 4.409901177660094e-05
515 0.00022883910672981793
602 0.00013401212737453773
605 0.0001677901789526326
607 0.00018825025618924418
621 0.00011110817958998604
645 6.341986704442123e-05
773 0.00011110817958998604
872 6.593667904531496e-05
1048 0.00014849761844045535
1081 0.00026261715830791277
1083 7.178415593526694e-05
1109 0.00016378259903044513
1196 0.00019268344080366
1208 0.00012571095453322076
1216 4.5550455969092306e-05
1234 2.8271279696782107e-05
1365 6.733409171295719e-05
1367 0.0001275049519955334
1381 0.00014665847838343454
1426 0.00020019542348213994
1469 6.358367031630664e-05
1559 0.00011425323385392718
1568 0.00018617626542465564
1624 0.00017215710736717137
1706 3.382257549850835e-05
1713 4.787143878550288e-05
1767 0.00018418695135817993
1848 6.508321716976057e-05
1881 8.408656954820681e-05
1883 0.00030726931367955075
1888 6.071628875522179e-05
1916 0.00014071861357331354
1922 7.334292682143156e-06
1929 4.2158123180710165e-05
1931 7.754816608258265e-05
1932 0.0001275049519955334
2020 0.00013065000625947455
2026 8.535239208071232e-05
2029 0.00012122674224136485
2030 0.0001228603508781383
2040 4.7398314413738584e-05
2042 8.383730339089555e-05
2099 0.0002734912621014559
2167 8.744869066327002e-05
2210 0.00021605372159664503
2275 0.00030726931367955075
2339 0.00022883910672981793
2340 0.00026261715830791277
2371 8.858094887998e-06
2384 3.364472337590274e-05
2389 8.070779096331723e-05
2391 2.4157123570420575e-05
2421 0.00015447220461114937
2439 5.502814824397996e-05
2462 0.00011712061541501202
2466 0.00010939812948263226
2476 0.00023971321052336105
2550 5.3403616896513294e-05
2563 2.4450245822639586e-05
2564 4.692973938522239e-05
2586 9.502842032885344e-06
2589 0.0001228603508781383
2607 3.3290954653437934e-05
2612 8.001326955199571e-05
2653 0.00023397347506023475
2666 0.0002875104201589402
2877 0.00014944388948364012
2940 7.910237522724487e-05
3076 9.818910047034337e-05
3077 0.0002059351589452662
3120 0.00020298083458234552
3134 0.0001228603508781383
3137 0.00011379132113009053
3332 0.00021244233432427055
3372 6.542281037332744e-05
3413 8.001326955199571e-05
3414 9.852402568908913e-05
3501 0.00016508218077975113
3502 0.00017695423263882194
3576 5.3536945098705395e-05
3596 8.285279662389543e-05
3647 8.094151528426567e-05
3649 0.0001347133110905388
3657 4.716346370617082e-05
3710 0.00017065756051371745
3719 2.489326185102742e-05
3731 5.3138049876864844e-05
3746 1.903006184883404e-05
3887 5.5861184383926875e-05
3912 0.00013263932032595027
3973 0.00018227567001855016
3994 0.0001147195668623605
4002 0.0001263016457352357
4003 0.0001300045474523503
4004 0.00023971321052336105
4005 9.222735356398462e-05
4116 0.0002199543170027505
4189 4.981125419104163e-05
4220 4.3879500470736716e-05
4247 4.846937791309118e-05
4250 8.612797493712278e-05
4298 0.00011614595437539213
4314 3.1644758795232604e-05
4329 3.676019862375966e-05
4331 0.00023971321052336105
4332 8.117636599183342e-05
4337 0.00016920278300425065
4340 0.00012936752625714268
4345 5.131853189681648e-05
4348 8.212725328354177e-05
4381 4.3226837668107787e-05
4382 6.14960082295629e-05
4398 6.325661252824365e-05
4431 0.00013196715204843822
4432 6.4078409870285e-05
4444 0.00014665847838343454
4446 0.00023971321052336105
4516 0.00011663084820199027
4551 0.00017065756051371745
4577 3.9085797470059324e-05
4670 7.541048004377448e-05
4676 1.811794967986411e-05
4680 0.0002734912621014559
4699 3.676019862375966e-05
4703 0.00012069415303305452
4705 0.00014071861357331354
4834 1.7286007534181456e-05
4839 3.088397517794058e-05
4846 4.681329625334851e-05
4878 6.969398876306011e-05
4885 0.0001027336712532598
5033 0.0001347133110905388
5034 0.00019506105515172307
5125 0.00023397347506023475
5222 2.3001954162320978e-05
5228 4.931901336427842e-05
5233 0.0001431761810607271
5254 5.9796800580258657e-05
5334 9.719791862251607e-05
5335 9.852402568908913e-05
5369 7.562007790453742e-05
5370 0.00011154523568104574
5395 3.215862746722012e-05
5408 0.00010774605847492284
5434 7.159039254876493e-05
5455 8.908229930004346e-05
5469 1.1433598200043818e-05
5513 0.0002734912621014559
5580 0.0001431761810607271
5581 0.00014488623116808087
5582 0.0001475693727081854
5622 6.733409171295719e-05
5642 9.852402568908913e-05
5644 7.711306116076915e-05
5685 0.0002059351589452662
5687 2.724862948448243e-05
5729 9.106007793564448e-05
5731 0.0001415241100530177
5775 0.00014576429866269
5810 5.261121850249547e-05
5858 6.663037655997976e-05
5862 6.610917985376751e-05
5894 1.5848029138067838e-05
5896 1.6219082409210568e-05
5909 6.663037655997976e-05
5973 0.00030726931367955075
5984 3.088397517794058e-05
5985 7.52017798211394e-05
5987 7.798719092134497e-05
5995 0.00019268344080366
6022 2.0770655001689466e-05
6023 0.00016251677649793962
6025 0.00030726931367955075
6046 0.00017370426675739054
6064 0.00010498321344481378
6067 0.00016378259903044513
6069 0.0001786642827461757
6071 0.0002199543170027505
6084 7.843020694973282e-05
6087 0.00010236864012694453
6106 7.217400943451535e-05
6175 0.00015139340654708521
6177 0.00015447220461114937
6218 9.464928935894339e-05
6264 4.7398314413738584e-05
6309 0.0001147195668623605
6328 9.920086195142229e-05
6384 0.00015663840245623315
6387 9.558947467904783e-05
6475 8.691610145495967e-05
6476 0.00010774605847492284
6490 2.724862948448243e-05
6491 7.604199766141655e-05
6540 6.040786096929821e-05
6568 3.9584588186023764e-05
6569 4.981125419104163e-05
6593 7.754816608258265e-05
6594 0.00016251677649793962
6598 0.00012936752625714268
6667 0.00012069415303305452
6668 0.00017695423263882194
6675 5.7716484755306535e-05
6687 6.196989942762013e-05
6748 0.00012016732165868515
6760 1.9892587507080337e-05
6762 7.139739654402146e-05
6763 7.27647006365303e-05
6789 4.7516165565500014e-05
6796 8.260974660633398e-05
6833 2.7093186202753706e-05
6860 0.00030726931367955075
6905 2.9805618738211806e-05
6929 5.904359505253569e-05
6960 3.259102983841739e-05
6972 6.133906307779394e-05
6974 0.00019041645403432799
7178 3.714017269315804e-05
7251 7.689695691525318e-05
7321 3.8200641252257444e-05
7406 6.698096388147314e-05
7407 0.0001786642827461757
7408 8.691610145495967e-05
7409 0.0002734912621014559
7410 0.0001786642827461757
7411 0.00018825025618924418
7414 0.00010460100421098168
7482 2.5340342303404983e-05
7483 2.8590308184836374e-05
7503 3.173002815645075e-05
7504 0.00012571095453322076
7550 0.00019756065060853997
7614 0.00014665847838343454
7769 0.00022883910672981793
7836 6.424444555902466e-05
7837 0.00018617626542465564
7841 0.0001300045474523503
7858 4.509923582401553e-05
7890 9.233159952796689e-06
7891 6.932340577943291e-05
7904 6.056183085252843e-05
7938 4.907474504580058e-05
7943 7.64676023536449e-05
7958 9.496067334174995e-05
7960 9.954283828468142e-05
7977 0.00014849761844045535
7979 0.0001786642827461757
8009 2.7093186202753706e-05
8010 3.97855428110104e-05
8016 3.6571316885345003e-05
8017 0.00012122674224136485
8054 2.9805618738211806e-05
8055 0.00016508218077975113
8144 1.8182537399726556e-05
8186 9.252359415714085e-05
8234 4.8109734749355606e-05
8349 4.919672615455441e-05
8351 0.0001376235146469122
8442 8.001326955199571e-05
8447 4.100899018649567e-05
8449 0.00016251677649793962
8503 7.256700694753944e-05
8516 8.024367862190805e-05
8559 0.00011379132113009053
8586 0.0002875104201589402
8639 3.69498153124238e-05
8652 0.00010982004923951138
8695 4.476354154013861e-05
8696 4.787143878550288e-05
8735 0.0002537323685808453
8763 6.542281037332744e-05
8770 0.00030726931367955075
8799 0.00012069415303305452
8866 3.8493910507496085e-05
8871 7.025520142447097e-05
