255
15 6.0101372993599195e-05
52 9.785646144837983e-05
138 5.5304247721948624e-05
139 0.00010897983139923425
158 1.722259642893919e-05
160 3.6009024944890365e-05
328 5.502814824397996e-05
370 0.0001347133110905388
371 9.818910047034337e-05
400 0.00015890538922556517
412 6.391293797104737e-05
413 7.562007790453742e-05
418 0.0002059351589452662
419 0.00022419450561242282
420 0.0002734912621014559
423 8.63892700805903e-05
430 2.1595466130645556e-05
463 2.104404381130732e-05
473 4.858985121920245e-05
509 1.4811799641107606e-05
511 4.409901177660094e-05
535 8.236790279729728e-05
536 0.00017065756051371745
645 6.341986704442123e-05
651 0.00012571095453322076
652 0.0001664173719040451
821 0.00011243128604527755
847 0.00016508218077975113
848 0.00022419450561242282
861 7.316251041712385e-05
891 5.757123449128065e-05
1014 0.00017695423263882194
1083 7.178415593526694e-05
1093 0.00016378259903044513
1126 4.895306850942043e-05
1135 0.00010774605847492284
1140 3.8493910507496085e-05
1160 0.0002462203859023654
1177 0.00010347204034115494
1194 0.0001027336712532598
1234 2.8271279696782107e-05
1260 0.00017215710736717137
1261 0.0002734912621014559
1306 4.5550455969092306e-05
1365 6.733409171295719e-05
1391 6.491430390704548e-05
1483 0.00019506105515172307
1508 0.00011198624708459517
1524 0.0001300045474523503
1526 0.00016378259903044513
1594 0.000126899584862824
1651 0.0001753021616311125
1671 7.64676023536449e-05
1729 0.00010200632301179658
1733 0.00011243128604527755
1848 6.508321716976057e-05
1922 7.334292682143156e-06
1946 0.00015342417653056774
2040 4.7398314413738584e-05
2118 6.715720793434914e-05
2238 0.00011913044365880717
2239 0.0001251273376474703
2250 0.0002199543170027505
2371 8.858094887998e-06
2384 3.364472337590274e-05
2391 2.4157123570420575e-05
2394 0.0001523982138465608
2417 8.63892700805903e-05
2563 2.4450245822639586e-05
2607 3.3290954653437934e-05
2682 0.00015342417653056774
2685 7.754816608258265e-05
2744 7.52017798211394e-05
2768 0.0001415241100530177
2770 0.00018825025618924418
2783 8.718166847460814e-05
2786 0.0001399262151792957
2896 0.00011379132113009053
2897 0.00013332088986277624
2955 4.7516165565500014e-05
2958 6.950834500520415e-05
2959 0.00023971321052336105
2963 8.509658347491132e-05
2982 7.197869283035229e-05
3076 9.818910047034337e-05
3129 0.00026261715830791277
3175 0.00020019542348213994
3413 8.001326955199571e-05
3450 0.00011198624708459517
3490 0.0001245506276326127
3545 6.071628875522179e-05
3576 5.3536945098705395e-05
3586 6.228840662358072e-05
3600 0.0001002340757964429
3605 5.380470086849468e-05
3627 6.491430390704548e-05
3628 7.733012801189119e-05
3719 2.489326185102742e-05
3731 5.3138049876864844e-05
3732 0.00010654275221462514
3733 0.0001128804268053397
3819 6.424444555902466e-05
3832 3.3290954653437934e-05
3840 0.00010774605847492284
3882 0.00012016732165868515
3887 5.5861184383926875e-05
3897 0.00017370426675739054
3898 0.0001753021616311125
3917 0.00022419450561242282
3929 0.00015663840245623315
3932 4.895306850942043e-05
3936 0.0002199543170027505
3937 0.00023971321052336105
4009 0.0002734912621014559
4146 0.00030726931367955075
4247 4.846937791309118e-05
4250 8.612797493712278e-05
4255 0.00021605372159664503
4281 0.00014576429866269
4286 0.0001228603508781383
4288 0.0001423431449207802
4390 8.825864993225359e-05
4399 9.282164663063054e-05
4432 6.4078409870285e-05
4434 0.00013065000625947455
4467 5.5861184383926875e-05
4502 6.424444555902466e-05
4503 7.798719092134497e-05
4525 9.818910047034337e-05
4577 3.9085797470059324e-05
4591 0.0001475693727081854
4619 0.00010856509334268535
4625 0.00017695423263882194
4626 0.0002734912621014559
4652 4.476354154013861e-05
4667 0.00021605372159664503
4676 1.811794967986411e-05
4699 3.676019862375966e-05
4712 8.484211069037113e-05
4718 0.0001147195668623605
4834 1.7286007534181456e-05
4972 4.681329625334851e-05
5016 8.117636599183342e-05
5051 0.0001281179340087181
5171 7.52017798211394e-05
5222 2.3001954162320978e-05
5228 4.931901336427842e-05
5242 6.786862826996617e-05
5254 5.9796800580258657e-05
5294 9.68719546813797e-05
5297 0.0001415241100530177
5307 0.00013263932032595027
5329 0.00014849761844045535
5379 2.541525611908456e-05
5380 3.8298201700263376e-05
5408 0.00010774605847492284
5430 6.441104889224853e-05
5469 1.1433598200043818e-05
5550 4.944160821510571e-05
5687 2.724862948448243e-05
5699 8.260974660633398e-05
5738 9.19329029551259e-05
5745 0.0002537323685808453
5858 6.663037655997976e-05
5894 1.5848029138067838e-05
5896 1.6219082409210568e-05
5934 5.434466680855229e-05
5938 5.91933076971794e-05
6308 0.0001523982138465608
6309 0.0001147195668623605
6348 9.590694438493474e-05
6349 0.0001523982138465608
6387 9.558947467904783e-05
6399 8.212725328354177e-05
6408 4.3989132524856074e-05
6413 9.590694438493474e-05
6429 5.815485137703107e-05
6443 0.0001275049519955334
6452 8.63892700805903e-05
6467 4.669713069773751e-05
6468 4.669713069773751e-05
6560 0.0001504088997800851
6656 0.0002059351589452662
6725 8.458895984833521e-05
6727 8.612797493712278e-05
6728 9.527405980765772e-05
6760 1.9892587507080337e-05
6762 7.139739654402146e-05
6763 7.27647006365303e-05
6789 4.7516165565500014e-05
6805 0.0001664173719040451
6833 2.7093186202753706e-05
6885 5.131853189681648e-05
6888 0.00019506105515172307
6889 0.00023397347506023475
6890 0.00022883910672981793
6986 0.00023397347506023475
6992 4.787143878550288e-05
6995 7.843020694973282e-05
6999 6.309390310328486e-05
7010 0.0001504088997800851
7042 0.00017065756051371745
7067 3.508605365233e-05
7073 5.516600244482883e-05
7165 6.628229345501092e-05
7173 0.00017215710736717137
7321 3.8200641252257444e-05
7406 6.698096388147314e-05
7408 8.691610145495967e-05
7482 2.5340342303404983e-05
7483 2.8590308184836374e-05
7503 3.173002815645075e-05
7523 8.935997200289977e-05
7584 0.0002875104201589402
7601 0.0002875104201589402
7627 7.887728740211037e-05
7634 0.0001391464957049546
7677 6.988034244141115e-05
7678 8.260974660633398e-05
7679 8.260974660633398e-05
7702 0.0001677901789526326
7703 0.00017065756051371745
7718 9.527405980765772e-05
7726 0.00023397347506023475
7818 2.996997446737178e-05
7828 0.00026261715830791277
7843 0.00012571095453322076
7844 0.00016378259903044513
7884 0.00010982004923951138
7890 9.233159952796689e-06
7893 5.131853189681648e-05
7910 0.00030726931367955075
7933 0.00017370426675739054
8072 0.00013837905578907654
8075 0.00020298083458234552
8144 1.8182537399726556e-05
8182 0.00022419450561242282
8355 0.00016378259903044513
8447 4.100899018649567e-05
8462 0.00023971321052336105
8519 0.00014488623116808087
8609 0.0002462203859023654
8610 0.0002734912621014559
8676 0.0001423431449207802
8689 0.0001523982138465608
8693 8.484211069037113e-05
8694 8.88061998220748e-05
8763 6.542281037332744e-05
8764 0.0001287387249198448
8803 0.0001281179340087181
8804 0.00013542473142615584
8806 0.00022883910672981793
8813 4.431951634967444e-05
8834 0.0001391464957049546
8836 0.00016508218077975113
