232
15 6.0101372993599195e-05
23 0.00022883910672981793
52 9.785646144837983e-05
58 3.9886331735258645e-05
138 5.5304247721948624e-05
145 5.786216925096193e-05
151 0.00011712061541501202
152 0.0001475693727081854
158 1.722259642893919e-05
245 0.00013196715204843822
295 6.969398876306011e-05
328 5.502814824397996e-05
344 9.164022082905678e-05
360 0.00020298083458234552
430 2.1595466130645556e-05
449 6.628229345501092e-05
473 4.858985121920245e-05
474 0.00014488623116808087
509 1.4811799641107606e-05
573 0.00014576429866269
621 0.00011110817958998604
624 0.0001300045474523503
626 0.00013263932032595027
632 6.4078409870285e-05
633 0.00010058340652177312
730 0.00023971321052336105
941 9.719791862251607e-05
944 0.0002537323685808453
963 0.00013614669170503938
965 0.0001391464957049546
999 0.0002537323685808453
1048 0.00014849761844045535
1140 3.8493910507496085e-05
1157 0.00013614669170503938
1234 2.8271279696782107e-05
1265 6.576478670658657e-05
1279 0.00019041645403432799
1306 4.5550455969092306e-05
1343 0.000126899584862824
1345 0.00022419450561242282
1412 6.804811807694473e-05
1466 0.00030726931367955075
1596 0.00023971321052336105
1600 0.0002537323685808453
1649 8.744869066327002e-05
1671 7.64676023536449e-05
1694 0.00021605372159664503
1777 4.871062309639001e-05
2004 7.217400943451535e-05
2005 0.00018418695135817993
2026 8.535239208071232e-05
2108 0.0001376235146469122
2262 0.0001523982138465608
2263 0.00015342417653056774
2271 0.00015890538922556517
2272 0.00030726931367955075
2333 0.00015890538922556517
2371 8.858094887998e-06
2391 2.4157123570420575e-05
2402 8.825864993225359e-05
2602 0.00021244233432427055
2759 0.00015554326811050196
2843 7.33626397641186e-05
2854 0.00030726931367955075
2916 0.00015890538922556517
3113 6.165346047478709e-05
3173 0.0002734912621014559
3225 0.00023971321052336105
3226 8.164949036359771e-05
3247 0.00013263932032595027
3413 8.001326955199571e-05
3414 9.852402568908913e-05
3421 8.586807337437805e-05
3465 5.7716484755306535e-05
3564 0.00010774605847492284
3565 0.0001423431449207802
3572 5.234992335902794e-05
3596 8.285279662389543e-05
3642 0.00013542473142615584
3657 4.716346370617082e-05
3704 0.00013130412920165632
3719 2.489326185102742e-05
3720 0.00018617626542465564
3724 5.7716484755306535e-05
3727 6.424444555902466e-05
3746 1.903006184883404e-05
3766 5.131853189681648e-05
3786 0.00010058340652177312
3831 0.0001753021616311125
3832 3.3290954653437934e-05
3837 0.0001239806629188251
3838 0.00014665847838343454
3839 0.00026261715830791277
3875 3.285232498188492e-05
3891 8.334256383691721e-05
3908 0.0002059351589452662
4005 9.222735356398462e-05
4080 0.00019756065060853997
4105 9.988723143186235e-05
4112 0.00016007969731333051
4220 4.3879500470736716e-05
4329 3.676019862375966e-05
4363 7.025520142447097e-05
4432 6.4078409870285e-05
4485 7.159039254876493e-05
4533 5.685140711216779e-05
4561 0.0001440237055098346
4567 6.341986704442123e-05
4600 0.0002875104201589402
4619 0.00010856509334268535
4627 0.0002199543170027505
4676 1.811794967986411e-05
4779 0.00016251677649793962
4821 8.691610145495967e-05
4839 3.088397517794058e-05
4869 0.00013614669170503938
4874 0.00020019542348213994
4923 8.188778632745044e-05
4933 2.564069103539461e-05
4946 0.00021605372159664503
4972 4.681329625334851e-05
4977 0.00013401212737453773
5018 0.00010982004923951138
5024 6.025437603138515e-05
5025 0.00023397347506023475
5221 0.0002462203859023654
5222 2.3001954162320978e-05
5254 5.9796800580258657e-05
5267 0.0001677901789526326
5395 3.215862746722012e-05
5416 0.00013332088986277624
5427 3.490353872923123e-05
5430 6.441104889224853e-05
5469 1.1433598200043818e-05
5642 9.852402568908913e-05
5687 2.724862948448243e-05
5699 8.260974660633398e-05
5702 3.9886331735258645e-05
5738 9.19329029551259e-05
5739 0.0001281179340087181
5740 0.00015447220461114937
5770 0.00013263932032595027
5872 0.00013130412920165632
5894 1.5848029138067838e-05
5896 1.6219082409210568e-05
5911 7.47870417645905e-05
5925 0.00010734164596720007
5980 0.00022883910672981793
5984 3.088397517794058e-05
5988 7.044371782011974e-05
6022 2.0770655001689466e-05
6030 0.0001391464957049546
6053 0.00018227567001855016
6106 7.217400943451535e-05
6193 0.00010694056199521868
6195 9.622649587425546e-05
6197 5.5304247721948624e-05
6229 7.458098891001271e-05
6264 4.7398314413738584e-05
6475 8.691610145495967e-05
6476 0.00010774605847492284
6490 2.724862948448243e-05
6523 0.00020298083458234552
6528 0.00011913044365880717
6572 0.00011614595437539213
6573 0.0001504088997800851
6578 6.025437603138515e-05
6586 5.24803957997587e-05
6588 6.576478670658657e-05
6595 7.66818067754729e-05
6611 0.00013614669170503938
6619 5.7716484755306535e-05
6620 0.0001281179340087181
6623 0.00010460100421098168
6624 0.00011663084820199027
6625 0.00011811516886331826
6638 9.282164663063054e-05
6642 0.00015342417653056774
6665 0.00012936752625714268
6675 5.7716484755306535e-05
6678 0.00012230970742046953
6704 0.00010694056199521868
6739 0.00020019542348213994
6760 1.9892587507080337e-05
6784 9.68719546813797e-05
6833 2.7093186202753706e-05
6881 0.0001804365299615294
6885 5.131853189681648e-05
6898 0.0001263016457352357
6960 3.259102983841739e-05
6962 0.00010460100421098168
7067 3.508605365233e-05
7124 6.859058854884968e-05
7209 0.0002462203859023654
7321 3.8200641252257444e-05
7344 8.96392359620217e-05
7387 0.00023397347506023475
7388 0.0002537323685808453
7390 0.00013065000625947455
7415 0.0001475693727081854
7468 0.00015775871449691997
7476 8.117636599183342e-05
7482 2.5340342303404983e-05
7483 2.8590308184836374e-05
7808 4.7398314413738584e-05
7818 2.996997446737178e-05
7890 9.233159952796689e-06
7891 6.932340577943291e-05
7922 0.00010774605847492284
8000 0.00016378259903044513
8054 2.9805618738211806e-05
8058 8.853165584237468e-05
8059 0.00011425323385392718
8060 0.0001147195668623605
8095 0.00015342417653056774
8166 0.0001376235146469122
8213 0.0001376235146469122
8221 0.00022883910672981793
8444 5.815485137703107e-05
8562 0.00013614669170503938
8563 0.0001376235146469122
8564 0.00014071861357331354
8600 8.383730339089555e-05
8639 3.69498153124238e-05
8661 7.843020694973282e-05
8663 8.001326955199571e-05
8695 4.476354154013861e-05
8696 4.787143878550288e-05
8763 6.542281037332744e-05
8861 0.00015775871449691997
8866 3.8493910507496085e-05
8879 0.0001196461249524729
