149
14 0.0052852285217869464
15 0.002491271795902121
93 0.0045521687387094206
103 0.00798695267182427
129 0.007405842268994966
232 0.005162768341682997
459 0.0036471702980131675
492 0.01543444537176308
575 0.0036584236660290414
668 0.0035809356974800966
773 0.004605563239562584
860 0.010517501715313923
918 0.0052852285217869464
955 0.008666617954048631
969 0.004367644530504996
975 0.012011405508557551
1110 0.008195829089124534
1131 0.007405842268994966
1156 0.01128687736256103
1172 0.003762628826966806
1207 0.010421730481861053
1221 0.007405842268994966
1226 0.006005702754278776
1333 0.004097914544562267
1393 0.006005702754278776
1411 0.008462020860024158
1425 0.016596666177421684
1495 0.00808550755121933
1496 0.0027619065855932073
1530 0.006898193573994651
1607 0.00808550755121933
1620 0.004641960158222847
1621 0.0046978155418182675
1640 0.003143265764111595
1688 0.007555538470722414
1728 0.00845656140168494
1729 0.008189118689410736
1887 0.002516760769239705
1921 0.0003040149599221386
1940 0.003326193785481137
2072 0.004534679674182412
2265 0.016752070164263468
2271 0.012736670341917004
2438 0.011404903654659288
2492 0.001059716806072297
2671 0.00798695267182427
2717 0.0073622404912960975
2721 0.006194622991061399
2809 0.016827583235328958
2912 0.006788979174694543
2975 0.002263934432855553
3143 0.011917641230030114
3202 0.006736509358835525
3213 0.0033166430616157474
3222 0.005673814807601249
3257 0.012736670341917004
3283 0.008189118689410736
3353 0.006842848349344847
3563 0.008932398819800114
3564 0.03540173323350678
3656 0.005864941235572944
3703 0.005442708834628655
3819 0.002663006971265245
3878 0.00993639131248462
3911 0.008666617954048631
3973 0.007555538470722414
4055 0.00789298343420433
4125 0.006842848349344847
4191 0.023678950302612987
4248 0.002009112074239389
4437 0.004679024947391569
4455 0.007479303976823953
4468 0.0023155110475793317
4504 0.0032326597464698904
4547 0.006321661738011619
4568 0.002628827233022707
4651 0.007405842268994966
4771 0.00993639131248462
4798 0.0041404418907942196
4822 0.007205546941084657
4924 0.0067886879232580315
5019 0.009104337477418841
5193 0.0033166430616157474
5223 0.0009534577464865327
5229 0.002044330451639299
5336 0.004083935427633313
5362 0.006403052499974712
5396 0.001333012502269143
5431 0.0026699128731521807
5437 0.0078031920146909035
5623 0.0027910763969575558
5627 0.006635489592820472
5637 0.004273675292885057
5703 0.001653334829881977
5939 0.0049072628669512815
5985 0.0012801766827246809
5989 0.002919974014943754
6031 0.005767784045221188
6161 0.006595352054204152
6178 0.006403052499974712
6194 0.004432810644192506
6223 0.00428903638846685
6303 0.0035273523345507422
6469 0.0019356503664104032
6482 0.005362434390714676
6643 0.006359610517397301
6713 0.004995227899457715
6785 0.004015455163350958
6834 0.002246088143618056
6909 0.0037040747464643846
6963 0.03902249928257869
6993 0.003968653604245597
7026 0.006635489592820472
7054 0.011917641230030114
7138 0.0070136521029482875
7317 0.00789298343420433
7336 0.005260135350220872
7390 0.005388839659978353
7400 0.010885786580651714
7412 0.0078031920146909035
7481 0.0038352105633880896
7484 0.004740406075223474
7569 0.008298333088710842
7603 0.004002033357595199
7761 0.007334958703614796
7821 0.005643438681280515
7851 0.005260135350220872
7864 0.006339342066750542
7892 0.0028735357781688653
7923 0.004466199409900057
7943 0.011359602383027082
7944 0.019018026200251625
7985 0.010517501715313923
8011 0.00494747103532639
8061 0.004755259441290031
8143 0.008413791617664479
8205 0.0021166646270167734
8235 0.003988408893825648
8527 0.004534679674182412
8601 0.006950307421578243
8627 0.010470700156208563
8664 0.006633286123231495
8712 0.009117362200597732
8736 0.010517501715313923
8739 0.011009220235356882
8800 0.010005825970517041
8801 0.004716782576331939
8814 0.0018370954870153423
8867 0.004786852052690303
