287
44 0.00010575674440844711
52 9.785646144837983e-05
53 0.00010200632301179658
109 0.00011913044365880717
151 0.00011712061541501202
158 1.722259642893919e-05
161 8.88061998220748e-05
225 4.311890533715833e-05
232 0.0001245506276326127
238 0.00012176521653240713
240 0.00010347204034115494
243 6.309390310328486e-05
278 5.558192042480493e-05
290 5.516600244482883e-05
310 8.408656954820681e-05
328 5.502814824397996e-05
377 0.00011913044365880717
378 7.955569410086921e-05
386 0.00012122674224136485
427 0.0001440237055098346
449 6.628229345501092e-05
473 4.858985121920245e-05
474 0.00014488623116808087
494 0.00010815385522706535
509 1.4811799641107606e-05
511 4.409901177660094e-05
588 0.00021244233432427055
632 6.4078409870285e-05
633 0.00010058340652177312
692 0.00015342417653056774
694 0.00030726931367955075
723 6.212889280683989e-05
726 6.4078409870285e-05
753 9.752607762356147e-05
757 0.00010815385522706535
800 0.00011154523568104574
1102 8.285279662389543e-05
1103 9.527405980765772e-05
1111 9.886126874785542e-05
1140 3.8493910507496085e-05
1157 0.00013614669170503938
1164 8.408656954820681e-05
1165 8.433711728522342e-05
1177 0.00010347204034115494
1194 0.0001027336712532598
1201 0.00018418695135817993
1234 2.8271279696782107e-05
1243 0.00012341728754011654
1332 0.00018418695135817993
1333 0.00021244233432427055
1334 9.886126874785542e-05
1350 6.374802604546662e-05
1374 9.920086195142229e-05
1418 6.424444555902466e-05
1506 0.0001523982138465608
1507 0.00016378259903044513
1511 9.312153328472917e-05
1572 0.00014849761844045535
1573 0.0001347133110905388
1576 0.0001376235146469122
1612 0.00020908021320920737
1621 0.00011198624708459517
1622 0.00011333374567896404
1671 7.64676023536449e-05
1706 3.382257549850835e-05
1717 0.0001251273376474703
1718 0.00016128300357362823
1722 8.117636599183342e-05
1750 0.0001245506276326127
1922 7.334292682143156e-06
1929 4.2158123180710165e-05
1941 8.024367862190805e-05
1952 0.00023971321052336105
1981 9.920086195142229e-05
2026 8.535239208071232e-05
2118 6.715720793434914e-05
2123 0.00011243128604527755
2294 8.535239208071232e-05
2318 0.00019506105515172307
2341 8.744869066327002e-05
2343 0.0001263016457352357
2371 8.858094887998e-06
2373 4.532432364915004e-05
2384 3.364472337590274e-05
2391 2.4157123570420575e-05
2402 8.825864993225359e-05
2415 0.0001275049519955334
2417 8.63892700805903e-05
2424 0.00030726931367955075
2438 0.0002875104201589402
2439 5.502814824397996e-05
2440 0.0001275049519955334
2493 2.5565430128539482e-05
2586 9.502842032885344e-06
2662 0.00018418695135817993
2739 7.583058115843726e-05
2768 0.0001415241100530177
2776 9.222735356398462e-05
2909 0.00018825025618924418
2957 0.0001523982138465608
2982 7.197869283035229e-05
3024 0.0001347133110905388
3050 5.1064059112276297e-05
3052 0.00011379132113009053
3104 0.00010939812948263226
3134 0.0001228603508781383
3137 0.00011379132113009053
3218 0.00019041645403432799
3228 4.566391685271689e-05
3229 4.669713069773751e-05
3230 4.692973938522239e-05
3235 0.0001287387249198448
3361 0.00022883910672981793
3372 6.542281037332744e-05
3375 0.00010236864012694453
3383 0.00010815385522706535
3490 0.0001245506276326127
3503 0.00021244233432427055
3538 0.00030726931367955075
3605 5.380470086849468e-05
3639 0.00016920278300425065
3654 6.663037655997976e-05
3657 4.716346370617082e-05
3702 0.00016007969731333051
3704 0.00013130412920165632
3729 0.00012936752625714268
3743 3.233112827567267e-05
3746 1.903006184883404e-05
3829 0.00019506105515172307
3875 3.285232498188492e-05
3878 0.00023971321052336105
3887 5.5861184383926875e-05
3932 4.895306850942043e-05
3951 9.920086195142229e-05
3954 0.00010774605847492284
3974 0.00010128967145643295
4061 0.00013130412920165632
4105 9.988723143186235e-05
4125 0.00016508218077975113
4136 0.00013196715204843822
4203 0.00011614595437539213
4314 3.1644758795232604e-05
4321 0.00010200632301179658
4340 0.00012936752625714268
4345 5.131853189681648e-05
4398 6.325661252824365e-05
4406 6.508321716976057e-05
4407 0.0002199543170027505
4408 0.00013687950893562258
4453 3.6854914742017664e-05
4485 7.159039254876493e-05
4492 6.969398876306011e-05
4495 3.207260550754382e-05
4502 6.424444555902466e-05
4563 4.728074758348793e-05
4569 0.00010422176939821458
4572 0.00013401212737453773
4577 3.9085797470059324e-05
4581 0.0002875104201589402
4652 4.476354154013861e-05
4653 0.00020298083458234552
4659 6.610917985376751e-05
4699 3.676019862375966e-05
4708 0.00017065756051371745
4710 0.00018227567001855016
4808 0.0001245506276326127
4821 8.691610145495967e-05
4839 3.088397517794058e-05
4842 0.00015554326811050196
4851 0.0001399262151792957
4852 0.00015663840245623315
4923 8.188778632745044e-05
4972 4.681329625334851e-05
4977 0.00013401212737453773
5000 0.00013065000625947455
5002 0.00014665847838343454
5081 0.00018227567001855016
5177 6.196989942762013e-05
5180 0.00010982004923951138
5222 2.3001954162320978e-05
5228 4.931901336427842e-05
5362 0.00017370426675739054
5369 7.562007790453742e-05
5370 0.00011154523568104574
5378 0.00010347204034115494
5395 3.215862746722012e-05
5430 6.441104889224853e-05
5455 8.908229930004346e-05
5469 1.1433598200043818e-05
5482 0.00013196715204843822
5504 0.00026261715830791277
5554 0.0001440237055098346
5555 0.0001440237055098346
5569 9.527405980765772e-05
5687 2.724862948448243e-05
5702 3.9886331735258645e-05
5810 5.261121850249547e-05
5811 0.00010310145735752775
5854 7.178415593526694e-05
5868 7.256700694753944e-05
5872 0.00013130412920165632
5894 1.5848029138067838e-05
5896 1.6219082409210568e-05
5912 0.00010498321344481378
5921 0.0002462203859023654
5932 0.00015663840245623315
5988 7.044371782011974e-05
6022 2.0770655001689466e-05
6058 0.00017695423263882194
6059 0.00014849761844045535
6090 0.00020298083458234552
6106 7.217400943451535e-05
6159 7.101368253390731e-05
6262 0.0001128804268053397
6264 4.7398314413738584e-05
6302 8.509658347491132e-05
6306 0.00011425323385392718
6356 6.733409171295719e-05
6408 4.3989132524856074e-05
6427 0.00020908021320920737
6429 5.815485137703107e-05
6475 8.691610145495967e-05
6476 0.00010774605847492284
6480 0.00014488623116808087
6481 0.00012936752625714268
6611 0.00013614669170503938
6647 0.0001523982138465608
6757 0.0001287387249198448
6760 1.9892587507080337e-05
6833 2.7093186202753706e-05
6905 2.9805618738211806e-05
6907 0.00030726931367955075
6960 3.259102983841739e-05
6961 0.0001423431449207802
6962 0.00010460100421098168
6972 6.133906307779394e-05
6992 4.787143878550288e-05
6995 7.843020694973282e-05
7134 0.0002059351589452662
7165 6.628229345501092e-05
7167 0.00011243128604527755
7171 0.00012341728754011654
7321 3.8200641252257444e-05
7344 8.96392359620217e-05
7373 7.27647006365303e-05
7374 0.00010498321344481378
7443 0.00014576429866269
7482 2.5340342303404983e-05
7483 2.8590308184836374e-05
7694 6.804811807694473e-05
7697 0.00021605372159664503
7750 0.00020908021320920737
7751 0.00026261715830791277
7858 4.509923582401553e-05
7861 0.00013263932032595027
7890 9.233159952796689e-06
7891 6.932340577943291e-05
7922 0.00010774605847492284
7938 4.907474504580058e-05
7943 7.64676023536449e-05
7971 0.00019506105515172307
7981 6.950834500520415e-05
8042 6.663037655997976e-05
8061 7.865323446718271e-05
8069 5.287392225192349e-05
8186 9.252359415714085e-05
8204 5.1064059112276297e-05
8206 0.0001804365299615294
8213 0.0001376235146469122
8221 0.00022883910672981793
8234 4.8109734749355606e-05
8472 0.00016378259903044513
8513 4.3335009582674306e-05
8531 9.752607762356147e-05
8532 0.0001002340757964429
8539 7.955569410086921e-05
8600 8.383730339089555e-05
8603 0.0001376235146469122
8633 5.949411993323993e-05
8638 6.491430390704548e-05
8689 0.0001523982138465608
8693 8.484211069037113e-05
8694 8.88061998220748e-05
8695 4.476354154013861e-05
8696 4.787143878550288e-05
8751 0.00015554326811050196
8761 0.00017370426675739054
