63
44 0.00010575674440844711
145 5.786216925096193e-05
151 0.00011712061541501202
158 1.722259642893919e-05
310 8.408656954820681e-05
386 0.00012122674224136485
449 6.628229345501092e-05
473 4.858985121920245e-05
474 0.00014488623116808087
509 1.4811799641107606e-05
695 0.00011519040557349246
1111 9.886126874785542e-05
1140 3.8493910507496085e-05
1157 0.00013614669170503938
1201 0.00018418695135817993
1750 0.0001245506276326127
1952 0.00023971321052336105
2026 8.535239208071232e-05
2118 6.715720793434914e-05
2294 8.535239208071232e-05
2384 3.364472337590274e-05
2391 2.4157123570420575e-05
2439 5.502814824397996e-05
3228 4.566391685271689e-05
3229 4.669713069773751e-05
3230 4.692973938522239e-05
3235 0.0001287387249198448
3657 4.716346370617082e-05
3831 0.0001753021616311125
4061 0.00013130412920165632
4099 0.0001147195668623605
4105 9.988723143186235e-05
4314 3.1644758795232604e-05
4321 0.00010200632301179658
4345 5.131853189681648e-05
4821 8.691610145495967e-05
4972 4.681329625334851e-05
4977 0.00013401212737453773
5222 2.3001954162320978e-05
5362 0.00017370426675739054
5490 0.00015447220461114937
5810 5.261121850249547e-05
5811 0.00010310145735752775
5854 7.178415593526694e-05
5912 0.00010498321344481378
5921 0.0002462203859023654
6106 7.217400943451535e-05
6261 0.00014576429866269
6262 0.0001128804268053397
6264 4.7398314413738584e-05
6475 8.691610145495967e-05
6476 0.00010774605847492284
6611 0.00013614669170503938
6760 1.9892587507080337e-05
6960 3.259102983841739e-05
6962 0.00010460100421098168
7344 8.96392359620217e-05
7981 6.950834500520415e-05
8234 4.8109734749355606e-05
8513 4.3335009582674306e-05
8695 4.476354154013861e-05
8696 4.787143878550288e-05
8751 0.00015554326811050196
