109
15 0.003745618434398294
17 0.007489029165190224
53 0.0063572052495183985
82 0.0051940484539482945
130 0.007392607595360621
480 0.004286033970710223
549 0.004229686819174395
780 0.008484890325002173
785 0.022772163285322358
847 0.010288198567196797
849 0.009084275732041212
858 0.006740329774710533
872 0.0123278535031856
946 0.013707922189709877
1460 0.03611821236838984
1468 0.015850564191858034
1476 0.010207206451463825
1564 0.009561652176506431
1565 0.01054500141352365
1593 0.007908595106975436
1640 0.009451778171804096
1664 0.008266305054159921
1956 0.005534551418282032
1984 0.005918108537214514
1993 0.009373735068812016
2075 0.0047789388949861155
2086 0.010925124926269054
2325 0.007424409188023003
2372 0.0028246879186099656
2388 0.0050298449864691125
2465 0.006817875034609921
2619 0.00644855121342918
2659 0.009831787857318535
2684 0.0048329318610348
2743 0.004686701131230729
2771 0.0137949045551429
2829 0.005163525339245846
2944 0.007456547311723346
3213 0.004986561246485215
3333 0.017044434460476748
3418 0.007299153318731378
3492 0.014581619648509176
3595 0.005163525339245846
3599 0.006246755828656637
3600 0.009435091182850514
3604 0.0033531992597204516
3627 0.004819343362531288
3680 0.0080232134019976
3928 0.009313594007539866
3970 0.008305033788846708
4126 0.01215653233225284
4221 0.002734644113253186
4244 0.009140002512959221
4296 0.030354450622008734
4510 0.00798452467052934
4547 0.00475229815969405
4653 0.002789739036403603
4684 0.011028084764176093
4731 0.01303022979105214
4759 0.01063566558949825
4798 0.006225139905739561
4886 0.0064025348126507085
4915 0.004077259342986672
4926 0.01247651478372609
4977 0.013464830537547554
5172 0.009373402262461458
5291 0.008484890325002173
5371 0.006951686296429928
5380 0.0015839214163166544
5381 0.002386808206662568
5474 0.015596291372227348
5702 0.006590937805371193
5855 0.013421127224372706
5897 0.0010108004365796124
6293 0.005517441376694008
6378 0.0066647153042055166
6459 0.009693717520285269
6469 0.0029102435578897672
6506 0.008224414398990779
6507 0.011069102836564064
6537 0.00934750009656505
6685 0.007798145686113674
6761 0.003719218318806293
6764 0.0045348182662430635
6824 0.007588612655502184
6834 0.0016884928352373498
6921 0.005860258705284516
6996 0.0048879021282239084
7074 0.010314113575978627
7077 0.01493932959569366
7252 0.004792347412788366
7328 0.007329986318067429
7370 0.005841217737903583
7484 0.0035635919796260383
7725 0.006182364207769758
7892 0.004320350995148993
7904 0.005073754537111774
8187 0.005766225672226848
8235 0.011993117652762437
8350 0.006132045083767677
8448 0.002555749094699646
8458 0.010207206451463825
8605 0.009626967045416525
8639 0.0040455683665705545
8640 0.0023027745039462997
8695 0.005534551418282032
8758 0.006119309534207693
8872 0.008756844127201194
8873 0.012990551173103332
