403
30 0.003116926248809489
52 0.00123877384151699
80 0.0017421885831438659
93 0.0013902219869638146
101 0.0028968950556479225
109 0.0015080831163171726
116 0.0019292228434666901
145 0.0007324824607451316
158 0.00021802241388452567
277 0.0013932126623589472
323 0.002383077106759296
378 0.0030213082918761915
386 0.0030692407012927374
438 0.0022617273974913604
474 0.0018341279718322966
480 0.001741201300601028
489 0.0025009382361126536
494 0.0027382589709761544
498 0.002026463440989207
509 0.0001875039181840213
544 0.0050685841308887244
554 0.0025009382361126536
613 0.0033244944813069868
626 0.003358186428252468
649 0.0023568222691257544
651 0.0015913864017046355
700 0.0017143539864629275
708 0.0012222118918792156
772 0.0014826405178673112
779 0.0033929434067098874
807 0.0017053480517597753
969 0.0026677374263027677
979 0.0017915665749893375
983 0.0026197239304556045
1001 0.003116926248809489
1055 0.03822785707419157
1056 0.0038897501754434037
1088 0.0021793524728071466
1095 0.0008799124583613343
1102 0.006030414921916517
1110 0.0025029875769343396
1122 0.003462150749784339
1144 0.001255792729703232
1156 0.003446986694532133
1164 0.0021352624694486112
1170 0.0038897501754434037
1176 0.0026197239304556045
1195 0.0024391971938099687
1216 0.0012429847491359377
1239 0.0036904870161417426
1242 0.003124701325447496
1256 0.0020897903339618497
1297 0.004397876208357569
1339 0.0025695528377810556
1344 0.0028380986278663525
1363 0.0020733388104535893
1373 0.001255792729703232
1374 0.0032120211204438825
1390 0.0008217560744596438
1411 0.005168563877571574
1417 0.004879657660415008
1420 0.0021793524728071466
1467 0.0019690363713079453
1490 0.002646765426307466
1503 0.0015694824828587633
1511 0.003228193557341459
1513 0.0019690363713079453
1538 0.001417644082411807
1558 0.0014463420740144872
1560 0.002606951898466211
1571 0.0018798448516212187
1577 0.001374335386178994
1585 0.0022400797177232687
1586 0.001260121839194717
1587 0.0020573146479398265
1594 0.0027350437029393473
1614 0.003116926248809489
1635 0.0019828997765482244
1640 0.0009599462205738536
1668 0.0025009382361126536
1705 0.0012844891740456238
1712 0.0006060088955346615
1721 0.001027618996760255
1749 0.0015766977179855744
1799 0.0028694043792355894
1839 0.0036396205461029472
1844 0.0036396205461029472
1875 0.009350778746428466
1918 0.00178136972182581
1920 0.00466327872302301
1921 0.00027853643345139117
1930 0.000981689284272694
1959 0.0014826405178673112
1972 0.0016140967786707294
1980 0.002511585459406464
2004 0.002331639361511505
2012 0.0020733388104535893
2025 0.0054024184532905405
2036 0.0030345513241252747
2072 0.0013848808664051401
2112 0.0020897903339618497
2142 0.0028968950556479225
2150 0.001464224357122471
2206 0.0021989381041787846
2233 0.0020573146479398265
2241 0.003446986694532133
2286 0.0018452435080708713
2332 0.0020115977681509044
2373 0.0010870117470347404
2376 0.0015553003508891599
2387 0.002331639361511505
2388 0.0010216872628765385
2398 0.0032128667622087713
2401 0.0011172742730060283
2410 0.0017517530471480823
2438 0.004179637987076841
2439 0.006456387114682918
2468 0.0028130570923464646
2492 0.000323635104127193
2574 0.0015212090491792643
2588 0.0015553003508891599
2661 0.006994918084534514
2666 0.003174493862277887
2674 0.0013537702961667457
2677 0.0021066926397852984
2707 0.0016457393847945255
2724 0.0013338687131513839
2727 0.0013848808664051401
2738 0.0009599462205738536
2743 0.000951986167281242
2750 0.0025342920654443622
2763 0.0021793524728071466
2764 0.0032753505511467483
2767 0.0017915665749893375
2768 0.0026893268231504247
2780 0.0024526217617058406
2784 0.001374335386178994
2809 0.005139105675562111
2826 0.0015146111726938047
2829 0.0031465232536029373
2831 0.0015146111726938047
2873 0.002606951898466211
2874 0.0025695528377810556
2915 0.022127575449659948
2939 0.0010013641591267134
3058 0.0038897501754434037
3078 0.0030032468356152526
3112 0.0007804767610103729
3127 0.0036396205461029472
3136 0.0014404946788513734
3160 0.0026677374263027677
3213 0.0010128952531923093
3217 0.002410499202207288
3220 0.0036396205461029472
3222 0.032922632796947585
3223 0.003462150749784339
3224 0.0030345513241252747
3227 0.0005780636747037115
3234 0.006518860889123049
3274 0.004766154213518592
3309 0.0028968950556479225
3358 0.0036396205461029472
3374 0.0025917878432140046
3446 0.0033244944813069868
3470 0.002284162436103906
3556 0.0019970819085178278
3563 0.0013639671493302732
3564 0.0018019348118380584
3580 0.0030345513241252747
3582 0.0014764405101933768
3595 0.0010488410845343125
3604 0.0013622371992614336
3615 0.002606951898466211
3648 0.0017053480517597753
3653 0.0008434799941797438
3656 0.001791139723932078
3691 0.002284162436103906
3742 0.002961891491103426
3786 0.0012732944871051734
3819 0.0008132762767358348
3831 0.0022191660006484018
3901 0.0013145891574848018
3912 0.001679093214126234
3921 0.0025695528377810556
3954 0.0013639671493302732
3977 0.0014289635847857776
4044 0.0018341279718322966
4054 0.0036396205461029472
4061 0.0016621909083027857
4089 0.0027844216947848187
4099 0.0014522454259621544
4105 0.002528963086706697
4110 0.002606951898466211
4121 0.0020115977681509044
4183 0.0036396205461029472
4191 0.002410499202207288
4221 0.0005554745855045534
4226 0.0027591711858806125
4252 0.0033244944813069868
4304 0.0028380986278663525
4339 0.0036396205461029472
4349 0.00103965636543029
4372 0.001679093214126234
4382 0.0005472124677530917
4403 0.0008799124583613343
4433 0.001622348831715852
4455 0.004568324872207812
4468 0.002121455434216859
4567 0.0012263108808529203
4606 0.0038897501754434037
4659 0.0010550410922082474
4693 0.004878394387619937
4711 0.002307444277280283
4714 0.0025695528377810556
4763 0.0017713386785197208
4812 0.0027350437029393473
4822 0.0011002788297821032
4826 0.003116926248809489
4835 0.00043765028166086687
4865 0.0021419534121219913
4871 0.002961891491103426
4885 0.0028380986278663525
4924 0.0010366249314634067
4979 0.0032120211204438825
5039 0.0020573146479398265
5045 0.0025465889742103467
5066 0.0016297152222807623
5143 0.016135960938902547
5156 0.004213385279570597
5158 0.006233852497618978
5163 0.0014178541033672257
5182 0.002026463440989207
5193 0.0010128952531923093
5220 0.005344109165477429
5223 0.0005823676576551265
5229 0.00124866774745014
5234 0.003624960584128409
5255 0.002270919403854823
5271 0.0025695528377810556
5290 0.0016457393847945255
5307 0.003462150749784339
5332 0.0036396205461029472
5336 0.0012472245979277875
5462 0.0028380986278663525
5468 0.003462150749784339
5485 0.0016376752755733741
5491 0.0058664330433006945
5510 0.0011312160092185265
5536 0.0037836475655630706
5613 0.0017915665749893375
5623 0.0025571651648261693
5643 0.0012472245979277875
5645 0.0009761812515124641
5706 0.008785346142734825
5730 0.0011527378047762268
5766 0.0019690363713079453
5771 0.001679093214126234
5811 0.0006660101978611359
5812 0.0013051707215487034
5833 0.005143061959388782
5842 0.0018341279718322966
5855 0.000908722155816902
5873 0.004986572724908356
5892 0.0013051707215487034
5929 0.0038080798717048817
5965 0.0018232091811131333
5981 0.0028968950556479225
5985 0.0031277043952932545
5988 0.0029617408188538055
5989 0.0026752602835777286
5992 0.0021066926397852984
6004 0.0026893268231504247
6012 0.0022617273974913604
6040 0.0025342920654443622
6054 0.002307444277280283
6147 0.004766154213518592
6181 0.003462150749784339
6194 0.016245243554000945
6203 0.001670584174795002
6219 0.00239634791695143
6229 0.0028968950556479225
6285 0.0021419534121219913
6293 0.0011207302796409704
6348 0.015641711390797265
6368 0.002961891491103426
6373 0.0019292228434666901
6386 0.003116926248809489
6389 0.0021066926397852984
6406 0.00178136972182581
6409 0.0005568624276442007
6430 0.001472375100773014
6450 0.0025695528377810556
6456 0.0020416962043297935
6466 0.0019828997765482244
6467 0.0024391971938099687
6469 0.001182286445392718
6477 0.010911737194642186
6517 0.0024859694982718753
6574 0.0019040399358524408
6621 0.0016218565737012723
6643 0.001942210598352869
6679 0.0030966594106000694
6713 0.000762765623851853
6761 0.0027700428103609367
6819 0.0028380986278663525
6832 0.001417644082411807
6847 0.0027350437029393473
6899 0.004796592045990428
6921 0.0035710951485327515
6930 0.0007474382373695996
6962 0.005405804435514174
6963 0.006620768107445091
6966 0.001687721264853781
6969 0.0016297152222807623
6976 0.0018232091811131333
6996 0.0009928551197954814
6999 0.0020573146479398265
7091 0.0025009382361126536
7092 0.001198173958475715
7112 0.003462150749784339
7163 0.003910955362200464
7210 0.003116926248809489
7226 0.0030345513241252747
7252 0.0009734455682226368
7290 0.0017143539864629275
7306 0.0020897903339618497
7371 0.0025009382361126536
7406 0.0036396205461029472
7407 0.0008479181109541031
7444 0.0018452435080708713
7449 0.0030345513241252747
7461 0.002284162436103906
7470 0.0009985147518858063
7484 0.004343127725169234
7495 0.0013537702961667457
7505 0.0015913864017046355
7531 0.003462150749784339
7555 0.0010457642922665458
7615 0.001856563010444842
7616 0.002026463440989207
7653 0.0020573146479398265
7667 0.0018918237827815353
7695 0.003445709251714383
7727 0.002961891491103426
7800 0.0011903650495109172
7803 0.002646765426307466
7832 0.0019165028965165106
7833 0.0036396205461029472
7840 0.0013437392528606565
7862 0.003358186428252468
7863 0.0011490982923265103
7864 0.0009680103297950047
7882 0.006069102648250549
7883 0.0028380986278663525
7913 0.00446671041257234
7923 0.0013639671493302732
7958 0.0014404946788513734
7988 0.0009928551197954814
7993 0.005676197255732705
7996 0.001156398916832776
8011 0.0005036488033121089
8019 0.0016218565737012723
8043 0.002530439982539231
8062 0.001991356890828217
8145 0.00046034878780216787
8187 0.004685058358684315
8207 0.004568324872207812
8225 0.003462150749784339
8270 0.004614888554560566
8352 0.0017421885831438659
8378 0.003462150749784339
8494 0.003462150749784339
8505 0.0025009382361126536
8527 0.00415464259921542
8533 0.0038066168330876376
8565 0.00178136972182581
8601 0.02334868899436441
8604 0.01219532008200706
8622 0.0012867545608038632
8639 0.0008217560744596438
8658 0.002961891491103426
8664 0.0010128952531923093
8679 0.0011165067981621238
8685 0.002606951898466211
8695 0.0033726172705156126
8696 0.0005666657417694819
8697 0.0006060088955346615
8719 0.0011903650495109172
8724 0.0013289920429263925
8739 0.002241460559281941
8752 0.0019690363713079453
8754 0.004031217758581969
8758 0.0024859694982718753
8764 0.002484579912132503
8768 0.004708447448576289
8776 0.0036396205461029472
8801 0.0014404946788513734
8812 0.0015080831163171726
8815 0.0012644815433533485
8820 0.0009038261335231808
8824 0.0018680941045104377
8867 0.001461893737682408
8880 0.0015146111726938047
