195
15 0.0030433149779486137
44 0.005355136966864095
52 0.00247754768303398
74 0.013787946778128533
145 0.0014649649214902632
160 0.0009116830406501787
246 0.002537744555391759
277 0.005572850649435789
292 0.0036904870161417426
370 0.0034106961035195505
378 0.004028411055834923
458 0.002835288164823614
480 0.003482402601202056
496 0.003910955362200464
521 0.0031219070440414915
524 0.0035035060942961646
527 0.014499842336513635
585 0.044968295686214355
668 0.0021872192470404
726 0.001622348831715852
773 0.0028130570923464646
969 0.0026677374263027677
990 0.0027697617328102803
1035 0.003965799553096449
1057 0.002528963086706697
1058 0.003713126020889684
1059 0.0066489889626139735
1065 0.003938072742615891
1095 0.0017598249167226686
1172 0.009192786338612082
1226 0.007336511887329186
1253 0.0022695024741293678
1268 0.0021352624694486112
1373 0.007534756378219392
1390 0.0016435121489192877
1496 0.003373919976718975
1568 0.002511585459406464
1571 0.011279069109727312
1609 0.004856378911128059
1657 0.008092406315938118
1688 0.004614888554560566
1721 0.014386665954643567
1724 0.006233852497618978
1935 0.005582439021816276
1955 0.0028579271695715553
1984 0.007212694779730189
2031 0.005582439021816276
2232 0.004614888554560566
2255 0.003938072742615891
2309 0.003522936277620896
2311 0.004320739145733664
2407 0.004614888554560566
2412 0.03111800140354723
2451 0.006069102648250549
2492 0.000647270208254386
2531 0.003938072742615891
2580 0.004283906824243983
2619 0.015718343582733624
2666 0.0021163292415185917
2674 0.0027075405923334913
2713 0.004401115319128413
2717 0.0022484115136770753
2743 0.005711917003687451
2780 0.0024526217617058406
2826 0.0030292223453876094
2939 0.0020027283182534267
3064 0.013848602999137356
3133 0.0031106007017783197
3136 0.002880989357702747
3184 0.0055395234656205605
3225 0.002067216642387451
3263 0.004713644538251509
3413 0.00498889839171115
3464 0.00146127645494117
3474 0.0032128667622087713
3478 0.0063067908719422975
3481 0.01113937806266905
3552 0.009229777109121132
3604 0.0013622371992614336
3746 0.0004818065659000255
3786 0.0050931779484206935
3840 0.0027279342986605464
3852 0.004523454794982721
3872 0.004640327545616784
3893 0.0044383320012968035
3914 0.0032753505511467483
3926 0.0028130570923464646
3943 0.0019468911364452736
4125 0.0041795806679236994
4136 0.01002350504877001
4154 0.003182772803409271
4203 0.005881208780644856
4206 0.0066489889626139735
4226 0.0027591711858806125
4248 0.0012271565226178085
4372 0.010074559284757404
4435 0.009923461839071907
4458 0.0025465889742103467
4468 0.004242910868433718
4491 0.005001876472225307
4653 0.0033999944506168914
4764 0.004023195536301809
4798 0.005057926173413394
4811 0.002748670772357988
4854 0.0021609673813162166
4915 0.0016563866080883357
5013 0.005455868597321093
5032 0.0017504779694299127
5045 0.0050931779484206935
5052 0.019462278884415266
5223 0.0005823676576551265
5229 0.00124866774745014
5266 0.0066489889626139735
5349 0.004213385279570597
5380 0.0006434680753786408
5393 0.006069102648250549
5396 0.000814197977238255
5439 0.0044383320012968035
5594 0.005213903796932422
5612 0.0030692407012927374
5619 0.00356273944365162
5703 0.0020196987978671876
5730 0.0023054756095524536
5802 0.006424042240887765
5807 0.0020027283182534267
5837 0.004523454794982721
5890 0.03853856703725781
5985 0.0007819260988233136
5990 0.006648763633211143
6001 0.000876795009970875
6038 0.009427289076503018
6046 0.03427125459395186
6068 0.020733388104535892
6070 0.004523454794982721
6078 0.006233852497618978
6080 0.01267198673993472
6095 0.005955613883429786
6107 0.0036546293868204593
6203 0.003341168349590004
6296 0.0050685841308887244
6303 0.002154490772523891
6305 0.0050685841308887244
6310 0.002904490851924309
6354 0.0072792410922058945
6406 0.00356273944365162
6529 0.003016166232634345
6531 0.005213903796932422
6728 0.0021806037290898815
6729 0.01688516178136625
6761 0.0035255090313684647
6834 0.00411570128589104
6920 0.007490941789369672
6930 0.0014948764747391991
6972 0.005676197255732705
6973 0.0015529935515605103
6993 0.001212017791069323
6996 0.001985710239590963
6999 0.004114629295879653
7172 0.003124701325447496
7336 0.006425733524417543
7370 0.0023729947060233307
7393 0.0013353415044349184
7408 0.004523454794982721
7409 0.0022005576595642063
7470 0.003994059007543225
7472 0.004938591259977716
7626 0.004938591259977716
7638 0.00466327872302301
7665 0.0030292223453876094
7696 0.004713644538251509
7725 0.002511585459406464
7800 0.004761460198043669
7845 0.004146677620907179
7864 0.003872041319180019
7908 0.02000750588890123
7923 0.0027279342986605464
8011 0.0010072976066242178
8033 0.006133261779065152
8041 0.0072792410922058945
8043 0.0016869599883594876
8073 0.010510518282888494
8104 0.007380974032283485
8146 0.022384096214622
8213 0.004878394387619937
8252 0.007779500350886807
8307 0.004878394387619937
8340 0.013848602999137356
8352 0.0034843771662877317
8534 0.0034655402944155354
8622 0.0025735091216077264
8679 0.0011165067981621238
8705 0.003833005793033021
8782 0.015310534729282798
8820 0.0018076522670463617
8845 0.0077168913738667605
