372
58 3.9886331735258645e-05
77 8.691610145495967e-05
79 0.00013130412920165632
103 0.00019268344080366
109 0.00011913044365880717
132 8.334256383691721e-05
134 0.0001376235146469122
151 0.00011712061541501202
158 1.722259642893919e-05
161 8.88061998220748e-05
163 4.4209139343250144e-05
238 0.00012176521653240713
240 0.00010347204034115494
243 6.309390310328486e-05
245 0.00013196715204843822
290 5.516600244482883e-05
310 8.408656954820681e-05
330 6.358367031630664e-05
334 9.252359415714085e-05
375 8.334256383691721e-05
378 7.955569410086921e-05
386 0.00012122674224136485
430 2.1595466130645556e-05
449 6.628229345501092e-05
463 2.104404381130732e-05
473 4.858985121920245e-05
474 0.00014488623116808087
480 6.877276232176413e-05
498 0.00016007969731333051
509 1.4811799641107606e-05
511 4.409901177660094e-05
577 0.0002734912621014559
612 0.0002462203859023654
613 0.00026261715830791277
621 0.00011110817958998604
624 0.0001300045474523503
626 0.00013263932032595027
632 6.4078409870285e-05
633 0.00010058340652177312
723 6.212889280683989e-05
726 6.4078409870285e-05
732 0.00011614595437539213
733 0.00026261715830791277
765 7.499396958083494e-05
805 0.00022883910672981793
881 0.00020298083458234552
884 0.00012936752625714268
889 0.00021605372159664503
890 0.00023971321052336105
1102 8.285279662389543e-05
1103 9.527405980765772e-05
1111 9.886126874785542e-05
1140 3.8493910507496085e-05
1157 0.00013614669170503938
1177 0.00010347204034115494
1196 0.00019268344080366
1216 4.5550455969092306e-05
1234 2.8271279696782107e-05
1243 0.00012341728754011654
1334 9.886126874785542e-05
1340 0.00020298083458234552
1356 0.00014488623116808087
1357 0.00023971321052336105
1374 9.920086195142229e-05
1391 6.491430390704548e-05
1394 0.00014488623116808087
1418 6.424444555902466e-05
1491 0.00020908021320920737
1499 0.00017370426675739054
1524 0.0001300045474523503
1527 0.00023971321052336105
1559 0.00011425323385392718
1610 9.590694438493474e-05
1621 0.00011198624708459517
1622 0.00011333374567896404
1633 0.00018418695135817993
1636 0.00015663840245623315
1649 8.744869066327002e-05
1659 0.0001786642827461757
1693 0.0001281179340087181
1706 3.382257549850835e-05
1713 4.787143878550288e-05
1719 0.0001504088997800851
1722 8.117636599183342e-05
1750 0.0001245506276326127
1848 6.508321716976057e-05
1922 7.334292682143156e-06
1929 4.2158123180710165e-05
1931 7.754816608258265e-05
1941 8.024367862190805e-05
2026 8.535239208071232e-05
2029 0.00012122674224136485
2030 0.0001228603508781383
2073 0.00010939812948263226
2167 8.744869066327002e-05
2177 0.0002462203859023654
2294 8.535239208071232e-05
2371 8.858094887998e-06
2373 4.532432364915004e-05
2391 2.4157123570420575e-05
2392 0.0001281179340087181
2431 0.0001391464957049546
2439 5.502814824397996e-05
2479 0.00013542473142615584
2493 2.5565430128539482e-05
2557 0.00012230970742046953
2580 8.992010952057247e-05
2585 0.00019756065060853997
2586 9.502842032885344e-06
2607 3.3290954653437934e-05
2608 0.00030726931367955075
2618 4.846937791309118e-05
2661 0.00018227567001855016
2689 0.0001300045474523503
2691 0.00016920278300425065
2728 0.00010939812948263226
2780 9.342327683396404e-05
2781 9.68719546813797e-05
2982 7.197869283035229e-05
3024 0.0001347133110905388
3103 0.00012122674224136485
3104 0.00010939812948263226
3185 0.00010939812948263226
3228 4.566391685271689e-05
3229 4.669713069773751e-05
3230 4.692973938522239e-05
3235 0.0001287387249198448
3237 0.0002059351589452662
3372 6.542281037332744e-05
3383 0.00010815385522706535
3395 7.541048004377448e-05
3401 0.0001504088997800851
3421 8.586807337437805e-05
3429 0.00030726931367955075
3478 7.865323446718271e-05
3479 0.0001245506276326127
3490 0.0001245506276326127
3492 0.00017370426675739054
3511 0.00016007969731333051
3572 5.234992335902794e-05
3627 6.491430390704548e-05
3628 7.733012801189119e-05
3647 8.094151528426567e-05
3651 0.00023397347506023475
3654 6.663037655997976e-05
3704 0.00013130412920165632
3724 5.7716484755306535e-05
3743 3.233112827567267e-05
3746 1.903006184883404e-05
3831 0.0001753021616311125
3875 3.285232498188492e-05
3887 5.5861184383926875e-05
3969 6.0101372993599195e-05
3970 6.663037655997976e-05
4005 9.222735356398462e-05
4015 8.798716495431228e-05
4061 0.00013130412920165632
4105 9.988723143186235e-05
4136 0.00013196715204843822
4198 0.00013332088986277624
4220 4.3879500470736716e-05
4247 4.846937791309118e-05
4290 5.656642719180506e-05
4292 0.00011110817958998604
4314 3.1644758795232604e-05
4329 3.676019862375966e-05
4345 5.131853189681648e-05
4348 8.212725328354177e-05
4406 6.508321716976057e-05
4408 0.00013687950893562258
4453 3.6854914742017664e-05
4467 5.5861184383926875e-05
4495 3.207260550754382e-05
4563 4.728074758348793e-05
4564 0.0001664173719040451
4567 6.341986704442123e-05
4569 0.00010422176939821458
4572 0.00013401212737453773
4652 4.476354154013861e-05
4676 1.811794967986411e-05
4699 3.676019862375966e-05
4708 0.00017065756051371745
4710 0.00018227567001855016
4759 5.0810908270240366e-05
4768 0.00012176521653240713
4769 0.00012936752625714268
4797 9.988723143186235e-05
4799 0.0001664173719040451
4821 8.691610145495967e-05
4834 1.7286007534181456e-05
4933 2.564069103539461e-05
4948 0.00011110817958998604
4950 0.00011425323385392718
4972 4.681329625334851e-05
4977 0.00013401212737453773
5189 0.00023397347506023475
5222 2.3001954162320978e-05
5254 5.9796800580258657e-05
5289 0.0001300045474523503
5369 7.562007790453742e-05
5370 0.00011154523568104574
5379 2.541525611908456e-05
5395 3.215862746722012e-05
5398 0.00023397347506023475
5430 6.441104889224853e-05
5437 0.00013065000625947455
5443 0.00011712061541501202
5445 0.0002059351589452662
5448 9.954283828468142e-05
5455 8.908229930004346e-05
5469 1.1433598200043818e-05
5482 0.00013196715204843822
5490 0.00015447220461114937
5539 0.0001391464957049546
5545 0.00019756065060853997
5546 0.0002059351589452662
5547 0.00017695423263882194
5554 0.0001440237055098346
5555 0.0001440237055098346
5569 9.527405980765772e-05
5622 6.733409171295719e-05
5624 0.0001415241100530177
5636 0.00010310145735752775
5676 9.312153328472917e-05
5687 2.724862948448243e-05
5702 3.9886331735258645e-05
5705 0.00011566583790554528
5729 9.106007793564448e-05
5797 5.544288630052885e-05
5810 5.261121850249547e-05
5834 6.804811807694473e-05
5854 7.178415593526694e-05
5858 6.663037655997976e-05
5868 7.256700694753944e-05
5872 0.00013130412920165632
5888 8.358930576913648e-05
5891 0.00010310145735752775
5892 0.00011712061541501202
5909 6.663037655997976e-05
5988 7.044371782011974e-05
6000 3.4631041686461846e-05
6018 0.0001431761810607271
6022 2.0770655001689466e-05
6043 0.0001504088997800851
6045 0.00016920278300425065
6079 0.0001251273376474703
6080 0.00014071861357331354
6106 7.217400943451535e-05
6108 0.0001804365299615294
6159 7.101368253390731e-05
6160 7.955569410086921e-05
6172 0.00012230970742046953
6183 0.0002875104201589402
6193 0.00010694056199521868
6211 7.356359438910525e-05
6222 0.00010347204034115494
6227 0.00010536844412685977
6242 3.105201474962982e-05
6249 0.00010897983139923425
6262 0.0001128804268053397
6264 4.7398314413738584e-05
6382 0.00021605372159664503
6391 0.00021605372159664503
6405 0.00014071861357331354
6429 5.815485137703107e-05
6443 0.0001275049519955334
6465 0.00015663840245623315
6466 0.00019268344080366
6475 8.691610145495967e-05
6476 0.00010774605847492284
6490 2.724862948448243e-05
6502 0.0001423431449207802
6507 6.212889280683989e-05
6516 9.818910047034337e-05
6540 6.040786096929821e-05
6550 0.00020019542348213994
6577 0.00010897983139923425
6586 5.24803957997587e-05
6588 6.576478670658657e-05
6605 0.00010200632301179658
6611 0.00013614669170503938
6647 0.0001523982138465608
6670 0.00010734164596720007
6706 7.910237522724487e-05
6708 0.00017370426675739054
6712 6.025437603138515e-05
6760 1.9892587507080337e-05
6833 2.7093186202753706e-05
6863 0.00020019542348213994
6872 0.00020298083458234552
6885 5.131853189681648e-05
6898 0.0001263016457352357
6905 2.9805618738211806e-05
6931 0.0001196461249524729
6944 0.00014665847838343454
6945 0.00020019542348213994
6960 3.259102983841739e-05
6961 0.0001423431449207802
6962 0.00010460100421098168
6972 6.133906307779394e-05
7156 0.0001475693727081854
7157 0.00014849761844045535
7178 3.714017269315804e-05
7321 3.8200641252257444e-05
7327 0.00011761535496899039
7344 8.96392359620217e-05
7369 9.372690041743856e-05
7392 5.274239335290522e-05
7406 6.698096388147314e-05
7408 8.691610145495967e-05
7443 0.00014576429866269
7482 2.5340342303404983e-05
7483 2.8590308184836374e-05
7491 0.0001147195668623605
7554 8.260974660633398e-05
7568 0.00020019542348213994
7710 0.00014488623116808087
7763 0.00017370426675739054
7784 7.082295263288685e-05
7866 5.91933076971794e-05
7877 8.853165584237468e-05
7884 0.00010982004923951138
7890 9.233159952796689e-06
7893 5.131853189681648e-05
7904 6.056183085252843e-05
7938 4.907474504580058e-05
7942 9.134928606937549e-05
7943 7.64676023536449e-05
7960 9.954283828468142e-05
7961 0.0001523982138465608
8009 2.7093186202753706e-05
8054 2.9805618738211806e-05
8058 8.853165584237468e-05
8069 5.287392225192349e-05
8109 8.285279662389543e-05
8110 0.00019756065060853997
8144 1.8182537399726556e-05
8186 9.252359415714085e-05
8204 5.1064059112276297e-05
8212 0.00019268344080366
8326 0.0002059351589452662
8349 4.919672615455441e-05
8351 0.0001376235146469122
8358 0.00017370426675739054
8412 0.00017370426675739054
8413 0.00017695423263882194
8474 8.408656954820681e-05
8479 0.00019041645403432799
8489 0.00013837905578907654
8513 4.3335009582674306e-05
8516 8.024367862190805e-05
8520 5.874554257904601e-05
8521 6.610917985376751e-05
8531 9.752607762356147e-05
8532 0.0001002340757964429
8550 0.00013542473142615584
8600 8.383730339089555e-05
8603 0.0001376235146469122
8633 5.949411993323993e-05
8638 6.491430390704548e-05
8639 3.69498153124238e-05
8642 9.164022082905678e-05
8678 4.409901177660094e-05
8693 8.484211069037113e-05
8694 8.88061998220748e-05
8751 0.00015554326811050196
8753 0.00010614816360120087
8761 0.00017370426675739054
8763 6.542281037332744e-05
8779 0.0001475693727081854
8780 0.00019041645403432799
8853 0.0002875104201589402
