289
12 0.0001523982138465608
13 0.0001664173719040451
130 0.00011862016226846598
131 0.00015139340654708521
148 0.00010614816360120087
158 1.722259642893919e-05
243 6.309390310328486e-05
310 8.408656954820681e-05
318 9.719791862251607e-05
375 8.334256383691721e-05
395 0.00018418695135817993
430 2.1595466130645556e-05
436 6.181142310095298e-05
463 2.104404381130732e-05
509 1.4811799641107606e-05
538 0.00020019542348213994
539 0.0001391464957049546
540 0.0002537323685808453
602 0.00013401212737453773
688 0.00017695423263882194
723 6.212889280683989e-05
726 6.4078409870285e-05
772 0.00011712061541501202
800 0.00011154523568104574
1111 9.886126874785542e-05
1126 4.895306850942043e-05
1130 8.665197383001834e-05
1208 0.00012571095453322076
1223 0.00014849761844045535
1234 2.8271279696782107e-05
1254 8.96392359620217e-05
1257 0.00016508218077975113
1371 0.00011519040557349246
1372 0.00014849761844045535
1440 0.00010815385522706535
1506 0.0001523982138465608
1507 0.00016378259903044513
1563 0.00018825025618924418
1636 0.00015663840245623315
1706 3.382257549850835e-05
1713 4.787143878550288e-05
1717 0.0001251273376474703
1798 0.00010498321344481378
1800 0.00011333374567896404
1922 7.334292682143156e-06
1929 4.2158123180710165e-05
1931 7.754816608258265e-05
1981 9.920086195142229e-05
2025 0.00012571095453322076
2026 8.535239208071232e-05
2040 4.7398314413738584e-05
2073 0.00010939812948263226
2118 6.715720793434914e-05
2148 8.383730339089555e-05
2149 8.408656954820681e-05
2157 0.00023397347506023475
2158 0.00023971321052336105
2371 8.858094887998e-06
2391 2.4157123570420575e-05
2402 8.825864993225359e-05
2439 5.502814824397996e-05
2445 0.00018825025618924418
2479 0.00013542473142615584
2559 7.604199766141655e-05
2563 2.4450245822639586e-05
2580 8.992010952057247e-05
2582 7.458098891001271e-05
2586 9.502842032885344e-06
2650 0.00019506105515172307
2776 9.222735356398462e-05
2790 0.00011425323385392718
2791 0.00015663840245623315
2828 0.00016128300357362823
2940 7.910237522724487e-05
2945 0.0001196461249524729
2947 0.00022883910672981793
2958 6.950834500520415e-05
2963 8.509658347491132e-05
3048 0.00018227567001855016
3050 5.1064059112276297e-05
3076 9.818910047034337e-05
3083 0.00019756065060853997
3142 0.00016378259903044513
3149 7.541048004377448e-05
3150 7.604199766141655e-05
3226 8.164949036359771e-05
3228 4.566391685271689e-05
3229 4.669713069773751e-05
3230 4.692973938522239e-05
3328 0.00016378259903044513
3409 8.458895984833521e-05
3413 8.001326955199571e-05
3414 9.852402568908913e-05
3465 5.7716484755306535e-05
3474 0.00011862016226846598
3507 9.134928606937549e-05
3545 6.071628875522179e-05
3596 8.285279662389543e-05
3657 4.716346370617082e-05
3719 2.489326185102742e-05
3731 5.3138049876864844e-05
3743 3.233112827567267e-05
3746 1.903006184883404e-05
3819 6.424444555902466e-05
3875 3.285232498188492e-05
3887 5.5861184383926875e-05
4018 9.342327683396404e-05
4022 0.00014944388948364012
4023 0.0001804365299615294
4046 9.312153328472917e-05
4220 4.3879500470736716e-05
4345 5.131853189681648e-05
4358 0.00026261715830791277
4381 4.3226837668107787e-05
4382 6.14960082295629e-05
4392 8.334256383691721e-05
4398 6.325661252824365e-05
4453 3.6854914742017664e-05
4495 3.207260550754382e-05
4533 5.685140711216779e-05
4541 0.0001376235146469122
4577 3.9085797470059324e-05
4676 1.811794967986411e-05
4699 3.676019862375966e-05
4723 9.106007793564448e-05
4751 0.00010856509334268535
4754 0.00013542473142615584
4755 0.0001376235146469122
4834 1.7286007534181456e-05
4839 3.088397517794058e-05
4842 0.00015554326811050196
4911 6.341986704442123e-05
4913 6.457822376461287e-05
4914 6.542281037332744e-05
4992 0.00017695423263882194
4993 0.0002875104201589402
5024 6.025437603138515e-05
5031 6.913916575845257e-05
5033 0.0001347133110905388
5034 0.00019506105515172307
5055 0.00013065000625947455
5056 0.00013614669170503938
5068 0.00017370426675739054
5069 0.0002199543170027505
5161 5.502814824397996e-05
5162 5.6001418804450566e-05
5222 2.3001954162320978e-05
5253 0.0002462203859023654
5272 0.00030726931367955075
5369 7.562007790453742e-05
5371 0.0001300045474523503
5385 0.00011519040557349246
5395 3.215862746722012e-05
5408 0.00010774605847492284
5427 3.490353872923123e-05
5437 0.00013065000625947455
5439 8.024367862190805e-05
5469 1.1433598200043818e-05
5484 0.00012936752625714268
5539 0.0001391464957049546
5541 0.00026261715830791277
5542 0.0002199543170027505
5550 4.944160821510571e-05
5622 6.733409171295719e-05
5630 0.00022883910672981793
5674 0.00010236864012694453
5687 2.724862948448243e-05
5702 3.9886331735258645e-05
5797 5.544288630052885e-05
5831 0.00013401212737453773
5832 0.00013542473142615584
5868 7.256700694753944e-05
5872 0.00013130412920165632
5894 1.5848029138067838e-05
5896 1.6219082409210568e-05
5925 0.00010734164596720007
5927 0.0001475693727081854
5928 0.0001504088997800851
5934 5.434466680855229e-05
5938 5.91933076971794e-05
5984 3.088397517794058e-05
5985 7.52017798211394e-05
5987 7.798719092134497e-05
6000 3.4631041686461846e-05
6022 2.0770655001689466e-05
6023 0.00016251677649793962
6033 0.00011519040557349246
6159 7.101368253390731e-05
6160 7.955569410086921e-05
6227 0.00010536844412685977
6242 3.105201474962982e-05
6264 4.7398314413738584e-05
6334 0.00014944388948364012
6338 0.00016920278300425065
6339 0.00019756065060853997
6340 0.00019756065060853997
6386 0.00013837905578907654
6399 8.212725328354177e-05
6467 4.669713069773751e-05
6468 4.669713069773751e-05
6470 0.0001263016457352357
6490 2.724862948448243e-05
6491 7.604199766141655e-05
6506 8.88061998220748e-05
6507 6.212889280683989e-05
6568 3.9584588186023764e-05
6569 4.981125419104163e-05
6586 5.24803957997587e-05
6588 6.576478670658657e-05
6618 0.00019506105515172307
6619 5.7716484755306535e-05
6623 0.00010460100421098168
6624 0.00011663084820199027
6625 0.00011811516886331826
6687 6.196989942762013e-05
6706 7.910237522724487e-05
6712 6.025437603138515e-05
6748 0.00012016732165868515
6757 0.0001287387249198448
6760 1.9892587507080337e-05
6789 4.7516165565500014e-05
6796 8.260974660633398e-05
7080 0.0001263016457352357
7165 6.628229345501092e-05
7167 0.00011243128604527755
7171 0.00012341728754011654
7173 0.00017215710736717137
7301 0.00011024565393173974
7302 0.00011811516886331826
7321 3.8200641252257444e-05
7324 0.0002537323685808453
7327 0.00011761535496899039
7335 0.000126899584862824
7346 8.070779096331723e-05
7392 5.274239335290522e-05
7414 0.00010460100421098168
7449 0.00021605372159664503
7469 7.887728740211037e-05
7482 2.5340342303404983e-05
7483 2.8590308184836374e-05
7503 3.173002815645075e-05
7507 0.00017370426675739054
7599 0.0002462203859023654
7614 0.00014665847838343454
7710 0.00014488623116808087
7711 0.0002734912621014559
7808 4.7398314413738584e-05
7818 2.996997446737178e-05
7836 6.424444555902466e-05
7858 4.509923582401553e-05
7863 7.64676023536449e-05
7886 7.910237522724487e-05
7890 9.233159952796689e-06
7904 6.056183085252843e-05
7938 4.907474504580058e-05
7943 7.64676023536449e-05
7958 9.496067334174995e-05
7971 0.00019506105515172307
7977 0.00014849761844045535
8009 2.7093186202753706e-05
8031 5.5721352358276173e-05
8032 6.056183085252843e-05
8042 6.663037655997976e-05
8069 5.287392225192349e-05
8144 1.8182537399726556e-05
8203 0.0002059351589452662
8287 0.0002875104201589402
8321 0.00019268344080366
8349 4.919672615455441e-05
8350 0.00018825025618924418
8378 0.00020019542348213994
8442 8.001326955199571e-05
8513 4.3335009582674306e-05
8522 0.0001523982138465608
8523 0.00016007969731333051
8530 0.0001147195668623605
8531 9.752607762356147e-05
8532 0.0001002340757964429
8559 0.00011379132113009053
8639 3.69498153124238e-05
8722 7.217400943451535e-05
8746 0.00011811516886331826
8799 0.00012069415303305452
8813 4.431951634967444e-05
8818 7.139739654402146e-05
8819 7.139739654402146e-05
8823 0.0001475693727081854
8829 0.00011663084820199027
8866 3.8493910507496085e-05
