189
44 0.00010575674440844711
52 9.785646144837983e-05
68 3.241760820520544e-05
74 0.00013614669170503938
148 0.00010614816360120087
158 1.722259642893919e-05
218 0.0002734912621014559
243 6.309390310328486e-05
310 8.408656954820681e-05
328 5.502814824397996e-05
394 0.00018227567001855016
430 2.1595466130645556e-05
509 1.4811799641107606e-05
722 0.00011663084820199027
723 6.212889280683989e-05
726 6.4078409870285e-05
765 7.499396958083494e-05
768 0.00022883910672981793
837 0.0001128804268053397
838 0.00011614595437539213
1011 8.56095506062492e-05
1035 0.00015663840245623315
1048 0.00014849761844045535
1111 9.886126874785542e-05
1173 9.077257605451787e-05
1234 2.8271279696782107e-05
1254 8.96392359620217e-05
1306 4.5550455969092306e-05
1310 8.285279662389543e-05
1331 0.00020019542348213994
1391 6.491430390704548e-05
1394 0.00014488623116808087
1412 6.804811807694473e-05
1649 8.744869066327002e-05
1671 7.64676023536449e-05
1798 0.00010498321344481378
1800 0.00011333374567896404
1828 0.00016128300357362823
1888 6.071628875522179e-05
1922 7.334292682143156e-06
1981 9.920086195142229e-05
2020 0.00013065000625947455
2025 0.00012571095453322076
2029 0.00012122674224136485
2030 0.0001228603508781383
2123 0.00011243128604527755
2371 8.858094887998e-06
2373 4.532432364915004e-05
2391 2.4157123570420575e-05
2417 8.63892700805903e-05
2439 5.502814824397996e-05
2455 0.00010128967145643295
2462 0.00011712061541501202
2582 7.458098891001271e-05
2586 9.502842032885344e-06
2776 9.222735356398462e-05
2825 0.00011614595437539213
2955 4.7516165565500014e-05
2982 7.197869283035229e-05
3031 8.691610145495967e-05
3033 0.0001415241100530177
3034 0.00016128300357362823
3409 8.458895984833521e-05
3657 4.716346370617082e-05
3719 2.489326185102742e-05
3743 3.233112827567267e-05
3901 0.00010384546306881737
3932 4.895306850942043e-05
3951 9.920086195142229e-05
3952 0.0001804365299615294
3953 0.00021244233432427055
4108 9.654815662959692e-05
4189 4.981125419104163e-05
4381 4.3226837668107787e-05
4382 6.14960082295629e-05
4453 3.6854914742017664e-05
4495 3.207260550754382e-05
4513 9.19329029551259e-05
4519 0.00010128967145643295
4563 4.728074758348793e-05
4659 6.610917985376751e-05
4676 1.811794967986411e-05
4834 1.7286007534181456e-05
4911 6.341986704442123e-05
4913 6.457822376461287e-05
4914 6.542281037332744e-05
4926 0.00010236864012694453
4927 0.00010236864012694453
5024 6.025437603138515e-05
5031 6.913916575845257e-05
5360 0.00014488623116808087
5361 0.00015447220461114937
5364 0.0001804365299615294
5365 0.00020019542348213994
5427 3.490353872923123e-05
5439 8.024367862190805e-05
5440 8.586807337437805e-05
5469 1.1433598200043818e-05
5618 0.00014071861357331354
5702 3.9886331735258645e-05
5797 5.544288630052885e-05
5858 6.663037655997976e-05
5862 6.610917985376751e-05
5894 1.5848029138067838e-05
5896 1.6219082409210568e-05
5909 6.663037655997976e-05
5984 3.088397517794058e-05
6000 3.4631041686461846e-05
6022 2.0770655001689466e-05
6064 0.00010498321344481378
6084 7.843020694973282e-05
6087 0.00010236864012694453
6159 7.101368253390731e-05
6160 7.955569410086921e-05
6197 5.5304247721948624e-05
6254 8.141235399539764e-05
6256 0.00019041645403432799
6257 0.00021605372159664503
6365 0.00020298083458234552
6467 4.669713069773751e-05
6468 4.669713069773751e-05
6490 2.724862948448243e-05
6493 0.0001251273376474703
6505 0.00013196715204843822
6516 9.818910047034337e-05
6586 5.24803957997587e-05
6588 6.576478670658657e-05
6593 7.754816608258265e-05
6594 0.00016251677649793962
6614 8.484211069037113e-05
6615 0.00020298083458234552
6661 5.889434094657216e-05
6675 5.7716484755306535e-05
6687 6.196989942762013e-05
6712 6.025437603138515e-05
6760 1.9892587507080337e-05
6789 4.7516165565500014e-05
6796 8.260974660633398e-05
6833 2.7093186202753706e-05
6980 0.00011379132113009053
6982 0.0001147195668623605
6983 0.00013263932032595027
7139 6.196989942762013e-05
7178 3.714017269315804e-05
7181 0.0001263016457352357
7236 0.00010536844412685977
7237 0.00010536844412685977
7392 5.274239335290522e-05
7399 0.00026261715830791277
7406 6.698096388147314e-05
7407 0.0001786642827461757
7469 7.887728740211037e-05
7482 2.5340342303404983e-05
7483 2.8590308184836374e-05
7488 0.00018418695135817993
7560 0.00014849761844045535
7577 8.853165584237468e-05
7578 8.88061998220748e-05
7602 9.654815662959692e-05
7792 0.000101646679848061
7808 4.7398314413738584e-05
7818 2.996997446737178e-05
7836 6.424444555902466e-05
7841 0.0001300045474523503
7890 9.233159952796689e-06
7904 6.056183085252843e-05
7922 0.00010774605847492284
7958 9.496067334174995e-05
8009 2.7093186202753706e-05
8010 3.97855428110104e-05
8031 5.5721352358276173e-05
8032 6.056183085252843e-05
8054 2.9805618738211806e-05
8061 7.865323446718271e-05
8137 8.63892700805903e-05
8144 1.8182537399726556e-05
8234 4.8109734749355606e-05
8267 0.00030726931367955075
8349 4.919672615455441e-05
8442 8.001326955199571e-05
8503 7.256700694753944e-05
8550 0.00013542473142615584
8552 0.0002462203859023654
8633 5.949411993323993e-05
8638 6.491430390704548e-05
8678 4.409901177660094e-05
8890 0.00010058340652177312
8891 0.00010058340652177312
8892 0.00010384546306881737
