109
82 8.334256383691721e-05
145 5.786216925096193e-05
146 0.000101646679848061
160 3.6009024944890365e-05
216 0.00013837905578907654
217 0.0001399262151792957
375 8.334256383691721e-05
401 0.00010939812948263226
404 0.00011913044365880717
405 0.00011913044365880717
423 8.63892700805903e-05
430 2.1595466130645556e-05
463 2.104404381130732e-05
509 1.4811799641107606e-05
605 0.0001677901789526326
765 7.499396958083494e-05
872 6.593667904531496e-05
1461 0.00014488623116808087
1469 6.358367031630664e-05
1624 0.00017215710736717137
1626 0.00019506105515172307
1706 3.382257549850835e-05
1713 4.787143878550288e-05
1888 6.071628875522179e-05
1922 7.334292682143156e-06
1985 9.496067334174995e-05
2042 8.383730339089555e-05
2384 3.364472337590274e-05
2389 8.070779096331723e-05
2390 0.00014576429866269
2421 0.00015447220461114937
2476 0.00023971321052336105
2550 5.3403616896513294e-05
2571 6.593667904531496e-05
2590 8.771718405598661e-05
2685 7.754816608258265e-05
2955 4.7516165565500014e-05
3067 0.00010093525951244397
3212 7.356359438910525e-05
3343 0.00011614595437539213
3519 8.586807337437805e-05
3545 6.071628875522179e-05
3746 1.903006184883404e-05
4002 0.0001263016457352357
4003 0.0001300045474523503
4116 0.0002199543170027505
4220 4.3879500470736716e-05
4283 0.0002059351589452662
4314 3.1644758795232604e-05
4381 4.3226837668107787e-05
4382 6.14960082295629e-05
4676 1.811794967986411e-05
4818 9.048676041112919e-05
4834 1.7286007534181456e-05
4878 6.969398876306011e-05
4885 0.0001027336712532598
5024 6.025437603138515e-05
5031 6.913916575845257e-05
5080 0.00010575674440844711
5379 2.541525611908456e-05
5380 3.8298201700263376e-05
5408 0.00010774605847492284
5469 1.1433598200043818e-05
5687 2.724862948448243e-05
5699 8.260974660633398e-05
5700 0.00010575674440844711
5701 0.00010575674440844711
5810 5.261121850249547e-05
5894 1.5848029138067838e-05
5896 1.6219082409210568e-05
6140 0.00020908021320920737
6218 9.464928935894339e-05
6377 0.00010694056199521868
6387 9.558947467904783e-05
6762 7.139739654402146e-05
6763 7.27647006365303e-05
6823 0.00012176521653240713
6833 2.7093186202753706e-05
6905 2.9805618738211806e-05
6919 7.3968006896828e-05
6920 9.403242760948e-05
7178 3.714017269315804e-05
7482 2.5340342303404983e-05
7483 2.8590308184836374e-05
7503 3.173002815645075e-05
7523 8.935997200289977e-05
7608 0.00015554326811050196
7784 7.082295263288685e-05
7818 2.996997446737178e-05
7890 9.233159952796689e-06
7893 5.131853189681648e-05
7894 6.374802604546662e-05
7902 7.376538112671329e-05
7903 8.141235399539764e-05
8128 0.00013332088986277624
8144 1.8182537399726556e-05
8162 0.00013332088986277624
8170 0.00011425323385392718
8186 9.252359415714085e-05
8349 4.919672615455441e-05
8447 4.100899018649567e-05
8571 9.496067334174995e-05
8621 0.000101646679848061
8695 4.476354154013861e-05
8696 4.787143878550288e-05
8756 9.372690041743856e-05
8757 9.818910047034337e-05
8871 7.025520142447097e-05
8872 0.00010422176939821458
