377
2 0.00014944388948364012
17 0.00012016732165868515
20 0.0002462203859023654
45 0.00015663840245623315
53 0.00010200632301179658
56 0.0001027336712532598
82 8.334256383691721e-05
92 0.00010774605847492284
93 0.00010982004923951138
138 5.5304247721948624e-05
141 0.00012571095453322076
145 5.786216925096193e-05
146 0.000101646679848061
153 0.00016007969731333051
158 1.722259642893919e-05
160 3.6009024944890365e-05
161 8.88061998220748e-05
163 4.4209139343250144e-05
216 0.00013837905578907654
217 0.0001399262151792957
223 0.0002537323685808453
224 0.00026261715830791277
246 0.0001002340757964429
276 4.8109734749355606e-05
277 5.502814824397996e-05
295 6.969398876306011e-05
330 6.358367031630664e-05
334 9.252359415714085e-05
375 8.334256383691721e-05
378 7.955569410086921e-05
430 2.1595466130645556e-05
458 0.00011198624708459517
461 0.00015890538922556517
463 2.104404381130732e-05
473 4.858985121920245e-05
487 0.0001786642827461757
496 0.00015447220461114937
497 0.0002462203859023654
509 1.4811799641107606e-05
521 6.165346047478709e-05
522 0.00011110817958998604
549 6.786862826996617e-05
565 0.0002537323685808453
668 8.63892700805903e-05
689 0.00020019542348213994
706 6.525271795805037e-05
707 9.496067334174995e-05
708 9.654815662959692e-05
723 6.212889280683989e-05
726 6.4078409870285e-05
785 9.134928606937549e-05
855 9.464928935894339e-05
872 6.593667904531496e-05
878 0.0001440237055098346
891 5.757123449128065e-05
1030 0.0002537323685808453
1035 0.00015663840245623315
1096 6.950834500520415e-05
1107 0.00021244233432427055
1140 3.8493910507496085e-05
1164 8.408656954820681e-05
1165 8.433711728522342e-05
1350 6.374802604546662e-05
1391 6.491430390704548e-05
1469 6.358367031630664e-05
1569 9.920086195142229e-05
1578 0.00010856509334268535
1666 0.0001804365299615294
1695 0.00014576429866269
1706 3.382257549850835e-05
1713 4.787143878550288e-05
1764 0.00015890538922556517
1804 0.00019268344080366
1846 0.00021605372159664503
1888 6.071628875522179e-05
1922 7.334292682143156e-06
2004 7.217400943451535e-05
2017 0.00023397347506023475
2040 4.7398314413738584e-05
2044 0.00010536844412685977
2076 7.66818067754729e-05
2081 0.00019756065060853997
2144 0.0001263016457352357
2146 0.0001347133110905388
2148 8.383730339089555e-05
2149 8.408656954820681e-05
2287 0.00014576429866269
2331 0.00019041645403432799
2371 8.858094887998e-06
2373 4.532432364915004e-05
2374 8.586807337437805e-05
2384 3.364472337590274e-05
2391 2.4157123570420575e-05
2434 0.00010536844412685977
2466 0.00010939812948263226
2493 2.5565430128539482e-05
2550 5.3403616896513294e-05
2563 2.4450245822639586e-05
2564 4.692973938522239e-05
2571 6.593667904531496e-05
2586 9.502842032885344e-06
2607 3.3290954653437934e-05
2618 4.846937791309118e-05
2620 0.00010347204034115494
2660 0.00015775871449691997
2667 8.358930576913648e-05
2685 7.754816608258265e-05
2725 0.00010536844412685977
2744 7.52017798211394e-05
2773 0.00011067500849334801
2780 9.342327683396404e-05
2781 9.68719546813797e-05
2832 0.0001196461249524729
2843 7.33626397641186e-05
2850 9.252359415714085e-05
2862 0.00012230970742046953
2894 0.00013130412920165632
2936 0.0002537323685808453
2939 0.00013065000625947455
2976 5.461691012835996e-05
2991 0.00022883910672981793
3067 0.00010093525951244397
3113 6.165346047478709e-05
3212 7.356359438910525e-05
3226 8.164949036359771e-05
3228 4.566391685271689e-05
3229 4.669713069773751e-05
3230 4.692973938522239e-05
3307 8.408656954820681e-05
3501 0.00016508218077975113
3502 0.00017695423263882194
3545 6.071628875522179e-05
3558 0.00016007969731333051
3560 0.00015447220461114937
3572 5.234992335902794e-05
3576 5.3536945098705395e-05
3596 8.285279662389543e-05
3601 0.00015139340654708521
3602 0.00018227567001855016
3605 5.380470086849468e-05
3719 2.489326185102742e-05
3727 6.424444555902466e-05
3731 5.3138049876864844e-05
3732 0.00010654275221462514
3733 0.0001128804268053397
3743 3.233112827567267e-05
3746 1.903006184883404e-05
3766 5.131853189681648e-05
3788 0.0001300045474523503
3789 0.00016508218077975113
3819 6.424444555902466e-05
3832 3.3290954653437934e-05
3835 0.00011811516886331826
3872 9.164022082905678e-05
3875 3.285232498188492e-05
3887 5.5861184383926875e-05
3897 0.00017370426675739054
3898 0.0001753021616311125
3929 0.00015663840245623315
3932 4.895306850942043e-05
3940 0.00019041645403432799
3969 6.0101372993599195e-05
3970 6.663037655997976e-05
3974 0.00010128967145643295
3996 7.417147870601431e-05
3997 0.0001347133110905388
4015 8.798716495431228e-05
4016 0.00017370426675739054
4046 9.312153328472917e-05
4047 0.00016508218077975113
4055 0.00019041645403432799
4116 0.0002199543170027505
4117 0.0002734912621014559
4189 4.981125419104163e-05
4195 0.00016251677649793962
4220 4.3879500470736716e-05
4283 0.0002059351589452662
4295 0.00012176521653240713
4308 7.955569410086921e-05
4314 3.1644758795232604e-05
4329 3.676019862375966e-05
4332 8.117636599183342e-05
4398 6.325661252824365e-05
4402 6.950834500520415e-05
4435 0.00010856509334268535
4436 0.0001128804268053397
4451 0.00010200632301179658
4452 0.0001664173719040451
4453 3.6854914742017664e-05
4467 5.5861184383926875e-05
4484 0.00012176521653240713
4485 7.159039254876493e-05
4495 3.207260550754382e-05
4502 6.424444555902466e-05
4509 0.0001281179340087181
4567 6.341986704442123e-05
4577 3.9085797470059324e-05
4759 5.0810908270240366e-05
4834 1.7286007534181456e-05
4839 3.088397517794058e-05
4846 4.681329625334851e-05
4911 6.341986704442123e-05
4919 0.00026261715830791277
4920 0.0002734912621014559
4923 8.188778632745044e-05
4933 2.564069103539461e-05
4942 6.804811807694473e-05
4943 0.0001677901789526326
4972 4.681329625334851e-05
5024 6.025437603138515e-05
5031 6.913916575845257e-05
5154 0.00016508218077975113
5155 0.0001664173719040451
5156 0.00023397347506023475
5171 7.52017798211394e-05
5177 6.196989942762013e-05
5194 0.00011712061541501202
5197 0.0001391464957049546
5222 2.3001954162320978e-05
5228 4.931901336427842e-05
5254 5.9796800580258657e-05
5290 0.00013614669170503938
5303 0.00015663840245623315
5369 7.562007790453742e-05
5370 0.00011154523568104574
5379 2.541525611908456e-05
5380 3.8298201700263376e-05
5385 0.00011519040557349246
5395 3.215862746722012e-05
5434 7.159039254876493e-05
5443 0.00011712061541501202
5447 0.00016251677649793962
5455 8.908229930004346e-05
5457 0.0001423431449207802
5466 0.00015447220461114937
5469 1.1433598200043818e-05
5473 0.0001251273376474703
5509 8.935997200289977e-05
5528 0.0002875104201589402
5558 9.68719546813797e-05
5561 0.00016007969731333051
5574 0.00013401212737453773
5622 6.733409171295719e-05
5624 0.0001415241100530177
5633 0.0002537323685808453
5687 2.724862948448243e-05
5691 8.383730339089555e-05
5699 8.260974660633398e-05
5700 0.00010575674440844711
5701 0.00010575674440844711
5702 3.9886331735258645e-05
5716 0.00015775871449691997
5810 5.261121850249547e-05
5836 0.0001786642827461757
5894 1.5848029138067838e-05
5896 1.6219082409210568e-05
6022 2.0770655001689466e-05
6059 0.00014849761844045535
6094 0.00011761535496899039
6159 7.101368253390731e-05
6160 7.955569410086921e-05
6242 3.105201474962982e-05
6309 0.0001147195668623605
6356 6.733409171295719e-05
6370 0.00030726931367955075
6377 0.00010694056199521868
6387 9.558947467904783e-05
6408 4.3989132524856074e-05
6409 0.00010575674440844711
6458 0.00015554326811050196
6467 4.669713069773751e-05
6468 4.669713069773751e-05
6507 6.212889280683989e-05
6517 0.0001391464957049546
6534 0.00018418695135817993
6536 7.499396958083494e-05
6568 3.9584588186023764e-05
6569 4.981125419104163e-05
6586 5.24803957997587e-05
6589 5.9343481706634316e-05
6593 7.754816608258265e-05
6686 0.00011333374567896404
6687 6.196989942762013e-05
6689 7.376538112671329e-05
6702 0.0001440237055098346
6760 1.9892587507080337e-05
6762 7.139739654402146e-05
6763 7.27647006365303e-05
6784 9.68719546813797e-05
6785 0.0001228603508781383
6823 0.00012176521653240713
6943 0.00017065756051371745
6960 3.259102983841739e-05
6967 0.00010536844412685977
6975 0.0001440237055098346
7036 0.00016251677649793962
7067 3.508605365233e-05
7073 5.516600244482883e-05
7139 6.196989942762013e-05
7142 0.00015139340654708521
7143 0.0001523982138465608
7165 6.628229345501092e-05
7173 0.00017215710736717137
7178 3.714017269315804e-05
7197 0.00011198624708459517
7198 0.00022883910672981793
7211 0.00010498321344481378
7321 3.8200641252257444e-05
7373 7.27647006365303e-05
7376 0.00013263932032595027
7414 0.00010460100421098168
7482 2.5340342303404983e-05
7483 2.8590308184836374e-05
7554 8.260974660633398e-05
7627 7.887728740211037e-05
7632 0.00016251677649793962
7664 0.0001196461249524729
7665 0.00010422176939821458
7669 0.0002875104201589402
7671 9.134928606937549e-05
7677 6.988034244141115e-05
7678 8.260974660633398e-05
7679 8.260974660633398e-05
7694 6.804811807694473e-05
7724 9.920086195142229e-05
7784 7.082295263288685e-05
7808 4.7398314413738584e-05
7815 0.00016508218077975113
7818 2.996997446737178e-05
7820 0.00013614669170503938
7866 5.91933076971794e-05
7884 0.00010982004923951138
7890 9.233159952796689e-06
7894 6.374802604546662e-05
7902 7.376538112671329e-05
7903 8.141235399539764e-05
7938 4.907474504580058e-05
7943 7.64676023536449e-05
7960 9.954283828468142e-05
7981 6.950834500520415e-05
7987 7.843020694973282e-05
8009 2.7093186202753706e-05
8010 3.97855428110104e-05
8031 5.5721352358276173e-05
8032 6.056183085252843e-05
8042 6.663037655997976e-05
8047 9.312153328472917e-05
8054 2.9805618738211806e-05
8109 8.285279662389543e-05
8122 0.00014576429866269
8144 1.8182537399726556e-05
8156 0.0002199543170027505
8162 0.00013332088986277624
8174 0.00016508218077975113
8204 5.1064059112276297e-05
8234 4.8109734749355606e-05
8349 4.919672615455441e-05
8416 0.00021605372159664503
8444 5.815485137703107e-05
8457 0.00016378259903044513
8474 8.408656954820681e-05
8511 0.0002462203859023654
8513 4.3335009582674306e-05
8520 5.874554257904601e-05
8521 6.610917985376751e-05
8571 9.496067334174995e-05
8621 0.000101646679848061
8639 3.69498153124238e-05
8659 0.00012936752625714268
8661 7.843020694973282e-05
8663 8.001326955199571e-05
8676 0.0001423431449207802
8813 4.431951634967444e-05
8866 3.8493910507496085e-05
8871 7.025520142447097e-05
8872 0.00010422176939821458
8897 0.00015342417653056774
