257
17 0.00012016732165868515
46 0.00016920278300425065
68 3.241760820520544e-05
74 0.00013614669170503938
91 0.00015663840245623315
94 0.00016128300357362823
97 8.612797493712278e-05
119 0.00022883910672981793
138 5.5304247721948624e-05
148 0.00010614816360120087
158 1.722259642893919e-05
161 8.88061998220748e-05
225 4.311890533715833e-05
226 0.00011712061541501202
243 6.309390310328486e-05
244 0.00022883910672981793
246 0.0001002340757964429
268 0.00015342417653056774
295 6.969398876306011e-05
300 0.00023971321052336105
339 0.0001523982138465608
423 8.63892700805903e-05
430 2.1595466130645556e-05
473 4.858985121920245e-05
480 6.877276232176413e-05
483 0.0001523982138465608
491 0.00022419450561242282
498 0.00016007969731333051
535 8.236790279729728e-05
536 0.00017065756051371745
632 6.4078409870285e-05
728 0.00017370426675739054
855 9.464928935894339e-05
861 7.316251041712385e-05
997 0.0002537323685808453
1000 0.00030726931367955075
1194 0.0001027336712532598
1306 4.5550455969092306e-05
1310 8.285279662389543e-05
1364 0.00016378259903044513
1374 9.920086195142229e-05
1391 6.491430390704548e-05
1412 6.804811807694473e-05
1483 0.00019506105515172307
1508 0.00011198624708459517
1511 9.312153328472917e-05
1512 0.0001275049519955334
1650 0.00016920278300425065
1729 0.00010200632301179658
1733 0.00011243128604527755
1881 8.408656954820681e-05
1882 9.496067334174995e-05
1922 7.334292682143156e-06
2032 0.00011024565393173974
2033 0.00026261715830791277
2040 4.7398314413738584e-05
2054 0.00015447220461114937
2083 0.00010422176939821458
2085 0.0001147195668623605
2092 0.0001423431449207802
2118 6.715720793434914e-05
2123 0.00011243128604527755
2162 0.0001263016457352357
2238 0.00011913044365880717
2239 0.0001251273376474703
2256 0.00015554326811050196
2284 0.00015447220461114937
2287 0.00014576429866269
2357 0.0002875104201589402
2371 8.858094887998e-06
2451 0.00014576429866269
2458 0.00017065756051371745
2563 2.4450245822639586e-05
2582 7.458098891001271e-05
2586 9.502842032885344e-06
2590 8.771718405598661e-05
2606 0.00013196715204843822
2618 4.846937791309118e-05
2620 0.00010347204034115494
2635 0.00015554326811050196
2636 0.00016508218077975113
2675 0.00010694056199521868
2685 7.754816608258265e-05
2692 0.0001804365299615294
2744 7.52017798211394e-05
2829 0.00023971321052336105
2843 7.33626397641186e-05
2850 9.252359415714085e-05
2958 6.950834500520415e-05
2963 8.509658347491132e-05
3042 0.0001287387249198448
3050 5.1064059112276297e-05
3051 7.910237522724487e-05
3147 0.00012936752625714268
3149 7.541048004377448e-05
3150 7.604199766141655e-05
3185 0.00010939812948263226
3228 4.566391685271689e-05
3229 4.669713069773751e-05
3230 4.692973938522239e-05
3333 0.00016007969731333051
3576 5.3536945098705395e-05
3586 6.228840662358072e-05
3681 0.0001287387249198448
3719 2.489326185102742e-05
3727 6.424444555902466e-05
3743 3.233112827567267e-05
3755 0.00023397347506023475
3814 0.00014576429866269
3832 3.3290954653437934e-05
3887 5.5861184383926875e-05
3902 0.00012122674224136485
3903 0.00018227567001855016
3969 6.0101372993599195e-05
3970 6.663037655997976e-05
3974 0.00010128967145643295
4005 9.222735356398462e-05
4007 0.00020298083458234552
4008 0.00026261715830791277
4224 8.236790279729728e-05
4225 0.00010897983139923425
4236 0.00023397347506023475
4247 4.846937791309118e-05
4281 0.00014576429866269
4296 9.527405980765772e-05
4329 3.676019862375966e-05
4381 4.3226837668107787e-05
4432 6.4078409870285e-05
4434 0.00013065000625947455
4460 0.00011862016226846598
4481 9.282164663063054e-05
4495 3.207260550754382e-05
4533 5.685140711216779e-05
4558 0.0002199543170027505
4577 3.9085797470059324e-05
4658 8.334256383691721e-05
4676 1.811794967986411e-05
4699 3.676019862375966e-05
4712 8.484211069037113e-05
4718 0.0001147195668623605
4818 9.048676041112919e-05
4829 8.383730339089555e-05
4834 1.7286007534181456e-05
4911 6.341986704442123e-05
4913 6.457822376461287e-05
4914 6.542281037332744e-05
4933 2.564069103539461e-05
4942 6.804811807694473e-05
4972 4.681329625334851e-05
5051 0.0001281179340087181
5161 5.502814824397996e-05
5162 5.6001418804450566e-05
5166 0.0001347133110905388
5170 0.0001128804268053397
5264 0.00011425323385392718
5303 0.00015663840245623315
5329 0.00014849761844045535
5348 0.0001664173719040451
5379 2.541525611908456e-05
5380 3.8298201700263376e-05
5395 3.215862746722012e-05
5427 3.490353872923123e-05
5434 7.159039254876493e-05
5469 1.1433598200043818e-05
5550 4.944160821510571e-05
5676 9.312153328472917e-05
5858 6.663037655997976e-05
5894 1.5848029138067838e-05
5896 1.6219082409210568e-05
5934 5.434466680855229e-05
5938 5.91933076971794e-05
5984 3.088397517794058e-05
6000 3.4631041686461846e-05
6005 0.00010897983139923425
6022 2.0770655001689466e-05
6092 0.00014576429866269
6134 0.00013332088986277624
6211 7.356359438910525e-05
6212 0.0001391464957049546
6327 0.00010384546306881737
6348 9.590694438493474e-05
6349 0.0001523982138465608
6399 8.212725328354177e-05
6467 4.669713069773751e-05
6468 4.669713069773751e-05
6490 2.724862948448243e-05
6506 8.88061998220748e-05
6560 0.0001504088997800851
6578 6.025437603138515e-05
6589 5.9343481706634316e-05
6619 5.7716484755306535e-05
6623 0.00010460100421098168
6624 0.00011663084820199027
6625 0.00011811516886331826
6627 0.0002734912621014559
6661 5.889434094657216e-05
6686 0.00011333374567896404
6725 8.458895984833521e-05
6726 0.00023971321052336105
6727 8.612797493712278e-05
6728 9.527405980765772e-05
6748 0.00012016732165868515
6760 1.9892587507080337e-05
6833 2.7093186202753706e-05
6905 2.9805618738211806e-05
6919 7.3968006896828e-05
6922 0.00020298083458234552
6999 6.309390310328486e-05
7067 3.508605365233e-05
7073 5.516600244482883e-05
7091 9.464928935894339e-05
7100 0.00015342417653056774
7156 0.0001475693727081854
7157 0.00014849761844045535
7165 6.628229345501092e-05
7173 0.00017215710736717137
7301 0.00011024565393173974
7302 0.00011811516886331826
7321 3.8200641252257444e-05
7369 9.372690041743856e-05
7406 6.698096388147314e-05
7450 0.00012936752625714268
7451 0.0001300045474523503
7627 7.887728740211037e-05
7634 0.0001391464957049546
7660 0.00011913044365880717
7702 0.0001677901789526326
7703 0.00017065756051371745
7724 9.920086195142229e-05
7818 2.996997446737178e-05
7886 7.910237522724487e-05
7890 9.233159952796689e-06
7891 6.932340577943291e-05
7892 0.0001002340757964429
7938 4.907474504580058e-05
7943 7.64676023536449e-05
7981 6.950834500520415e-05
7987 7.843020694973282e-05
8016 3.6571316885345003e-05
8042 6.663037655997976e-05
8054 2.9805618738211806e-05
8101 0.0001523982138465608
8168 0.0001664173719040451
8213 0.0001376235146469122
8216 0.00026261715830791277
8447 4.100899018649567e-05
8487 0.00012571095453322076
8503 7.256700694753944e-05
8504 0.00019756065060853997
8513 4.3335009582674306e-05
8516 8.024367862190805e-05
8519 0.00014488623116808087
8520 5.874554257904601e-05
8521 6.610917985376751e-05
8582 0.00010774605847492284
8700 0.00016508218077975113
8701 0.00019268344080366
