237
2 0.00014944388948364012
20 0.0002462203859023654
82 8.334256383691721e-05
96 0.00016128300357362823
145 5.786216925096193e-05
158 1.722259642893919e-05
160 3.6009024944890365e-05
225 4.311890533715833e-05
276 4.8109734749355606e-05
277 5.502814824397996e-05
290 5.516600244482883e-05
338 0.0001391464957049546
370 0.0001347133110905388
430 2.1595466130645556e-05
463 2.104404381130732e-05
473 4.858985121920245e-05
521 6.165346047478709e-05
522 0.00011110817958998604
549 6.786862826996617e-05
559 0.00015554326811050196
575 8.825864993225359e-05
728 0.00017370426675739054
785 9.134928606937549e-05
847 0.00016508218077975113
858 0.00010815385522706535
872 6.593667904531496e-05
891 5.757123449128065e-05
905 0.00026261715830791277
1102 8.285279662389543e-05
1103 9.527405980765772e-05
1140 3.8493910507496085e-05
1164 8.408656954820681e-05
1165 8.433711728522342e-05
1216 4.5550455969092306e-05
1217 9.818910047034337e-05
1364 0.00016378259903044513
1391 6.491430390704548e-05
1418 6.424444555902466e-05
1469 6.358367031630664e-05
1578 0.00010856509334268535
1594 0.000126899584862824
1660 0.00021244233432427055
1844 0.00018617626542465564
1922 7.334292682143156e-06
1999 0.0002875104201589402
2076 7.66818067754729e-05
2167 8.744869066327002e-05
2178 0.0001523982138465608
2371 8.858094887998e-06
2455 0.00010128967145643295
2458 0.00017065756051371745
2526 8.070779096331723e-05
2563 2.4450245822639586e-05
2564 4.692973938522239e-05
2571 6.593667904531496e-05
2586 9.502842032885344e-06
2589 0.0001228603508781383
2607 3.3290954653437934e-05
2612 8.001326955199571e-05
2685 7.754816608258265e-05
2725 0.00010536844412685977
2790 0.00011425323385392718
2843 7.33626397641186e-05
2850 9.252359415714085e-05
2936 0.0002537323685808453
2955 4.7516165565500014e-05
2976 5.461691012835996e-05
3067 0.00010093525951244397
3137 0.00011379132113009053
3307 8.408656954820681e-05
3419 0.00011712061541501202
3465 5.7716484755306535e-05
3572 5.234992335902794e-05
3576 5.3536945098705395e-05
3647 8.094151528426567e-05
3649 0.0001347133110905388
3654 6.663037655997976e-05
3723 6.859058854884968e-05
3743 3.233112827567267e-05
3746 1.903006184883404e-05
3760 0.00010614816360120087
3872 9.164022082905678e-05
3875 3.285232498188492e-05
3884 8.433711728522342e-05
3887 5.5861184383926875e-05
3902 0.00012122674224136485
3926 0.00011110817958998604
3969 6.0101372993599195e-05
3970 6.663037655997976e-05
3974 0.00010128967145643295
3996 7.417147870601431e-05
3997 0.0001347133110905388
4015 8.798716495431228e-05
4016 0.00017370426675739054
4046 9.312153328472917e-05
4047 0.00016508218077975113
4055 0.00019041645403432799
4091 0.00019041645403432799
4220 4.3879500470736716e-05
4295 0.00012176521653240713
4308 7.955569410086921e-05
4314 3.1644758795232604e-05
4315 7.256700694753944e-05
4329 3.676019862375966e-05
4484 0.00012176521653240713
4495 3.207260550754382e-05
4502 6.424444555902466e-05
4509 0.0001281179340087181
4533 5.685140711216779e-05
4563 4.728074758348793e-05
4567 6.341986704442123e-05
4577 3.9085797470059324e-05
4834 1.7286007534181456e-05
4839 3.088397517794058e-05
4846 4.681329625334851e-05
4908 9.372690041743856e-05
4911 6.341986704442123e-05
4913 6.457822376461287e-05
4914 6.542281037332744e-05
5024 6.025437603138515e-05
5031 6.913916575845257e-05
5161 5.502814824397996e-05
5162 5.6001418804450566e-05
5177 6.196989942762013e-05
5222 2.3001954162320978e-05
5228 4.931901336427842e-05
5242 6.786862826996617e-05
5319 0.0001664173719040451
5334 9.719791862251607e-05
5335 9.852402568908913e-05
5369 7.562007790453742e-05
5370 0.00011154523568104574
5379 2.541525611908456e-05
5380 3.8298201700263376e-05
5385 0.00011519040557349246
5427 3.490353872923123e-05
5434 7.159039254876493e-05
5469 1.1433598200043818e-05
5473 0.0001251273376474703
5481 6.576478670658657e-05
5528 0.0002875104201589402
5569 9.527405980765772e-05
5642 9.852402568908913e-05
5702 3.9886331735258645e-05
5729 9.106007793564448e-05
5731 0.0001415241100530177
5810 5.261121850249547e-05
5814 0.00018617626542465564
5836 0.0001786642827461757
5894 1.5848029138067838e-05
5896 1.6219082409210568e-05
6022 2.0770655001689466e-05
6094 0.00011761535496899039
6159 7.101368253390731e-05
6160 7.955569410086921e-05
6218 9.464928935894339e-05
6302 8.509658347491132e-05
6305 0.00017215710736717137
6377 0.00010694056199521868
6384 0.00015663840245623315
6443 0.0001275049519955334
6467 4.669713069773751e-05
6468 4.669713069773751e-05
6568 3.9584588186023764e-05
6569 4.981125419104163e-05
6684 0.0001251273376474703
6689 7.376538112671329e-05
6690 0.0002462203859023654
6760 1.9892587507080337e-05
6762 7.139739654402146e-05
6763 7.27647006365303e-05
6784 9.68719546813797e-05
6785 0.0001228603508781383
6815 7.178415593526694e-05
6822 8.535239208071232e-05
6833 2.7093186202753706e-05
6885 5.131853189681648e-05
6901 0.0002734912621014559
6905 2.9805618738211806e-05
6929 5.904359505253569e-05
6992 4.787143878550288e-05
6995 7.843020694973282e-05
6996 0.00018617626542465564
6999 6.309390310328486e-05
7003 8.771718405598661e-05
7008 0.0002059351589452662
7067 3.508605365233e-05
7073 5.516600244482883e-05
7156 0.0001475693727081854
7157 0.00014849761844045535
7211 0.00010498321344481378
7321 3.8200641252257444e-05
7344 8.96392359620217e-05
7345 0.00011425323385392718
7373 7.27647006365303e-05
7376 0.00013263932032595027
7502 9.68719546813797e-05
7554 8.260974660633398e-05
7665 0.00010422176939821458
7669 0.0002875104201589402
7724 9.920086195142229e-05
7818 2.996997446737178e-05
7820 0.00013614669170503938
7843 0.00012571095453322076
7844 0.00016378259903044513
7852 0.00015447220461114937
7858 4.509923582401553e-05
7863 7.64676023536449e-05
7866 5.91933076971794e-05
7890 9.233159952796689e-06
7894 6.374802604546662e-05
7902 7.376538112671329e-05
7938 4.907474504580058e-05
7957 0.00011379132113009053
8009 2.7093186202753706e-05
8031 5.5721352358276173e-05
8054 2.9805618738211806e-05
8061 7.865323446718271e-05
8105 0.0001281179340087181
8234 4.8109734749355606e-05
8447 4.100899018649567e-05
8474 8.408656954820681e-05
8503 7.256700694753944e-05
8520 5.874554257904601e-05
8521 6.610917985376751e-05
8526 0.00010939812948263226
8639 3.69498153124238e-05
8659 0.00012936752625714268
8661 7.843020694973282e-05
8663 8.001326955199571e-05
8678 4.409901177660094e-05
8695 4.476354154013861e-05
8696 4.787143878550288e-05
8828 0.00016508218077975113
8866 3.8493910507496085e-05
8871 7.025520142447097e-05
8872 0.00010422176939821458
