265
53 0.010237391336499223
60 0.0034555498667933134
93 0.004408631886587952
109 0.0023911948510974986
116 0.0030589479319832204
139 0.002187451030247693
145 0.0023228272629034806
163 0.0017747380622839877
164 0.0036217350338224098
232 0.0024999891744636135
246 0.0020119055934637365
276 0.0009656620632573359
277 0.011045289575458318
330 0.0012762560131957764
343 0.012335063619424125
414 0.0061675318097120626
446 0.002018917384959554
476 0.003122075687839625
523 0.002703975289276761
537 0.006911099733586627
549 0.002724527996134858
689 0.004018336968632502
707 0.0019060574793280981
708 0.0019379215582949723
726 0.0025723729223602696
744 0.0036970137623966205
882 0.005887479096185444
1003 0.005489536323982375
1029 0.01581381158675756
1094 0.01731278962470591
1134 0.002162686651190343
1136 0.005092934389172282
1172 0.0036439873774678526
1191 0.0061675318097120626
1221 0.003586162359986301
1222 0.0029806548998678782
1268 0.0016928206964997997
1309 0.0016630273052075585
1317 0.0034866045615807757
1411 0.00819520038245583
1421 0.004264157845715989
1422 0.003100577224086854
1426 0.0072434700676448196
1454 0.004811540838252688
1510 0.001869142127552942
1511 0.002559288586000436
1518 0.002762389104804688
1538 0.002247796022562865
1539 0.003213131221748652
1564 0.0030795411289198642
1609 0.001925051099906618
1640 0.0015220768902792633
1664 0.002662345997173128
1696 0.004942153331445676
1749 0.007499967523390841
1750 0.005092934389172282
1820 0.004811540838252688
1847 0.0013063550257137527
1930 0.0015565523786666136
1945 0.0030795411289198642
1949 0.0061675318097120626
1984 0.0019060574793280981
2123 0.002341022790937246
2125 0.002609460646160689
2152 0.003100577224086854
2180 0.005489536323982375
2255 0.003122075687839625
2328 0.0028571218638152995
2347 0.0036586503855975654
2378 0.002195847139525267
2401 0.0017715339824239727
2416 0.005202034965933924
2492 0.0005131511560935672
2493 0.0061675318097120626
2614 0.00882987780688519
2619 0.002076898251172011
2641 0.013244816710327787
2674 0.0021465186677959206
2779 0.0018751987458204672
2825 0.008528315691431977
2829 0.0016630273052075585
2954 0.0019074957996384509
2964 0.0038675559109058962
3010 0.0046963324543621895
3073 0.005489536323982375
3203 0.003425450854275337
3229 0.0028259313337912293
3374 0.0020547507225480393
3410 0.013048193803149892
3420 0.0017235501574604892
3459 0.004593275043189498
3464 0.0011584894417551617
3478 0.0024999891744636135
3512 0.0012156014336885887
3559 0.003100577224086854
3560 0.004500048274815117
3593 0.0036586503855975654
3595 0.003326054610415117
3603 0.005271270528919186
3604 0.003239915500946112
3663 0.008621527875764865
3732 0.002138533801208872
3834 0.004264157845715989
3848 0.0061675318097120626
3872 0.0018394091171814277
3926 0.0022301713885269268
3954 0.002162686651190343
3970 0.0013374097205012155
4005 0.0018511940877527723
4085 0.003915279557459811
4114 0.030356521099290767
4251 0.006915067681438182
4289 0.0028571218638152995
4290 0.004414938903442595
4326 0.016468608971947126
4369 0.004593275043189498
4382 0.0008676522011220193
4383 0.0012343523093285237
4403 0.0027903530211098168
4493 0.0013989027654423235
4504 0.0015653645168716812
4534 0.0011411255409541426
4535 0.0061675318097120626
4545 0.005489536323982375
4547 0.0015305825153969575
4567 0.001944420856127153
4800 0.003340341482902815
4814 0.004942153331445676
4855 0.006792500910512982
4866 0.0034866045615807757
4886 0.0020620776536239894
4909 0.0018812931002707485
4924 0.0032873150979740467
4973 0.0018792797126569454
5065 0.004500048274815117
5075 0.004593275043189498
5087 0.0034866045615807757
5132 0.0040742459409861785
5140 0.0036217350338224098
5163 0.001124064514381224
5181 0.004408631886587952
5193 0.0016060321131697876
5199 0.002138533801208872
5218 0.001436967518906741
5295 0.001944420856127153
5317 0.003287456131890376
5336 0.0019775813444620773
5364 0.004264157845715989
5380 0.001020273705104872
5381 0.002306172794275319
5424 0.00577092987490197
5425 0.00577092987490197
5431 0.0012928632156029704
5435 0.002873935037813482
5510 0.0017936397984005467
5536 0.002999648520446398
5565 0.00882987780688519
5573 0.00577092987490197
5670 0.002609460646160689
5702 0.010613784979370277
5732 0.0028406821369200306
5776 0.0029257915082925526
5848 0.004336645871327253
5902 0.004264157845715989
5910 0.0013374097205012155
5912 0.0045033926770677735
5935 0.004363240275656018
5936 0.016468608971947126
5937 0.0061675318097120626
5983 0.002762389104804688
5985 0.0030995268782185404
6015 0.003941717402665316
6039 0.0070230683728117384
6064 0.0040742459409861785
6095 0.0023607838817199154
6133 0.009940624291277986
6137 0.004811540838252688
6154 0.002890854197080283
6293 0.0017770137767280252
6301 0.005489536323982375
6329 0.005973500552101861
6349 0.005775153299719854
6350 0.006117895863966441
6405 0.004811540838252688
6428 0.004196673108379405
6430 0.012840172049984482
6443 0.0061675318097120626
6460 0.004942153331445676
6469 0.001874616345847913
6498 0.003340341482902815
6508 0.002494111228353861
6537 0.0015052843623972994
6542 0.003396250455256491
6572 0.0059613097997357565
6626 0.002370816182229487
6696 0.0061675318097120626
6707 0.0015877485766333473
6710 0.0069732091231615514
6713 0.0012094301783596947
6761 0.002395712700852702
6799 0.0036970137623966205
6823 0.0017131993653678112
6834 0.0005438163861237411
6895 0.009285701251446388
6930 0.0011851272952887344
6932 0.0024015456431901766
6935 0.0020474782672998447
6946 0.004018336968632502
6963 0.0020995588953339386
6968 0.0021149630046364285
6973 0.00246240418986171
6997 0.011210830253138725
7000 0.0012664253703974654
7002 0.0031665442873796182
7107 0.004414938903442595
7133 0.004500048274815117
7136 0.004500048274815117
7138 0.006792500910512982
7158 0.0029806548998678782
7181 0.007677865758001307
7207 0.0038220527890854296
7235 0.0061675318097120626
7244 0.0027474553685456495
7347 0.0016199725969934305
7348 0.003144057303355743
7383 0.003144057303355743
7390 0.002609460646160689
7484 0.0011477334528975755
7552 0.004593275043189498
7555 0.0033162975754758932
7719 0.003824695590116422
7729 0.003340341482902815
7793 0.002040259483797116
7800 0.005662276992268147
7840 0.006391840770364204
7923 0.002162686651190343
8018 0.0024332719073311792
8033 0.0024312028673771774
8043 0.0013374097205012155
8078 0.007828381938482067
8163 0.0026760265100384275
8205 0.0010249614747941584
8235 0.0038626482530293438
8258 0.00882987780688519
8259 0.0061675318097120626
8350 0.002962440699252628
8378 0.005489536323982375
8438 0.0016928206964997997
8445 0.0011672883681804074
8537 0.04388687262438829
8538 0.024976605502717
8572 0.00953028739664049
8640 0.005933274848005781
8661 0.0061675318097120626
8662 0.001574256766522565
8697 0.0019217579389928002
8719 0.001887425664089382
8753 0.004942153331445676
8782 0.001734011655311308
8784 0.003736943417712908
8787 0.005489536323982375
8806 0.0061675318097120626
8814 0.0017791690527400837
8855 0.004811540838252688
8867 0.003090610184169415
