28
476 0.00015554326811050196
477 0.0002059351589452662
994 0.00019041645403432799
1412 6.804811807694473e-05
1706 3.382257549850835e-05
1713 4.787143878550288e-05
1922 7.334292682143156e-06
2493 2.5565430128539482e-05
4818 9.048676041112919e-05
5080 0.00010575674440844711
5161 5.502814824397996e-05
5162 5.6001418804450566e-05
5558 9.68719546813797e-05
5560 0.00018227567001855016
5984 3.088397517794058e-05
6490 2.724862948448243e-05
6712 6.025437603138515e-05
7178 3.714017269315804e-05
7981 6.950834500520415e-05
7987 7.843020694973282e-05
8037 0.0002537323685808453
8054 2.9805618738211806e-05
8144 1.8182537399726556e-05
8234 4.8109734749355606e-05
8535 0.00012341728754011654
8536 0.00014576429866269
8571 9.496067334174995e-05
8639 3.69498153124238e-05
