236
49 0.0038997440494826915
69 0.004780534100144968
80 0.0031448737500853374
145 0.0013222247496527506
210 0.0035059391313856914
277 0.005029854945131788
336 0.004574722087366233
372 0.012499251937682948
459 0.0020106195232636693
476 0.007108726181542531
477 0.004705882401333878
480 0.001571545789260415
498 0.003658026313990773
689 0.004574722087366233
708 0.004412498317348553
726 0.0014642738173435382
738 0.004638372302045803
757 0.0024714542507271956
898 0.006249625968841474
994 0.008702520196686825
1011 0.001956287987186905
1014 0.0040436310801979
1055 0.005308167925094844
1057 0.00913020519508469
1110 0.0022591067361048397
1129 0.00198010869429006
1144 0.0022668668761822446
1172 0.002074269737943239
1294 0.004638372302045803
1305 0.0010408863169142323
1317 0.011908095579552804
1319 0.005123131882097211
1364 0.0015386703213996782
1366 0.0029136516209851116
1383 0.0037137166978195844
1411 0.020214827610057714
1425 0.004574722087366233
1496 0.0015225895279552299
1505 0.0034824945687193585
1510 0.004255892844274391
1575 0.0031448737500853374
1579 0.0070214977525952715
1590 0.0070214977525952715
1664 0.0030309785198586376
1702 0.00715877662917923
1705 0.0007728892124171959
1712 0.0043756949995528375
1781 0.0033513342547517146
1801 0.010458533944493012
1845 0.004937104530434103
1867 0.006001138756000304
1912 0.0033309011017484446
1959 0.0026763562168681723
2024 0.0028726564789745214
2150 0.0026431126856774857
2215 0.0038342207046816964
2242 0.004165232746680305
2286 0.0033309011017484446
2311 0.0038997440494826915
2357 0.004123206038505513
2384 0.0053527124337363445
2397 0.004695192195943853
2398 0.011599272823563975
2416 0.0019741055768159508
2438 0.0062873186814147355
2483 0.011596219839961504
2492 0.0005842028546295996
2660 0.004165232746680305
2663 0.009149444174732466
2671 0.004403063652415944
2688 0.002970770581782938
2703 0.0070214977525952715
2715 0.0034824945687193585
2748 0.004705882401333878
2763 0.00393401061758008
2832 0.003179675819801424
2915 0.0036311918686621454
2929 0.0034824945687193585
2944 0.0027340673476318935
2985 0.004777750923385784
3096 0.0027949336218749347
3133 0.0028075165308358166
3148 0.001723226149102867
3160 0.004815608072095252
3194 0.018058056597162135
3205 0.004005879139631986
3222 0.006255744531457787
3227 0.0010434790435677253
3229 0.0010724047112848768
3309 0.010458533944493012
3410 0.0037137166978195844
3544 0.001387445039452658
3564 0.003252723352651264
3571 0.001196262864040146
3604 0.0012295063952308322
3627 0.003534185132522945
3648 0.00615674373558401
3656 0.0010777456116651137
3769 0.005798109919980752
3786 0.0022984597921078
3849 0.0053465938711200305
3924 0.004403063652415944
3944 0.004574722087366233
4008 0.006001138756000304
4056 0.003062348920927898
4057 0.003802850303612436
4090 0.005626451485030462
4110 0.009411764802667756
4224 0.004082707917522866
4248 0.002215174851084454
4263 0.009709159402553328
4264 0.0053465938711200305
4364 0.0016054214233202188
4383 0.009836838403571926
4384 0.003866500518292005
4389 0.0032340073558781886
4393 0.003808968866228749
4437 0.0025794624709979163
4465 0.0070214977525952715
4547 0.003485018650442303
4630 0.0036311918686621454
4660 0.003021359030034749
4663 0.005798109919980752
4703 0.006569981703734551
4725 0.0036855234047389095
4819 0.0062032154521844875
4940 0.0042543663524731564
4943 0.0015549867392352088
4950 0.014042995505190543
4973 0.001069743836435492
5041 0.006001138756000304
5044 0.0023816010484022775
5163 0.0025594084327449406
5223 0.0010512482845877157
5295 0.0022136483592832203
5298 0.0032340073558781886
5308 0.0030309785198586376
5388 0.006569981703734551
5431 0.005887500181822758
5449 0.004549362947656824
5491 0.003529887916652726
5554 0.005123131882097211
5561 0.004165232746680305
5567 0.004165232746680305
5594 0.004705882401333878
5703 0.0027343614494201927
5706 0.005286225371354971
5807 0.0018075906872441186
5855 0.0016403599940899973
5910 0.0015225895279552299
5965 0.00658225263335203
5971 0.0070214977525952715
5976 0.002390267050072484
5985 0.009880337987182793
5989 0.0016097292646484796
6006 0.0024903288652050656
6019 0.0032717592964441023
6037 0.003969365193184268
6038 0.0042543663524731564
6077 0.005626451485030462
6133 0.0037723394746388256
6135 0.0030465532575822095
6161 0.001817949604684478
6383 0.004937104530434103
6402 0.004514514149290534
6411 0.003658026313990773
6430 0.0013289129114669254
6432 0.0037137166978195844
6499 0.0042543663524731564
6508 0.0028394497061259337
6590 0.0013560746383833974
6643 0.0035059391313856914
6683 0.0015306008977222785
6707 0.0018075906872441186
6728 0.001968134647793944
6729 0.0021771344128355017
6754 0.002710622784965561
6761 0.005909424662103331
6762 0.004351260098343412
6832 0.0025590293179946462
6886 0.0023453884936637357
6909 0.00204198992433293
6921 0.002148761525270989
6930 0.0013492218438671745
6963 0.004780534100144968
7000 0.0014417765755294222
7128 0.010246263764194422
7252 0.001757194051355734
7261 0.003802850303612436
7292 0.003866500518292005
7347 0.011065658970232048
7392 0.014042995505190543
7407 0.0015306008977222785
7409 0.00198614434914513
7481 0.0021142827464831777
7484 0.00522660157011819
7582 0.0036049888810167964
7603 0.0022062491586742764
7653 0.0037137166978195844
7671 0.005798109919980752
7676 0.00786802123516016
7695 0.0031099734784704176
7714 0.003866500518292005
7800 0.008595046101083956
7943 0.0020874483011545496
7944 0.0017473827491684187
7988 0.0035844615606975324
8011 0.0009091506603377556
8097 0.011942080572148073
8159 0.007499662538070913
8206 0.0070214977525952715
8235 0.00109936911816989
8236 0.005026238136226955
8302 0.0033108361337690685
8344 0.01005247627245391
8350 0.0067452495921444455
8391 0.0070214977525952715
8445 0.0013289129114669254
8527 0.0024998875126903044
8537 0.02331630771223911
8538 0.0035543630907712656
8572 0.006509919390935966
8583 0.0024621355721243907
8601 0.0019157898662042594
8631 0.0029136516209851116
8639 0.0014833750677425365
8679 0.0020154379125798334
8695 0.0040586710400734895
8697 0.0010939237498882094
8739 0.0020230618381211363
8754 0.002425621625676672
8820 0.00978913227692799
8824 0.0033721493578855078
8867 0.0043981760313180135
8882 0.006001138756000304
8905 0.005626451485030462
