88
56 0.006732077045654789
68 0.002124306796505815
93 0.014392886453272432
277 0.0036059621849290394
397 0.008921612621141991
458 0.00733839289719053
476 0.010192658863241128
480 0.009013277320758262
850 0.014691334073661117
882 0.009610443818773299
961 0.008199520831722467
994 0.012477878223190669
1065 0.010192658863241128
1095 0.00455484096092926
1109 0.010192658863241128
1172 0.005948273513219583
1363 0.010732577371759757
1411 0.008918306298554874
1478 0.010995191726660747
1558 0.02994778882665291
1568 0.019501722390685487
1657 0.0069816838804172
1664 0.008691776637829917
1720 0.009169282571160908
1978 0.012335928552636355
2183 0.008604282348861477
2373 0.0056268843375915974
2397 0.006732077045654789
2406 0.022562707953768104
2688 0.008519121521289308
2738 0.004969133377088183
2780 0.006347962206768058
2975 0.003579013993117235
2985 0.013700903383238646
3302 0.013182342925324147
3474 0.008315655149246232
3552 0.011944417435333228
3604 0.003525790398088416
3627 0.005067397800308634
3682 0.02276547684326271
4372 0.008691776637829917
4402 0.013921221202190434
4604 0.013494809827354503
4854 0.005593092045759618
4951 0.007486947206663227
5032 0.009061297724107782
5052 0.016790985704201407
5081 0.013860354502471774
5381 0.01254829314532159
5431 0.004220818145056756
5557 0.013118688338770817
5561 0.011944417435333228
5626 0.008827684032638837
5890 0.06347528688489522
5912 0.009801501708912213
5985 0.010119043631831118
6015 0.01930282198658162
6135 0.03494575795461946
6262 0.00955184874766098
6414 0.01256945129939027
6439 0.014157873285803679
6467 0.012626432532663366
6469 0.0030600355057223286
6508 0.0040712697992246845
6728 0.011287831068229974
6729 0.012486506191262436
6761 0.006517747789084557
6834 0.0017754005546980957
6920 0.009694159962713693
6930 0.0038690920522661625
6974 0.007806547896230069
6996 0.005139485326000138
7328 0.015414530051230035
7393 0.003456178011478612
7484 0.0018735060775239834
7729 0.010905232488300368
7944 0.005010877001291789
8073 0.009067898126413603
8129 0.008736439488654865
8145 0.0011914909801938461
8146 0.02482941764983281
8302 0.01898861900249907
8438 0.005526561685631699
8445 0.0038108532020007416
8583 0.007060535831827297
8622 0.006660847138278821
8695 0.011638836070798977
8867 0.005044966624158898
