548
15 6.0101372993599195e-05
24 0.00014849761844045535
52 9.785646144837983e-05
68 3.241760820520544e-05
74 0.00013614669170503938
77 8.691610145495967e-05
80 0.0001376235146469122
129 0.0001786642827461757
138 5.5304247721948624e-05
148 0.00010614816360120087
149 0.00015139340654708521
158 1.722259642893919e-05
163 4.4209139343250144e-05
196 8.935997200289977e-05
200 0.00016920278300425065
225 4.311890533715833e-05
226 0.00011712061541501202
243 6.309390310328486e-05
246 0.0001002340757964429
290 5.516600244482883e-05
292 0.00014576429866269
328 5.502814824397996e-05
330 6.358367031630664e-05
334 9.252359415714085e-05
336 0.00020019542348213994
378 7.955569410086921e-05
395 0.00018418695135817993
430 2.1595466130645556e-05
432 0.0002537323685808453
436 6.181142310095298e-05
449 6.628229345501092e-05
463 2.104404381130732e-05
466 0.00013401212737453773
476 0.00015554326811050196
477 0.0002059351589452662
479 0.00017065756051371745
498 0.00016007969731333051
509 1.4811799641107606e-05
511 4.409901177660094e-05
539 0.0001391464957049546
545 0.0001300045474523503
564 0.00021244233432427055
615 0.00019268344080366
671 0.00014576429866269
672 0.00015775871449691997
695 0.00011519040557349246
732 0.00011614595437539213
738 0.00020298083458234552
753 9.752607762356147e-05
757 0.00010815385522706535
777 0.00023971321052336105
914 0.00018227567001855016
927 0.00026261715830791277
977 0.00010384546306881737
979 0.0001415241100530177
994 0.00019041645403432799
998 0.0002059351589452662
1057 9.988723143186235e-05
1083 7.178415593526694e-05
1096 6.950834500520415e-05
1177 0.00010347204034115494
1234 2.8271279696782107e-05
1254 8.96392359620217e-05
1260 0.00017215710736717137
1264 0.0002462203859023654
1292 0.00030726931367955075
1306 4.5550455969092306e-05
1310 8.285279662389543e-05
1318 0.00017370426675739054
1331 0.00020019542348213994
1332 0.00018418695135817993
1343 0.000126899584862824
1364 0.00016378259903044513
1365 6.733409171295719e-05
1382 0.00011862016226846598
1385 0.00030726931367955075
1391 6.491430390704548e-05
1394 0.00014488623116808087
1412 6.804811807694473e-05
1433 0.00026261715830791277
1497 6.663037655997976e-05
1506 0.0001523982138465608
1521 0.00011110817958998604
1531 0.0001664173719040451
1532 0.00018825025618924418
1552 0.00022883910672981793
1555 0.00015139340654708521
1569 9.920086195142229e-05
1573 0.0001347133110905388
1583 8.88061998220748e-05
1587 9.954283828468142e-05
1610 9.590694438493474e-05
1636 0.00015663840245623315
1638 7.33626397641186e-05
1641 7.583058115843726e-05
1671 7.64676023536449e-05
1706 3.382257549850835e-05
1713 4.787143878550288e-05
1759 0.0001391464957049546
1834 0.00014849761844045535
1843 0.00030726931367955075
1918 0.0001376235146469122
1919 0.00014071861357331354
1922 7.334292682143156e-06
1929 4.2158123180710165e-05
1956 0.0001128804268053397
2040 4.7398314413738584e-05
2054 0.00015447220461114937
2093 0.00011811516886331826
2124 0.00011663084820199027
2148 8.383730339089555e-05
2149 8.408656954820681e-05
2151 0.00011566583790554528
2309 0.00023397347506023475
2319 0.0001228603508781383
2341 8.744869066327002e-05
2355 0.0001504088997800851
2371 8.858094887998e-06
2373 4.532432364915004e-05
2377 0.0001228603508781383
2384 3.364472337590274e-05
2385 0.00011712061541501202
2386 0.0002199543170027505
2391 2.4157123570420575e-05
2398 0.0001027336712532598
2399 0.000126899584862824
2400 0.0002199543170027505
2402 8.825864993225359e-05
2411 0.00013837905578907654
2416 0.0002537323685808453
2434 0.00010536844412685977
2485 0.00013542473142615584
2486 0.0001504088997800851
2493 2.5565430128539482e-05
2506 0.00014488623116808087
2509 0.00020019542348213994
2537 0.0002462203859023654
2544 0.00019041645403432799
2545 0.00019756065060853997
2550 5.3403616896513294e-05
2556 0.00019506105515172307
2557 0.00012230970742046953
2559 7.604199766141655e-05
2563 2.4450245822639586e-05
2579 0.00013130412920165632
2586 9.502842032885344e-06
2607 3.3290954653437934e-05
2612 8.001326955199571e-05
2638 0.00012176521653240713
2640 0.00016128300357362823
2644 0.00026261715830791277
2667 8.358930576913648e-05
2673 0.00014849761844045535
2678 0.0001664173719040451
2687 0.00019041645403432799
2716 0.0001523982138465608
2718 8.88061998220748e-05
2728 0.00010939812948263226
2759 0.00015554326811050196
2773 0.00011067500849334801
2783 8.718166847460814e-05
2785 0.00010856509334268535
2794 0.00012341728754011654
2862 0.00012230970742046953
2903 8.718166847460814e-05
2955 4.7516165565500014e-05
2958 6.950834500520415e-05
2963 8.509658347491132e-05
2976 5.461691012835996e-05
2986 0.00020908021320920737
3014 0.0001263016457352357
3042 0.0001287387249198448
3050 5.1064059112276297e-05
3052 0.00011379132113009053
3104 0.00010939812948263226
3195 0.00019756065060853997
3214 8.001326955199571e-05
3226 8.164949036359771e-05
3228 4.566391685271689e-05
3229 4.669713069773751e-05
3230 4.692973938522239e-05
3247 0.00013263932032595027
3269 0.00010310145735752775
3308 0.00012571095453322076
3310 0.00022883910672981793
3321 0.00011761535496899039
3354 0.00016508218077975113
3409 8.458895984833521e-05
3411 0.00016251677649793962
3413 8.001326955199571e-05
3415 0.00015663840245623315
3443 0.00030726931367955075
3490 0.0001245506276326127
3513 6.056183085252843e-05
3519 8.586807337437805e-05
3545 6.071628875522179e-05
3555 0.00023971321052336105
3572 5.234992335902794e-05
3576 5.3536945098705395e-05
3578 0.00022419450561242282
3627 6.491430390704548e-05
3628 7.733012801189119e-05
3639 0.00016920278300425065
3657 4.716346370617082e-05
3723 6.859058854884968e-05
3724 5.7716484755306535e-05
3729 0.00012936752625714268
3739 0.00018825025618924418
3761 0.0002875104201589402
3766 5.131853189681648e-05
3767 0.00017065756051371745
3782 0.00013614669170503938
3786 0.00010058340652177312
3788 0.0001300045474523503
3791 0.00020019542348213994
3796 0.0001399262151792957
3819 6.424444555902466e-05
3827 0.00013614669170503938
3832 3.3290954653437934e-05
3852 0.0001786642827461757
3855 0.00030726931367955075
3872 9.164022082905678e-05
3873 0.0002875104201589402
3875 3.285232498188492e-05
3887 5.5861184383926875e-05
3928 0.00014944388948364012
3932 4.895306850942043e-05
3943 7.689695691525318e-05
3944 0.00020019542348213994
3969 6.0101372993599195e-05
3986 0.0001504088997800851
4099 0.0001147195668623605
4164 0.0002734912621014559
4189 4.981125419104163e-05
4191 0.00019041645403432799
4203 0.00011614595437539213
4224 8.236790279729728e-05
4225 0.00010897983139923425
4247 4.846937791309118e-05
4249 0.00013542473142615584
4298 0.00011614595437539213
4301 0.00011154523568104574
4314 3.1644758795232604e-05
4329 3.676019862375966e-05
4345 5.131853189681648e-05
4348 8.212725328354177e-05
4375 7.541048004377448e-05
4381 4.3226837668107787e-05
4382 6.14960082295629e-05
4388 0.0001415241100530177
4390 8.825864993225359e-05
4392 8.334256383691721e-05
4398 6.325661252824365e-05
4406 6.508321716976057e-05
4408 0.00013687950893562258
4432 6.4078409870285e-05
4444 0.00014665847838343454
4446 0.00023971321052336105
4467 5.5861184383926875e-05
4495 3.207260550754382e-05
4499 9.312153328472917e-05
4502 6.424444555902466e-05
4503 7.798719092134497e-05
4513 9.19329029551259e-05
4525 9.818910047034337e-05
4533 5.685140711216779e-05
4541 0.0001376235146469122
4565 0.00013837905578907654
4567 6.341986704442123e-05
4577 3.9085797470059324e-05
4659 6.610917985376751e-05
4676 1.811794967986411e-05
4696 0.0002199543170027505
4699 3.676019862375966e-05
4723 9.106007793564448e-05
4724 0.00016128300357362823
4733 0.0002199543170027505
4759 5.0810908270240366e-05
4764 0.00019268344080366
4779 0.00016251677649793962
4818 9.048676041112919e-05
4834 1.7286007534181456e-05
4839 3.088397517794058e-05
4843 0.00020298083458234552
4933 2.564069103539461e-05
4937 0.00021605372159664503
4939 0.00018617626542465564
4942 6.804811807694473e-05
4943 0.0001677901789526326
4972 4.681329625334851e-05
5018 0.00010982004923951138
5024 6.025437603138515e-05
5031 6.913916575845257e-05
5044 0.00010058340652177312
5080 0.00010575674440844711
5161 5.502814824397996e-05
5162 5.6001418804450566e-05
5168 0.00014488623116808087
5191 0.00014849761844045535
5192 8.001326955199571e-05
5194 0.00011712061541501202
5197 0.0001391464957049546
5211 0.00019506105515172307
5212 0.0002059351589452662
5217 7.159039254876493e-05
5222 2.3001954162320978e-05
5228 4.931901336427842e-05
5242 6.786862826996617e-05
5244 0.0002199543170027505
5254 5.9796800580258657e-05
5273 0.00014665847838343454
5291 0.00011067500849334801
5292 0.0001347133110905388
5294 9.68719546813797e-05
5334 9.719791862251607e-05
5335 9.852402568908913e-05
5366 0.00013542473142615584
5379 2.541525611908456e-05
5385 0.00011519040557349246
5395 3.215862746722012e-05
5405 0.00019506105515172307
5408 0.00010774605847492284
5427 3.490353872923123e-05
5430 6.441104889224853e-05
5434 7.159039254876493e-05
5469 1.1433598200043818e-05
5539 0.0001391464957049546
5544 0.00030726931367955075
5550 4.944160821510571e-05
5552 0.00019268344080366
5558 9.68719546813797e-05
5560 0.00018227567001855016
5563 0.00016128300357362823
5588 6.913916575845257e-05
5612 0.0001415241100530177
5613 0.0001804365299615294
5622 6.733409171295719e-05
5625 0.0001347133110905388
5626 0.00016007969731333051
5642 9.852402568908913e-05
5643 0.00030726931367955075
5687 2.724862948448243e-05
5699 8.260974660633398e-05
5702 3.9886331735258645e-05
5738 9.19329029551259e-05
5744 0.00015890538922556517
5774 0.0001677901789526326
5807 0.00022883910672981793
5808 0.00011913044365880717
5810 5.261121850249547e-05
5826 0.0001391464957049546
5828 0.00018227567001855016
5829 0.00023397347506023475
5834 6.804811807694473e-05
5836 0.0001786642827461757
5840 0.00012230970742046953
5868 7.256700694753944e-05
5894 1.5848029138067838e-05
5896 1.6219082409210568e-05
5909 6.663037655997976e-05
5934 5.434466680855229e-05
5938 5.91933076971794e-05
5959 0.00019756065060853997
5975 0.00010460100421098168
5984 3.088397517794058e-05
5988 7.044371782011974e-05
5996 0.0001431761810607271
6000 3.4631041686461846e-05
6021 0.0002199543170027505
6022 2.0770655001689466e-05
6030 0.0001391464957049546
6033 0.00011519040557349246
6035 9.818910047034337e-05
6038 0.00011663084820199027
6050 0.0001431761810607271
6053 0.00018227567001855016
6057 0.00011024565393173974
6094 0.00011761535496899039
6162 0.0001128804268053397
6172 0.00012230970742046953
6197 5.5304247721948624e-05
6199 0.0001251273376474703
6211 7.356359438910525e-05
6214 0.0001664173719040451
6218 9.464928935894339e-05
6229 7.458098891001271e-05
6242 3.105201474962982e-05
6264 4.7398314413738584e-05
6267 0.0002462203859023654
6268 0.0002462203859023654
6302 8.509658347491132e-05
6305 0.00017215710736717137
6306 0.00011425323385392718
6309 0.0001147195668623605
6352 0.00011519040557349246
6372 0.0001523982138465608
6387 9.558947467904783e-05
6399 8.212725328354177e-05
6408 4.3989132524856074e-05
6409 0.00010575674440844711
6410 0.00016007969731333051
6452 8.63892700805903e-05
6467 4.669713069773751e-05
6468 4.669713069773751e-05
6490 2.724862948448243e-05
6507 6.212889280683989e-05
6509 0.00023971321052336105
6515 0.00020908021320920737
6516 9.818910047034337e-05
6540 6.040786096929821e-05
6545 0.0001677901789526326
6546 0.0001786642827461757
6571 0.00014849761844045535
6586 5.24803957997587e-05
6588 6.576478670658657e-05
6614 8.484211069037113e-05
6619 5.7716484755306535e-05
6661 5.889434094657216e-05
6687 6.196989942762013e-05
6702 0.0001440237055098346
6706 7.910237522724487e-05
6712 6.025437603138515e-05
6760 1.9892587507080337e-05
6766 0.00030726931367955075
6833 2.7093186202753706e-05
6857 0.00014665847838343454
6960 3.259102983841739e-05
6968 0.0001287387249198448
6992 4.787143878550288e-05
6995 7.843020694973282e-05
6999 6.309390310328486e-05
7067 3.508605365233e-05
7073 5.516600244482883e-05
7087 0.0001376235146469122
7139 6.196989942762013e-05
7142 0.00015139340654708521
7143 0.0001523982138465608
7161 0.0001423431449207802
7162 0.00015447220461114937
7165 6.628229345501092e-05
7178 3.714017269315804e-05
7181 0.0001263016457352357
7243 0.00013687950893562258
7282 0.00022883910672981793
7291 0.00016920278300425065
7296 0.00018825025618924418
7299 0.0002462203859023654
7321 3.8200641252257444e-05
7327 0.00011761535496899039
7346 8.070779096331723e-05
7373 7.27647006365303e-05
7384 0.0001399262151792957
7390 0.00013065000625947455
7476 8.117636599183342e-05
7480 9.252359415714085e-05
7482 2.5340342303404983e-05
7483 2.8590308184836374e-05
7502 9.68719546813797e-05
7538 0.00023971321052336105
7559 8.509658347491132e-05
7579 0.00015775871449691997
7580 0.0001804365299615294
7587 0.00013687950893562258
7609 0.00018825025618924418
7614 0.00014665847838343454
7615 0.00016007969731333051
7627 7.887728740211037e-05
7632 0.00016251677649793962
7639 0.00023971321052336105
7640 0.0002734912621014559
7644 0.0002734912621014559
7651 0.00011566583790554528
7652 0.00016251677649793962
7656 0.00016508218077975113
7657 0.00020298083458234552
7694 6.804811807694473e-05
7763 0.00017370426675739054
7818 2.996997446737178e-05
7821 0.00030726931367955075
7843 0.00012571095453322076
7847 0.00015775871449691997
7866 5.91933076971794e-05
7871 0.00018418695135817993
7872 0.00018617626542465564
7877 8.853165584237468e-05
7890 9.233159952796689e-06
7891 6.932340577943291e-05
7893 5.131853189681648e-05
7904 6.056183085252843e-05
7922 0.00010774605847492284
7938 4.907474504580058e-05
7942 9.134928606937549e-05
7943 7.64676023536449e-05
8009 2.7093186202753706e-05
8016 3.6571316885345003e-05
8028 0.00019268344080366
8031 5.5721352358276173e-05
8032 6.056183085252843e-05
8047 9.312153328472917e-05
8053 0.00016007969731333051
8054 2.9805618738211806e-05
8058 8.853165584237468e-05
8069 5.287392225192349e-05
8096 0.00013065000625947455
8098 0.0001300045474523503
8105 0.0001281179340087181
8109 8.285279662389543e-05
8134 0.00012176521653240713
8144 1.8182537399726556e-05
8174 0.00016508218077975113
8204 5.1064059112276297e-05
8208 0.00020298083458234552
8295 0.00021244233432427055
8326 0.0002059351589452662
8342 0.00016251677649793962
8343 0.0002199543170027505
8349 4.919672615455441e-05
8351 0.0001376235146469122
8428 0.0002875104201589402
8429 0.00016128300357362823
8437 8.433711728522342e-05
8438 0.0002734912621014559
8447 4.100899018649567e-05
8503 7.256700694753944e-05
8513 4.3335009582674306e-05
8516 8.024367862190805e-05
8520 5.874554257904601e-05
8535 0.00012341728754011654
8536 0.00014576429866269
8537 0.00015554326811050196
8571 9.496067334174995e-05
8633 5.949411993323993e-05
8638 6.491430390704548e-05
8639 3.69498153124238e-05
8666 0.0001128804268053397
8678 4.409901177660094e-05
8717 9.106007793564448e-05
8718 9.403242760948e-05
8722 7.217400943451535e-05
8763 6.542281037332744e-05
8799 0.00012069415303305452
8813 4.431951634967444e-05
8818 7.139739654402146e-05
8819 7.139739654402146e-05
8823 0.0001475693727081854
8866 3.8493910507496085e-05
8882 0.0001147195668623605
8883 0.00011519040557349246
