379
15 6.0101372993599195e-05
53 0.00010200632301179658
58 3.9886331735258645e-05
68 3.241760820520544e-05
69 0.00010460100421098168
94 0.00016128300357362823
108 0.0002537323685808453
129 0.0001786642827461757
138 5.5304247721948624e-05
140 0.00021244233432427055
158 1.722259642893919e-05
160 3.6009024944890365e-05
251 0.00030726931367955075
276 4.8109734749355606e-05
277 5.502814824397996e-05
400 0.00015890538922556517
410 0.0002734912621014559
411 0.0002875104201589402
430 2.1595466130645556e-05
436 6.181142310095298e-05
463 2.104404381130732e-05
466 0.00013401212737453773
476 0.00015554326811050196
478 0.00020019542348213994
494 0.00010815385522706535
509 1.4811799641107606e-05
543 0.00030726931367955075
706 6.525271795805037e-05
707 9.496067334174995e-05
708 9.654815662959692e-05
723 6.212889280683989e-05
725 0.00019268344080366
726 6.4078409870285e-05
800 0.00011154523568104574
891 5.757123449128065e-05
897 0.00014488623116808087
1014 0.00017695423263882194
1035 0.00015663840245623315
1037 0.0002462203859023654
1041 0.00010734164596720007
1057 9.988723143186235e-05
1126 4.895306850942043e-05
1130 8.665197383001834e-05
1214 0.0002875104201589402
1216 4.5550455969092306e-05
1234 2.8271279696782107e-05
1254 8.96392359620217e-05
1265 6.576478670658657e-05
1306 4.5550455969092306e-05
1318 0.00017370426675739054
1365 6.733409171295719e-05
1371 0.00011519040557349246
1412 6.804811807694473e-05
1506 0.0001523982138465608
1507 0.00016378259903044513
1517 9.106007793564448e-05
1519 0.0001376235146469122
1559 0.00011425323385392718
1579 0.00015447220461114937
1638 7.33626397641186e-05
1641 7.583058115843726e-05
1706 3.382257549850835e-05
1713 4.787143878550288e-05
1719 0.0001504088997800851
1721 0.0001399262151792957
1729 0.00010200632301179658
1777 4.871062309639001e-05
1785 0.00010734164596720007
1848 6.508321716976057e-05
1922 7.334292682143156e-06
1942 0.0001376235146469122
1949 0.00012571095453322076
1954 0.00026261715830791277
1955 0.0002875104201589402
2025 0.00012571095453322076
2040 4.7398314413738584e-05
2082 0.00022883910672981793
2137 0.00015342417653056774
2138 0.00017370426675739054
2162 0.0001263016457352357
2163 0.00023971321052336105
2167 8.744869066327002e-05
2184 0.00013130412920165632
2222 0.00026261715830791277
2371 8.858094887998e-06
2384 3.364472337590274e-05
2389 8.070779096331723e-05
2391 2.4157123570420575e-05
2398 0.0001027336712532598
2404 0.00012341728754011654
2405 0.0001677901789526326
2406 0.0002059351589452662
2434 0.00010536844412685977
2450 0.0001504088997800851
2492 0.00017065756051371745
2493 2.5565430128539482e-05
2539 0.00023397347506023475
2541 0.00026261715830791277
2550 5.3403616896513294e-05
2559 7.604199766141655e-05
2563 2.4450245822639586e-05
2564 4.692973938522239e-05
2586 9.502842032885344e-06
2587 0.00014944388948364012
2607 3.3290954653437934e-05
2612 8.001326955199571e-05
2613 0.00015554326811050196
2618 4.846937791309118e-05
2620 0.00010347204034115494
2647 0.00018825025618924418
2664 0.00020019542348213994
2689 0.0001300045474523503
2714 8.691610145495967e-05
2744 7.52017798211394e-05
2759 0.00015554326811050196
2760 0.00022419450561242282
2843 7.33626397641186e-05
2850 9.252359415714085e-05
2903 8.718166847460814e-05
2940 7.910237522724487e-05
2958 6.950834500520415e-05
2963 8.509658347491132e-05
2976 5.461691012835996e-05
3031 8.691610145495967e-05
3033 0.0001415241100530177
3034 0.00016128300357362823
3050 5.1064059112276297e-05
3051 7.910237522724487e-05
3064 0.00016128300357362823
3104 0.00010939812948263226
3113 6.165346047478709e-05
3212 7.356359438910525e-05
3228 4.566391685271689e-05
3229 4.669713069773751e-05
3230 4.692973938522239e-05
3247 0.00013263932032595027
3269 0.00010310145735752775
3270 0.0001753021616311125
3308 0.00012571095453322076
3309 0.00019756065060853997
3319 0.00019268344080366
3409 8.458895984833521e-05
3411 0.00016251677649793962
3421 8.586807337437805e-05
3474 0.00011862016226846598
3475 0.000126899584862824
3476 0.00023397347506023475
3498 0.00019756065060853997
3501 0.00016508218077975113
3513 6.056183085252843e-05
3576 5.3536945098705395e-05
3605 5.380470086849468e-05
3682 0.0001239806629188251
3698 0.0002734912621014559
3719 2.489326185102742e-05
3727 6.424444555902466e-05
3746 1.903006184883404e-05
3766 5.131853189681648e-05
3786 0.00010058340652177312
3788 0.0001300045474523503
3857 0.00020908021320920737
3875 3.285232498188492e-05
3932 4.895306850942043e-05
3943 7.689695691525318e-05
3944 0.00020019542348213994
3969 6.0101372993599195e-05
3971 0.0002059351589452662
4005 9.222735356398462e-05
4013 0.00026261715830791277
4014 0.0002734912621014559
4015 8.798716495431228e-05
4037 0.0001391464957049546
4038 0.00014488623116808087
4105 9.988723143186235e-05
4189 4.981125419104163e-05
4301 0.00011154523568104574
4314 3.1644758795232604e-05
4315 7.256700694753944e-05
4329 3.676019862375966e-05
4345 5.131853189681648e-05
4363 7.025520142447097e-05
4381 4.3226837668107787e-05
4382 6.14960082295629e-05
4406 6.508321716976057e-05
4408 0.00013687950893562258
4444 0.00014665847838343454
4446 0.00023971321052336105
4453 3.6854914742017664e-05
4467 5.5861184383926875e-05
4485 7.159039254876493e-05
4495 3.207260550754382e-05
4502 6.424444555902466e-05
4503 7.798719092134497e-05
4533 5.685140711216779e-05
4541 0.0001376235146469122
4546 7.625433537211054e-05
4566 9.68719546813797e-05
4569 0.00010422176939821458
4577 3.9085797470059324e-05
4652 4.476354154013861e-05
4676 1.811794967986411e-05
4699 3.676019862375966e-05
4723 9.106007793564448e-05
4724 0.00016128300357362823
4786 0.00026261715830791277
4839 3.088397517794058e-05
4842 0.00015554326811050196
4846 4.681329625334851e-05
4847 0.00021605372159664503
4923 8.188778632745044e-05
4933 2.564069103539461e-05
4939 0.00018617626542465564
5161 5.502814824397996e-05
5162 5.6001418804450566e-05
5192 8.001326955199571e-05
5217 7.159039254876493e-05
5222 2.3001954162320978e-05
5228 4.931901336427842e-05
5233 0.0001431761810607271
5236 0.00010200632301179658
5270 0.00020298083458234552
5273 0.00014665847838343454
5294 9.68719546813797e-05
5316 0.00016378259903044513
5385 0.00011519040557349246
5427 3.490353872923123e-05
5430 6.441104889224853e-05
5457 0.0001423431449207802
5458 0.00017695423263882194
5469 1.1433598200043818e-05
5550 4.944160821510571e-05
5558 9.68719546813797e-05
5559 0.0001786642827461757
5588 6.913916575845257e-05
5622 6.733409171295719e-05
5625 0.0001347133110905388
5642 9.852402568908913e-05
5644 7.711306116076915e-05
5676 9.312153328472917e-05
5687 2.724862948448243e-05
5702 3.9886331735258645e-05
5724 0.00022883910672981793
5729 9.106007793564448e-05
5797 5.544288630052885e-05
5808 0.00011913044365880717
5868 7.256700694753944e-05
5894 1.5848029138067838e-05
5896 1.6219082409210568e-05
5934 5.434466680855229e-05
5938 5.91933076971794e-05
5984 3.088397517794058e-05
5988 7.044371782011974e-05
6000 3.4631041686461846e-05
6018 0.0001431761810607271
6022 2.0770655001689466e-05
6050 0.0001431761810607271
6052 0.0002462203859023654
6082 0.00017370426675739054
6084 7.843020694973282e-05
6085 0.00011862016226846598
6096 0.00021244233432427055
6106 7.217400943451535e-05
6211 7.356359438910525e-05
6214 0.0001664173719040451
6222 0.00010347204034115494
6229 7.458098891001271e-05
6242 3.105201474962982e-05
6245 0.0002875104201589402
6264 4.7398314413738584e-05
6372 0.0001523982138465608
6399 8.212725328354177e-05
6408 4.3989132524856074e-05
6409 0.00010575674440844711
6410 0.00016007969731333051
6417 9.954283828468142e-05
6422 0.00017370426675739054
6429 5.815485137703107e-05
6443 0.0001275049519955334
6459 0.0002462203859023654
6470 0.0001263016457352357
6472 0.00023397347506023475
6490 2.724862948448243e-05
6502 0.0001423431449207802
6507 6.212889280683989e-05
6515 0.00020908021320920737
6536 7.499396958083494e-05
6540 6.040786096929821e-05
6545 0.0001677901789526326
6546 0.0001786642827461757
6568 3.9584588186023764e-05
6569 4.981125419104163e-05
6572 0.00011614595437539213
6573 0.0001504088997800851
6578 6.025437603138515e-05
6586 5.24803957997587e-05
6588 6.576478670658657e-05
6590 8.691610145495967e-05
6595 7.66818067754729e-05
6605 0.00010200632301179658
6675 5.7716484755306535e-05
6684 0.0001251273376474703
6685 0.00019506105515172307
6687 6.196989942762013e-05
6706 7.910237522724487e-05
6730 0.00013065000625947455
6760 1.9892587507080337e-05
6761 0.00019041645403432799
6905 2.9805618738211806e-05
6931 0.0001196461249524729
6960 3.259102983841739e-05
6961 0.0001423431449207802
6972 6.133906307779394e-05
7067 3.508605365233e-05
7073 5.516600244482883e-05
7178 3.714017269315804e-05
7300 0.0002462203859023654
7321 3.8200641252257444e-05
7346 8.070779096331723e-05
7347 0.00015663840245623315
7349 0.00013614669170503938
7369 9.372690041743856e-05
7444 9.886126874785542e-05
7447 0.00012176521653240713
7464 0.0002734912621014559
7503 3.173002815645075e-05
7523 8.935997200289977e-05
7587 0.00013687950893562258
7590 0.0001239806629188251
7614 0.00014665847838343454
7625 0.00019506105515172307
7697 0.00021605372159664503
7775 0.00010536844412685977
7792 0.000101646679848061
7799 9.403242760948e-05
7800 0.00017065756051371745
7886 7.910237522724487e-05
7890 9.233159952796689e-06
7893 5.131853189681648e-05
7938 4.907474504580058e-05
7962 0.0002059351589452662
7981 6.950834500520415e-05
7987 7.843020694973282e-05
8009 2.7093186202753706e-05
8010 3.97855428110104e-05
8016 3.6571316885345003e-05
8054 2.9805618738211806e-05
8061 7.865323446718271e-05
8069 5.287392225192349e-05
8128 0.00013332088986277624
8144 1.8182537399726556e-05
8158 0.00010939812948263226
8204 5.1064059112276297e-05
8234 4.8109734749355606e-05
8351 0.0001376235146469122
8444 5.815485137703107e-05
8447 4.100899018649567e-05
8489 0.00013837905578907654
8503 7.256700694753944e-05
8513 4.3335009582674306e-05
8516 8.024367862190805e-05
8520 5.874554257904601e-05
8535 0.00012341728754011654
8536 0.00014576429866269
8537 0.00015554326811050196
8538 0.0002875104201589402
8558 0.00017370426675739054
8571 9.496067334174995e-05
8633 5.949411993323993e-05
8638 6.491430390704548e-05
8639 3.69498153124238e-05
8641 0.00030726931367955075
8731 0.00021244233432427055
8746 0.00011811516886331826
8749 0.00023397347506023475
8866 3.8493910507496085e-05
8879 0.0001196461249524729
8882 0.0001147195668623605
8883 0.00011519040557349246
8884 0.00019506105515172307
