372
51 0.003811989007805864
60 0.002867783440852769
62 0.0024281335134241
93 0.0018293762220981784
107 0.003663986678744883
138 0.0009212550573794507
145 0.0019277295415498046
149 0.0025219028769114457
163 0.001472866728325403
179 0.0042266595678364365
229 0.004374661896897418
268 0.0025557313294213456
272 0.005118474997218983
276 0.0016028185274252606
277 0.001833311615515325
334 0.0015412528432307278
373 0.003290954239669735
427 0.004798277620574377
459 0.0029313705198984337
476 0.0025910310381323243
478 0.00333484413845389
480 0.001145612818339368
494 0.0018016208556702923
521 0.0010270198873856121
528 0.003482846467514871
651 0.0020940860314019876
682 0.0020466008355625584
684 0.004555802108127429
692 0.007667193988264035
707 0.0015818495716293
708 0.0016082937792205006
726 0.0021348291168746913
753 0.0016245839323012707
778 0.005118474997218983
861 0.0012187369959577715
872 0.0032951085064589544
979 0.0023575006893317638
994 0.00634389322749133
1036 0.004555802108127429
1129 0.0014434437210712587
1139 0.0006412294026968319
1144 0.0016524823957216363
1172 0.001512084481865165
1207 0.0020940860314019876
1221 0.002976179603427884
1238 0.0021983014187956663
1242 0.002055878255247698
1305 0.0015175538826039275
1317 0.005787111870436876
1326 0.002666598621413835
1339 0.006762486720739675
1358 0.002818570471278284
1364 0.0033649425720329407
1390 0.001081338834429139
1411 0.022670834702868462
1496 0.001109925076453345
1499 0.001717458295271565
1506 0.0027282813505781814
1518 0.006877574369345504
1520 0.0018508338252447767
1538 0.0018654606243325462
1548 0.0042266595678364365
1586 0.0016581790183048239
1606 0.003290954239669735
1610 0.002976179603427884
1628 0.002573189322419744
1640 0.002526363137510254
1661 0.003811989007805864
1692 0.002134181360534011
1694 0.0024281335134241
1712 0.00398719871454581
1749 0.0020747573709567185
1750 0.0042266595678364365
1758 0.002317894522845898
1799 0.003775814360713748
1831 0.003897517027545443
1861 0.005118474997218983
1865 0.0042266595678364365
1921 0.0003665227086911764
1935 0.0018364659211956348
1941 0.0022925247897818348
1955 0.0018803558199797896
1956 0.001479328696849216
1960 0.0025386409005617753
1976 0.004374661896897418
1978 0.0031358622115112977
2024 0.0020940860314019876
2056 0.00333484413845389
2122 0.0018728740583841374
2124 0.003209709952228445
2145 0.002244046782128751
2177 0.0025386409005617753
2206 0.002893555935218438
2211 0.0029476936846302452
2242 0.0030363378901034003
2265 0.002244046782128751
2282 0.004555802108127429
2299 0.0018364659211956348
2315 0.004111756510495396
2319 0.002443028709071343
2330 0.003171946613745665
2340 0.0014567153854038548
2372 0.0007550100417966824
2373 0.0014303855512382377
2394 0.0029476936846302452
2397 0.008556658674850946
2398 0.0021138861687803505
2416 0.001439067616744338
2442 0.003734619502837219
2462 0.002893555935218438
2484 0.0022558975821867304
2492 0.0004258675015056895
2499 0.005146378644839488
2653 0.002220851907396377
2663 0.00333484413845389
2672 0.0024736650010118467
2717 0.001479328696849216
2731 0.0020105164333281906
2743 0.0025054140626766144
2754 0.004374661896897418
2778 0.0047893324569279905
2818 0.002371144126231763
2819 0.0034304563299443224
2899 0.0028428040734546725
2919 0.002330883046126885
2928 0.004168728348090674
2944 0.0019930584403297915
2954 0.001583043243064434
2962 0.002835068231508073
3030 0.0014478435442366367
3033 0.0026866432296227564
3050 0.002635365861776472
3063 0.0026866432296227564
3096 0.002037428247721915
3149 0.00253340666601325
3173 0.003734619502837219
3229 0.001563505934209727
3238 0.0047893324569279905
3239 0.003897517027545443
3266 0.005118474997218983
3276 0.002867783440852769
3283 0.003290954239669735
3305 0.0047893324569279905
3306 0.001400709360399288
3318 0.003209709952228445
3410 0.016243172098874444
3418 0.0019509886440721256
3420 0.0028607711024764755
3422 0.0047893324569279905
3429 0.0034304563299443224
3464 0.0009614379666154988
3472 0.002443028709071343
3481 0.002443028709071343
3564 0.002371144126231763
3567 0.005118474997218983
3648 0.002244046782128751
3656 0.0015712926674743715
3671 0.005118474997218983
3675 0.002154996998137674
3690 0.0019032239628153252
3739 0.0031358622115112977
3796 0.002330883046126885
3819 0.0010701803716299584
3835 0.0019675558596446586
3872 0.003053075319732912
3912 0.0022094983602707827
3939 0.0030681759074842985
3953 0.0035388524925194374
3968 0.004101525381610991
3969 0.0010011653011569271
3970 0.001109925076453345
4001 0.0027950393921978723
4014 0.004555802108127429
4105 0.0033278318000775973
4107 0.007077704985038875
4191 0.003171946613745665
4207 0.002609273724654112
4376 0.0012561835479441461
4383 0.0010243970567137654
4388 0.004374661896897418
4389 0.0023575006893317638
4393 0.0013883157549805722
4399 0.0010537251043957149
4403 0.0023157322268649696
4451 0.003290954239669735
4461 0.001975968011470222
4475 0.003811989007805864
4482 0.001546217784620896
4500 0.0046536398390663895
4504 0.001299106253254255
4547 0.0012702404426845778
4578 0.0006510890225292873
4608 0.0042266595678364365
4609 0.0047893324569279905
4617 0.007986258438071752
4653 0.0007456685648704959
4660 0.001101243010947245
4677 0.0003018077898073812
4776 0.0047893324569279905
4787 0.004374661896897418
4798 0.0016639159000387987
4802 0.002244046782128751
4889 0.003290954239669735
4891 0.003993129219035876
4909 0.0015612974514396492
4915 0.003269428519890247
4924 0.001364082152804184
4936 0.001975968011470222
4940 0.006202627579306659
4951 0.0019032239628153252
5032 0.001151716346241737
5045 0.0016755127456486768
5061 0.003734619502837219
5073 0.002749929710484378
5082 0.0030363378901034003
5163 0.0027986054825341875
5165 0.0032493161187143104
5180 0.002280131184363119
5189 0.0047893324569279905
5198 0.002317894522845898
5223 0.0007663305252134749
5255 0.0019921835019486548
5261 0.0042266595678364365
5271 0.006762486720739675
5295 0.003227375178020396
5308 0.0022094983602707827
5379 0.0017236314458324725
5380 0.00042336591127716184
5381 0.0006379692963602752
5396 0.0010713932261228625
5415 0.005118474997218983
5431 0.0032188669218376756
5440 0.0013366946988382141
5448 0.0054143906996248145
5463 0.0017747831920312883
5510 0.004465660208354258
5539 0.004555802108127429
5546 0.003290954239669735
5551 0.001647191074441204
5565 0.003663986678744883
5623 0.0011216475240109804
5638 0.003993129219035876
5643 0.0016412076952171258
5703 0.0013288485548584115
5730 0.0015168736720793713
5740 0.002134181360534011
5744 0.007623978015611728
5754 0.004101525381610991
5787 0.0029476936846302452
5807 0.001317682930888236
5811 0.0008763947276527843
5812 0.001717458295271565
5819 0.0035388524925194374
5869 0.0036264513976624565
5929 0.0025055030183927444
5933 0.002609273724654112
5935 0.0009052704123323701
5939 0.0009860388003687156
5956 0.0027282813505781814
5982 0.0027721712493623367
5985 0.004115708213619535
6015 0.0016356285297041125
6052 0.0027950393921978723
6058 0.0036729318423912695
6077 0.004101525381610991
6080 0.002084364174045337
6082 0.003171946613745665
6083 0.002893555935218438
6115 0.0035104432675086886
6154 0.0023991388102871884
6165 0.002165608461486628
6277 0.004374661896897418
6336 0.004374661896897418
6357 0.0011216475240109804
6373 0.0025386409005617753
6411 0.00533319724282767
6412 0.003663986678744883
6430 0.0019374805064377603
6435 0.0024281335134241
6437 0.003005701598162897
6487 0.0042266595678364365
6491 0.00045390614199197646
6497 0.003482846467514871
6517 0.0016356285297041125
6547 0.002976179603427884
6572 0.0024736650010118467
6574 0.005011006036785489
6589 0.00109550612921327
6609 0.0027071953498124073
6637 0.004101525381610991
6643 0.0025557313294213456
6707 0.001317682930888236
6761 0.0016568480361037377
6762 0.009515839841236995
6823 0.001421795361165062
6827 0.0022679239560286185
6852 0.002123970340531203
6921 0.0015663869062723097
6932 0.0019930584403297915
6952 0.003993129219035876
6962 0.002371144126231763
6964 0.0042266595678364365
6993 0.0007974397429091621
7000 0.0010510146999186442
7035 0.002976179603427884
7088 0.0022925247897818348
7162 0.002371144126231763
7181 0.004247940681062406
7185 0.005118474997218983
7207 0.003171946613745665
7290 0.0022558975821867304
7291 0.002749929710484378
7292 0.002818570471278284
7337 0.003993129219035876
7348 0.002609273724654112
7384 0.004555802108127429
7385 0.002330883046126885
7390 0.002165608461486628
7461 0.003005701598162897
7484 0.0009525115010963056
7521 0.00318464821809224
7579 0.002958657393698432
7665 0.0019930584403297915
7676 0.002867783440852769
7680 0.0013761085266460716
7695 0.0011335417351434232
7821 0.0022679239560286185
7905 0.0010088355823509034
7943 0.0015216912849537838
7944 0.001273793032104081
7958 0.0018955294465633026
7959 0.0015818495716293
7961 0.0016581790183048239
7963 0.0034304563299443224
7988 0.003919457968239358
7996 0.0030433825699075676
8011 0.001988236023542381
8062 0.0013102011692925838
8097 0.0043527209562035036
8110 0.0013801572402096375
8157 0.007327973357489766
8159 0.005467043719341412
8163 0.002220851907396377
8235 0.004808455582275781
8258 0.003663986678744883
8308 0.003897517027545443
8350 0.0008195163055876428
8352 0.0022925247897818348
8384 0.005118474997218983
8537 0.029137602161089196
8538 0.015546186228793946
8542 0.0031358622115112977
8543 0.003734619502837219
8549 0.002818570471278284
8572 0.0079092478581465
8639 0.001081338834429139
8640 0.00369304770913257
8653 0.0036587524441963567
8658 0.003897517027545443
8664 0.001332856557471749
8679 0.0022037965959985093
8719 0.0015663869062723097
8723 0.0024045412040388813
8739 0.0014747553586303612
8754 0.001768210157035331
8764 0.0010898095066300825
8772 0.0033812433603698376
8814 0.0007382720181463525
8820 0.00118933382803798
8829 0.002749929710484378
8867 0.003847376416180991
8884 0.0019188353167681586
