84
145 5.786216925096193e-05
163 4.4209139343250144e-05
171 0.00015139340654708521
511 4.409901177660094e-05
535 8.236790279729728e-05
706 6.525271795805037e-05
707 9.496067334174995e-05
1223 0.00014849761844045535
1295 0.00020298083458234552
1412 6.804811807694473e-05
1821 0.00023971321052336105
1913 0.00014576429866269
1922 7.334292682143156e-06
2371 8.858094887998e-06
2373 4.532432364915004e-05
2434 0.00010536844412685977
2958 6.950834500520415e-05
2963 8.509658347491132e-05
3050 5.1064059112276297e-05
3051 7.910237522724487e-05
3113 6.165346047478709e-05
3134 0.0001228603508781383
3277 0.00017215710736717137
3354 0.00016508218077975113
3411 0.00016251677649793962
3647 8.094151528426567e-05
3649 0.0001347133110905388
3657 4.716346370617082e-05
3727 6.424444555902466e-05
3819 6.424444555902466e-05
4042 0.00012571095453322076
4314 3.1644758795232604e-05
4321 0.00010200632301179658
4670 7.541048004377448e-05
4933 2.564069103539461e-05
4942 6.804811807694473e-05
5044 0.00010058340652177312
5080 0.00010575674440844711
5240 0.0002734912621014559
5252 0.0002537323685808453
5273 0.00014665847838343454
5291 0.00011067500849334801
5292 0.0001347133110905388
5334 9.719791862251607e-05
5335 9.852402568908913e-05
5366 0.00013542473142615584
5379 2.541525611908456e-05
5380 3.8298201700263376e-05
5469 1.1433598200043818e-05
5810 5.261121850249547e-05
5811 0.00010310145735752775
5894 1.5848029138067838e-05
5896 1.6219082409210568e-05
5984 3.088397517794058e-05
6022 2.0770655001689466e-05
6035 9.818910047034337e-05
6038 0.00011663084820199027
6399 8.212725328354177e-05
6408 4.3989132524856074e-05
6409 0.00010575674440844711
6490 2.724862948448243e-05
6578 6.025437603138515e-05
6614 8.484211069037113e-05
6789 4.7516165565500014e-05
6796 8.260974660633398e-05
6885 5.131853189681648e-05
7178 3.714017269315804e-05
7251 7.689695691525318e-05
7435 0.00019041645403432799
7502 9.68719546813797e-05
7503 3.173002815645075e-05
7520 9.558947467904783e-05
7858 4.509923582401553e-05
7890 9.233159952796689e-06
7891 6.932340577943291e-05
7958 9.496067334174995e-05
8054 2.9805618738211806e-05
8442 8.001326955199571e-05
8535 0.00012341728754011654
8536 0.00014576429866269
8537 0.00015554326811050196
8571 9.496067334174995e-05
8704 0.00015139340654708521
8866 3.8493910507496085e-05
