252
49 0.00017065756051371745
53 0.00010200632301179658
58 3.9886331735258645e-05
68 3.241760820520544e-05
77 8.691610145495967e-05
80 0.0001376235146469122
97 8.612797493712278e-05
138 5.5304247721948624e-05
140 0.00021244233432427055
148 0.00010614816360120087
149 0.00015139340654708521
276 4.8109734749355606e-05
328 5.502814824397996e-05
344 9.164022082905678e-05
357 0.00023971321052336105
430 2.1595466130645556e-05
459 8.798716495431228e-05
463 2.104404381130732e-05
503 0.00030726931367955075
509 1.4811799641107606e-05
535 8.236790279729728e-05
723 6.212889280683989e-05
726 6.4078409870285e-05
955 0.00020908021320920737
963 0.00013614669170503938
965 0.0001391464957049546
969 0.00010536844412685977
977 0.00010384546306881737
979 0.0001415241100530177
994 0.00019041645403432799
1011 8.56095506062492e-05
1057 9.988723143186235e-05
1126 4.895306850942043e-05
1130 8.665197383001834e-05
1177 0.00010347204034115494
1193 0.00015447220461114937
1194 0.0001027336712532598
1290 0.0001664173719040451
1295 0.00020298083458234552
1306 4.5550455969092306e-05
1365 6.733409171295719e-05
1412 6.804811807694473e-05
1521 0.00011110817958998604
1548 0.0001753021616311125
1578 0.00010856509334268535
1610 9.590694438493474e-05
1674 0.00014944388948364012
1706 3.382257549850835e-05
1713 4.787143878550288e-05
1721 0.0001399262151792957
1729 0.00010200632301179658
1767 0.00018418695135817993
1798 0.00010498321344481378
1800 0.00011333374567896404
1832 0.00023397347506023475
1913 0.00014576429866269
1922 7.334292682143156e-06
2040 4.7398314413738584e-05
2073 0.00010939812948263226
2294 8.535239208071232e-05
2298 0.00017695423263882194
2319 0.0001228603508781383
2371 8.858094887998e-06
2373 4.532432364915004e-05
2374 8.586807337437805e-05
2384 3.364472337590274e-05
2434 0.00010536844412685977
2439 5.502814824397996e-05
2479 0.00013542473142615584
2493 2.5565430128539482e-05
2539 0.00023397347506023475
2540 0.00030726931367955075
2563 2.4450245822639586e-05
2564 4.692973938522239e-05
2580 8.992010952057247e-05
2586 9.502842032885344e-06
2718 8.88061998220748e-05
2817 0.0001275049519955334
2843 7.33626397641186e-05
2850 9.252359415714085e-05
2986 0.00020908021320920737
3031 8.691610145495967e-05
3050 5.1064059112276297e-05
3051 7.910237522724487e-05
3194 0.0002537323685808453
3212 7.356359438910525e-05
3214 8.001326955199571e-05
3277 0.00017215710736717137
3411 0.00016251677649793962
3465 5.7716484755306535e-05
3474 0.00011862016226846598
3545 6.071628875522179e-05
3564 0.00010774605847492284
3565 0.0001423431449207802
3576 5.3536945098705395e-05
3582 0.00010815385522706535
3583 0.00011663084820199027
3605 5.380470086849468e-05
3627 6.491430390704548e-05
3647 8.094151528426567e-05
3649 0.0001347133110905388
3719 2.489326185102742e-05
3723 6.859058854884968e-05
3727 6.424444555902466e-05
3731 5.3138049876864844e-05
3746 1.903006184883404e-05
3766 5.131853189681648e-05
3791 0.00020019542348213994
3875 3.285232498188492e-05
4094 0.00010694056199521868
4108 9.654815662959692e-05
4143 0.0001376235146469122
4144 0.00013837905578907654
4203 0.00011614595437539213
4296 9.527405980765772e-05
4314 3.1644758795232604e-05
4315 7.256700694753944e-05
4329 3.676019862375966e-05
4345 5.131853189681648e-05
4381 4.3226837668107787e-05
4382 6.14960082295629e-05
4453 3.6854914742017664e-05
4475 0.0002199543170027505
4502 6.424444555902466e-05
4503 7.798719092134497e-05
4577 3.9085797470059324e-05
4619 0.00010856509334268535
4621 0.00022419450561242282
4659 6.610917985376751e-05
4676 1.811794967986411e-05
4834 1.7286007534181456e-05
4839 3.088397517794058e-05
4846 4.681329625334851e-05
4853 8.535239208071232e-05
4933 2.564069103539461e-05
4939 0.00018617626542465564
4972 4.681329625334851e-05
5044 0.00010058340652177312
5166 0.0001347133110905388
5168 0.00014488623116808087
5192 8.001326955199571e-05
5222 2.3001954162320978e-05
5254 5.9796800580258657e-05
5270 0.00020298083458234552
5273 0.00014665847838343454
5395 3.215862746722012e-05
5427 3.490353872923123e-05
5434 7.159039254876493e-05
5535 0.00014944388948364012
5536 0.00018418695135817993
5537 0.00022883910672981793
5570 0.0001347133110905388
5588 6.913916575845257e-05
5631 0.00015663840245623315
5797 5.544288630052885e-05
5931 0.00014665847838343454
5984 3.088397517794058e-05
5985 7.52017798211394e-05
5987 7.798719092134497e-05
5988 7.044371782011974e-05
6022 2.0770655001689466e-05
6064 0.00010498321344481378
6067 0.00016378259903044513
6069 0.0001786642827461757
6084 7.843020694973282e-05
6087 0.00010236864012694453
6197 5.5304247721948624e-05
6199 0.0001251273376474703
6408 4.3989132524856074e-05
6409 0.00010575674440844711
6410 0.00016007969731333051
6490 2.724862948448243e-05
6491 7.604199766141655e-05
6507 6.212889280683989e-05
6568 3.9584588186023764e-05
6578 6.025437603138515e-05
6586 5.24803957997587e-05
6588 6.576478670658657e-05
6590 8.691610145495967e-05
6593 7.754816608258265e-05
6595 7.66818067754729e-05
6614 8.484211069037113e-05
6661 5.889434094657216e-05
6667 0.00012069415303305452
6668 0.00017695423263882194
6675 5.7716484755306535e-05
6684 0.0001251273376474703
6687 6.196989942762013e-05
6712 6.025437603138515e-05
6761 0.00019041645403432799
6833 2.7093186202753706e-05
6848 0.00012122674224136485
6868 0.00016508218077975113
6885 5.131853189681648e-05
6934 0.00010200632301179658
6960 3.259102983841739e-05
6962 0.00010460100421098168
6963 0.0002537323685808453
6992 4.787143878550288e-05
6995 7.843020694973282e-05
6996 0.00018617626542465564
7021 0.0001677901789526326
7067 3.508605365233e-05
7073 5.516600244482883e-05
7087 0.0001376235146469122
7139 6.196989942762013e-05
7178 3.714017269315804e-05
7346 8.070779096331723e-05
7384 0.0001399262151792957
7392 5.274239335290522e-05
7559 8.509658347491132e-05
7563 0.00017695423263882194
7614 0.00014665847838343454
7651 0.00011566583790554528
7784 7.082295263288685e-05
7858 4.509923582401553e-05
7890 9.233159952796689e-06
7904 6.056183085252843e-05
7922 0.00010774605847492284
7962 0.0002059351589452662
7976 0.0002537323685808453
8054 2.9805618738211806e-05
8058 8.853165584237468e-05
8059 0.00011425323385392718
8060 0.0001147195668623605
8069 5.287392225192349e-05
8077 0.0001300045474523503
8088 8.509658347491132e-05
8090 9.558947467904783e-05
8096 0.00013065000625947455
8128 0.00013332088986277624
8144 1.8182537399726556e-05
8158 0.00010939812948263226
8234 4.8109734749355606e-05
8241 0.0002734912621014559
8242 0.0002875104201589402
8351 0.0001376235146469122
8489 0.00013837905578907654
8516 8.024367862190805e-05
8526 0.00010939812948263226
8535 0.00012341728754011654
8536 0.00014576429866269
8537 0.00015554326811050196
8571 9.496067334174995e-05
8639 3.69498153124238e-05
8678 4.409901177660094e-05
8717 9.106007793564448e-05
8718 9.403242760948e-05
8753 0.00010614816360120087
8829 0.00011663084820199027
8882 0.0001147195668623605
8883 0.00011519040557349246
