570
14 0.0001275049519955334
15 6.0101372993599195e-05
35 0.00015139340654708521
37 0.00017695423263882194
53 0.00010200632301179658
60 0.00017215710736717137
62 0.00014576429866269
68 3.241760820520544e-05
77 8.691610145495967e-05
80 0.0001376235146469122
132 8.334256383691721e-05
145 5.786216925096193e-05
146 0.000101646679848061
148 0.00010614816360120087
149 0.00015139340654708521
158 1.722259642893919e-05
161 8.88061998220748e-05
163 4.4209139343250144e-05
196 8.935997200289977e-05
276 4.8109734749355606e-05
277 5.502814824397996e-05
295 6.969398876306011e-05
328 5.502814824397996e-05
341 0.0002462203859023654
344 9.164022082905678e-05
357 0.00023971321052336105
412 6.391293797104737e-05
413 7.562007790453742e-05
418 0.0002059351589452662
419 0.00022419450561242282
430 2.1595466130645556e-05
436 6.181142310095298e-05
443 5.859719717528758e-05
446 0.00010058340652177312
459 8.798716495431228e-05
473 4.858985121920245e-05
494 0.00010815385522706535
509 1.4811799641107606e-05
510 0.00019041645403432799
511 4.409901177660094e-05
535 8.236790279729728e-05
538 0.00020019542348213994
569 0.0001415241100530177
632 6.4078409870285e-05
633 0.00010058340652177312
645 6.341986704442123e-05
653 0.00015775871449691997
692 0.00015342417653056774
706 6.525271795805037e-05
707 9.496067334174995e-05
723 6.212889280683989e-05
726 6.4078409870285e-05
732 0.00011614595437539213
735 0.00017370426675739054
751 0.00011614595437539213
872 6.593667904531496e-05
884 0.00012936752625714268
886 0.0001677901789526326
891 5.757123449128065e-05
897 0.00014488623116808087
977 0.00010384546306881737
979 0.0001415241100530177
1011 8.56095506062492e-05
1013 0.00030726931367955075
1014 0.00017695423263882194
1060 0.00020908021320920737
1122 0.00030726931367955075
1126 4.895306850942043e-05
1130 8.665197383001834e-05
1135 0.00010774605847492284
1139 0.0001415241100530177
1140 3.8493910507496085e-05
1162 0.0002462203859023654
1173 9.077257605451787e-05
1177 0.00010347204034115494
1196 0.00019268344080366
1223 0.00014849761844045535
1234 2.8271279696782107e-05
1260 0.00017215710736717137
1264 0.0002462203859023654
1265 6.576478670658657e-05
1295 0.00020298083458234552
1306 4.5550455969092306e-05
1310 8.285279662389543e-05
1312 0.00011243128604527755
1350 6.374802604546662e-05
1365 6.733409171295719e-05
1367 0.0001275049519955334
1412 6.804811807694473e-05
1455 0.00023971321052336105
1494 0.00014576429866269
1495 0.00019041645403432799
1497 6.663037655997976e-05
1500 0.00010310145735752775
1517 9.106007793564448e-05
1519 0.0001376235146469122
1583 8.88061998220748e-05
1586 0.00017695423263882194
1649 8.744869066327002e-05
1651 0.0001753021616311125
1653 0.00023971321052336105
1682 0.00015447220461114937
1684 0.00020908021320920737
1695 0.00014576429866269
1706 3.382257549850835e-05
1713 4.787143878550288e-05
1722 8.117636599183342e-05
1727 0.0002537323685808453
1729 0.00010200632301179658
1750 0.0001245506276326127
1777 4.871062309639001e-05
1798 0.00010498321344481378
1800 0.00011333374567896404
1832 0.00023397347506023475
1848 6.508321716976057e-05
1901 0.00011243128604527755
1913 0.00014576429866269
1922 7.334292682143156e-06
1929 4.2158123180710165e-05
1931 7.754816608258265e-05
1936 0.00011024565393173974
1937 0.0002537323685808453
1949 0.00012571095453322076
1970 0.00012122674224136485
1973 0.0001275049519955334
2032 0.00011024565393173974
2040 4.7398314413738584e-05
2072 0.0002875104201589402
2123 0.00011243128604527755
2141 0.00030726931367955075
2144 0.0001263016457352357
2146 0.0001347133110905388
2156 0.0002734912621014559
2186 0.00023397347506023475
2303 0.0002059351589452662
2316 0.00012341728754011654
2319 0.0001228603508781383
2341 8.744869066327002e-05
2371 8.858094887998e-06
2384 3.364472337590274e-05
2391 2.4157123570420575e-05
2402 8.825864993225359e-05
2434 0.00010536844412685977
2439 5.502814824397996e-05
2448 8.825864993225359e-05
2463 0.00017370426675739054
2466 0.00010939812948263226
2471 0.0002462203859023654
2493 2.5565430128539482e-05
2500 0.00015447220461114937
2550 5.3403616896513294e-05
2563 2.4450245822639586e-05
2564 4.692973938522239e-05
2580 8.992010952057247e-05
2586 9.502842032885344e-06
2607 3.3290954653437934e-05
2612 8.001326955199571e-05
2615 0.0002199543170027505
2618 4.846937791309118e-05
2626 0.0001287387249198448
2654 0.00013332088986277624
2675 0.00010694056199521868
2718 8.88061998220748e-05
2719 0.0002734912621014559
2744 7.52017798211394e-05
2910 0.00016007969731333051
2911 0.00030726931367955075
2945 0.0001196461249524729
2949 0.0002537323685808453
2955 4.7516165565500014e-05
2976 5.461691012835996e-05
2987 0.00014071861357331354
3042 0.0001287387249198448
3043 0.00030726931367955075
3050 5.1064059112276297e-05
3051 7.910237522724487e-05
3052 0.00011379132113009053
3053 0.00019756065060853997
3097 0.00012230970742046953
3103 0.00012122674224136485
3113 6.165346047478709e-05
3149 7.541048004377448e-05
3150 7.604199766141655e-05
3187 0.00019756065060853997
3194 0.0002537323685808453
3212 7.356359438910525e-05
3214 8.001326955199571e-05
3308 0.00012571095453322076
3321 0.00011761535496899039
3332 0.00021244233432427055
3411 0.00016251677649793962
3413 8.001326955199571e-05
3414 9.852402568908913e-05
3415 0.00015663840245623315
3421 8.586807337437805e-05
3456 0.00023971321052336105
3517 0.0001523982138465608
3564 0.00010774605847492284
3565 0.0001423431449207802
3572 5.234992335902794e-05
3586 6.228840662358072e-05
3596 8.285279662389543e-05
3605 5.380470086849468e-05
3613 0.00030726931367955075
3625 0.0001431761810607271
3627 6.491430390704548e-05
3628 7.733012801189119e-05
3647 8.094151528426567e-05
3649 0.0001347133110905388
3657 4.716346370617082e-05
3664 0.0001431761810607271
3675 0.00011519040557349246
3676 0.00012936752625714268
3686 0.00022419450561242282
3687 0.00022883910672981793
3723 6.859058854884968e-05
3727 6.424444555902466e-05
3731 5.3138049876864844e-05
3743 3.233112827567267e-05
3746 1.903006184883404e-05
3766 5.131853189681648e-05
3875 3.285232498188492e-05
3887 5.5861184383926875e-05
3932 4.895306850942043e-05
3943 7.689695691525318e-05
3951 9.920086195142229e-05
3954 0.00010774605847492284
3994 0.0001147195668623605
4005 9.222735356398462e-05
4040 0.00018418695135817993
4042 0.00012571095453322076
4085 0.00019506105515172307
4105 9.988723143186235e-05
4107 0.00021244233432427055
4108 9.654815662959692e-05
4143 0.0001376235146469122
4144 0.00013837905578907654
4220 4.3879500470736716e-05
4247 4.846937791309118e-05
4249 0.00013542473142615584
4250 8.612797493712278e-05
4286 0.0001228603508781383
4288 0.0001423431449207802
4290 5.656642719180506e-05
4314 3.1644758795232604e-05
4329 3.676019862375966e-05
4332 8.117636599183342e-05
4334 0.00017065756051371745
4335 0.00030726931367955075
4345 5.131853189681648e-05
4348 8.212725328354177e-05
4363 7.025520142447097e-05
4368 0.00022883910672981793
4375 7.541048004377448e-05
4381 4.3226837668107787e-05
4382 6.14960082295629e-05
4398 6.325661252824365e-05
4402 6.950834500520415e-05
4406 6.508321716976057e-05
4409 0.0002462203859023654
4410 0.00030726931367955075
4453 3.6854914742017664e-05
4460 0.00011862016226846598
4474 0.00022883910672981793
4475 0.0002199543170027505
4485 7.159039254876493e-05
4492 6.969398876306011e-05
4495 3.207260550754382e-05
4502 6.424444555902466e-05
4503 7.798719092134497e-05
4525 9.818910047034337e-05
4533 5.685140711216779e-05
4546 7.625433537211054e-05
4565 0.00013837905578907654
4567 6.341986704442123e-05
4607 0.0002537323685808453
4616 0.00023971321052336105
4652 4.476354154013861e-05
4659 6.610917985376751e-05
4676 1.811794967986411e-05
4679 0.00012122674224136485
4699 3.676019862375966e-05
4703 0.00012069415303305452
4705 0.00014071861357331354
4712 8.484211069037113e-05
4718 0.0001147195668623605
4723 9.106007793564448e-05
4724 0.00016128300357362823
4759 5.0810908270240366e-05
4775 0.0002875104201589402
4818 9.048676041112919e-05
4831 0.00013065000625947455
4832 0.0001347133110905388
4833 0.0001431761810607271
4834 1.7286007534181456e-05
4839 3.088397517794058e-05
4846 4.681329625334851e-05
4878 6.969398876306011e-05
4888 0.00019756065060853997
4894 0.00014849761844045535
4911 6.341986704442123e-05
4913 6.457822376461287e-05
4914 6.542281037332744e-05
4923 8.188778632745044e-05
4933 2.564069103539461e-05
4939 0.00018617626542465564
4972 4.681329625334851e-05
5043 0.00010422176939821458
5044 0.00010058340652177312
5059 0.00016508218077975113
5060 0.00022419450561242282
5081 0.00018227567001855016
5161 5.502814824397996e-05
5162 5.6001418804450566e-05
5177 6.196989942762013e-05
5181 0.00016007969731333051
5217 7.159039254876493e-05
5222 2.3001954162320978e-05
5254 5.9796800580258657e-05
5270 0.00020298083458234552
5273 0.00014665847838343454
5294 9.68719546813797e-05
5316 0.00016378259903044513
5327 0.00014944388948364012
5379 2.541525611908456e-05
5380 3.8298201700263376e-05
5385 0.00011519040557349246
5395 3.215862746722012e-05
5411 8.164949036359771e-05
5425 0.00020019542348213994
5427 3.490353872923123e-05
5429 0.00023397347506023475
5430 6.441104889224853e-05
5439 8.024367862190805e-05
5448 9.954283828468142e-05
5462 0.00010654275221462514
5469 1.1433598200043818e-05
5509 8.935997200289977e-05
5558 9.68719546813797e-05
5563 0.00016128300357362823
5564 0.0002199543170027505
5570 0.0001347133110905388
5577 0.00018227567001855016
5676 9.312153328472917e-05
5687 2.724862948448243e-05
5699 8.260974660633398e-05
5700 0.00010575674440844711
5701 0.00010575674440844711
5702 3.9886331735258645e-05
5738 9.19329029551259e-05
5774 0.0001677901789526326
5797 5.544288630052885e-05
5810 5.261121850249547e-05
5820 0.00019756065060853997
5822 9.134928606937549e-05
5858 6.663037655997976e-05
5888 8.358930576913648e-05
5891 0.00010310145735752775
5892 0.00011712061541501202
5894 1.5848029138067838e-05
5907 0.0001786642827461757
5934 5.434466680855229e-05
5955 0.00016378259903044513
5975 0.00010460100421098168
5984 3.088397517794058e-05
5985 7.52017798211394e-05
5987 7.798719092134497e-05
5988 7.044371782011974e-05
5996 0.0001431761810607271
6022 2.0770655001689466e-05
6057 0.00011024565393173974
6084 7.843020694973282e-05
6087 0.00010236864012694453
6131 0.00016378259903044513
6132 0.00016508218077975113
6197 5.5304247721948624e-05
6199 0.0001251273376474703
6208 0.0001228603508781383
6218 9.464928935894339e-05
6242 3.105201474962982e-05
6254 8.141235399539764e-05
6259 0.0002734912621014559
6262 0.0001128804268053397
6264 4.7398314413738584e-05
6277 0.00011067500849334801
6292 8.853165584237468e-05
6325 0.00015890538922556517
6348 9.590694438493474e-05
6356 6.733409171295719e-05
6357 0.00030726931367955075
6408 4.3989132524856074e-05
6409 0.00010575674440844711
6429 5.815485137703107e-05
6485 0.00019268344080366
6490 2.724862948448243e-05
6491 7.604199766141655e-05
6495 0.00017215710736717137
6507 6.212889280683989e-05
6512 0.0001431761810607271
6540 6.040786096929821e-05
6545 0.0001677901789526326
6568 3.9584588186023764e-05
6569 4.981125419104163e-05
6571 0.00014849761844045535
6572 0.00011614595437539213
6573 0.0001504088997800851
6578 6.025437603138515e-05
6586 5.24803957997587e-05
6588 6.576478670658657e-05
6593 7.754816608258265e-05
6595 7.66818067754729e-05
6614 8.484211069037113e-05
6638 9.282164663063054e-05
6639 0.00023971321052336105
6665 0.00012936752625714268
6675 5.7716484755306535e-05
6687 6.196989942762013e-05
6709 0.00017370426675739054
6712 6.025437603138515e-05
6746 0.00019268344080366
6747 0.00022883910672981793
6753 0.00011862016226846598
6755 0.00015890538922556517
6760 1.9892587507080337e-05
6761 0.00019041645403432799
6789 4.7516165565500014e-05
6796 8.260974660633398e-05
6815 7.178415593526694e-05
6822 8.535239208071232e-05
6864 0.00026261715830791277
6885 5.131853189681648e-05
6893 9.252359415714085e-05
6894 9.252359415714085e-05
6960 3.259102983841739e-05
6962 0.00010460100421098168
6972 6.133906307779394e-05
6992 4.787143878550288e-05
6995 7.843020694973282e-05
6996 0.00018617626542465564
7067 3.508605365233e-05
7133 0.00018617626542465564
7139 6.196989942762013e-05
7165 6.628229345501092e-05
7174 7.256700694753944e-05
7178 3.714017269315804e-05
7180 0.0001275049519955334
7197 0.00011198624708459517
7199 0.00021605372159664503
7303 0.00020298083458234552
7321 3.8200641252257444e-05
7369 9.372690041743856e-05
7392 5.274239335290522e-05
7406 6.698096388147314e-05
7408 8.691610145495967e-05
7435 0.00019041645403432799
7455 0.00023397347506023475
7482 2.5340342303404983e-05
7483 2.8590308184836374e-05
7488 0.00018418695135817993
7540 0.0002059351589452662
7550 0.00019756065060853997
7552 0.000126899584862824
7554 8.260974660633398e-05
7577 8.853165584237468e-05
7578 8.88061998220748e-05
7614 0.00014665847838343454
7660 0.00011913044365880717
7666 0.00014944388948364012
7667 0.00026261715830791277
7677 6.988034244141115e-05
7745 0.00019041645403432799
7775 0.00010536844412685977
7784 7.082295263288685e-05
7816 0.00014071861357331354
7818 2.996997446737178e-05
7843 0.00012571095453322076
7847 0.00015775871449691997
7858 4.509923582401553e-05
7862 9.077257605451787e-05
7890 9.233159952796689e-06
7893 5.131853189681648e-05
7904 6.056183085252843e-05
7915 0.00018617626542465564
7922 0.00010774605847492284
7938 4.907474504580058e-05
7942 9.134928606937549e-05
7943 7.64676023536449e-05
7958 9.496067334174995e-05
7981 6.950834500520415e-05
7987 7.843020694973282e-05
8009 2.7093186202753706e-05
8010 3.97855428110104e-05
8020 0.00016920278300425065
8042 6.663037655997976e-05
8054 2.9805618738211806e-05
8055 0.00016508218077975113
8068 0.00011379132113009053
8069 5.287392225192349e-05
8096 0.00013065000625947455
8105 0.0001281179340087181
8109 8.285279662389543e-05
8137 8.63892700805903e-05
8144 1.8182537399726556e-05
8158 0.00010939812948263226
8162 0.00013332088986277624
8203 0.0002059351589452662
8204 5.1064059112276297e-05
8209 0.00015890538922556517
8234 4.8109734749355606e-05
8235 0.0002199543170027505
8241 0.0002734912621014559
8242 0.0002875104201589402
8257 0.0002199543170027505
8275 0.00016007969731333051
8342 0.00016251677649793962
8349 4.919672615455441e-05
8351 0.0001376235146469122
8366 0.0002462203859023654
8367 0.0001786642827461757
8404 0.00030726931367955075
8442 8.001326955199571e-05
8487 0.00012571095453322076
8503 7.256700694753944e-05
8516 8.024367862190805e-05
8526 0.00010939812948263226
8531 9.752607762356147e-05
8532 0.0001002340757964429
8535 0.00012341728754011654
8536 0.00014576429866269
8537 0.00015554326811050196
8539 7.955569410086921e-05
8570 0.00021244233432427055
8571 9.496067334174995e-05
8574 0.0002734912621014559
8590 0.00013614669170503938
8622 0.0002199543170027505
8623 0.00026261715830791277
8639 3.69498153124238e-05
8642 9.164022082905678e-05
8648 0.00016128300357362823
8654 0.0002537323685808453
8655 0.00026261715830791277
8661 7.843020694973282e-05
8663 8.001326955199571e-05
8676 0.0001423431449207802
8678 4.409901177660094e-05
8689 0.0001523982138465608
8695 4.476354154013861e-05
8699 0.0001664173719040451
8704 0.00015139340654708521
8717 9.106007793564448e-05
8718 9.403242760948e-05
8738 8.853165584237468e-05
8753 0.00010614816360120087
8779 0.0001475693727081854
8781 8.63892700805903e-05
8783 0.00018617626542465564
8813 4.431951634967444e-05
8814 9.988723143186235e-05
8818 7.139739654402146e-05
8819 7.139739654402146e-05
8824 0.00011712061541501202
8827 0.0001415241100530177
8829 0.00011663084820199027
8834 0.0001391464957049546
8854 0.00023971321052336105
8863 0.0001664173719040451
8866 3.8493910507496085e-05
8882 0.0001147195668623605
8883 0.00011519040557349246
