122
9 0.011482881804700643
82 0.008537344010512713
124 0.015823635488443254
183 0.03444864541410193
318 0.004978320981401512
405 0.006101669620041893
406 0.008022766912011205
521 0.012631164132213851
549 0.0034761219261030944
692 0.007858139432416205
726 0.0032819930388734474
785 0.009357526867244531
796 0.010253687437200178
858 0.011078932848087428
872 0.01013151178710081
897 0.00742083961017205
1164 0.004319611432447765
1368 0.011720770799862858
1390 0.0033248061863194785
1468 0.006513306550102583
1617 0.010253687437200178
1712 0.007355694180282787
1900 0.005758549547330537
2177 0.007805591274715804
2183 0.006725186203707822
2211 0.00906331104182288
2325 0.006101669620041893
2375 0.012277724897610308
2389 0.007465812814263755
2465 0.00560319614913344
2578 0.006725186203707822
2586 0.007654275534932188
2659 0.0080801474919342
2684 0.0039718922765975655
2705 0.010396351711481972
2733 0.01718788591753864
2764 0.006625996517262387
2929 0.007805591274715804
2939 0.004051496367960955
2954 0.0024337015374697474
2975 0.0027973902474939306
3050 0.004051496367960955
3154 0.013450828246207577
3329 0.010253687437200178
3363 0.03147567958059949
3656 0.002415636715801117
3731 0.005443290810374936
3732 0.005456948320326087
3733 0.005781553814305674
3819 0.003290497119666826
3901 0.005318797510743106
3954 0.0055185797306236345
3970 0.017063503330532748
3974 0.005187893977124887
4221 0.002247437403420722
4296 0.012473236893526578
4382 0.002214009064932049
4389 0.014497274353936707
4451 0.010118738610478782
4485 0.006236618446763289
4568 0.0032482635350567926
4677 0.0027839166818439467
4835 0.0017707229786738522
4915 0.003350851069236173
4926 0.010253687437200178
4943 0.010455945315547093
5032 0.003541196811720283
5124 0.0072905868249080056
5147 0.012995763613749961
5166 0.010253687437200178
5234 0.01466650719095632
5361 0.00742083961017205
5371 0.005713167473502757
5381 0.003923144523594796
5456 0.004562652019321766
5474 0.0064088208799669855
5510 0.009153747936664859
5695 0.0080801474919342
5766 0.007966675893108009
5775 0.00859394295876932
5811 0.0026946619499668943
5818 0.00906331104182288
5897 0.0008307153013269227
5913 0.010754142508277935
5982 0.00852362999085546
6006 0.016745314783275442
6096 0.008978694623313072
6161 0.0040747146311893466
6178 0.007911817744221627
6378 0.005477323497134419
6388 0.004895939070917668
6409 0.0022530525808133178
6453 0.0044247193963116134
6469 0.002391751889530096
6761 0.0050943316052614925
6764 0.003726890873981368
6769 0.014007782343955028
6824 0.012473236893526578
6831 0.014007782343955028
6834 0.002775338798148747
6909 0.004576873968332429
7074 0.005651027744693271
7252 0.003938538390969749
7306 0.00845524365005254
7328 0.006024069215423232
7356 0.00881761000492087
7514 0.012277724897610308
7666 0.0053380713153844146
7816 0.00845524365005254
7848 0.0080801474919342
7958 0.005828208355812453
8043 0.006825401332213099
8235 0.009856412783592118
8236 0.011265706167405243
8356 0.008388681164134063
8448 0.002100414485873847
8524 0.016398048993751742
8640 0.0018925100808294302
8664 0.004098150909467734
8750 0.011983744883544896
8872 0.01079507508784285
8873 0.026690356576922074
