261
58 3.9886331735258645e-05
82 8.334256383691721e-05
122 0.0001523982138465608
124 0.00015447220461114937
132 8.334256383691721e-05
134 0.0001376235146469122
158 1.722259642893919e-05
160 3.6009024944890365e-05
163 4.4209139343250144e-05
225 4.311890533715833e-05
276 4.8109734749355606e-05
277 5.502814824397996e-05
338 0.0001391464957049546
378 7.955569410086921e-05
401 0.00010939812948263226
404 0.00011913044365880717
405 0.00011913044365880717
430 2.1595466130645556e-05
436 6.181142310095298e-05
443 5.859719717528758e-05
463 2.104404381130732e-05
521 6.165346047478709e-05
575 8.825864993225359e-05
632 6.4078409870285e-05
645 6.341986704442123e-05
692 0.00015342417653056774
723 6.212889280683989e-05
726 6.4078409870285e-05
765 7.499396958083494e-05
785 9.134928606937549e-05
821 0.00011243128604527755
829 0.00015890538922556517
841 0.00014576429866269
861 7.316251041712385e-05
872 6.593667904531496e-05
878 0.0001440237055098346
1083 7.178415593526694e-05
1096 6.950834500520415e-05
1126 4.895306850942043e-05
1130 8.665197383001834e-05
1140 3.8493910507496085e-05
1216 4.5550455969092306e-05
1217 9.818910047034337e-05
1365 6.733409171295719e-05
1391 6.491430390704548e-05
1418 6.424444555902466e-05
1469 6.358367031630664e-05
1497 6.663037655997976e-05
1506 0.0001523982138465608
1507 0.00016378259903044513
1540 0.00016007969731333051
1569 9.920086195142229e-05
1578 0.00010856509334268535
1623 0.0001664173719040451
1706 3.382257549850835e-05
1713 4.787143878550288e-05
1848 6.508321716976057e-05
1922 7.334292682143156e-06
1929 4.2158123180710165e-05
1931 7.754816608258265e-05
1932 0.0001275049519955334
1961 0.0001523982138465608
2040 4.7398314413738584e-05
2234 0.00016251677649793962
2294 8.535239208071232e-05
2371 8.858094887998e-06
2376 0.00023971321052336105
2466 0.00010939812948263226
2526 8.070779096331723e-05
2563 2.4450245822639586e-05
2564 4.692973938522239e-05
2586 9.502842032885344e-06
2618 4.846937791309118e-05
2660 0.00015775871449691997
2682 0.00015342417653056774
2685 7.754816608258265e-05
2744 7.52017798211394e-05
2843 7.33626397641186e-05
2850 9.252359415714085e-05
2940 7.910237522724487e-05
2955 4.7516165565500014e-05
2976 5.461691012835996e-05
2999 0.00023971321052336105
3000 0.0002462203859023654
3050 5.1064059112276297e-05
3051 7.910237522724487e-05
3067 0.00010093525951244397
3332 0.00021244233432427055
3343 0.00011614595437539213
3372 6.542281037332744e-05
3375 0.00010236864012694453
3413 8.001326955199571e-05
3414 9.852402568908913e-05
3465 5.7716484755306535e-05
3473 0.00014665847838343454
3498 0.00019756065060853997
3540 0.00013542473142615584
3542 0.0001431761810607271
3576 5.3536945098705395e-05
3600 0.0001002340757964429
3654 6.663037655997976e-05
3657 4.716346370617082e-05
3719 2.489326185102742e-05
3724 5.7716484755306535e-05
3727 6.424444555902466e-05
3731 5.3138049876864844e-05
3732 0.00010654275221462514
3733 0.0001128804268053397
3743 3.233112827567267e-05
3746 1.903006184883404e-05
3832 3.3290954653437934e-05
3872 9.164022082905678e-05
3882 0.00012016732165868515
3884 8.433711728522342e-05
3969 6.0101372993599195e-05
3970 6.663037655997976e-05
3974 0.00010128967145643295
3996 7.417147870601431e-05
3997 0.0001347133110905388
4148 0.00016007969731333051
4189 4.981125419104163e-05
4195 0.00016251677649793962
4211 0.00023971321052336105
4220 4.3879500470736716e-05
4290 5.656642719180506e-05
4291 7.843020694973282e-05
4295 0.00012176521653240713
4308 7.955569410086921e-05
4453 3.6854914742017664e-05
4485 7.159039254876493e-05
4495 3.207260550754382e-05
4516 0.00011663084820199027
4563 4.728074758348793e-05
4577 3.9085797470059324e-05
4652 4.476354154013861e-05
4676 1.811794967986411e-05
4699 3.676019862375966e-05
4723 9.106007793564448e-05
4834 1.7286007534181456e-05
4839 3.088397517794058e-05
4842 0.00015554326811050196
4846 4.681329625334851e-05
4911 6.341986704442123e-05
4913 6.457822376461287e-05
4914 6.542281037332744e-05
4923 8.188778632745044e-05
4925 0.00020019542348213994
5024 6.025437603138515e-05
5031 6.913916575845257e-05
5177 6.196989942762013e-05
5289 0.0001300045474523503
5316 0.00016378259903044513
5369 7.562007790453742e-05
5370 0.00011154523568104574
5379 2.541525611908456e-05
5380 3.8298201700263376e-05
5430 6.441104889224853e-05
5455 8.908229930004346e-05
5473 0.0001251273376474703
5509 8.935997200289977e-05
5550 4.944160821510571e-05
5554 0.0001440237055098346
5555 0.0001440237055098346
5575 0.00017065756051371745
5576 0.00023971321052336105
5687 2.724862948448243e-05
5702 3.9886331735258645e-05
5726 0.00013614669170503938
5729 9.106007793564448e-05
5731 0.0001415241100530177
5797 5.544288630052885e-05
5806 7.910237522724487e-05
5858 6.663037655997976e-05
5862 6.610917985376751e-05
5947 0.00015342417653056774
5948 0.00019506105515172307
5998 0.00014488623116808087
6218 9.464928935894339e-05
6242 3.105201474962982e-05
6278 0.00011566583790554528
6377 0.00010694056199521868
6453 0.00023971321052336105
6540 6.040786096929821e-05
6568 3.9584588186023764e-05
6569 4.981125419104163e-05
6577 0.00010897983139923425
6578 6.025437603138515e-05
6586 5.24803957997587e-05
6588 6.576478670658657e-05
6592 0.0002875104201589402
6610 0.0002462203859023654
6619 5.7716484755306535e-05
6623 0.00010460100421098168
6624 0.00011663084820199027
6625 0.00011811516886331826
6679 9.527405980765772e-05
6680 9.558947467904783e-05
6706 7.910237522724487e-05
6707 0.00016251677649793962
6760 1.9892587507080337e-05
6762 7.139739654402146e-05
6763 7.27647006365303e-05
6784 9.68719546813797e-05
6785 0.0001228603508781383
6823 0.00012176521653240713
6831 0.00011198624708459517
6833 2.7093186202753706e-05
6848 0.00012122674224136485
6905 2.9805618738211806e-05
6929 5.904359505253569e-05
7067 3.508605365233e-05
7073 5.516600244482883e-05
7211 0.00010498321344481378
7321 3.8200641252257444e-05
7344 8.96392359620217e-05
7345 0.00011425323385392718
7406 6.698096388147314e-05
7408 8.691610145495967e-05
7503 3.173002815645075e-05
7523 8.935997200289977e-05
7577 8.853165584237468e-05
7578 8.88061998220748e-05
7587 0.00013687950893562258
7665 0.00010422176939821458
7724 9.920086195142229e-05
7797 0.0002059351589452662
7798 0.00020908021320920737
7808 4.7398314413738584e-05
7815 0.00016508218077975113
7818 2.996997446737178e-05
7890 9.233159952796689e-06
7893 5.131853189681648e-05
7955 0.0002462203859023654
7956 0.0002875104201589402
8009 2.7093186202753706e-05
8010 3.97855428110104e-05
8061 7.865323446718271e-05
8075 0.00020298083458234552
8088 8.509658347491132e-05
8089 0.00019268344080366
8137 8.63892700805903e-05
8144 1.8182537399726556e-05
8170 0.00011425323385392718
8234 4.8109734749355606e-05
8399 0.0002537323685808453
8447 4.100899018649567e-05
8495 0.00015342417653056774
8520 5.874554257904601e-05
8521 6.610917985376751e-05
8678 4.409901177660094e-05
8722 7.217400943451535e-05
8723 0.00010498321344481378
8731 0.00021244233432427055
8763 6.542281037332744e-05
8764 0.0001287387249198448
8765 0.00015663840245623315
8813 4.431951634967444e-05
8814 9.988723143186235e-05
8866 3.8493910507496085e-05
8871 7.025520142447097e-05
8897 0.00015342417653056774
