55
163 0.006061413074262235
277 0.007544782417697683
375 0.011426906598686249
494 0.014828725504363175
1067 0.03478865951988452
1129 0.011880652165740361
1305 0.006245317901485394
1364 0.02769606578519421
1411 0.02798976130623376
1518 0.018869242500512026
1640 0.010396955988984507
2012 0.022455854193220416
2122 0.015415194172854054
2328 0.019516340115907586
2606 0.004564445967252906
3050 0.010845544123464711
3184 0.014999325076141826
3410 0.022282300186917507
3681 0.016998702583577992
3945 0.032866525110526054
4248 0.006645524553253363
4318 0.03478865951988452
4383 0.008431575774490224
4468 0.0076589980804547125
4680 0.01662111887469298
4854 0.011702469511127819
4940 0.02552619811483894
5081 0.014500063171816626
5426 0.027448332524197403
5588 0.03941989022240731
5787 0.024261786481187403
5812 0.014136002891850573
5985 0.004234430565935483
5989 0.009658375587890879
6025 0.03015742881736173
6411 0.02194815788394464
6446 0.037497755813048844
6491 0.0037359967071647297
6589 0.009016858140447686
6761 0.00545485353424923
6762 0.026107560590060475
6823 0.011702469511127819
6834 0.0037146842375221697
7037 0.022282300186917507
7110 0.033758708910182775
7252 0.010543164308134404
7347 0.022131317940464097
7661 0.016333700213650607
7794 0.028666505540314708
8159 0.014999325076141826
8311 0.03478865951988452
8537 0.03997081322098134
8538 0.06397853563388278
8572 0.026039677563743865
8640 0.0050661039086818595
