323
8 0.0001475693727081854
10 0.00016128300357362823
14 0.0001275049519955334
52 9.785646144837983e-05
82 8.334256383691721e-05
86 0.0002734912621014559
122 0.0001523982138465608
124 0.00015447220461114937
158 1.722259642893919e-05
160 3.6009024944890365e-05
163 4.4209139343250144e-05
194 0.0002875104201589402
216 0.00013837905578907654
217 0.0001399262151792957
225 4.311890533715833e-05
276 4.8109734749355606e-05
277 5.502814824397996e-05
328 5.502814824397996e-05
401 0.00010939812948263226
404 0.00011913044365880717
405 0.00011913044365880717
423 8.63892700805903e-05
430 2.1595466130645556e-05
436 6.181142310095298e-05
443 5.859719717528758e-05
463 2.104404381130732e-05
473 4.858985121920245e-05
494 0.00010815385522706535
509 1.4811799641107606e-05
521 6.165346047478709e-05
575 8.825864993225359e-05
632 6.4078409870285e-05
639 0.0001287387249198448
645 6.341986704442123e-05
647 0.00017215710736717137
650 0.00030726931367955075
692 0.00015342417653056774
765 7.499396958083494e-05
785 9.134928606937549e-05
821 0.00011243128604527755
829 0.00015890538922556517
841 0.00014576429866269
872 6.593667904531496e-05
884 0.00012936752625714268
885 0.0002875104201589402
941 9.719791862251607e-05
974 0.00016508218077975113
975 0.00014488623116808087
1057 9.988723143186235e-05
1096 6.950834500520415e-05
1126 4.895306850942043e-05
1130 8.665197383001834e-05
1140 3.8493910507496085e-05
1195 0.00018825025618924418
1216 4.5550455969092306e-05
1220 0.0001251273376474703
1306 4.5550455969092306e-05
1310 8.285279662389543e-05
1334 9.886126874785542e-05
1340 0.00020298083458234552
1418 6.424444555902466e-05
1469 6.358367031630664e-05
1506 0.0001523982138465608
1507 0.00016378259903044513
1573 0.0001347133110905388
1671 7.64676023536449e-05
1673 0.00022883910672981793
1706 3.382257549850835e-05
1713 4.787143878550288e-05
1717 0.0001251273376474703
1718 0.00016128300357362823
1777 4.871062309639001e-05
1922 7.334292682143156e-06
1929 4.2158123180710165e-05
1931 7.754816608258265e-05
1932 0.0001275049519955334
2059 0.00014071861357331354
2094 0.00020908021320920737
2118 6.715720793434914e-05
2167 8.744869066327002e-05
2184 0.00013130412920165632
2234 0.00016251677649793962
2294 8.535239208071232e-05
2321 8.691610145495967e-05
2326 0.00011913044365880717
2341 8.744869066327002e-05
2350 0.00016007969731333051
2371 8.858094887998e-06
2373 4.532432364915004e-05
2374 8.586807337437805e-05
2376 0.00023971321052336105
2384 3.364472337590274e-05
2466 0.00010939812948263226
2475 0.00015447220461114937
2501 0.00017065756051371745
2502 0.00017695423263882194
2523 0.0001504088997800851
2524 0.00016920278300425065
2563 2.4450245822639586e-05
2564 4.692973938522239e-05
2586 9.502842032885344e-06
2599 0.00012341728754011654
2600 0.00014849761844045535
2607 3.3290954653437934e-05
2618 4.846937791309118e-05
2620 0.00010347204034115494
2660 0.00015775871449691997
2685 7.754816608258265e-05
2728 0.00010939812948263226
2729 0.00019506105515172307
2744 7.52017798211394e-05
2940 7.910237522724487e-05
2955 4.7516165565500014e-05
2958 6.950834500520415e-05
2963 8.509658347491132e-05
2976 5.461691012835996e-05
2999 0.00023971321052336105
3000 0.0002462203859023654
3050 5.1064059112276297e-05
3051 7.910237522724487e-05
3113 6.165346047478709e-05
3332 0.00021244233432427055
3343 0.00011614595437539213
3434 0.00018617626542465564
3498 0.00019756065060853997
3540 0.00013542473142615584
3542 0.0001431761810607271
3545 6.071628875522179e-05
3558 0.00016007969731333051
3601 0.00015139340654708521
3627 6.491430390704548e-05
3641 0.0001228603508781383
3654 6.663037655997976e-05
3727 6.424444555902466e-05
3746 1.903006184883404e-05
3819 6.424444555902466e-05
3832 3.3290954653437934e-05
3840 0.00010774605847492284
3872 9.164022082905678e-05
3884 8.433711728522342e-05
3932 4.895306850942043e-05
3943 7.689695691525318e-05
3969 6.0101372993599195e-05
3970 6.663037655997976e-05
3996 7.417147870601431e-05
3997 0.0001347133110905388
4005 9.222735356398462e-05
4046 9.312153328472917e-05
4050 0.0001786642827461757
4189 4.981125419104163e-05
4195 0.00016251677649793962
4220 4.3879500470736716e-05
4295 0.00012176521653240713
4308 7.955569410086921e-05
4390 8.825864993225359e-05
4406 6.508321716976057e-05
4435 0.00010856509334268535
4436 0.0001128804268053397
4453 3.6854914742017664e-05
4461 9.19329029551259e-05
4465 0.00017370426675739054
4485 7.159039254876493e-05
4502 6.424444555902466e-05
4503 7.798719092134497e-05
4563 4.728074758348793e-05
4577 3.9085797470059324e-05
4619 0.00010856509334268535
4652 4.476354154013861e-05
4676 1.811794967986411e-05
4699 3.676019862375966e-05
4723 9.106007793564448e-05
4724 0.00016128300357362823
4797 9.988723143186235e-05
4799 0.0001664173719040451
4801 0.0001347133110905388
4818 9.048676041112919e-05
4834 1.7286007534181456e-05
4839 3.088397517794058e-05
4842 0.00015554326811050196
4846 4.681329625334851e-05
4923 8.188778632745044e-05
4925 0.00020019542348213994
4933 2.564069103539461e-05
4935 0.00011862016226846598
5123 0.0001423431449207802
5177 6.196989942762013e-05
5179 0.00013687950893562258
5180 0.00010982004923951138
5291 0.00011067500849334801
5292 0.0001347133110905388
5366 0.00013542473142615584
5369 7.562007790453742e-05
5370 0.00011154523568104574
5379 2.541525611908456e-05
5380 3.8298201700263376e-05
5385 0.00011519040557349246
5386 0.00030726931367955075
5455 8.908229930004346e-05
5462 0.00010654275221462514
5469 1.1433598200043818e-05
5473 0.0001251273376474703
5509 8.935997200289977e-05
5550 4.944160821510571e-05
5554 0.0001440237055098346
5555 0.0001440237055098346
5750 0.00030726931367955075
5797 5.544288630052885e-05
5862 6.610917985376751e-05
5894 1.5848029138067838e-05
5896 1.6219082409210568e-05
5934 5.434466680855229e-05
5938 5.91933076971794e-05
5953 0.0001664173719040451
5954 0.0002537323685808453
5988 7.044371782011974e-05
6022 2.0770655001689466e-05
6040 0.00014488623116808087
6041 0.0001475693727081854
6166 0.0001786642827461757
6218 9.464928935894339e-05
6220 0.00023397347506023475
6242 3.105201474962982e-05
6254 8.141235399539764e-05
6387 9.558947467904783e-05
6399 8.212725328354177e-05
6408 4.3989132524856074e-05
6413 9.590694438493474e-05
6429 5.815485137703107e-05
6436 0.0001804365299615294
6443 0.0001275049519955334
6483 0.00010734164596720007
6490 2.724862948448243e-05
6517 0.0001391464957049546
6566 7.082295263288685e-05
6568 3.9584588186023764e-05
6569 4.981125419104163e-05
6578 6.025437603138515e-05
6602 0.0001300045474523503
6610 0.0002462203859023654
6638 9.282164663063054e-05
6645 0.0002875104201589402
6667 0.00012069415303305452
6679 9.527405980765772e-05
6680 9.558947467904783e-05
6687 6.196989942762013e-05
6706 7.910237522724487e-05
6707 0.00016251677649793962
6724 0.00012936752625714268
6760 1.9892587507080337e-05
6762 7.139739654402146e-05
6763 7.27647006365303e-05
6784 9.68719546813797e-05
6785 0.0001228603508781383
6823 0.00012176521653240713
6833 2.7093186202753706e-05
7010 0.0001504088997800851
7024 0.00023397347506023475
7087 0.0001376235146469122
7211 0.00010498321344481378
7229 0.0001664173719040451
7231 0.0001804365299615294
7232 0.00013401212737453773
7327 0.00011761535496899039
7344 8.96392359620217e-05
7345 0.00011425323385392718
7373 7.27647006365303e-05
7376 0.00013263932032595027
7392 5.274239335290522e-05
7444 9.886126874785542e-05
7446 0.00015554326811050196
7476 8.117636599183342e-05
7480 9.252359415714085e-05
7482 2.5340342303404983e-05
7483 2.8590308184836374e-05
7491 0.0001147195668623605
7554 8.260974660633398e-05
7577 8.853165584237468e-05
7578 8.88061998220748e-05
7587 0.00013687950893562258
7671 9.134928606937549e-05
7685 0.00016378259903044513
7689 0.0002537323685808453
7797 0.0002059351589452662
7798 0.00020908021320920737
7808 4.7398314413738584e-05
7815 0.00016508218077975113
7818 2.996997446737178e-05
7866 5.91933076971794e-05
7890 9.233159952796689e-06
7893 5.131853189681648e-05
7955 0.0002462203859023654
7956 0.0002875104201589402
7962 0.0002059351589452662
7977 0.00014849761844045535
7979 0.0001786642827461757
8009 2.7093186202753706e-05
8068 0.00011379132113009053
8099 0.00015447220461114937
8124 0.0001300045474523503
8137 8.63892700805903e-05
8144 1.8182537399726556e-05
8234 4.8109734749355606e-05
8346 0.0001399262151792957
8447 4.100899018649567e-05
8495 0.00015342417653056774
8520 5.874554257904601e-05
8521 6.610917985376751e-05
8530 0.0001147195668623605
8661 7.843020694973282e-05
8678 4.409901177660094e-05
8731 0.00021244233432427055
8753 0.00010614816360120087
8763 6.542281037332744e-05
8764 0.0001287387249198448
8765 0.00015663840245623315
8781 8.63892700805903e-05
8813 4.431951634967444e-05
8814 9.988723143186235e-05
8818 7.139739654402146e-05
8819 7.139739654402146e-05
8866 3.8493910507496085e-05
8871 7.025520142447097e-05
8897 0.00015342417653056774
