202
58 3.9886331735258645e-05
62 0.00014576429866269
68 3.241760820520544e-05
69 0.00010460100421098168
97 8.612797493712278e-05
148 0.00010614816360120087
149 0.00015139340654708521
163 4.4209139343250144e-05
276 4.8109734749355606e-05
277 5.502814824397996e-05
373 0.00019756065060853997
443 5.859719717528758e-05
446 0.00010058340652177312
509 1.4811799641107606e-05
535 8.236790279729728e-05
773 0.00011110817958998604
800 0.00011154523568104574
891 5.757123449128065e-05
977 0.00010384546306881737
979 0.0001415241100530177
1177 0.00010347204034115494
1294 0.00030726931367955075
1412 6.804811807694473e-05
1494 0.00014576429866269
1638 7.33626397641186e-05
1641 7.583058115843726e-05
1695 0.00014576429866269
1706 3.382257549850835e-05
1713 4.787143878550288e-05
1777 4.871062309639001e-05
1913 0.00014576429866269
1922 7.334292682143156e-06
1970 0.00012122674224136485
1973 0.0001275049519955334
1979 0.00018825025618924418
2076 7.66818067754729e-05
2118 6.715720793434914e-05
2126 0.0001300045474523503
2242 0.00013614669170503938
2294 8.535239208071232e-05
2371 8.858094887998e-06
2402 8.825864993225359e-05
2434 0.00010536844412685977
2439 5.502814824397996e-05
2493 2.5565430128539482e-05
2500 0.00015447220461114937
2506 0.00014488623116808087
2550 5.3403616896513294e-05
2559 7.604199766141655e-05
2563 2.4450245822639586e-05
2564 4.692973938522239e-05
2586 9.502842032885344e-06
2642 0.0002199543170027505
2690 0.00016251677649793962
2825 0.00011614595437539213
2987 0.00014071861357331354
3050 5.1064059112276297e-05
3052 0.00011379132113009053
3212 7.356359438910525e-05
3213 0.0001300045474523503
3277 0.00017215710736717137
3321 0.00011761535496899039
3411 0.00016251677649793962
3474 0.00011862016226846598
3509 0.00018825025618924418
3513 6.056183085252843e-05
3564 0.00010774605847492284
3582 0.00010815385522706535
3583 0.00011663084820199027
3585 0.0002875104201589402
3625 0.0001431761810607271
3627 6.491430390704548e-05
3657 4.716346370617082e-05
3746 1.903006184883404e-05
3766 5.131853189681648e-05
3786 0.00010058340652177312
3796 0.0001399262151792957
3932 4.895306850942043e-05
3950 0.0002875104201589402
4094 0.00010694056199521868
4189 4.981125419104163e-05
4220 4.3879500470736716e-05
4247 4.846937791309118e-05
4249 0.00013542473142615584
4286 0.0001228603508781383
4288 0.0001423431449207802
4363 7.025520142447097e-05
4381 4.3226837668107787e-05
4382 6.14960082295629e-05
4398 6.325661252824365e-05
4432 6.4078409870285e-05
4485 7.159039254876493e-05
4502 6.424444555902466e-05
4503 7.798719092134497e-05
4525 9.818910047034337e-05
4619 0.00010856509334268535
4621 0.00022419450561242282
4834 1.7286007534181456e-05
4839 3.088397517794058e-05
4846 4.681329625334851e-05
4853 8.535239208071232e-05
4923 8.188778632745044e-05
4972 4.681329625334851e-05
5161 5.502814824397996e-05
5162 5.6001418804450566e-05
5166 0.0001347133110905388
5254 5.9796800580258657e-05
5273 0.00014665847838343454
5395 3.215862746722012e-05
5434 7.159039254876493e-05
5435 0.0002875104201589402
5443 0.00011712061541501202
5469 1.1433598200043818e-05
5509 8.935997200289977e-05
5537 0.00022883910672981793
5550 4.944160821510571e-05
5574 0.00013401212737453773
5702 3.9886331735258645e-05
5834 6.804811807694473e-05
5876 0.00019041645403432799
5894 1.5848029138067838e-05
5896 1.6219082409210568e-05
5909 6.663037655997976e-05
5934 5.434466680855229e-05
5938 5.91933076971794e-05
5984 3.088397517794058e-05
6022 2.0770655001689466e-05
6264 4.7398314413738584e-05
6278 0.00011566583790554528
6294 0.00017065756051371745
6295 0.00020019542348213994
6329 0.0002462203859023654
6338 0.00016920278300425065
6408 4.3989132524856074e-05
6409 0.00010575674440844711
6434 0.00014576429866269
6458 0.00015554326811050196
6490 2.724862948448243e-05
6568 3.9584588186023764e-05
6569 4.981125419104163e-05
6595 7.66818067754729e-05
6614 8.484211069037113e-05
6689 7.376538112671329e-05
6746 0.00019268344080366
6747 0.00022883910672981793
6833 2.7093186202753706e-05
6863 0.00020019542348213994
6960 3.259102983841739e-05
6962 0.00010460100421098168
6963 0.0002537323685808453
6992 4.787143878550288e-05
6995 7.843020694973282e-05
7021 0.0001677901789526326
7087 0.0001376235146469122
7148 0.0002537323685808453
7178 3.714017269315804e-05
7180 0.0001275049519955334
7384 0.0001399262151792957
7455 0.00023397347506023475
7482 2.5340342303404983e-05
7483 2.8590308184836374e-05
7503 3.173002815645075e-05
7520 9.558947467904783e-05
7559 8.509658347491132e-05
7651 0.00011566583790554528
7652 0.00016251677649793962
7763 0.00017370426675739054
7784 7.082295263288685e-05
7792 0.000101646679848061
7877 8.853165584237468e-05
7890 9.233159952796689e-06
8016 3.6571316885345003e-05
8029 0.0002734912621014559
8054 2.9805618738211806e-05
8058 8.853165584237468e-05
8059 0.00011425323385392718
8060 0.0001147195668623605
8069 5.287392225192349e-05
8144 1.8182537399726556e-05
8158 0.00010939812948263226
8210 0.00020298083458234552
8234 4.8109734749355606e-05
8437 8.433711728522342e-05
8516 8.024367862190805e-05
8535 0.00012341728754011654
8536 0.00014576429866269
8537 0.00015554326811050196
8571 9.496067334174995e-05
8604 0.00015447220461114937
8633 5.949411993323993e-05
8638 6.491430390704548e-05
8639 3.69498153124238e-05
8642 9.164022082905678e-05
8648 0.00016128300357362823
8687 0.00013837905578907654
8704 0.00015139340654708521
8753 0.00010614816360120087
8763 6.542281037332744e-05
8801 0.00015890538922556517
8866 3.8493910507496085e-05
8882 0.0001147195668623605
8883 0.00011519040557349246
