314
79 0.002289985126115775
136 0.003910022375768908
277 0.007677665082588639
339 0.005315745134248727
375 0.0014535204088348456
429 0.0034914708690270664
446 0.00175420610356564
480 0.004797674033749994
492 0.003246972362944288
493 0.004534640026987655
494 0.001886237099380834
522 0.0038755228826064794
533 0.004580125469354439
575 0.0015392584896208295
668 0.0015066559196834064
708 0.0016838300819627548
757 0.005658711298142502
807 0.0023494423257120972
849 0.0025421750091622177
969 0.0018376586576488731
979 0.0024682247921575216
984 0.0026063482252019583
988 0.009253085109548875
990 0.001907937631994557
1034 0.004294160624582936
1041 0.007488287662306747
1063 0.004769773244321281
1090 0.009160250938708878
1095 0.0012122473007561238
1139 0.0006713458521385617
1212 0.008361346897002714
1238 0.00230154845216376
1280 0.004294160624582936
1305 0.0015888284289493173
1411 0.0023735609718267374
1414 0.0038360721587642117
1457 0.0031159610329430875
1467 0.0027127232982403003
1474 0.005358873040141206
1488 0.0029263132579762457
1496 0.0011620546299462614
1513 0.0027127232982403003
1518 0.0024001971869535843
1625 0.0034019258777145908
1645 0.004580125469354439
1665 0.003146869579289921
1686 0.004425171954584135
1712 0.000834892881519377
1715 0.0036464243837973694
1794 0.005358873040141206
1799 0.0019765760107454547
1847 0.0011350716857473702
1930 0.0013524642977064119
1948 0.0021924384086106914
1958 0.002694043615449243
2001 0.003246972362944288
2019 0.0022785770171906794
2046 0.003320922579948984
2067 0.00885034390916827
2069 0.0028343434680032052
2117 0.004684970936288998
2123 0.0020340785111079007
2125 0.0022673200134938273
2148 0.007332480506982574
2152 0.002694043615449243
2178 0.0038360721587642117
2225 0.004294160624582936
2255 0.005425446596480601
2299 0.0019227187237566819
2315 0.0021524361380773358
2319 0.0025577697834699973
2340 0.0015251325463621571
2347 0.00317894475774035
2373 0.0014975660859343585
2440 0.002497037427814481
2492 0.0004458691062730799
2508 0.0034914708690270664
2509 0.00501427175040406
2557 0.0038360721587642117
2588 0.002142722988309136
2641 0.0038360721587642117
2666 0.0014578236653904975
2668 0.009539546488642562
2707 0.0022673200134938273
2724 0.0018376586576488731
2738 0.007935054473001872
2743 0.0013115425866262118
2751 0.004180673448501357
2764 0.00451242032878143
2784 0.001893409220880649
2793 0.0021524361380773358
2824 0.002025621810946173
2939 0.001379570191830149
2962 0.0014841110605252634
2975 0.000952536013823765
2986 0.0024541766813412328
3006 0.004294160624582936
3046 0.0031159610329430875
3051 0.001984556269885258
3096 0.002133119593994568
3136 0.001984556269885258
3149 0.0013261962488425524
3152 0.00408057066484699
3182 0.00501427175040406
3189 0.003057324587977445
3225 0.001423992677339301
3229 0.0040923467456076505
3263 0.009740917088832863
3274 0.006566286822538333
3330 0.0068038517554291815
3367 0.01052523662139384
3394 0.001315182383855417
3410 0.008503030404009616
3420 0.0014975660859343585
3459 0.003991025673534515
3481 0.0025577697834699973
3512 0.0031686518780297455
3529 0.0031159610329430875
3562 0.005358873040141206
3563 0.003758249992675195
3595 0.0014449787152879764
3604 0.0009383708300196175
3624 0.002497037427814481
3627 0.0013486616454833156
3636 0.003991025673534515
3690 0.001992612172419176
3691 0.009440608737869763
3791 0.0034914708690270664
3819 0.00112044324622706
3872 0.0015982341448699685
3912 0.0023132712773872187
3914 0.002256210164390715
3947 0.0037680445535602743
4108 0.0016838300819627548
4126 0.0034019258777145908
4223 0.00501427175040406
4248 0.0016906422542523232
4318 0.004425171954584135
4324 0.0032122781027477485
4326 0.014309319732963843
4349 0.0014323250122562118
4393 0.0014535204088348456
4456 0.040755669116393126
4461 0.00206877277130444
4468 0.003896946185749951
4482 0.001618838580767474
4500 0.003248137395825856
4504 0.001360121028358173
4517 0.0020340785111079007
4519 0.0026403484132047424
4528 0.003057324587977445
4534 0.0009915063408681788
4542 0.0024001971869535843
4547 0.0026597989700048886
4567 0.005068431664112265
4568 0.0011060623387473228
4659 0.0014535204088348456
4680 0.0021142323421820815
4699 0.0292647141395095
4734 0.0038360721587642117
4758 0.0136591139206453
4764 0.0027713597432059427
4805 0.0037680445535602743
4835 0.00030147338384466755
4855 0.0029509495149391035
4860 0.00408057066484699
4861 0.0034914708690270664
4915 0.004563977190192517
4924 0.0014281486335621103
4940 0.006493944725888576
4973 0.005715069811093724
4975 0.0023132712773872187
5013 0.003758249992675195
5019 0.0019152960446624763
5045 0.00350841220713128
5057 0.002374440932437007
5065 0.003910022375768908
5067 0.008314079229617827
5075 0.003991025673534515
5155 0.0028790849219356984
5178 0.0010807744495087096
5193 0.0013954564740653339
5239 0.005358873040141206
5241 0.014309319732963843
5298 0.0024682247921575216
5336 0.0017182898570277149
5379 0.0018045847818402598
5380 0.002216250122634849
5396 0.000560856532265882
5435 0.0024971177236578984
5463 0.0018581389583889219
5510 0.0015584658913695552
5569 0.003057324587977445
5571 0.0046988846514241945
5613 0.0024682247921575216
5643 0.0017182898570277149
5650 0.004580125469354439
5665 0.008361346897002714
5703 0.0020868903430017126
5717 0.002751361376901273
5721 0.0036464243837973694
5732 0.0024682247921575216
5763 0.007280275360406391
5767 0.0032122781027477485
5807 0.001379570191830149
5855 0.0012519381559590976
5884 0.00408057066484699
5885 0.0028343434680032052
5904 0.004580125469354439
5910 0.0011620546299462614
5948 0.002675765677574207
5985 0.0005386261972324979
6051 0.004994074855628962
6058 0.0019227187237566819
6095 0.0020512486173848185
6096 0.003057324587977445
6165 0.004534640026987655
6321 0.00501427175040406
6349 0.0016726471396448892
6357 0.0011743276425555274
6396 0.004769773244321281
6409 0.0007671842447387814
6430 0.0010142388169708432
6435 0.0025421750091622177
6467 0.0033604595390258666
6499 0.003246972362944288
6501 0.0038360721587642117
6508 0.001083547343824965
6537 0.002615836621935033
6589 0.0034408754156307207
6609 0.0028343434680032052
6615 0.0029593459509690313
6634 0.002059965528199398
6666 0.002256210164390715
6713 0.0010508551843281886
6761 0.005897860230279254
6823 0.002977144885414122
6880 0.007410121657526024
6895 0.01452276407075529
6909 0.0031169317827391104
6932 0.0020866658817542826
6966 0.0023251580635167547
6997 0.006493944725888576
7000 0.001100377425550831
7037 0.0028343434680032052
7136 0.003910022375768908
7140 0.0010807744495087096
7147 0.003445519605133675
7179 0.0012954724815711328
7181 0.006671178858224228
7196 0.0032122781027477485
7214 0.00501427175040406
7252 0.0026822140118541535
7261 0.0029023710732071425
7303 0.008239862112797591
7322 0.00066623114450121
7351 0.003246972362944288
7365 0.00408057066484699
7370 0.0032692529805096373
7371 0.00689103921026735
7398 0.006720919078051733
7407 0.001168168982606044
7470 0.0013756445896822066
7478 0.004294160624582936
7484 0.0009972478533982847
7495 0.0018650768855213089
7560 0.0014841110605252634
7577 0.0035400493107590274
7677 0.004425171954584135
7800 0.0016399549801481127
7818 0.0068038517554291815
7837 0.00112044324622706
7840 0.001851257209420552
7862 0.006939813832161655
7863 0.0015831021483324133
7864 0.0013336189279367578
7943 0.0015931601515660945
7959 0.003312287752726714
7992 0.0027918400439459912
8011 0.0020816169718105167
8018 0.004228464684364163
8021 0.0029509495149391035
8043 0.0011620546299462614
8082 0.0029023710732071425
8085 0.0019765760107454547
8104 0.0025421750091622177
8139 0.005358873040141206
8142 0.004580125469354439
8145 0.00031710914541362633
8205 0.0008905731796645916
8258 0.0038360721587642117
8276 0.016751040263675947
8350 0.002574018924595238
8445 0.0010142388169708432
8475 0.0014664961013965147
8524 0.008375520131837974
8537 0.01271087504581109
8538 0.0189890630876821
8549 0.005901899029878207
8572 0.001656143876363357
8590 0.0029263132579762457
8631 0.0022237262860747425
8640 0.003222081742312337
8677 0.002482509016700573
8679 0.0007691005732936742
8715 0.005358873040141206
8719 0.004919864940444338
8728 0.005358873040141206
8814 0.0007729462420906038
8827 0.003591573652681433
8867 0.0013426917042771234
8870 0.004294160624582936
8884 0.0020089567406476804
8885 0.0034019258777145908
