366
53 0.0015893013123795996
61 0.004787384831314958
69 0.0016297275341403301
93 0.0017110424454939257
145 0.002704550624289717
146 0.0015836979209893699
152 0.0022991927440128464
164 0.011245107377742307
171 0.0023587727957126285
267 0.0033662076343868885
268 0.002390413044126608
276 0.0007495698532976523
277 0.004286808191873684
345 0.009574769662629917
395 0.0028697099833987754
459 0.005483507790719098
480 0.0010715084926775557
549 0.0010574217047935987
550 0.0028112768444355767
575 0.001375106797545881
630 0.004261108615119187
707 0.0014795271343036286
726 0.0019967370236502794
735 0.0027063853589892736
738 0.0031625265695766837
800 0.001737921574107482
872 0.0010273211252654667
882 0.0022850006282398054
897 0.00451477654604873
959 0.00303913308306321
969 0.0016416845700324724
988 0.0020665762635399803
990 0.0017044687586524802
1003 0.004261108615119187
1009 0.004479532979819012
1054 0.00303913308306321
1057 0.0015562849764348902
1095 0.0010829691795216422
1098 0.004479532979819012
1129 0.0013500741097432227
1139 0.000599751276997911
1193 0.0016006337031626771
1225 0.0017311120568285936
1248 0.0017873789857995748
1253 0.002793233814313068
1281 0.00790651352724648
1294 0.0031625265695766837
1309 0.0012908813348114616
1311 0.001751726610551597
1313 0.004175930346719862
1328 0.003836216921611679
1364 0.001049093400954326
1393 0.00451477654604873
1411 0.011662400544264066
1466 0.0031191286959315226
1496 0.003114387670817516
1518 0.004288464204661824
1538 0.0017447927168145316
1565 0.0026362503533809123
1571 0.002313655201995346
1636 0.003565409299258981
1648 0.001362487292292067
1712 0.0022375713065895192
1715 0.003257557447763035
1749 0.003881102075041414
1772 0.0015616889571641592
1847 0.0010140238311484374
1848 0.003836216921611679
1887 0.0009459852541722668
1912 0.004542137866020606
1918 0.0065773651267414515
1921 0.0005713567865669564
1967 0.003645404912127294
1972 0.001986580650671667
1978 0.0029330179775499026
2029 0.001914215816478966
2072 0.0017044687586524802
2075 0.0011947347237465289
2093 0.003257557447763035
2125 0.0040510507933403704
2152 0.0048134835227082624
2251 0.0024234293800713172
2299 0.0017176735451742387
2308 0.007290809824254588
2325 0.0037122045940115016
2328 0.0022177659222622254
2330 0.0029667682488705087
2347 0.002839931418191117
2372 0.0007061719796524914
2378 0.0017044687586524802
2397 0.0016006337031626771
2430 0.0021679607862282436
2452 0.003836216921611679
2478 0.004219948274370283
2499 0.0024067417613541312
2503 0.005739419966797551
2528 0.003734832398923415
2540 0.004091685515454753
2558 0.0011847662292981543
2614 0.037696786021702164
2619 0.001612137803357295
2674 0.0016661788260513791
2684 0.0012082329652587
2709 0.006732415268773777
2722 0.002839931418191117
2724 0.0016416845700324724
2738 0.002362944542951024
2743 0.0011716752828076823
2751 0.003734832398923415
2764 0.006046801017501689
2784 0.001691489706066454
2785 0.0021801091427935022
2818 0.0022177659222622254
2825 0.006619881410831815
2829 0.0012908813348114616
2833 0.006940965605986039
2838 0.0021679607862282436
2899 0.005317832794749125
2909 0.0024941088504482544
2954 0.000740321796363175
2964 0.0030020888539199616
2977 0.003645404912127294
3001 0.004487899522740021
3008 0.003645404912127294
3033 0.0025128568668674385
3050 0.0012324481958482627
3074 0.0025128568668674385
3096 0.0019056365603692736
3149 0.0011847662292981543
3169 0.0030020888539199616
3229 0.0007311850304215069
3276 0.002682279966531873
3394 0.001174926919842864
3410 0.007596238700085514
3413 0.001535045658988046
3420 0.004013581835205195
3429 0.003208556182727644
3459 0.003565409299258981
3464 0.0008992470491945661
3472 0.0022850006282398054
3478 0.003881102075041414
3562 0.004787384831314958
3564 0.0022177659222622254
3582 0.001817157551007233
3585 0.002911438530573521
3599 0.0015616889571641592
3604 0.0008382998149301129
3646 0.0012611027696038035
3653 0.0010381292236058385
3681 0.003863341496267725
3690 0.0017801133218639843
3733 0.0017587244120440338
3756 0.002271068933010303
3757 0.0027063853589892736
3790 0.0031625265695766837
3928 0.0023283985018849665
3929 0.0024404920326747373
3931 0.0025928524797357516
3970 0.002076258447211677
4057 0.0025928524797357516
4099 0.0017873789857995748
4109 0.002682279966531873
4126 0.00303913308306321
4207 0.0024404920326747373
4226 0.0067918059960138145
4248 0.005286212712815175
4251 0.0013419099871322347
4324 0.0028697099833987754
4335 0.0026589163973745624
4346 0.0007995642592035462
4349 0.0012795770651449724
4355 0.003565409299258981
4369 0.007130818598517962
4403 0.0010829691795216422
4437 0.0017587244120440338
4468 0.0008703406909607627
4482 0.001446200200650663
4493 0.0010858615871615239
4517 0.001817157551007233
4534 0.0026573063296344724
4547 0.0035642236197705375
4553 0.003836216921611679
4568 0.001976216276573014
4592 0.0022991927440128464
4660 0.001030008760239119
4677 0.0005645705158984229
4697 0.0034269805474274693
4780 0.0025320795666951713
4819 0.002819643387356585
4830 0.0013062203633210858
4851 0.00395325676362324
4855 0.0026362503533809123
4889 0.0030780778290617275
4909 0.0014603044344758957
4936 0.0018481518988401552
4973 0.0014587415951393074
5013 0.0033574575983514416
5032 0.0021544344239137385
5062 0.00395325676362324
5087 0.00811915607696782
5089 0.008522217230238374
5156 0.005185704959471503
5180 0.002132640181178791
5223 0.0003583800970185394
5255 0.0009316592426071069
5282 0.003645404912127294
5301 0.00303913308306321
5310 0.00303913308306321
5381 0.002386808206662568
5396 0.001503134727209086
5398 0.006619881410831815
5431 0.0030106535020684557
5440 0.0012502301816056723
5460 0.003836216921611679
5510 0.001392265857499725
5565 0.017134902737137348
5623 0.002098186801908652
5637 0.0032127279299660394
5643 0.004605136976964138
5675 0.0031898927301095437
5703 0.0012428915679182694
5706 0.001802122285689195
5740 0.001996131167632335
5744 0.003565409299258981
5754 0.003836216921611679
5762 0.004479532979819012
5776 0.002271068933010303
5787 0.002757021191044023
5807 0.0024648963916965253
5812 0.008031819824915099
5818 0.002757021191044023
5821 0.0030780778290617275
5823 0.0014232602053326473
5846 0.004479532979819012
5850 0.0029667682488705087
5869 0.0022612488318757744
5985 0.0019247411663343105
6015 0.0015298273835519232
6019 0.0022307449748482514
6039 0.001817157551007233
6080 0.0019495364215284185
6107 0.0011245013497909104
6115 0.0016416845700324724
6130 0.004261108615119187
6161 0.001239511094103053
6174 0.0020561035997476947
6217 0.004091685515454753
6220 0.004787384831314958
6223 0.001612137803357295
6309 0.002374428115035926
6328 0.0016179558861351407
6329 0.0015455910519424395
6387 0.0021560037503361015
6409 0.0006853691417159393
6410 0.0016477344513427983
6430 0.005436461910546513
6432 0.0025320795666951713
6435 0.002271068933010303
6437 0.0056225536888711534
6440 0.004479532979819012
6469 0.0007275608894724418
6484 0.0016724278826218306
6487 0.00395325676362324
6506 0.0020561035997476947
6572 0.004627310403990692
6615 0.0026437513652887677
6643 0.002390413044126608
6682 0.0031625265695766837
6685 0.0019495364215284185
6713 0.0009387884601253574
6761 0.003099348599005244
6762 0.0029667682488705087
6823 0.011968434727289815
6832 0.0052343781504435955
6834 0.00042212320880933744
6869 0.002572049641799199
6895 0.004324669254170136
6927 0.0030780778290617275
6964 0.00395325676362324
6968 0.003283369140064945
6973 0.0009556883394218525
6993 0.0007458571021965064
7083 0.0031191286959315226
7102 0.0018481518988401552
7136 0.00698608893013256
7138 0.0026362503533809123
7140 0.0009655170344387248
7181 0.009932903253358336
7193 0.0030780778290617275
7227 0.003565409299258981
7244 0.002132640181178791
7252 0.002396173706394183
7265 0.002757021191044023
7290 0.0021099741371851414
7297 0.0029330179775499026
7315 0.003734832398923415
7322 0.0005951820189512558
7342 0.0021924550422471505
7347 0.0012574612466172781
7384 0.004261108615119187
7391 0.0020355819157070578
7407 0.0010435915211742808
7470 0.001228941233090223
7484 0.0004454489974532548
7616 0.0024941088504482544
7665 0.0018641368279308365
7675 0.0029330179775499026
7702 0.0017801133218639843
7711 0.002257388273024365
7728 0.002390413044126608
7800 0.005860258705284516
7842 0.0020255253966701852
7863 0.0014142748213249357
7864 0.0011913973289784672
7878 0.001379360344173502
7905 0.0009435787352407925
7944 0.0023827946579569343
7958 0.0017729165278170748
7959 0.0014795271343036286
7963 0.003208556182727644
7985 0.00395325676362324
7988 0.0012219755320559771
7999 0.0050641591333903425
8018 0.0018887635084878385
8062 0.0012254503943558257
8085 0.0017657873102988244
8093 0.004787384831314958
8099 0.0020255253966701852
8119 0.004787384831314958
8139 0.004787384831314958
8145 0.000283291561724411
8159 0.005113406275957441
8196 0.004091685515454753
8235 0.004497419119785915
8350 0.0007665056354709596
8368 0.002783664489220136
8423 0.004091685515454753
8445 0.0009060769850910854
8475 0.0013101040346391942
8537 0.011355344665051515
8538 0.014540576280427904
8540 0.001239511094103053
8549 0.01054500141352365
8578 0.00395325676362324
8622 0.0031673958419787397
8636 0.004261108615119187
8639 0.0020227841832852773
8640 0.0023027745039462997
8667 0.0017587244120440338
8671 0.003319961565513074
8677 0.0022177659222622254
8697 0.0014917142043930128
8719 0.001465064676321129
8752 0.0024234293800713172
8754 0.0016538329265977309
8764 0.001019314835746668
8773 0.0030780778290617275
8801 0.0017729165278170748
8803 0.0024941088504482544
8807 0.003565409299258981
8812 0.0037122045940115016
8814 0.00207154998098758
8815 0.0031125699528697804
8846 0.0022307449748482514
8867 0.004198258938985377
8884 0.005384144551421144
