193
58 3.9886331735258645e-05
68 3.241760820520544e-05
69 0.00010460100421098168
77 8.691610145495967e-05
80 0.0001376235146469122
138 5.5304247721948624e-05
140 0.00021244233432427055
243 6.309390310328486e-05
276 4.8109734749355606e-05
277 5.502814824397996e-05
278 5.558192042480493e-05
430 2.1595466130645556e-05
509 1.4811799641107606e-05
511 4.409901177660094e-05
575 8.825864993225359e-05
723 6.212889280683989e-05
726 6.4078409870285e-05
960 0.00012069415303305452
961 0.0001251273376474703
969 0.00010536844412685977
988 0.00013263932032595027
996 0.0002462203859023654
1057 9.988723143186235e-05
1096 6.950834500520415e-05
1126 4.895306850942043e-05
1135 0.00010774605847492284
1136 0.0001786642827461757
1234 2.8271279696782107e-05
1249 0.0001147195668623605
1295 0.00020298083458234552
1306 4.5550455969092306e-05
1310 8.285279662389543e-05
1391 6.491430390704548e-05
1394 0.00014488623116808087
1412 6.804811807694473e-05
1500 0.00010310145735752775
1594 0.000126899584862824
1706 3.382257549850835e-05
1713 4.787143878550288e-05
1749 0.00020019542348213994
1888 6.071628875522179e-05
1918 0.0001376235146469122
1919 0.00014071861357331354
1922 7.334292682143156e-06
2118 6.715720793434914e-05
2144 0.0001263016457352357
2146 0.0001347133110905388
2319 0.0001228603508781383
2371 8.858094887998e-06
2373 4.532432364915004e-05
2398 0.0001027336712532598
2493 2.5565430128539482e-05
2563 2.4450245822639586e-05
2564 4.692973938522239e-05
2586 9.502842032885344e-06
2607 3.3290954653437934e-05
2615 0.0002199543170027505
2739 7.583058115843726e-05
2762 0.00010200632301179658
2765 0.00012936752625714268
2830 8.285279662389543e-05
2834 0.00014849761844045535
2835 0.00026261715830791277
2839 0.0001391464957049546
3014 0.0001263016457352357
3016 0.00015554326811050196
3029 0.0002462203859023654
3050 5.1064059112276297e-05
3052 0.00011379132113009053
3261 0.00020298083458234552
3411 0.00016251677649793962
3513 6.056183085252843e-05
3582 0.00010815385522706535
3605 5.380470086849468e-05
3625 0.0001431761810607271
3647 8.094151528426567e-05
3661 0.0002537323685808453
3723 6.859058854884968e-05
3743 3.233112827567267e-05
3766 5.131853189681648e-05
3767 0.00017065756051371745
3786 0.00010058340652177312
3829 0.00019506105515172307
3875 3.285232498188492e-05
4001 0.0001677901789526326
4085 0.00019506105515172307
4126 0.00019506105515172307
4290 5.656642719180506e-05
4291 7.843020694973282e-05
4314 3.1644758795232604e-05
4321 0.00010200632301179658
4453 3.6854914742017664e-05
4467 5.5861184383926875e-05
4495 3.207260550754382e-05
4533 5.685140711216779e-05
4546 7.625433537211054e-05
4566 9.68719546813797e-05
4567 6.341986704442123e-05
4676 1.811794967986411e-05
4759 5.0810908270240366e-05
4797 9.988723143186235e-05
4799 0.0001664173719040451
4818 9.048676041112919e-05
4834 1.7286007534181456e-05
4839 3.088397517794058e-05
4846 4.681329625334851e-05
4911 6.341986704442123e-05
4913 6.457822376461287e-05
4914 6.542281037332744e-05
4972 4.681329625334851e-05
5011 0.00010310145735752775
5012 0.00010774605847492284
5080 0.00010575674440844711
5133 0.00023971321052336105
5176 0.0001347133110905388
5216 0.00016378259903044513
5222 2.3001954162320978e-05
5228 4.931901336427842e-05
5273 0.00014665847838343454
5395 3.215862746722012e-05
5411 8.164949036359771e-05
5427 3.490353872923123e-05
5430 6.441104889224853e-05
5439 8.024367862190805e-05
5469 1.1433598200043818e-05
5481 6.576478670658657e-05
5550 4.944160821510571e-05
5558 9.68719546813797e-05
5563 0.00016128300357362823
5564 0.0002199543170027505
5642 9.852402568908913e-05
5687 2.724862948448243e-05
5702 3.9886331735258645e-05
5729 9.106007793564448e-05
5768 0.0001677901789526326
5786 0.00017695423263882194
5806 7.910237522724487e-05
5810 5.261121850249547e-05
5811 0.00010310145735752775
5853 0.0002537323685808453
5894 1.5848029138067838e-05
5896 1.6219082409210568e-05
5984 3.088397517794058e-05
6211 7.356359438910525e-05
6242 3.105201474962982e-05
6254 8.141235399539764e-05
6264 4.7398314413738584e-05
6265 0.0001275049519955334
6302 8.509658347491132e-05
6306 0.00011425323385392718
6356 6.733409171295719e-05
6467 4.669713069773751e-05
6468 4.669713069773751e-05
6490 2.724862948448243e-05
6568 3.9584588186023764e-05
6569 4.981125419104163e-05
6571 0.00014849761844045535
6590 8.691610145495967e-05
6675 5.7716484755306535e-05
6678 0.00012230970742046953
6724 0.00012936752625714268
6831 0.00011198624708459517
6874 0.00020298083458234552
6885 5.131853189681648e-05
7101 0.00011862016226846598
7176 0.00018418695135817993
7178 3.714017269315804e-05
7321 3.8200641252257444e-05
7701 0.00011425323385392718
7763 0.00017370426675739054
7818 2.996997446737178e-05
7836 6.424444555902466e-05
7841 0.0001300045474523503
7957 0.00011379132113009053
8009 2.7093186202753706e-05
8010 3.97855428110104e-05
8031 5.5721352358276173e-05
8032 6.056183085252843e-05
8054 2.9805618738211806e-05
8102 0.00020908021320920737
8144 1.8182537399726556e-05
8204 5.1064059112276297e-05
8332 0.0002734912621014559
8535 0.00012341728754011654
8536 0.00014576429866269
8537 0.00015554326811050196
8571 9.496067334174995e-05
8626 0.0001263016457352357
8639 3.69498153124238e-05
8676 0.0001423431449207802
8678 4.409901177660094e-05
8813 4.431951634967444e-05
8866 3.8493910507496085e-05
