607
15 6.0101372993599195e-05
21 0.00017695423263882194
44 0.00010575674440844711
52 9.785646144837983e-05
58 3.9886331735258645e-05
62 0.00014576429866269
68 3.241760820520544e-05
69 0.00010460100421098168
132 8.334256383691721e-05
134 0.0001376235146469122
136 0.00022419450561242282
138 5.5304247721948624e-05
139 0.00010897983139923425
145 5.786216925096193e-05
158 1.722259642893919e-05
161 8.88061998220748e-05
163 4.4209139343250144e-05
172 0.0002875104201589402
225 4.311890533715833e-05
243 6.309390310328486e-05
246 0.0001002340757964429
248 0.00023971321052336105
310 8.408656954820681e-05
330 6.358367031630664e-05
339 0.0001523982138465608
344 9.164022082905678e-05
352 0.00019506105515172307
371 9.818910047034337e-05
375 8.334256383691721e-05
378 7.955569410086921e-05
430 2.1595466130645556e-05
443 5.859719717528758e-05
458 0.00011198624708459517
463 2.104404381130732e-05
473 4.858985121920245e-05
479 0.00017065756051371745
509 1.4811799641107606e-05
511 4.409901177660094e-05
515 0.00022883910672981793
521 6.165346047478709e-05
522 0.00011110817958998604
549 6.786862826996617e-05
617 0.00022419450561242282
645 6.341986704442123e-05
659 0.0001263016457352357
664 0.00017370426675739054
665 0.00020019542348213994
682 0.0001228603508781383
706 6.525271795805037e-05
708 9.654815662959692e-05
722 0.00011663084820199027
765 7.499396958083494e-05
772 0.00011712061541501202
773 0.00011110817958998604
783 0.00021605372159664503
807 0.0001347133110905388
808 0.0002875104201589402
813 0.00020908021320920737
821 0.00011243128604527755
837 0.0001128804268053397
838 0.00011614595437539213
913 0.00015139340654708521
914 0.00018227567001855016
930 0.00021605372159664503
931 0.0002537323685808453
941 9.719791862251607e-05
960 0.00012069415303305452
961 0.0001251273376474703
962 0.00018617626542465564
975 0.00014488623116808087
977 0.00010384546306881737
979 0.0001415241100530177
983 0.00010347204034115494
984 0.00014944388948364012
1011 8.56095506062492e-05
1020 0.00018418695135817993
1047 0.0002734912621014559
1054 0.00019506105515172307
1111 9.886126874785542e-05
1126 4.895306850942043e-05
1130 8.665197383001834e-05
1140 3.8493910507496085e-05
1144 0.0001523982138465608
1164 8.408656954820681e-05
1165 8.433711728522342e-05
1177 0.00010347204034115494
1216 4.5550455969092306e-05
1217 9.818910047034337e-05
1220 0.0001251273376474703
1234 2.8271279696782107e-05
1256 0.00020019542348213994
1257 0.00016508218077975113
1258 0.00015890538922556517
1265 6.576478670658657e-05
1269 8.433711728522342e-05
1326 0.00015890538922556517
1327 0.00016007969731333051
1350 6.374802604546662e-05
1365 6.733409171295719e-05
1374 9.920086195142229e-05
1381 0.00014665847838343454
1408 0.00019041645403432799
1410 0.00023971321052336105
1412 6.804811807694473e-05
1418 6.424444555902466e-05
1497 6.663037655997976e-05
1500 0.00010310145735752775
1504 0.0001239806629188251
1505 0.00026261715830791277
1517 9.106007793564448e-05
1519 0.0001376235146469122
1540 0.00016007969731333051
1552 0.00022883910672981793
1621 0.00011198624708459517
1622 0.00011333374567896404
1649 8.744869066327002e-05
1660 0.00021244233432427055
1671 7.64676023536449e-05
1706 3.382257549850835e-05
1707 0.00015554326811050196
1713 4.787143878550288e-05
1722 8.117636599183342e-05
1733 0.00011243128604527755
1737 0.0002875104201589402
1767 0.00018418695135817993
1798 0.00010498321344481378
1800 0.00011333374567896404
1888 6.071628875522179e-05
1922 7.334292682143156e-06
1957 8.88061998220748e-05
1960 0.00011712061541501202
1981 9.920086195142229e-05
1987 0.00012571095453322076
1988 0.0002462203859023654
2020 0.00013065000625947455
2027 0.00026261715830791277
2029 0.00012122674224136485
2030 0.0001228603508781383
2040 4.7398314413738584e-05
2077 0.0001804365299615294
2162 0.0001263016457352357
2163 0.00023971321052336105
2167 8.744869066327002e-05
2168 0.00030726931367955075
2191 0.00021244233432427055
2196 0.00022883910672981793
2256 0.00015554326811050196
2294 8.535239208071232e-05
2298 0.00017695423263882194
2299 0.00010982004923951138
2300 0.00011024565393173974
2321 8.691610145495967e-05
2326 0.00011913044365880717
2327 0.00020298083458234552
2331 0.00019041645403432799
2337 0.0002875104201589402
2371 8.858094887998e-06
2373 4.532432364915004e-05
2374 8.586807337437805e-05
2391 2.4157123570420575e-05
2395 0.00017695423263882194
2398 0.0001027336712532598
2399 0.000126899584862824
2402 8.825864993225359e-05
2439 5.502814824397996e-05
2440 0.0001275049519955334
2448 8.825864993225359e-05
2462 0.00011712061541501202
2468 0.00019506105515172307
2469 0.00011110817958998604
2493 2.5565430128539482e-05
2499 0.00020019542348213994
2512 0.0002462203859023654
2523 0.0001504088997800851
2524 0.00016920278300425065
2526 8.070779096331723e-05
2563 2.4450245822639586e-05
2571 6.593667904531496e-05
2572 0.00020019542348213994
2586 9.502842032885344e-06
2599 0.00012341728754011654
2607 3.3290954653437934e-05
2612 8.001326955199571e-05
2613 0.00015554326811050196
2618 4.846937791309118e-05
2625 0.00016251677649793962
2677 0.00022883910672981793
2718 8.88061998220748e-05
2720 0.00021605372159664503
2744 7.52017798211394e-05
2751 0.00020019542348213994
2752 0.00023971321052336105
2773 0.00011067500849334801
2776 9.222735356398462e-05
2780 9.342327683396404e-05
2781 9.68719546813797e-05
2790 0.00011425323385392718
2825 0.00011614595437539213
2862 0.00012230970742046953
2864 0.00022883910672981793
2877 0.00014944388948364012
2879 0.0002734912621014559
2885 0.00023397347506023475
2894 0.00013130412920165632
2903 8.718166847460814e-05
2932 0.0002059351589452662
2939 0.00013065000625947455
2940 7.910237522724487e-05
2955 4.7516165565500014e-05
2976 5.461691012835996e-05
3031 8.691610145495967e-05
3058 0.00026261715830791277
3064 0.00016128300357362823
3086 0.00018418695135817993
3090 0.0002537323685808453
3113 6.165346047478709e-05
3115 0.00019756065060853997
3134 0.0001228603508781383
3228 4.566391685271689e-05
3229 4.669713069773751e-05
3230 4.692973938522239e-05
3242 0.00026261715830791277
3243 0.0002875104201589402
3244 0.00030726931367955075
3281 0.00021605372159664503
3343 0.00011614595437539213
3345 0.00011110817958998604
3372 6.542281037332744e-05
3383 0.00010815385522706535
3395 7.541048004377448e-05
3399 0.0002199543170027505
3421 8.586807337437805e-05
3450 0.00011198624708459517
3465 5.7716484755306535e-05
3473 0.00014665847838343454
3511 0.00016007969731333051
3512 0.00022419450561242282
3517 0.0001523982138465608
3582 0.00010815385522706535
3583 0.00011663084820199027
3586 6.228840662358072e-05
3627 6.491430390704548e-05
3657 4.716346370617082e-05
3691 0.00011425323385392718
3707 0.00015663840245623315
3719 2.489326185102742e-05
3723 6.859058854884968e-05
3724 5.7716484755306535e-05
3731 5.3138049876864844e-05
3732 0.00010654275221462514
3733 0.0001128804268053397
3743 3.233112827567267e-05
3746 1.903006184883404e-05
3760 0.00010614816360120087
3832 3.3290954653437934e-05
3857 0.00020908021320920737
3875 3.285232498188492e-05
3884 8.433711728522342e-05
3901 0.00010384546306881737
3914 0.00012936752625714268
3924 0.00019268344080366
3932 4.895306850942043e-05
3951 9.920086195142229e-05
3952 0.0001804365299615294
3958 0.0002537323685808453
3996 7.417147870601431e-05
4005 9.222735356398462e-05
4108 9.654815662959692e-05
4142 0.00020298083458234552
4143 0.0001376235146469122
4144 0.00013837905578907654
4158 0.00011519040557349246
4189 4.981125419104163e-05
4203 0.00011614595437539213
4220 4.3879500470736716e-05
4247 4.846937791309118e-05
4249 0.00013542473142615584
4250 8.612797493712278e-05
4267 0.00011519040557349246
4290 5.656642719180506e-05
4292 0.00011110817958998604
4298 0.00011614595437539213
4302 0.00018617626542465564
4308 7.955569410086921e-05
4329 3.676019862375966e-05
4332 8.117636599183342e-05
4336 0.00012571095453322076
4340 0.00012936752625714268
4345 5.131853189681648e-05
4348 8.212725328354177e-05
4372 0.00018825025618924418
4381 4.3226837668107787e-05
4382 6.14960082295629e-05
4392 8.334256383691721e-05
4398 6.325661252824365e-05
4402 6.950834500520415e-05
4435 0.00010856509334268535
4436 0.0001128804268053397
4453 3.6854914742017664e-05
4471 0.00017065756051371745
4481 9.282164663063054e-05
4492 6.969398876306011e-05
4495 3.207260550754382e-05
4499 9.312153328472917e-05
4509 0.0001281179340087181
4510 0.00026261715830791277
4513 9.19329029551259e-05
4519 0.00010128967145643295
4525 9.818910047034337e-05
4533 5.685140711216779e-05
4554 0.00022419450561242282
4563 4.728074758348793e-05
4569 0.00010422176939821458
4570 0.00015775871449691997
4571 0.00023397347506023475
4577 3.9085797470059324e-05
4652 4.476354154013861e-05
4658 8.334256383691721e-05
4659 6.610917985376751e-05
4670 7.541048004377448e-05
4676 1.811794967986411e-05
4780 0.0002875104201589402
4821 8.691610145495967e-05
4824 0.00017370426675739054
4834 1.7286007534181456e-05
4839 3.088397517794058e-05
4844 0.00010734164596720007
4853 8.535239208071232e-05
4908 9.372690041743856e-05
4911 6.341986704442123e-05
4913 6.457822376461287e-05
4914 6.542281037332744e-05
4926 0.00010236864012694453
4927 0.00010236864012694453
4928 0.0002462203859023654
4930 0.00021605372159664503
4933 2.564069103539461e-05
4942 6.804811807694473e-05
4997 0.00015342417653056774
5011 0.00010310145735752775
5012 0.00010774605847492284
5121 0.00021244233432427055
5166 0.0001347133110905388
5177 6.196989942762013e-05
5179 0.00013687950893562258
5192 8.001326955199571e-05
5207 0.0002462203859023654
5222 2.3001954162320978e-05
5228 4.931901336427842e-05
5242 6.786862826996617e-05
5254 5.9796800580258657e-05
5289 0.0001300045474523503
5327 0.00014944388948364012
5332 0.00022883910672981793
5333 0.00023397347506023475
5378 0.00010347204034115494
5379 2.541525611908456e-05
5395 3.215862746722012e-05
5411 8.164949036359771e-05
5427 3.490353872923123e-05
5439 8.024367862190805e-05
5440 8.586807337437805e-05
5450 0.00022883910672981793
5469 1.1433598200043818e-05
5471 0.00020298083458234552
5488 0.0002537323685808453
5503 0.0002059351589452662
5506 0.00019268344080366
5509 8.935997200289977e-05
5550 4.944160821510571e-05
5600 0.00018227567001855016
5618 0.00014071861357331354
5622 6.733409171295719e-05
5636 0.00010310145735752775
5642 9.852402568908913e-05
5674 0.00010236864012694453
5676 9.312153328472917e-05
5702 3.9886331735258645e-05
5797 5.544288630052885e-05
5862 6.610917985376751e-05
5864 0.00021244233432427055
5894 1.5848029138067838e-05
5896 1.6219082409210568e-05
5903 0.00026261715830791277
5909 6.663037655997976e-05
5932 0.00015663840245623315
5934 5.434466680855229e-05
5938 5.91933076971794e-05
5947 0.00015342417653056774
5955 0.00016378259903044513
5956 0.00026261715830791277
5984 3.088397517794058e-05
6000 3.4631041686461846e-05
6003 0.00021244233432427055
6005 0.00010897983139923425
6022 2.0770655001689466e-05
6023 0.00016251677649793962
6026 0.00022883910672981793
6039 0.00020019542348213994
6051 0.0001677901789526326
6057 0.00011024565393173974
6082 0.00017370426675739054
6084 7.843020694973282e-05
6087 0.00010236864012694453
6115 0.00019506105515172307
6133 0.00013614669170503938
6162 0.0001128804268053397
6193 0.00010694056199521868
6197 5.5304247721948624e-05
6202 0.00013196715204843822
6211 7.356359438910525e-05
6227 0.00010536844412685977
6242 3.105201474962982e-05
6246 0.00010128967145643295
6247 0.00018227567001855016
6249 0.00010897983139923425
6264 4.7398314413738584e-05
6278 0.00011566583790554528
6294 0.00017065756051371745
6295 0.00020019542348213994
6297 9.164022082905678e-05
6325 0.00015890538922556517
6399 8.212725328354177e-05
6408 4.3989132524856074e-05
6411 0.0002199543170027505
6429 5.815485137703107e-05
6467 4.669713069773751e-05
6468 4.669713069773751e-05
6477 0.0002875104201589402
6490 2.724862948448243e-05
6495 0.00017215710736717137
6507 6.212889280683989e-05
6540 6.040786096929821e-05
6553 0.00016508218077975113
6568 3.9584588186023764e-05
6589 5.9343481706634316e-05
6593 7.754816608258265e-05
6594 0.00016251677649793962
6614 8.484211069037113e-05
6615 0.00020298083458234552
6617 0.0002199543170027505
6618 0.00019506105515172307
6619 5.7716484755306535e-05
6620 0.0001281179340087181
6621 0.0001399262151792957
6622 0.00014576429866269
6633 0.00011811516886331826
6650 9.785646144837983e-05
6661 5.889434094657216e-05
6675 5.7716484755306535e-05
6686 0.00011333374567896404
6687 6.196989942762013e-05
6691 0.0001804365299615294
6706 7.910237522724487e-05
6712 6.025437603138515e-05
6717 0.00017215710736717137
6730 0.00013065000625947455
6760 1.9892587507080337e-05
6789 4.7516165565500014e-05
6796 8.260974660633398e-05
6814 0.0002875104201589402
6833 2.7093186202753706e-05
6841 0.00017065756051371745
6879 0.00021244233432427055
6905 2.9805618738211806e-05
6924 0.0001677901789526326
6926 0.00019756065060853997
6929 5.904359505253569e-05
6931 0.0001196461249524729
6943 0.00017065756051371745
6977 0.00015342417653056774
6980 0.00011379132113009053
6982 0.0001147195668623605
6983 0.00013263932032595027
6999 6.309390310328486e-05
7030 0.0002059351589452662
7031 0.0002875104201589402
7042 0.00017065756051371745
7067 3.508605365233e-05
7068 0.00023971321052336105
7087 0.0001376235146469122
7091 9.464928935894339e-05
7105 0.00020298083458234552
7121 0.00016920278300425065
7139 6.196989942762013e-05
7165 6.628229345501092e-05
7178 3.714017269315804e-05
7180 0.0001275049519955334
7236 0.00010536844412685977
7237 0.00010536844412685977
7238 0.0002199543170027505
7251 7.689695691525318e-05
7252 0.00018418695135817993
7256 0.00018418695135817993
7264 0.00017695423263882194
7289 0.00013542473142615584
7290 0.00016508218077975113
7341 0.00014071861357331354
7346 8.070779096331723e-05
7369 9.372690041743856e-05
7384 0.0001399262151792957
7421 0.0002537323685808453
7422 0.00013401212737453773
7442 0.0002734912621014559
7482 2.5340342303404983e-05
7483 2.8590308184836374e-05
7488 0.00018418695135817993
7491 0.0001147195668623605
7494 0.00010694056199521868
7547 0.00016508218077975113
7552 0.000126899584862824
7559 8.509658347491132e-05
7560 0.00014849761844045535
7576 0.00020298083458234552
7577 8.853165584237468e-05
7578 8.88061998220748e-05
7620 0.0001027336712532598
7651 0.00011566583790554528
7664 0.0001196461249524729
7677 6.988034244141115e-05
7678 8.260974660633398e-05
7679 8.260974660633398e-05
7694 6.804811807694473e-05
7704 0.00014576429866269
7713 0.00016920278300425065
7735 0.0002059351589452662
7748 0.00021244233432427055
7760 0.00017695423263882194
7808 4.7398314413738584e-05
7811 0.00021605372159664503
7818 2.996997446737178e-05
7836 6.424444555902466e-05
7841 0.0001300045474523503
7858 4.509923582401553e-05
7862 9.077257605451787e-05
7866 5.91933076971794e-05
7890 9.233159952796689e-06
7891 6.932340577943291e-05
7893 5.131853189681648e-05
7894 6.374802604546662e-05
7902 7.376538112671329e-05
7904 6.056183085252843e-05
7958 9.496067334174995e-05
7981 6.950834500520415e-05
7987 7.843020694973282e-05
8009 2.7093186202753706e-05
8010 3.97855428110104e-05
8016 3.6571316885345003e-05
8031 5.5721352358276173e-05
8032 6.056183085252843e-05
8042 6.663037655997976e-05
8054 2.9805618738211806e-05
8058 8.853165584237468e-05
8066 0.00018227567001855016
8069 5.287392225192349e-05
8075 0.00020298083458234552
8088 8.509658347491132e-05
8090 9.558947467904783e-05
8107 0.00022883910672981793
8109 8.285279662389543e-05
8116 0.00015447220461114937
8137 8.63892700805903e-05
8144 1.8182537399726556e-05
8170 0.00011425323385392718
8204 5.1064059112276297e-05
8342 0.00016251677649793962
8344 0.00018617626542465564
8367 0.0001786642827461757
8426 0.00015663840245623315
8437 8.433711728522342e-05
8442 8.001326955199571e-05
8444 5.815485137703107e-05
8472 0.00016378259903044513
8473 0.00023971321052336105
8503 7.256700694753944e-05
8513 4.3335009582674306e-05
8531 9.752607762356147e-05
8532 0.0001002340757964429
8559 0.00011379132113009053
8591 0.00011761535496899039
8630 0.0001275049519955334
8639 3.69498153124238e-05
8642 9.164022082905678e-05
8648 0.00016128300357362823
8676 0.0001423431449207802
8678 4.409901177660094e-05
8693 8.484211069037113e-05
8694 8.88061998220748e-05
8717 9.106007793564448e-05
8718 9.403242760948e-05
8733 0.00018825025618924418
8738 8.853165584237468e-05
8753 0.00010614816360120087
8756 9.372690041743856e-05
8760 0.00022419450561242282
8763 6.542281037332744e-05
8764 0.0001287387249198448
8765 0.00015663840245623315
8781 8.63892700805903e-05
8812 0.00018418695135817993
8822 0.00016378259903044513
8866 3.8493910507496085e-05
8882 0.0001147195668623605
8883 0.00011519040557349246
8890 0.00010058340652177312
8891 0.00010058340652177312
8892 0.00010384546306881737
