186
52 0.0031146313729570035
130 0.003775510307630603
145 0.003683340374032662
276 0.0015312641288794898
339 0.004850617435001964
397 0.004333354701697539
443 0.0037301301516154493
463 0.0006698018515941816
467 0.008704836170886339
529 0.007000831689744687
620 0.005862407537514641
632 0.002039524245585642
796 0.006371934335974396
844 0.007447041463345757
861 0.0023286581887050272
872 0.008394681195026385
892 0.004696922319911957
904 0.006371934335974396
918 0.012174901416259216
961 0.003982624403979483
988 0.004221720081231674
1048 0.0047264670555047785
1065 0.004950720019288548
1102 0.00606487443575604
1219 0.003982624403979483
1313 0.012796243705305861
1317 0.00552875866193523
1390 0.006198388675924171
1411 0.012995246320751387
1476 0.005212966151997596
1518 0.004380359866190291
1586 0.0031683063385467168
1715 0.0133094490008604
1717 0.005133407599457767
1835 0.008358728981571851
1930 0.0024682473433142015
1940 0.0025540416567087303
2085 0.009779943298257699
2093 0.0066547245004302
2117 0.0021375179896818554
2416 0.0054992941068444335
2492 0.0008137111189483708
2556 0.003892943259040087
2578 0.004179222855161289
2588 0.007820938907328347
2611 0.0025467080651692345
2657 0.018302091888974817
2684 0.004936494686628403
2689 0.005172676829105849
2690 0.005385482864763863
2699 0.008075938817116048
2707 0.004137859024626235
2713 0.002766415343452145
2743 0.002393565220592837
2750 0.006371934335974396
2764 0.00823516710002611
2819 0.006554621916143616
2824 0.003696759804976766
3010 0.007447041463345757
3280 0.006876681310247501
3306 0.005352710770097279
3390 0.006876681310247501
3394 0.007200623551608409
3512 0.0038551931182695238
3560 0.007135790835778257
3564 0.0045305789554785465
3590 0.009151045944487408
3640 0.003910469453664174
3663 0.013671279917284285
3786 0.003201426139007293
3819 0.006134426773093154
3862 0.007836843139863858
3884 0.005368659923185079
3893 0.0055796173730588376
3943 0.002447520285816915
4144 0.004404407661400892
4221 0.002793243629965754
4263 0.006761736012492497
4297 0.00303243721787802
4316 0.013858224983924389
4333 0.0025837277632829265
4399 0.0020133676101846696
4403 0.008849405295519704
4406 0.008704836170886339
4472 0.005431786354636606
4493 0.002218260099487113
4504 0.0024822208767536656
4534 0.001809499072084426
4567 0.003083295929001628
4652 0.009151045944487408
4830 0.0026684215993559323
4854 0.0027166447079403863
4855 0.005385482864763863
4924 0.015638227537505107
4973 0.001490000343606578
5032 0.0022006008758547473
5050 0.008704836170886339
5057 0.004333354701697539
5163 0.003564890317037596
5187 0.005095108080201434
5218 0.002278619922837832
5295 0.012333183716006512
5308 0.004221720081231674
5367 0.004310375737392503
5460 0.03134737255945543
5492 0.008704836170886339
5498 0.007629729043514976
5643 0.0031358789890755796
5675 0.003258247574326177
5703 0.0012695249586593751
5776 0.004639469391721047
5837 0.005686628885121135
5892 0.0032815720998938826
5912 0.0023803647007358234
5985 0.002948978429847926
6042 0.009393844639823914
6086 0.003775510307630603
6095 0.003743528726727294
6096 0.0055796173730588376
6149 0.019559886596515398
6223 0.003293367226858474
6293 0.0028178361316687256
6345 0.007836843139863858
6430 0.0018509858409717888
6444 0.008116600944172811
6469 0.0014863029599222737
6503 0.0045305789554785465
6506 0.0042003259251988615
6517 0.0031252187978275
6589 0.0020931992111753554
6643 0.004883272361572927
6731 0.004158403056372989
6761 0.0025326105694728563
6823 0.0027166447079403863
6832 0.003564362264349686
6834 0.0008623374122819322
6847 0.006876681310247501
6875 0.006460589992135226
6909 0.002844200251749438
7011 0.004787300410143279
7026 0.005095108080201434
7092 0.003012551667024655
7104 0.006554621916143616
7140 0.0019724133703533948
7181 0.012174901416259216
7232 0.005743036982204106
7252 0.002447520285816915
7303 0.003759437088963901
7347 0.005137627379036308
7391 0.004158403056372989
7416 0.004696922319911957
7440 0.007836843139863858
7484 0.0027299659986778045
7543 0.008358728981571851
7661 0.0037917518353117476
7695 0.002165874386791898
7707 0.006876681310247501
7718 0.005801574182876139
7944 0.002433854543484583
7965 0.009779943298257699
8043 0.002120749699651927
8055 0.0009486702649819414
8099 0.004137859024626235
8102 0.004850617435001964
8136 0.015673686279727716
8137 0.005385482864763863
8145 0.0011574483807597362
8211 0.006460589992135226
8236 0.007000831689744687
8276 0.005095108080201434
8326 0.05222901702531803
8350 0.004697584537386309
8445 0.0018509858409717888
8486 0.007447041463345757
8537 0.032476285742047334
8538 0.004950720019288548
8540 0.002532144092239094
8640 0.009408478687552024
8664 0.005093416130338469
8719 0.002992917838770306
8820 0.004544954271430852
8830 0.0037121932827719186
8867 0.004900824720611501
8884 0.003666346051682017
8888 0.0066547245004302
8911 0.01137325777024227
