85
32 0.00015775871449691997
68 3.241760820520544e-05
158 1.722259642893919e-05
196 8.935997200289977e-05
208 0.00013614669170503938
209 0.00013687950893562258
330 6.358367031630664e-05
334 9.252359415714085e-05
509 1.4811799641107606e-05
1583 8.88061998220748e-05
1587 9.954283828468142e-05
1628 0.00016378259903044513
1693 0.0001281179340087181
1922 7.334292682143156e-06
2026 8.535239208071232e-05
2304 0.00016920278300425065
2439 5.502814824397996e-05
2563 2.4450245822639586e-05
2564 4.692973938522239e-05
2586 9.502842032885344e-06
2679 0.00021605372159664503
2780 9.342327683396404e-05
2781 9.68719546813797e-05
2782 0.00022419450561242282
3070 0.0001399262151792957
3247 0.00013263932032595027
3719 2.489326185102742e-05
4056 0.00013401212737453773
4094 0.00010694056199521868
4247 4.846937791309118e-05
4314 3.1644758795232604e-05
4345 5.131853189681648e-05
4349 0.0001415241100530177
4658 8.334256383691721e-05
4933 2.564069103539461e-05
4942 6.804811807694473e-05
5016 8.117636599183342e-05
5043 0.00010422176939821458
5222 2.3001954162320978e-05
5228 4.931901336427842e-05
5357 0.00021244233432427055
5427 3.490353872923123e-05
5588 6.913916575845257e-05
5702 3.9886331735258645e-05
5734 0.0001391464957049546
5735 0.0001504088997800851
5810 5.261121850249547e-05
5982 0.0001376235146469122
5984 3.088397517794058e-05
6000 3.4631041686461846e-05
6005 0.00010897983139923425
6022 2.0770655001689466e-05
6035 9.818910047034337e-05
6038 0.00011663084820199027
6050 0.0001431761810607271
6197 5.5304247721948624e-05
6202 0.00013196715204843822
6203 0.0002462203859023654
6211 7.356359438910525e-05
6229 7.458098891001271e-05
6230 0.0001239806629188251
6242 3.105201474962982e-05
6264 4.7398314413738584e-05
6487 0.00012936752625714268
6490 2.724862948448243e-05
6493 0.0001251273376474703
6589 5.9343481706634316e-05
6760 1.9892587507080337e-05
6767 0.0001786642827461757
6836 0.00013614669170503938
6960 3.259102983841739e-05
6972 6.133906307779394e-05
7139 6.196989942762013e-05
7310 0.0001347133110905388
7482 2.5340342303404983e-05
7494 0.00010694056199521868
7677 6.988034244141115e-05
7678 8.260974660633398e-05
7679 8.260974660633398e-05
7904 6.056183085252843e-05
8109 8.285279662389543e-05
8120 0.00021605372159664503
8186 9.252359415714085e-05
8633 5.949411993323993e-05
8638 6.491430390704548e-05
