585
15 6.0101372993599195e-05
28 0.0002537323685808453
32 0.00015775871449691997
44 0.00010575674440844711
51 0.00022883910672981793
53 0.00010200632301179658
58 3.9886331735258645e-05
68 3.241760820520544e-05
92 0.00010774605847492284
93 0.00010982004923951138
97 8.612797493712278e-05
158 1.722259642893919e-05
163 4.4209139343250144e-05
196 8.935997200289977e-05
208 0.00013614669170503938
209 0.00013687950893562258
213 0.00021244233432427055
246 0.0001002340757964429
268 0.00015342417653056774
276 4.8109734749355606e-05
277 5.502814824397996e-05
278 5.558192042480493e-05
295 6.969398876306011e-05
311 0.00012016732165868515
328 5.502814824397996e-05
330 6.358367031630664e-05
334 9.252359415714085e-05
369 0.0002734912621014559
371 9.818910047034337e-05
375 8.334256383691721e-05
376 0.0002462203859023654
397 0.00013614669170503938
430 2.1595466130645556e-05
458 0.00011198624708459517
459 8.798716495431228e-05
463 2.104404381130732e-05
476 0.00015554326811050196
478 0.00020019542348213994
480 6.877276232176413e-05
483 0.0001523982138465608
504 0.00017695423263882194
509 1.4811799641107606e-05
511 4.409901177660094e-05
523 0.0001347133110905388
535 8.236790279729728e-05
549 6.786862826996617e-05
550 0.0001804365299615294
632 6.4078409870285e-05
639 0.0001287387249198448
682 0.0001228603508781383
706 6.525271795805037e-05
707 9.496067334174995e-05
751 0.00011614595437539213
765 7.499396958083494e-05
837 0.0001128804268053397
838 0.00011614595437539213
956 0.0001523982138465608
977 0.00010384546306881737
982 0.0002875104201589402
994 0.00019041645403432799
1072 0.00015775871449691997
1075 0.00026261715830791277
1126 4.895306850942043e-05
1140 3.8493910507496085e-05
1144 0.0001523982138465608
1177 0.00010347204034115494
1180 0.00023397347506023475
1216 4.5550455969092306e-05
1221 0.0002537323685808453
1234 2.8271279696782107e-05
1254 8.96392359620217e-05
1256 0.00020019542348213994
1265 6.576478670658657e-05
1269 8.433711728522342e-05
1306 4.5550455969092306e-05
1310 8.285279662389543e-05
1391 6.491430390704548e-05
1412 6.804811807694473e-05
1418 6.424444555902466e-05
1446 0.00023397347506023475
1447 0.00023971321052336105
1479 0.0001677901789526326
1485 0.00022419450561242282
1486 0.0002875104201589402
1497 6.663037655997976e-05
1498 0.00020298083458234552
1500 0.00010310145735752775
1504 0.0001239806629188251
1541 0.00014488623116808087
1573 0.0001347133110905388
1583 8.88061998220748e-05
1587 9.954283828468142e-05
1589 0.00015890538922556517
1610 9.590694438493474e-05
1621 0.00011198624708459517
1622 0.00011333374567896404
1633 0.00018418695135817993
1649 8.744869066327002e-05
1706 3.382257549850835e-05
1713 4.787143878550288e-05
1722 8.117636599183342e-05
1777 4.871062309639001e-05
1785 0.00010734164596720007
1816 0.00022883910672981793
1823 0.00030726931367955075
1834 0.00014849761844045535
1848 6.508321716976057e-05
1922 7.334292682143156e-06
1929 4.2158123180710165e-05
1936 0.00011024565393173974
1941 8.024367862190805e-05
1949 0.00012571095453322076
1956 0.0001128804268053397
1981 9.920086195142229e-05
1987 0.00012571095453322076
1991 0.00022419450561242282
1992 0.00022419450561242282
2004 7.217400943451535e-05
2024 0.0002537323685808453
2026 8.535239208071232e-05
2044 0.00010536844412685977
2114 0.00016251677649793962
2115 0.0002875104201589402
2124 0.00011663084820199027
2126 0.0001300045474523503
2128 0.0002734912621014559
2148 8.383730339089555e-05
2149 8.408656954820681e-05
2186 0.00023397347506023475
2310 0.0001391464957049546
2329 0.0001423431449207802
2333 0.00015890538922556517
2338 0.00022883910672981793
2341 8.744869066327002e-05
2351 0.0002199543170027505
2371 8.858094887998e-06
2373 4.532432364915004e-05
2384 3.364472337590274e-05
2391 2.4157123570420575e-05
2401 0.00022419450561242282
2411 0.00013837905578907654
2415 0.0001275049519955334
2439 5.502814824397996e-05
2440 0.0001275049519955334
2448 8.825864993225359e-05
2455 0.00010128967145643295
2469 0.00011110817958998604
2490 0.0002734912621014559
2493 2.5565430128539482e-05
2498 0.0002199543170027505
2542 0.00023397347506023475
2563 2.4450245822639586e-05
2564 4.692973938522239e-05
2567 0.00022883910672981793
2571 6.593667904531496e-05
2586 9.502842032885344e-06
2618 4.846937791309118e-05
2678 0.0001664173719040451
2714 8.691610145495967e-05
2728 0.00010939812948263226
2732 0.00012069415303305452
2776 9.222735356398462e-05
2780 9.342327683396404e-05
2781 9.68719546813797e-05
2782 0.00022419450561242282
2814 0.0002537323685808453
2832 0.0001196461249524729
2833 0.0001391464957049546
2873 0.00018418695135817993
2890 0.0001415241100530177
2900 0.00017065756051371745
2958 6.950834500520415e-05
2963 8.509658347491132e-05
3014 0.0001263016457352357
3016 0.00015554326811050196
3018 0.00016508218077975113
3031 8.691610145495967e-05
3047 0.0001786642827461757
3060 0.0002875104201589402
3070 0.0001399262151792957
3097 0.00012230970742046953
3113 6.165346047478709e-05
3228 4.566391685271689e-05
3229 4.669713069773751e-05
3230 4.692973938522239e-05
3240 0.00023397347506023475
3247 0.00013263932032595027
3295 0.00020019542348213994
3307 8.408656954820681e-05
3308 0.00012571095453322076
3330 0.00020019542348213994
3345 0.00011110817958998604
3390 0.00026261715830791277
3395 7.541048004377448e-05
3409 8.458895984833521e-05
3513 6.056183085252843e-05
3540 0.00013542473142615584
3542 0.0001431761810607271
3545 6.071628875522179e-05
3574 0.00021605372159664503
3576 5.3536945098705395e-05
3657 4.716346370617082e-05
3691 0.00011425323385392718
3696 0.0001391464957049546
3714 0.00022883910672981793
3715 0.0002462203859023654
3719 2.489326185102742e-05
3723 6.859058854884968e-05
3724 5.7716484755306535e-05
3743 3.233112827567267e-05
3746 1.903006184883404e-05
3760 0.00010614816360120087
3762 0.00017695423263882194
3765 0.00030726931367955075
3806 0.00018227567001855016
3832 3.3290954653437934e-05
3835 0.00011811516886331826
3867 0.00019756065060853997
3875 3.285232498188492e-05
3891 8.334256383691721e-05
3893 0.0001753021616311125
3897 0.00017370426675739054
3898 0.0001753021616311125
3926 0.00011110817958998604
3969 6.0101372993599195e-05
3970 6.663037655997976e-05
3972 0.00030726931367955075
3974 0.00010128967145643295
3994 0.0001147195668623605
3996 7.417147870601431e-05
4010 0.00014071861357331354
4046 9.312153328472917e-05
4056 0.00013401212737453773
4057 0.0001664173719040451
4094 0.00010694056199521868
4105 9.988723143186235e-05
4143 0.0001376235146469122
4144 0.00013837905578907654
4198 0.00013332088986277624
4247 4.846937791309118e-05
4250 8.612797493712278e-05
4290 5.656642719180506e-05
4296 9.527405980765772e-05
4301 0.00011154523568104574
4314 3.1644758795232604e-05
4315 7.256700694753944e-05
4319 0.00015890538922556517
4329 3.676019862375966e-05
4332 8.117636599183342e-05
4345 5.131853189681648e-05
4349 0.0001415241100530177
4351 0.00020019542348213994
4357 0.00018825025618924418
4381 4.3226837668107787e-05
4382 6.14960082295629e-05
4383 0.00016920278300425065
4385 0.0002059351589452662
4392 8.334256383691721e-05
4398 6.325661252824365e-05
4406 6.508321716976057e-05
4411 0.0001504088997800851
4412 0.00019756065060853997
4423 0.0001128804268053397
4432 6.4078409870285e-05
4434 0.00013065000625947455
4451 0.00010200632301179658
4467 5.5861184383926875e-05
4470 0.00015890538922556517
4485 7.159039254876493e-05
4495 3.207260550754382e-05
4499 9.312153328472917e-05
4507 0.0002875104201589402
4519 0.00010128967145643295
4533 5.685140711216779e-05
4543 0.0002537323685808453
4546 7.625433537211054e-05
4563 4.728074758348793e-05
4566 9.68719546813797e-05
4577 3.9085797470059324e-05
4652 4.476354154013861e-05
4659 6.610917985376751e-05
4676 1.811794967986411e-05
4683 0.00017695423263882194
4686 0.0001804365299615294
4688 0.0001804365299615294
4699 3.676019862375966e-05
4712 8.484211069037113e-05
4719 0.00023397347506023475
4731 0.00020908021320920737
4808 0.0001245506276326127
4818 9.048676041112919e-05
4834 1.7286007534181456e-05
4839 3.088397517794058e-05
4844 0.00010734164596720007
4846 4.681329625334851e-05
4878 6.969398876306011e-05
4879 0.0001753021616311125
4883 0.0002734912621014559
4894 0.00014849761844045535
4911 6.341986704442123e-05
4913 6.457822376461287e-05
4914 6.542281037332744e-05
4923 8.188778632745044e-05
4933 2.564069103539461e-05
4942 6.804811807694473e-05
4948 0.00011110817958998604
4950 0.00011425323385392718
5016 8.117636599183342e-05
5018 0.00010982004923951138
5024 6.025437603138515e-05
5029 0.00016007969731333051
5031 6.913916575845257e-05
5043 0.00010422176939821458
5044 0.00010058340652177312
5140 0.0001504088997800851
5149 0.0001376235146469122
5161 5.502814824397996e-05
5162 5.6001418804450566e-05
5177 6.196989942762013e-05
5180 0.00010982004923951138
5217 7.159039254876493e-05
5219 0.00014071861357331354
5222 2.3001954162320978e-05
5228 4.931901336427842e-05
5236 0.00010200632301179658
5267 0.0001677901789526326
5354 0.00026261715830791277
5357 0.00021244233432427055
5378 0.00010347204034115494
5379 2.541525611908456e-05
5380 3.8298201700263376e-05
5427 3.490353872923123e-05
5430 6.441104889224853e-05
5439 8.024367862190805e-05
5440 8.586807337437805e-05
5448 9.954283828468142e-05
5455 8.908229930004346e-05
5462 0.00010654275221462514
5469 1.1433598200043818e-05
5481 6.576478670658657e-05
5550 4.944160821510571e-05
5558 9.68719546813797e-05
5560 0.00018227567001855016
5588 6.913916575845257e-05
5590 0.00018617626542465564
5594 0.0001677901789526326
5622 6.733409171295719e-05
5674 0.00010236864012694453
5687 2.724862948448243e-05
5691 8.383730339089555e-05
5702 3.9886331735258645e-05
5704 0.00022883910672981793
5733 0.0001804365299615294
5734 0.0001391464957049546
5735 0.0001504088997800851
5808 0.00011913044365880717
5810 5.261121850249547e-05
5834 6.804811807694473e-05
5868 7.256700694753944e-05
5888 8.358930576913648e-05
5891 0.00010310145735752775
5892 0.00011712061541501202
5894 1.5848029138067838e-05
5896 1.6219082409210568e-05
5909 6.663037655997976e-05
5934 5.434466680855229e-05
5938 5.91933076971794e-05
5982 0.0001376235146469122
5984 3.088397517794058e-05
6000 3.4631041686461846e-05
6005 0.00010897983139923425
6014 9.818910047034337e-05
6022 2.0770655001689466e-05
6035 9.818910047034337e-05
6038 0.00011663084820199027
6043 0.0001504088997800851
6045 0.00016920278300425065
6050 0.0001431761810607271
6057 0.00011024565393173974
6079 0.0001251273376474703
6080 0.00014071861357331354
6197 5.5304247721948624e-05
6202 0.00013196715204843822
6229 7.458098891001271e-05
6230 0.0001239806629188251
6242 3.105201474962982e-05
6264 4.7398314413738584e-05
6297 9.164022082905678e-05
6299 0.0001431761810607271
6328 9.920086195142229e-05
6356 6.733409171295719e-05
6362 0.00017695423263882194
6380 0.00011067500849334801
6399 8.212725328354177e-05
6408 4.3989132524856074e-05
6417 9.954283828468142e-05
6429 5.815485137703107e-05
6443 0.0001275049519955334
6452 8.63892700805903e-05
6461 0.00014849761844045535
6462 0.0001786642827461757
6465 0.00015663840245623315
6467 4.669713069773751e-05
6468 4.669713069773751e-05
6487 0.00012936752625714268
6490 2.724862948448243e-05
6493 0.0001251273376474703
6507 6.212889280683989e-05
6536 7.499396958083494e-05
6566 7.082295263288685e-05
6568 3.9584588186023764e-05
6569 4.981125419104163e-05
6570 0.00020298083458234552
6586 5.24803957997587e-05
6588 6.576478670658657e-05
6589 5.9343481706634316e-05
6593 7.754816608258265e-05
6595 7.66818067754729e-05
6602 0.0001300045474523503
6614 8.484211069037113e-05
6615 0.00020298083458234552
6638 9.282164663063054e-05
6661 5.889434094657216e-05
6670 0.00010734164596720007
6682 6.698096388147314e-05
6687 6.196989942762013e-05
6704 0.00010694056199521868
6706 7.910237522724487e-05
6707 0.00016251677649793962
6712 6.025437603138515e-05
6748 0.00012016732165868515
6760 1.9892587507080337e-05
6767 0.0001786642827461757
6789 4.7516165565500014e-05
6796 8.260974660633398e-05
6815 7.178415593526694e-05
6822 8.535239208071232e-05
6826 0.00013614669170503938
6831 0.00011198624708459517
6833 2.7093186202753706e-05
6836 0.00013614669170503938
6851 0.0001275049519955334
6885 5.131853189681648e-05
6905 2.9805618738211806e-05
6908 8.935997200289977e-05
6912 0.0002875104201589402
6919 7.3968006896828e-05
6929 5.904359505253569e-05
6931 0.0001196461249524729
6960 3.259102983841739e-05
6965 0.00013332088986277624
6967 0.00010536844412685977
6972 6.133906307779394e-05
6978 0.00013687950893562258
6989 0.00015775871449691997
7067 3.508605365233e-05
7073 5.516600244482883e-05
7091 9.464928935894339e-05
7139 6.196989942762013e-05
7140 0.0001677901789526326
7142 0.00015139340654708521
7143 0.0001523982138465608
7144 0.00023397347506023475
7165 6.628229345501092e-05
7167 0.00011243128604527755
7171 0.00012341728754011654
7178 3.714017269315804e-05
7215 0.00015139340654708521
7227 0.0001504088997800851
7310 0.0001347133110905388
7321 3.8200641252257444e-05
7327 0.00011761535496899039
7339 0.0001504088997800851
7373 7.27647006365303e-05
7376 0.00013263932032595027
7377 0.00019756065060853997
7382 0.00015663840245623315
7389 0.0001300045474523503
7432 0.00018617626542465564
7482 2.5340342303404983e-05
7483 2.8590308184836374e-05
7496 0.00018227567001855016
7497 0.0002734912621014559
7554 8.260974660633398e-05
7602 9.654815662959692e-05
7625 0.00019506105515172307
7653 0.00030726931367955075
7656 0.00016508218077975113
7657 0.00020298083458234552
7671 9.134928606937549e-05
7675 0.00017215710736717137
7677 6.988034244141115e-05
7678 8.260974660633398e-05
7679 8.260974660633398e-05
7698 0.0001504088997800851
7718 9.527405980765772e-05
7725 0.00018418695135817993
7756 0.00019506105515172307
7789 0.00018227567001855016
7816 0.00014071861357331354
7817 0.00019506105515172307
7818 2.996997446737178e-05
7850 0.000126899584862824
7858 4.509923582401553e-05
7861 0.00013263932032595027
7862 9.077257605451787e-05
7863 7.64676023536449e-05
7866 5.91933076971794e-05
7877 8.853165584237468e-05
7890 9.233159952796689e-06
7891 6.932340577943291e-05
7894 6.374802604546662e-05
7902 7.376538112671329e-05
7903 8.141235399539764e-05
7904 6.056183085252843e-05
7958 9.496067334174995e-05
7960 9.954283828468142e-05
8009 2.7093186202753706e-05
8010 3.97855428110104e-05
8016 3.6571316885345003e-05
8041 0.00018418695135817993
8043 0.00020908021320920737
8054 2.9805618738211806e-05
8061 7.865323446718271e-05
8069 5.287392225192349e-05
8099 0.00015447220461114937
8100 0.00019041645403432799
8109 8.285279662389543e-05
8120 0.00021605372159664503
8134 0.00012176521653240713
8136 0.00016920278300425065
8144 1.8182537399726556e-05
8166 0.0001376235146469122
8184 0.00022883910672981793
8186 9.252359415714085e-05
8191 0.0002462203859023654
8192 0.00026261715830791277
8204 5.1064059112276297e-05
8234 4.8109734749355606e-05
8255 0.00018617626542465564
8289 0.00023397347506023475
8326 0.0002059351589452662
8349 4.919672615455441e-05
8355 0.00016378259903044513
8391 0.00023397347506023475
8392 0.0002537323685808453
8442 8.001326955199571e-05
8444 5.815485137703107e-05
8468 0.00016508218077975113
8482 0.0002875104201589402
8483 0.0001504088997800851
8486 0.00018418695135817993
8513 4.3335009582674306e-05
8520 5.874554257904601e-05
8521 6.610917985376751e-05
8526 0.00010939812948263226
8531 9.752607762356147e-05
8532 0.0001002340757964429
8533 0.00013687950893562258
8534 0.0001753021616311125
8550 0.00013542473142615584
8565 0.0001786642827461757
8566 0.00018418695135817993
8571 9.496067334174995e-05
8582 0.00010774605847492284
8583 0.00015890538922556517
8600 8.383730339089555e-05
8633 5.949411993323993e-05
8638 6.491430390704548e-05
8639 3.69498153124238e-05
8678 4.409901177660094e-05
8695 4.476354154013861e-05
8696 4.787143878550288e-05
8717 9.106007793564448e-05
8718 9.403242760948e-05
8746 0.00011811516886331826
8763 6.542281037332744e-05
8781 8.63892700805903e-05
8782 0.00019268344080366
8811 0.00011913044365880717
8813 4.431951634967444e-05
8841 0.0001275049519955334
8842 0.00016378259903044513
8843 0.00022419450561242282
8866 3.8493910507496085e-05
