41
208 0.00013614669170503938
209 0.00013687950893562258
330 6.358367031630664e-05
334 9.252359415714085e-05
1216 4.5550455969092306e-05
1391 6.491430390704548e-05
1693 0.0001281179340087181
1810 0.00019268344080366
1922 7.334292682143156e-06
2371 8.858094887998e-06
2618 4.846937791309118e-05
3070 0.0001399262151792957
4056 0.00013401212737453773
4094 0.00010694056199521868
4839 3.088397517794058e-05
5043 0.00010422176939821458
5588 6.913916575845257e-05
5734 0.0001391464957049546
5984 3.088397517794058e-05
5998 0.00014488623116808087
5999 0.0001804365299615294
6022 2.0770655001689466e-05
6057 0.00011024565393173974
6173 0.00013196715204843822
6328 9.920086195142229e-05
6490 2.724862948448243e-05
6493 0.0001251273376474703
6536 7.499396958083494e-05
6540 6.040786096929821e-05
6706 7.910237522724487e-05
6708 0.00017370426675739054
6836 0.00013614669170503938
7139 6.196989942762013e-05
7671 9.134928606937549e-05
7674 0.00018825025618924418
8031 5.5721352358276173e-05
8032 6.056183085252843e-05
8186 9.252359415714085e-05
8204 5.1064059112276297e-05
8275 0.00016007969731333051
8278 0.0001804365299615294
