76
2 0.029929077372543838
44 0.010589933777169446
145 0.005794018565894075
209 0.02741281311537682
334 0.009264834507061115
375 0.00834549358331018
397 0.013633026027812481
456 0.016400342950104795
478 0.02004653498958237
480 0.006886548964174852
504 0.01771928226154136
552 0.018067981517046628
956 0.015260369458433143
1268 0.008445083025234956
1309 0.00829645082597928
1390 0.00650018288111898
1417 0.00643310672833739
1496 0.006672021526994827
1586 0.019935410669507433
1648 0.008756659901023173
1649 0.01694309215880766
1809 0.01929432387013728
1921 0.0007344181616096607
2019 0.013082616357128507
2024 0.01258804524494453
2438 0.01102046870000785
2492 0.002559990037140942
2849 0.009264834507061115
3050 0.007920903011519171
3069 0.028022975947817604
3102 0.012139019402865658
3599 0.010036922286493248
3648 0.013489494701560469
3681 0.012414782785759205
3926 0.011125798837145567
4056 0.0402578453650072
4198 0.013350064836596199
4504 0.007809234219000296
5032 0.01384647742110852
5045 0.010071902459798224
5178 0.006205345434819669
5229 0.004938551091038756
5441 0.008598385055196148
5735 0.055733643583036195
5811 0.005268215497688085
5871 0.015911964368294795
5985 0.00927768494783617
6088 0.010250666525969995
6329 0.009933461592259274
6400 0.008223798665875554
6414 0.00960362571189369
6494 0.012529604866452307
6537 0.007509508504543831
6589 0.00658534583291123
6707 0.007920903011519171
6710 0.017393847475751286
6761 0.0019919408973382018
6930 0.005912320439417956
6932 0.011980744557038634
7178 0.015468048174096215
7322 0.0038252147734844756
7519 0.01978270245194728
7548 0.016530476349540923
7657 0.016530476349540923
7875 0.030768360938338832
7996 0.009147245364609823
8001 0.016400342950104795
8033 0.00606434872536779
8042 0.018443529331506735
8061 0.011487424493004009
8085 0.011348655522369971
8159 0.01095456325785639
8423 0.026297124885844028
8527 0.01095456325785639
8535 0.01755385240962331
8867 0.003854581240930394
