334
24 0.002414983167046237
32 0.0025655942766360414
44 0.0017198980039563516
53 0.0033178114988362444
92 0.0017522497684826868
158 0.0005601743772799491
209 0.0044520809621688626
213 0.0034549016122224436
238 0.003960480327506614
243 0.0010260818694461215
268 0.002495102666497116
277 0.0008949103232670609
281 0.0023850736484546872
303 0.002964307976652042
334 0.006018761103127294
370 0.00219081209569139
375 0.0013553812571434416
397 0.004428245680566828
433 0.004447726510671852
477 0.0033490768914602414
480 0.002236871743837817
494 0.0017588816747876026
496 0.00502429302005315
504 0.008633299933999167
523 0.00219081209569139
549 0.0022074642888391914
550 0.0029343984580604923
707 0.0015443239431052473
772 0.0019047060667492465
897 0.0023562519930108335
919 0.005327118695471996
929 0.003805057682001482
956 0.0024784176675192514
961 0.004069835157351297
989 0.0041263920963366665
994 0.0030966997050254214
1095 0.0033911954599619306
1102 0.0015494204762880395
1108 0.002663559347735998
1110 0.0016077584435782617
1253 0.0014577826111195939
1309 0.0013474162837813065
1358 0.005503413146474022
1388 0.002824913184930409
1390 0.0010556866358021702
1417 0.0010447928810620943
1467 0.0025295649733591123
1535 0.002399887316743336
1536 0.003133567197887259
1538 0.0018212069963830513
1577 0.0070622781888322024
1586 0.009713055928391395
1588 0.002584242388281454
1621 0.0018431210611148312
1640 0.0012332155826350235
1648 0.004266474805790487
1664 0.0021570832531840668
1688 0.002964307976652042
1692 0.00416710594118867
1699 0.004004226421828249
1712 0.001557044753490517
1713 0.004004226421828249
1720 0.0022755883753246046
1737 0.004997051320277657
1762 0.0033490768914602414
1778 0.0018431210611148312
1784 0.001745672899378991
1799 0.0018431210611148312
1809 0.003133567197887259
1903 0.0027997520818544364
1940 0.0013049847880993513
1948 0.0020444088080293125
1956 0.0014442351328728658
1980 0.001613281171005612
1983 0.001745672899378991
2025 0.002776133278187256
2031 0.0017929001237950081
2072 0.0017791170254547785
2087 0.004447726510671852
2092 0.0019208802644341098
2148 0.0013674808536744873
2154 0.003577067286730862
2177 0.0024784176675192514
2297 0.0028777666446663888
2372 0.0007370992196372721
2373 0.0013964530472855058
2383 0.0005471565232227103
2397 0.00167073444928659
2414 0.0020735841828178714
2438 0.006264372262869427
2453 0.004270883421241092
2465 0.0017791170254547785
2492 0.0008315296106041747
2523 0.002751706573237011
2628 0.004004226421828249
2653 0.002168167464337704
2677 0.0027064080627898723
2713 0.0014134968908149645
2724 0.0017135831643404638
2731 0.00196282170042077
2781 0.0036460245146312264
2798 0.004270883421241092
2832 0.002262907973946269
2872 0.0029953907125987215
2893 0.0021353693420532133
2931 0.0033490768914602414
2954 0.0007727446487586424
2962 0.0013839064816211853
2976 0.002584242388281454
2985 0.003400224197300102
3013 0.0020540150853876286
3017 0.0026846941516590183
3023 0.00438162419138278
3050 0.002572848058486154
3060 0.0036460245146312264
3068 0.00214615193258336
3069 0.05916529775843972
3133 0.0019980500858138113
3229 0.002289623197451288
3294 0.003255732872395677
3307 0.0020444088080293125
3318 0.003133567197887259
3394 0.002452767146533278
3506 0.002971185538139687
3512 0.000984903351382725
3559 0.002512146510026575
3578 0.0036460245146312264
3609 0.0029953907125987215
3648 0.00219081209569139
3653 0.0043343789481937196
3656 0.0007670087382288218
3681 0.002016269467030236
3721 0.004270883421241092
3748 0.0024784176675192514
3749 0.004004226421828249
3760 0.0017262635657187993
3762 0.0028777666446663888
3786 0.0016357651805146752
3799 0.004447726510671852
3902 0.001971483078202634
3907 0.002964307976652042
3920 0.002824913184930409
3928 0.0024303721589018262
3943 0.0012505578102714166
3954 0.0017522497684826868
3956 0.004004226421828249
3970 0.0010835947370484299
3987 0.0034549016122224436
3988 0.003301031382842816
4005 0.002999745164095733
4056 0.008717635614320294
4057 0.0054128161255797445
4118 0.004675716905942472
4144 0.004500854544497263
4248 0.0007882465254771324
4349 0.0013356169366111755
4367 0.005206679789986867
4379 0.004675716905942472
4383 0.0030002870000467034
4386 0.0033490768914602414
4393 0.0013553812571434416
4399 0.0010287279760067653
4405 0.0031722338020294815
4412 0.0024460659029929164
4468 0.0009084578015137888
4471 0.002584242388281454
4482 0.0015095374357156556
4485 0.001980240163753307
4504 0.0012682880392172015
4512 0.0030966997050254214
4542 0.0022381400776154774
4546 0.002964307976652042
4635 0.004675716905942472
4655 0.0024784176675192514
4687 0.0029343984580604923
4700 0.0005978227922170549
4713 0.0013797680483076415
4732 0.013600896789200408
4759 0.0027753652906902368
4802 0.00219081209569139
4809 0.002025538674200446
4819 0.002943131418919647
4924 0.002663445079380432
4943 0.0022133022930720123
4944 0.0027287337131858785
4983 0.004675716905942472
5003 0.0023850736484546872
5017 0.0026403057435008008
5020 0.0041263920963366665
5030 0.02863673884492777
5032 0.0011243946081009658
5154 0.006909803224444887
5198 0.002262907973946269
5223 0.0007481511514401626
5226 0.002751706573237011
5293 0.00219081209569139
5356 0.002512146510026575
5358 0.0034549016122224436
5360 0.0022884749711046897
5371 0.0018140349277180284
5380 0.00041332255936730214
5381 0.0012456699764698802
5404 0.004270883421241092
5411 0.004447726510671852
5431 0.0010475023133717496
5441 0.005585812189142023
5463 0.0017326806710524438
5591 0.009083227431375171
5595 0.005457467426371757
5613 0.002301574578088492
5675 0.0016647980306776086
5703 0.0006486623876361771
5735 0.027154895687355227
5736 0.00733819770897875
5771 0.0021570832531840668
5811 0.0025668130253334288
5812 0.0016767156714786262
5823 0.0014855927690698436
5869 0.0011801408137161887
5907 0.004270883421241092
5910 0.0010835947370484299
5913 0.0034146364898546724
5939 0.002887942106919322
5983 0.004476280155230955
5985 0.009040663799533787
5988 0.0012682880392172015
6006 0.0035446286767517356
6034 0.0018733155008594246
6036 0.0015968271229775549
6039 0.003793482186774223
6048 0.0033490768914602414
6060 0.002414983167046237
6093 0.0023705318059888563
6174 0.00214615193258336
6203 0.0064384557977500805
6204 0.004004226421828249
6250 0.0017723143383758678
6310 0.001865658357440432
6313 0.0031722338020294815
6329 0.001613281171005612
6381 0.003599765239754443
6411 0.0026033398949934336
6430 0.0009457591888177023
6444 0.0020735841828178714
6469 0.0007594248700332786
6479 0.002751706573237011
6494 0.020349175786756483
6507 0.0014442351328728658
6537 0.0024392199157094925
6571 0.003301031382842816
6589 0.002139035690252188
6654 0.002314894356813856
6707 0.0038592720877292314
6710 0.002824913184930409
6718 0.0027997520818544364
6761 0.005176138390163502
6768 0.005811153605233276
6809 0.009994102640555313
6823 0.001388066639093628
6837 0.0066423685208502415
6909 0.005812964018174034
6932 0.001945777856891311
6935 0.0016589057494181222
6979 0.0022260404810844313
7088 0.0022381400776154774
7140 0.0010078024520053842
7178 0.002512146510026575
7201 0.0038984017010660465
7217 0.0038984017010660465
7266 0.003805057682001482
7267 0.004997051320277657
7322 0.0006212483847447414
7362 0.0031722338020294815
7364 0.0041263920963366665
7375 0.0017073182449273362
7408 0.002905576802616638
7411 0.002905576802616638
7432 0.0032128841573418033
7433 0.003027742477125057
7484 0.0009299154253403713
7490 0.0041263920963366665
7492 0.007462633429761728
7495 0.0034783003229977693
7503 0.0015754066790519268
7521 0.006218199987880833
7603 0.0015701408246039557
7611 0.0021570832531840668
7652 0.001881047349296021
7676 0.005599504163708873
7680 0.001343463616342424
7695 0.0011066511465360061
7702 0.0018580744892448887
7749 0.0034549016122224436
7756 0.003301031382842816
7788 0.0036460245146312264
7892 0.0011273908618728212
7944 0.001243575314189203
7988 0.00127549270864237
7996 0.0014855927690698436
8011 0.0006470232801673808
8042 0.008986172137796166
8043 0.00325078421114529
8044 0.003400224197300102
8062 0.001279119754692577
8075 0.0034549016122224436
8097 0.002124731488657732
8101 0.0030966997050254214
8117 0.007536439530079726
8121 0.003513632786257847
8151 0.001980240163753307
8159 0.003558234050909557
8185 0.018607793058176433
8187 0.0015046902757818235
8261 0.004447726510671852
8290 0.003805057682001482
8350 0.0008000752253456002
8398 0.003400224197300102
8469 0.0026846941516590183
8527 0.010674702152728671
8532 0.0015860445324474082
8533 0.0016300840939742682
8535 0.002850899387694297
8584 0.002584242388281454
8639 0.0021113732716043403
8664 0.0013012376975317257
8677 0.002314894356813856
8695 0.0028884702657457316
8697 0.001557044753490517
8698 0.0022381400776154774
8739 0.0014397702862540933
8772 0.003301031382842816
8814 0.0014415165317821115
8845 0.0024784176675192514
8867 0.0018780532688474731
