430
29 0.00021244233432427055
30 0.0002462203859023654
58 3.9886331735258645e-05
132 8.334256383691721e-05
134 0.0001376235146469122
138 5.5304247721948624e-05
151 0.00011712061541501202
158 1.722259642893919e-05
160 3.6009024944890365e-05
163 4.4209139343250144e-05
204 0.00019506105515172307
205 0.00019756065060853997
206 0.00020019542348213994
208 0.00013614669170503938
209 0.00013687950893562258
235 0.00021605372159664503
243 6.309390310328486e-05
245 0.00013196715204843822
276 4.8109734749355606e-05
277 5.502814824397996e-05
310 8.408656954820681e-05
311 0.00012016732165868515
314 0.00020908021320920737
330 6.358367031630664e-05
334 9.252359415714085e-05
368 0.00023397347506023475
375 8.334256383691721e-05
378 7.955569410086921e-05
393 0.00015139340654708521
427 0.0001440237055098346
429 0.00020019542348213994
430 2.1595466130645556e-05
436 6.181142310095298e-05
443 5.859719717528758e-05
463 2.104404381130732e-05
473 4.858985121920245e-05
479 0.00017065756051371745
480 6.877276232176413e-05
509 1.4811799641107606e-05
549 6.786862826996617e-05
550 0.0001804365299615294
621 0.00011110817958998604
624 0.0001300045474523503
626 0.00013263932032595027
632 6.4078409870285e-05
682 0.0001228603508781383
706 6.525271795805037e-05
707 9.496067334174995e-05
884 0.00012936752625714268
887 0.00023971321052336105
888 0.00020908021320920737
960 0.00012069415303305452
961 0.0001251273376474703
971 0.0002734912621014559
972 0.0002875104201589402
1055 0.00011614595437539213
1070 0.00013130412920165632
1111 9.886126874785542e-05
1216 4.5550455969092306e-05
1217 9.818910047034337e-05
1234 2.8271279696782107e-05
1254 8.96392359620217e-05
1265 6.576478670658657e-05
1269 8.433711728522342e-05
1306 4.5550455969092306e-05
1365 6.733409171295719e-05
1391 6.491430390704548e-05
1403 0.00030726931367955075
1406 0.0002734912621014559
1412 6.804811807694473e-05
1461 0.00014488623116808087
1541 0.00014488623116808087
1551 0.0002059351589452662
1560 0.00023971321052336105
1572 0.00014849761844045535
1610 9.590694438493474e-05
1633 0.00018418695135817993
1649 8.744869066327002e-05
1706 3.382257549850835e-05
1712 0.0001677901789526326
1722 8.117636599183342e-05
1777 4.871062309639001e-05
1785 0.00010734164596720007
1888 6.071628875522179e-05
1918 0.0001376235146469122
1919 0.00014071861357331354
1922 7.334292682143156e-06
1929 4.2158123180710165e-05
1931 7.754816608258265e-05
1932 0.0001275049519955334
1934 0.00021605372159664503
1949 0.00012571095453322076
1987 0.00012571095453322076
1993 0.00014576429866269
1994 0.0001504088997800851
2024 0.0002537323685808453
2026 8.535239208071232e-05
2040 4.7398314413738584e-05
2042 8.383730339089555e-05
2043 0.00019506105515172307
2048 0.0002875104201589402
2187 0.0002875104201589402
2320 0.00014665847838343454
2333 0.00015890538922556517
2341 8.744869066327002e-05
2343 0.0001263016457352357
2367 0.0002462203859023654
2371 8.858094887998e-06
2391 2.4157123570420575e-05
2404 0.00012341728754011654
2405 0.0001677901789526326
2411 0.00013837905578907654
2417 8.63892700805903e-05
2431 0.0001391464957049546
2439 5.502814824397996e-05
2440 0.0001275049519955334
2479 0.00013542473142615584
2493 2.5565430128539482e-05
2526 8.070779096331723e-05
2550 5.3403616896513294e-05
2563 2.4450245822639586e-05
2564 4.692973938522239e-05
2571 6.593667904531496e-05
2586 9.502842032885344e-06
2728 0.00010939812948263226
2762 0.00010200632301179658
2764 0.00017215710736717137
2766 0.0002462203859023654
2773 0.00011067500849334801
2828 0.00016128300357362823
2830 8.285279662389543e-05
2840 0.00014944388948364012
2843 7.33626397641186e-05
2875 0.00020298083458234552
2916 0.00015890538922556517
2932 0.0002059351589452662
2937 0.0002059351589452662
2955 4.7516165565500014e-05
2957 0.0001523982138465608
2958 6.950834500520415e-05
2968 0.00019756065060853997
2982 7.197869283035229e-05
3014 0.0001263016457352357
3015 0.0002734912621014559
3050 5.1064059112276297e-05
3051 7.910237522724487e-05
3070 0.0001399262151792957
3113 6.165346047478709e-05
3153 0.00023397347506023475
3154 0.0002537323685808453
3156 9.342327683396404e-05
3161 0.00010536844412685977
3168 0.0001275049519955334
3169 0.0001391464957049546
3195 0.00019756065060853997
3226 8.164949036359771e-05
3228 4.566391685271689e-05
3275 0.00018825025618924418
3367 0.00017065756051371745
3395 7.541048004377448e-05
3409 8.458895984833521e-05
3421 8.586807337437805e-05
3440 0.00019756065060853997
3441 0.0002875104201589402
3445 0.0002734912621014559
3465 5.7716484755306535e-05
3478 7.865323446718271e-05
3487 0.00014849761844045535
3519 8.586807337437805e-05
3572 5.234992335902794e-05
3586 6.228840662358072e-05
3587 0.00030726931367955075
3647 8.094151528426567e-05
3657 4.716346370617082e-05
3691 0.00011425323385392718
3714 0.00022883910672981793
3715 0.0002462203859023654
3719 2.489326185102742e-05
3723 6.859058854884968e-05
3724 5.7716484755306535e-05
3727 6.424444555902466e-05
3729 0.00012936752625714268
3731 5.3138049876864844e-05
3743 3.233112827567267e-05
3832 3.3290954653437934e-05
3875 3.285232498188492e-05
3901 0.00010384546306881737
3902 0.00012122674224136485
3932 4.895306850942043e-05
3951 9.920086195142229e-05
3994 0.0001147195668623605
4094 0.00010694056199521868
4108 9.654815662959692e-05
4120 0.0001431761810607271
4121 0.00015890538922556517
4131 0.00018227567001855016
4138 0.00016251677649793962
4139 0.00017215710736717137
4224 8.236790279729728e-05
4266 0.00015342417653056774
4290 5.656642719180506e-05
4314 3.1644758795232604e-05
4315 7.256700694753944e-05
4345 5.131853189681648e-05
4351 0.00020019542348213994
4352 0.0002059351589452662
4353 0.00030726931367955075
4363 7.025520142447097e-05
4371 0.00013263932032595027
4381 4.3226837668107787e-05
4406 6.508321716976057e-05
4432 6.4078409870285e-05
4453 3.6854914742017664e-05
4454 0.0001804365299615294
4467 5.5861184383926875e-05
4470 0.00015890538922556517
4473 0.00016128300357362823
4477 0.0002537323685808453
4495 3.207260550754382e-05
4513 9.19329029551259e-05
4561 0.0001440237055098346
4567 6.341986704442123e-05
4617 0.00030726931367955075
4650 0.0001786642827461757
4652 4.476354154013861e-05
4676 1.811794967986411e-05
4694 0.00030726931367955075
4698 0.00023971321052336105
4699 3.676019862375966e-05
4723 9.106007793564448e-05
4724 0.00016128300357362823
4725 0.00030726931367955075
4759 5.0810908270240366e-05
4762 0.0001399262151792957
4834 1.7286007534181456e-05
4839 3.088397517794058e-05
4846 4.681329625334851e-05
4911 6.341986704442123e-05
4913 6.457822376461287e-05
4914 6.542281037332744e-05
4933 2.564069103539461e-05
4939 0.00018617626542465564
5016 8.117636599183342e-05
5043 0.00010422176939821458
5065 0.0001287387249198448
5194 0.00011712061541501202
5197 0.0001391464957049546
5217 7.159039254876493e-05
5218 0.00020908021320920737
5222 2.3001954162320978e-05
5228 4.931901336427842e-05
5236 0.00010200632301179658
5242 6.786862826996617e-05
5245 0.0002734912621014559
5289 0.0001300045474523503
5316 0.00016378259903044513
5373 0.00016508218077975113
5379 2.541525611908456e-05
5380 3.8298201700263376e-05
5383 0.00026261715830791277
5395 3.215862746722012e-05
5411 8.164949036359771e-05
5469 1.1433598200043818e-05
5535 0.00014944388948364012
5536 0.00018418695135817993
5550 4.944160821510571e-05
5554 0.0001440237055098346
5555 0.0001440237055098346
5558 9.68719546813797e-05
5559 0.0001786642827461757
5566 0.00018227567001855016
5687 2.724862948448243e-05
5688 0.00018617626542465564
5710 0.00021244233432427055
5734 0.0001391464957049546
5762 0.0001391464957049546
5765 0.00015554326811050196
5810 5.261121850249547e-05
5834 6.804811807694473e-05
5894 1.5848029138067838e-05
5896 1.6219082409210568e-05
5934 5.434466680855229e-05
5938 5.91933076971794e-05
5984 3.088397517794058e-05
5985 7.52017798211394e-05
5987 7.798719092134497e-05
5988 7.044371782011974e-05
6022 2.0770655001689466e-05
6033 0.00011519040557349246
6035 9.818910047034337e-05
6037 0.00018617626542465564
6038 0.00011663084820199027
6053 0.00018227567001855016
6057 0.00011024565393173974
6058 0.00017695423263882194
6081 0.00019041645403432799
6106 7.217400943451535e-05
6197 5.5304247721948624e-05
6199 0.0001251273376474703
6242 3.105201474962982e-05
6244 0.00020298083458234552
6249 0.00010897983139923425
6254 8.141235399539764e-05
6264 4.7398314413738584e-05
6292 8.853165584237468e-05
6338 0.00016920278300425065
6342 0.00030726931367955075
6347 0.0002059351589452662
6356 6.733409171295719e-05
6362 0.00017695423263882194
6405 0.00014071861357331354
6429 5.815485137703107e-05
6475 8.691610145495967e-05
6476 0.00010774605847492284
6490 2.724862948448243e-05
6491 7.604199766141655e-05
6493 0.0001251273376474703
6496 0.00020908021320920737
6507 6.212889280683989e-05
6517 0.0001391464957049546
6540 6.040786096929821e-05
6568 3.9584588186023764e-05
6569 4.981125419104163e-05
6572 0.00011614595437539213
6573 0.0001504088997800851
6578 6.025437603138515e-05
6600 0.00013065000625947455
6602 0.0001300045474523503
6613 0.00014944388948364012
6619 5.7716484755306535e-05
6647 0.0001523982138465608
6704 0.00010694056199521868
6706 7.910237522724487e-05
6707 0.00016251677649793962
6760 1.9892587507080337e-05
6831 0.00011198624708459517
6833 2.7093186202753706e-05
6836 0.00013614669170503938
6851 0.0001275049519955334
6885 5.131853189681648e-05
6960 3.259102983841739e-05
6961 0.0001423431449207802
6972 6.133906307779394e-05
6989 0.00015775871449691997
6992 4.787143878550288e-05
6995 7.843020694973282e-05
6999 6.309390310328486e-05
7067 3.508605365233e-05
7069 0.0001664173719040451
7139 6.196989942762013e-05
7140 0.0001677901789526326
7178 3.714017269315804e-05
7247 0.00026261715830791277
7248 0.0002734912621014559
7310 0.0001347133110905388
7346 8.070779096331723e-05
7349 0.00013614669170503938
7461 0.0002537323685808453
7476 8.117636599183342e-05
7480 9.252359415714085e-05
7482 2.5340342303404983e-05
7483 2.8590308184836374e-05
7559 8.509658347491132e-05
7620 0.0001027336712532598
7621 0.0002875104201589402
7627 7.887728740211037e-05
7637 0.00018418695135817993
7653 0.00030726931367955075
7671 9.134928606937549e-05
7677 6.988034244141115e-05
7678 8.260974660633398e-05
7679 8.260974660633398e-05
7685 0.00016378259903044513
7691 0.00020019542348213994
7692 0.0002537323685808453
7698 0.0001504088997800851
7795 0.00020019542348213994
7799 9.403242760948e-05
7800 0.00017065756051371745
7802 0.00020908021320920737
7818 2.996997446737178e-05
7820 0.00013614669170503938
7877 8.853165584237468e-05
7890 9.233159952796689e-06
7891 6.932340577943291e-05
7893 5.131853189681648e-05
7894 6.374802604546662e-05
7902 7.376538112671329e-05
7903 8.141235399539764e-05
7962 0.0002059351589452662
7995 9.134928606937549e-05
8009 2.7093186202753706e-05
8010 3.97855428110104e-05
8016 3.6571316885345003e-05
8031 5.5721352358276173e-05
8032 6.056183085252843e-05
8033 0.00018617626542465564
8054 2.9805618738211806e-05
8069 5.287392225192349e-05
8096 0.00013065000625947455
8099 0.00015447220461114937
8100 0.00019041645403432799
8124 0.0001300045474523503
8134 0.00012176521653240713
8135 0.0002462203859023654
8186 9.252359415714085e-05
8191 0.0002462203859023654
8192 0.00026261715830791277
8349 4.919672615455441e-05
8444 5.815485137703107e-05
8447 4.100899018649567e-05
8474 8.408656954820681e-05
8483 0.0001504088997800851
8516 8.024367862190805e-05
8526 0.00010939812948263226
8535 0.00012341728754011654
8536 0.00014576429866269
8571 9.496067334174995e-05
8573 0.00019756065060853997
8600 8.383730339089555e-05
8639 3.69498153124238e-05
8648 0.00016128300357362823
8661 7.843020694973282e-05
8663 8.001326955199571e-05
8800 0.00011379132113009053
8811 0.00011913044365880717
8813 4.431951634967444e-05
8814 9.988723143186235e-05
8866 3.8493910507496085e-05
8879 0.0001196461249524729
