72
208 0.00013614669170503938
209 0.00013687950893562258
278 5.558192042480493e-05
281 0.00014665847838343454
330 6.358367031630664e-05
334 9.252359415714085e-05
785 9.134928606937549e-05
1072 0.00015775871449691997
1073 0.00016920278300425065
1074 0.00017215710736717137
1306 4.5550455969092306e-05
1310 8.285279662389543e-05
1391 6.491430390704548e-05
1469 6.358367031630664e-05
1470 0.0002462203859023654
1497 6.663037655997976e-05
1578 0.00010856509334268535
1693 0.0001281179340087181
1918 0.0001376235146469122
1919 0.00014071861357331354
1922 7.334292682143156e-06
2371 8.858094887998e-06
2455 0.00010128967145643295
2493 2.5565430128539482e-05
2532 0.00015554326811050196
2629 0.0002462203859023654
2843 7.33626397641186e-05
2850 9.252359415714085e-05
2940 7.910237522724487e-05
3069 0.00013196715204843822
3070 0.0001399262151792957
3719 2.489326185102742e-05
3926 0.00011110817958998604
3928 0.00014944388948364012
3974 0.00010128967145643295
4056 0.00013401212737453773
4094 0.00010694056199521868
4296 9.527405980765772e-05
4577 3.9085797470059324e-05
4878 6.969398876306011e-05
5024 6.025437603138515e-05
5026 0.00026261715830791277
5043 0.00010422176939821458
5080 0.00010575674440844711
5217 7.159039254876493e-05
5222 2.3001954162320978e-05
5228 4.931901336427842e-05
5588 6.913916575845257e-05
5734 0.0001391464957049546
5735 0.0001504088997800851
5984 3.088397517794058e-05
6490 2.724862948448243e-05
6493 0.0001251273376474703
6536 7.499396958083494e-05
6836 0.00013614669170503938
7139 6.196989942762013e-05
7178 3.714017269315804e-05
7503 3.173002815645075e-05
7520 9.558947467904783e-05
7666 0.00014944388948364012
7858 4.509923582401553e-05
7863 7.64676023536449e-05
7877 8.853165584237468e-05
7879 0.0002734912621014559
8186 9.252359415714085e-05
8204 5.1064059112276297e-05
8275 0.00016007969731333051
8278 0.0001804365299615294
8571 9.496067334174995e-05
8582 0.00010774605847492284
8583 0.00015890538922556517
8585 0.0001431761810607271
