40
528 0.04140717466934347
1074 0.052009869218669305
1305 0.009021014746590013
1364 0.013335142785463877
1411 0.026953103480076953
1712 0.009480672499031149
2398 0.02513175778438861
2962 0.0168529055984091
3033 0.03194120284107055
3070 0.052009869218669305
3581 0.02141927017296903
3604 0.010655722092000547
3969 0.01190274302486569
3991 0.054163425063292775
4393 0.016505531753657914
4568 0.012559952335552934
4834 0.02835524723584889
4940 0.036871175054767356
5081 0.020944535692624014
5220 0.027868539648119337
5229 0.009767356602276652
5396 0.006368837510841461
5431 0.025512500787898615
5703 0.007899266409436112
5706 0.02290697660920488
5929 0.029787646996447075
5985 0.006116399706351254
6052 0.033229912773908035
6508 0.012304282059879048
6761 0.003939616441402221
7292 0.03350967115853071
8043 0.013195775908945325
8143 0.040199226617730295
8537 0.08660342864545956
8567 0.03647720245564666
8572 0.018806433796037234
8640 0.007317705645873797
8679 0.008733564287845946
8820 0.014139857733340429
8867 0.015247010241902448
