66
44 0.009817751105917507
209 0.01270698107952363
281 0.01361479540992884
334 0.025767820972763728
456 0.015204484609992987
496 0.028680339322803398
957 0.02124389707475143
1073 0.047945754401757225
1309 0.007691501286584958
1374 0.04710964309984361
1496 0.006185519957318121
1572 0.012505885712905018
1581 0.017676994149520113
1586 0.009240893487427924
1648 0.0081181534499069
1784 0.00996488280062174
1948 0.011670166945833992
1956 0.02473252665044783
2531 0.014439600056258266
2939 0.014686674333858462
3069 0.038969450927433855
3448 0.025389105498418486
3559 0.014340169661401699
3653 0.006185519957318121
3843 0.02285745915793625
3974 0.009403057833538857
4056 0.012440792491269587
4383 0.005708879430644421
4393 0.007736968009527147
4415 0.020812723271019917
4471 0.02950343393287993
4732 0.0388192262525095
4830 0.015565792662909606
4943 0.006317133628143035
5066 0.011951244963392256
5081 0.02945325331775252
5229 0.00915689681463436
5380 0.002359382943055016
5441 0.015942838956509525
5623 0.006250848180686192
5735 0.02583486603588657
5736 0.02792591905916913
5939 0.005495112064554821
5985 0.01433531181176075
6006 0.010116961014895579
6279 0.010737645285564786
6300 0.013291522141804166
6401 0.015707658355561267
6494 0.03484796353482048
6571 0.018843387477061074
6654 0.01321418862014576
6707 0.007343337166929231
6761 0.005540085620721873
6768 0.03317200182987329
6837 0.012638951213284486
6909 0.008295584067602528
6930 0.005481213740710396
7521 0.017747779132076542
7863 0.008426720810394408
7923 0.010002425761755336
8044 0.01940961312625475
8159 0.01015579302030436
8279 0.016750524531428643
8527 0.01015579302030436
8586 0.013291522141804166
8735 0.02669055067142161
