139
58 3.9886331735258645e-05
68 3.241760820520544e-05
158 1.722259642893919e-05
276 4.8109734749355606e-05
277 5.502814824397996e-05
436 6.181142310095298e-05
473 4.858985121920245e-05
509 1.4811799641107606e-05
511 4.409901177660094e-05
528 0.00020908021320920737
723 6.212889280683989e-05
726 6.4078409870285e-05
918 0.0001275049519955334
1126 4.895306850942043e-05
1130 8.665197383001834e-05
1412 6.804811807694473e-05
1432 0.00015139340654708521
1504 0.0001239806629188251
1531 0.0001664173719040451
1532 0.00018825025618924418
1665 0.00013263932032595027
1750 0.0001245506276326127
1777 4.871062309639001e-05
1922 7.334292682143156e-06
2059 0.00014071861357331354
2118 6.715720793434914e-05
2242 0.00013614669170503938
2371 8.858094887998e-06
2373 4.532432364915004e-05
2374 8.586807337437805e-05
2493 2.5565430128539482e-05
2559 7.604199766141655e-05
2563 2.4450245822639586e-05
2564 4.692973938522239e-05
2586 9.502842032885344e-06
2607 3.3290954653437934e-05
2762 0.00010200632301179658
2765 0.00012936752625714268
2958 6.950834500520415e-05
2963 8.509658347491132e-05
3031 8.691610145495967e-05
3033 0.0001415241100530177
3034 0.00016128300357362823
3071 0.00026261715830791277
3097 0.00012230970742046953
3228 4.566391685271689e-05
3229 4.669713069773751e-05
3230 4.692973938522239e-05
3261 0.00020298083458234552
3605 5.380470086849468e-05
3746 1.903006184883404e-05
3766 5.131853189681648e-05
3788 0.0001300045474523503
3789 0.00016508218077975113
3832 3.3290954653437934e-05
3847 0.0001677901789526326
3891 8.334256383691721e-05
3894 0.0002537323685808453
3932 4.895306850942043e-05
3951 9.920086195142229e-05
3954 0.00010774605847492284
3969 6.0101372993599195e-05
4247 4.846937791309118e-05
4298 0.00011614595437539213
4314 3.1644758795232604e-05
4315 7.256700694753944e-05
4317 0.0002537323685808453
4453 3.6854914742017664e-05
4567 6.341986704442123e-05
4699 3.676019862375966e-05
4723 9.106007793564448e-05
4834 1.7286007534181456e-05
4839 3.088397517794058e-05
4846 4.681329625334851e-05
4972 4.681329625334851e-05
5080 0.00010575674440844711
5086 0.00017370426675739054
5222 2.3001954162320978e-05
5395 3.215862746722012e-05
5427 3.490353872923123e-05
5430 6.441104889224853e-05
5434 7.159039254876493e-05
5687 2.724862948448243e-05
5702 3.9886331735258645e-05
5738 9.19329029551259e-05
5744 0.00015890538922556517
5786 0.00017695423263882194
5797 5.544288630052885e-05
5925 0.00010734164596720007
5927 0.0001475693727081854
5928 0.0001504088997800851
5984 3.088397517794058e-05
6193 0.00010694056199521868
6262 0.0001128804268053397
6264 4.7398314413738584e-05
6265 0.0001275049519955334
6327 0.00010384546306881737
6399 8.212725328354177e-05
6490 2.724862948448243e-05
6540 6.040786096929821e-05
6545 0.0001677901789526326
6546 0.0001786642827461757
6566 7.082295263288685e-05
6568 3.9584588186023764e-05
6569 4.981125419104163e-05
6661 5.889434094657216e-05
6760 1.9892587507080337e-05
6833 2.7093186202753706e-05
7178 3.714017269315804e-05
7180 0.0001275049519955334
7291 0.00016920278300425065
7301 0.00011024565393173974
7302 0.00011811516886331826
7321 3.8200641252257444e-05
7384 0.0001399262151792957
7602 9.654815662959692e-05
7799 9.403242760948e-05
7886 7.910237522724487e-05
7890 9.233159952796689e-06
7962 0.0002059351589452662
8047 9.312153328472917e-05
8054 2.9805618738211806e-05
8094 0.00021244233432427055
8142 0.00020298083458234552
8144 1.8182537399726556e-05
8513 4.3335009582674306e-05
8516 8.024367862190805e-05
8520 5.874554257904601e-05
8535 0.00012341728754011654
8536 0.00014576429866269
8537 0.00015554326811050196
8539 7.955569410086921e-05
8547 0.00015775871449691997
8548 0.00016920278300425065
8571 9.496067334174995e-05
8639 3.69498153124238e-05
8678 4.409901177660094e-05
8882 0.0001147195668623605
8883 0.00011519040557349246
