588
52 9.785646144837983e-05
58 3.9886331735258645e-05
68 3.241760820520544e-05
109 0.00011913044365880717
119 0.00022883910672981793
120 0.00022419450561242282
132 8.334256383691721e-05
134 0.0001376235146469122
145 5.786216925096193e-05
148 0.00010614816360120087
158 1.722259642893919e-05
160 3.6009024944890365e-05
163 4.4209139343250144e-05
225 4.311890533715833e-05
243 6.309390310328486e-05
246 0.0001002340757964429
276 4.8109734749355606e-05
277 5.502814824397996e-05
310 8.408656954820681e-05
318 9.719791862251607e-05
344 9.164022082905678e-05
378 7.955569410086921e-05
427 0.0001440237055098346
430 2.1595466130645556e-05
436 6.181142310095298e-05
459 8.798716495431228e-05
463 2.104404381130732e-05
480 6.877276232176413e-05
496 0.00015447220461114937
509 1.4811799641107606e-05
528 0.00020908021320920737
535 8.236790279729728e-05
539 0.0001391464957049546
549 6.786862826996617e-05
569 0.0001415241100530177
594 0.00030726931367955075
645 6.341986704442123e-05
653 0.00015775871449691997
680 0.0002875104201589402
682 0.0001228603508781383
706 6.525271795805037e-05
709 0.00017370426675739054
744 0.00018418695135817993
770 0.0002875104201589402
773 0.00011110817958998604
884 0.00012936752625714268
886 0.0001677901789526326
977 0.00010384546306881737
979 0.0001415241100530177
990 0.00010939812948263226
1011 8.56095506062492e-05
1078 0.0002537323685808453
1096 6.950834500520415e-05
1126 4.895306850942043e-05
1130 8.665197383001834e-05
1131 0.00030726931367955075
1177 0.00010347204034115494
1193 0.00015447220461114937
1208 0.00012571095453322076
1216 4.5550455969092306e-05
1222 0.0001786642827461757
1234 2.8271279696782107e-05
1254 8.96392359620217e-05
1290 0.0001664173719040451
1306 4.5550455969092306e-05
1307 0.00022883910672981793
1310 8.285279662389543e-05
1311 0.0002875104201589402
1318 0.00017370426675739054
1326 0.00015890538922556517
1327 0.00016007969731333051
1350 6.374802604546662e-05
1365 6.733409171295719e-05
1391 6.491430390704548e-05
1394 0.00014488623116808087
1412 6.804811807694473e-05
1418 6.424444555902466e-05
1421 0.00017215710736717137
1432 0.00015139340654708521
1474 0.0001239806629188251
1500 0.00010310145735752775
1511 9.312153328472917e-05
1517 9.106007793564448e-05
1519 0.0001376235146469122
1563 0.00018825025618924418
1579 0.00015447220461114937
1608 0.00019506105515172307
1646 0.00026261715830791277
1649 8.744869066327002e-05
1655 0.00020019542348213994
1671 7.64676023536449e-05
1706 3.382257549850835e-05
1713 4.787143878550288e-05
1721 0.0001399262151792957
1758 0.00017370426675739054
1759 0.0001391464957049546
1798 0.00010498321344481378
1800 0.00011333374567896404
1848 6.508321716976057e-05
1888 6.071628875522179e-05
1895 0.00011519040557349246
1922 7.334292682143156e-06
1942 0.0001376235146469122
1960 0.00011712061541501202
1981 9.920086195142229e-05
1985 9.496067334174995e-05
2026 8.535239208071232e-05
2040 4.7398314413738584e-05
2083 0.00010422176939821458
2085 0.0001147195668623605
2123 0.00011243128604527755
2134 0.00026261715830791277
2137 0.00015342417653056774
2138 0.00017370426675739054
2144 0.0001263016457352357
2146 0.0001347133110905388
2157 0.00023397347506023475
2158 0.00023971321052336105
2167 8.744869066327002e-05
2184 0.00013130412920165632
2216 0.0001677901789526326
2242 0.00013614669170503938
2266 0.0001347133110905388
2270 0.0002875104201589402
2287 0.00014576429866269
2303 0.0002059351589452662
2338 0.00022883910672981793
2341 8.744869066327002e-05
2371 8.858094887998e-06
2373 4.532432364915004e-05
2384 3.364472337590274e-05
2385 0.00011712061541501202
2391 2.4157123570420575e-05
2395 0.00017695423263882194
2398 0.0001027336712532598
2399 0.000126899584862824
2402 8.825864993225359e-05
2414 0.0002875104201589402
2415 0.0001275049519955334
2417 8.63892700805903e-05
2434 0.00010536844412685977
2448 8.825864993225359e-05
2452 0.00023971321052336105
2463 0.00017370426675739054
2468 0.00019506105515172307
2475 0.00015447220461114937
2491 0.00020908021320920737
2493 2.5565430128539482e-05
2532 0.00015554326811050196
2539 0.00023397347506023475
2563 2.4450245822639586e-05
2564 4.692973938522239e-05
2586 9.502842032885344e-06
2590 8.771718405598661e-05
2607 3.3290954653437934e-05
2618 4.846937791309118e-05
2626 0.0001287387249198448
2635 0.00015554326811050196
2636 0.00016508218077975113
2647 0.00018825025618924418
2699 0.00013065000625947455
2702 0.00021244233432427055
2710 0.00021605372159664503
2725 0.00010536844412685977
2728 0.00010939812948263226
2744 7.52017798211394e-05
2755 0.00026261715830791277
2759 0.00015554326811050196
2776 9.222735356398462e-05
2780 9.342327683396404e-05
2783 8.718166847460814e-05
2784 0.00021244233432427055
2786 0.0001399262151792957
2830 8.285279662389543e-05
2843 7.33626397641186e-05
2850 9.252359415714085e-05
2903 8.718166847460814e-05
2918 0.00026261715830791277
2919 0.0002875104201589402
2955 4.7516165565500014e-05
2957 0.0001523982138465608
2958 6.950834500520415e-05
2963 8.509658347491132e-05
2976 5.461691012835996e-05
2982 7.197869283035229e-05
3031 8.691610145495967e-05
3050 5.1064059112276297e-05
3052 0.00011379132113009053
3053 0.00019756065060853997
3104 0.00010939812948263226
3156 9.342327683396404e-05
3195 0.00019756065060853997
3212 7.356359438910525e-05
3214 8.001326955199571e-05
3228 4.566391685271689e-05
3229 4.669713069773751e-05
3230 4.692973938522239e-05
3240 0.00023397347506023475
3269 0.00010310145735752775
3308 0.00012571095453322076
3310 0.00022883910672981793
3345 0.00011110817958998604
3354 0.00016508218077975113
3409 8.458895984833521e-05
3411 0.00016251677649793962
3421 8.586807337437805e-05
3423 0.0002875104201589402
3465 5.7716484755306535e-05
3473 0.00014665847838343454
3507 9.134928606937549e-05
3513 6.056183085252843e-05
3545 6.071628875522179e-05
3562 0.00019756065060853997
3572 5.234992335902794e-05
3576 5.3536945098705395e-05
3627 6.491430390704548e-05
3657 4.716346370617082e-05
3710 0.00017065756051371745
3723 6.859058854884968e-05
3724 5.7716484755306535e-05
3743 3.233112827567267e-05
3746 1.903006184883404e-05
3760 0.00010614816360120087
3766 5.131853189681648e-05
3775 0.00021605372159664503
3777 0.0002537323685808453
3778 0.0002734912621014559
3821 0.00018418695135817993
3827 0.00013614669170503938
3828 0.0001753021616311125
3857 0.00020908021320920737
3869 0.0001523982138465608
3871 0.00023971321052336105
3875 3.285232498188492e-05
3887 5.5861184383926875e-05
3902 0.00012122674224136485
3924 0.00019268344080366
3931 0.0001664173719040451
3932 4.895306850942043e-05
3943 7.689695691525318e-05
3944 0.00020019542348213994
3969 6.0101372993599195e-05
3971 0.0002059351589452662
3974 0.00010128967145643295
3994 0.0001147195668623605
4007 0.00020298083458234552
4015 8.798716495431228e-05
4056 0.00013401212737453773
4099 0.0001147195668623605
4189 4.981125419104163e-05
4191 0.00019041645403432799
4207 0.00015663840245623315
4213 0.00019506105515172307
4243 0.00014665847838343454
4290 5.656642719180506e-05
4291 7.843020694973282e-05
4314 3.1644758795232604e-05
4321 0.00010200632301179658
4326 0.00011024565393173974
4328 0.00011566583790554528
4329 3.676019862375966e-05
4345 5.131853189681648e-05
4375 7.541048004377448e-05
4376 0.00014488623116808087
4381 4.3226837668107787e-05
4382 6.14960082295629e-05
4383 0.00016920278300425065
4402 6.950834500520415e-05
4406 6.508321716976057e-05
4408 0.00013687950893562258
4419 0.0002059351589452662
4432 6.4078409870285e-05
4435 0.00010856509334268535
4436 0.0001128804268053397
4460 0.00011862016226846598
4467 5.5861184383926875e-05
4481 9.282164663063054e-05
4485 7.159039254876493e-05
4492 6.969398876306011e-05
4495 3.207260550754382e-05
4513 9.19329029551259e-05
4525 9.818910047034337e-05
4533 5.685140711216779e-05
4563 4.728074758348793e-05
4566 9.68719546813797e-05
4569 0.00010422176939821458
4577 3.9085797470059324e-05
4580 0.00030726931367955075
4606 0.00017215710736717137
4659 6.610917985376751e-05
4676 1.811794967986411e-05
4699 3.676019862375966e-05
4723 9.106007793564448e-05
4724 0.00016128300357362823
4725 0.00030726931367955075
4759 5.0810908270240366e-05
4779 0.00016251677649793962
4781 0.0001753021616311125
4797 9.988723143186235e-05
4799 0.0001664173719040451
4801 0.0001347133110905388
4818 9.048676041112919e-05
4829 8.383730339089555e-05
4834 1.7286007534181456e-05
4839 3.088397517794058e-05
4846 4.681329625334851e-05
4851 0.0001399262151792957
4852 0.00015663840245623315
4878 6.969398876306011e-05
4885 0.0001027336712532598
4923 8.188778632745044e-05
4933 2.564069103539461e-05
4939 0.00018617626542465564
5011 0.00010310145735752775
5012 0.00010774605847492284
5044 0.00010058340652177312
5059 0.00016508218077975113
5060 0.00022419450561242282
5161 5.502814824397996e-05
5162 5.6001418804450566e-05
5185 0.00015447220461114937
5191 0.00014849761844045535
5217 7.159039254876493e-05
5222 2.3001954162320978e-05
5224 0.0002537323685808453
5236 0.00010200632301179658
5254 5.9796800580258657e-05
5267 0.0001677901789526326
5273 0.00014665847838343454
5289 0.0001300045474523503
5291 0.00011067500849334801
5292 0.0001347133110905388
5294 9.68719546813797e-05
5348 0.0001664173719040451
5395 3.215862746722012e-05
5411 8.164949036359771e-05
5412 0.00010856509334268535
5427 3.490353872923123e-05
5430 6.441104889224853e-05
5443 0.00011712061541501202
5445 0.0002059351589452662
5446 0.0002199543170027505
5457 0.0001423431449207802
5458 0.00017695423263882194
5469 1.1433598200043818e-05
5481 6.576478670658657e-05
5490 0.00015447220461114937
5499 0.00022419450561242282
5520 0.00023971321052336105
5521 0.00021605372159664503
5538 0.0002734912621014559
5539 0.0001391464957049546
5550 4.944160821510571e-05
5588 6.913916575845257e-05
5605 0.0002537323685808453
5622 6.733409171295719e-05
5624 0.0001415241100530177
5636 0.00010310145735752775
5639 0.0002199543170027505
5642 9.852402568908913e-05
5644 7.711306116076915e-05
5655 0.0002875104201589402
5674 0.00010236864012694453
5687 2.724862948448243e-05
5702 3.9886331735258645e-05
5705 0.00011566583790554528
5738 9.19329029551259e-05
5753 0.0002462203859023654
5797 5.544288630052885e-05
5806 7.910237522724487e-05
5810 5.261121850249547e-05
5811 0.00010310145735752775
5822 9.134928606937549e-05
5823 0.0001475693727081854
5841 0.00014488623116808087
5847 0.00021605372159664503
5868 7.256700694753944e-05
5925 0.00010734164596720007
5927 0.0001475693727081854
5928 0.0001504088997800851
5933 0.00019756065060853997
5934 5.434466680855229e-05
5938 5.91933076971794e-05
5984 3.088397517794058e-05
6000 3.4631041686461846e-05
6006 0.0001664173719040451
6008 0.00018418695135817993
6009 0.00019756065060853997
6018 0.0001431761810607271
6022 2.0770655001689466e-05
6040 0.00014488623116808087
6041 0.0001475693727081854
6053 0.00018227567001855016
6064 0.00010498321344481378
6090 0.00020298083458234552
6091 0.00030726931367955075
6149 0.00023971321052336105
6153 0.0001440237055098346
6197 5.5304247721948624e-05
6208 0.0001228603508781383
6215 0.00013614669170503938
6264 4.7398314413738584e-05
6265 0.0001275049519955334
6300 0.0002734912621014559
6302 8.509658347491132e-05
6304 0.00020019542348213994
6306 0.00011425323385392718
6329 0.0002462203859023654
6338 0.00016920278300425065
6339 0.00019756065060853997
6340 0.00019756065060853997
6372 0.0001523982138465608
6399 8.212725328354177e-05
6408 4.3989132524856074e-05
6409 0.00010575674440844711
6427 0.00020908021320920737
6431 0.00016251677649793962
6437 0.00030726931367955075
6490 2.724862948448243e-05
6507 6.212889280683989e-05
6509 0.00023971321052336105
6565 0.00011333374567896404
6568 3.9584588186023764e-05
6569 4.981125419104163e-05
6571 0.00014849761844045535
6595 7.66818067754729e-05
6598 0.00012936752625714268
6605 0.00010200632301179658
6614 8.484211069037113e-05
6619 5.7716484755306535e-05
6623 0.00010460100421098168
6624 0.00011663084820199027
6625 0.00011811516886331826
6638 9.282164663063054e-05
6661 5.889434094657216e-05
6675 5.7716484755306535e-05
6679 9.527405980765772e-05
6680 9.558947467904783e-05
6687 6.196989942762013e-05
6702 0.0001440237055098346
6732 0.00018227567001855016
6757 0.0001287387249198448
6760 1.9892587507080337e-05
6761 0.00019041645403432799
6789 4.7516165565500014e-05
6796 8.260974660633398e-05
6798 0.00018418695135817993
6815 7.178415593526694e-05
6822 8.535239208071232e-05
6831 0.00011198624708459517
6833 2.7093186202753706e-05
6905 2.9805618738211806e-05
6919 7.3968006896828e-05
6920 9.403242760948e-05
6924 0.0001677901789526326
6927 0.0002734912621014559
6929 5.904359505253569e-05
6934 0.00010200632301179658
6943 0.00017065756051371745
6946 0.00015890538922556517
6948 0.0002734912621014559
6960 3.259102983841739e-05
6968 0.0001287387249198448
6971 0.00022419450561242282
6992 4.787143878550288e-05
7067 3.508605365233e-05
7073 5.516600244482883e-05
7087 0.0001376235146469122
7088 0.00030726931367955075
7090 0.00019756065060853997
7128 0.0002734912621014559
7165 6.628229345501092e-05
7167 0.00011243128604527755
7171 0.00012341728754011654
7174 7.256700694753944e-05
7178 3.714017269315804e-05
7263 0.0002462203859023654
7278 0.00030726931367955075
7289 0.00013542473142615584
7290 0.00016508218077975113
7384 0.0001399262151792957
7385 0.00017065756051371745
7392 5.274239335290522e-05
7397 0.00019268344080366
7460 0.0001804365299615294
7482 2.5340342303404983e-05
7483 2.8590308184836374e-05
7503 3.173002815645075e-05
7520 9.558947467904783e-05
7552 0.000126899584862824
7577 8.853165584237468e-05
7578 8.88061998220748e-05
7614 0.00014665847838343454
7627 7.887728740211037e-05
7645 0.00030726931367955075
7650 0.00017215710736717137
7664 0.0001196461249524729
7671 9.134928606937549e-05
7677 6.988034244141115e-05
7678 8.260974660633398e-05
7679 8.260974660633398e-05
7710 0.00014488623116808087
7713 0.00016920278300425065
7799 9.403242760948e-05
7818 2.996997446737178e-05
7843 0.00012571095453322076
7847 0.00015775871449691997
7850 0.000126899584862824
7851 0.0002875104201589402
7858 4.509923582401553e-05
7861 0.00013263932032595027
7862 9.077257605451787e-05
7877 8.853165584237468e-05
7878 0.0002734912621014559
7886 7.910237522724487e-05
7890 9.233159952796689e-06
7891 6.932340577943291e-05
7892 0.0001002340757964429
7893 5.131853189681648e-05
7911 0.00010774605847492284
7913 0.00018825025618924418
7938 4.907474504580058e-05
7942 9.134928606937549e-05
7943 7.64676023536449e-05
7957 0.00011379132113009053
7971 0.00019506105515172307
7994 0.0002462203859023654
8009 2.7093186202753706e-05
8010 3.97855428110104e-05
8031 5.5721352358276173e-05
8032 6.056183085252843e-05
8042 6.663037655997976e-05
8054 2.9805618738211806e-05
8087 0.0002537323685808453
8103 0.00014576429866269
8123 0.00020908021320920737
8128 0.00013332088986277624
8137 8.63892700805903e-05
8144 1.8182537399726556e-05
8158 0.00010939812948263226
8174 0.00016508218077975113
8181 0.00019041645403432799
8204 5.1064059112276297e-05
8289 0.00023397347506023475
8302 0.00020908021320920737
8313 0.0002462203859023654
8314 0.0002875104201589402
8349 4.919672615455441e-05
8447 4.100899018649567e-05
8448 0.00030726931367955075
8487 0.00012571095453322076
8488 0.0002734912621014559
8489 0.00013837905578907654
8513 4.3335009582674306e-05
8516 8.024367862190805e-05
8520 5.874554257904601e-05
8521 6.610917985376751e-05
8535 0.00012341728754011654
8536 0.00014576429866269
8537 0.00015554326811050196
8571 9.496067334174995e-05
8590 0.00013614669170503938
8633 5.949411993323993e-05
8634 0.00019268344080366
8636 0.00020908021320920737
8639 3.69498153124238e-05
8642 9.164022082905678e-05
8666 0.0001128804268053397
8676 0.0001423431449207802
8678 4.409901177660094e-05
8717 9.106007793564448e-05
8718 9.403242760948e-05
8722 7.217400943451535e-05
8763 6.542281037332744e-05
8771 0.00020298083458234552
8781 8.63892700805903e-05
8801 0.00015890538922556517
8802 0.00016007969731333051
8811 0.00011913044365880717
8813 4.431951634967444e-05
8818 7.139739654402146e-05
8819 7.139739654402146e-05
8841 0.0001275049519955334
8842 0.00016378259903044513
8847 0.00016007969731333051
8866 3.8493910507496085e-05
8882 0.0001147195668623605
8883 0.00011519040557349246
