313
37 0.0032718176789983014
44 0.0019554027098922836
53 0.0037721176376810414
71 0.003652822651915577
145 0.0010698499011713126
158 0.00031843937629607064
209 0.0025308510033905983
213 0.003927979426344189
238 0.002251393381196706
239 0.0034806769360135772
243 0.0011665827063412338
264 0.010113502605179148
268 0.002836755728714564
297 0.0030282790924467365
303 0.0033702090688907034
334 0.00513218011075792
336 0.003701538618408363
375 0.0015409728815655728
397 0.0050346029729266
443 0.001083440293000338
459 0.001626849821727865
480 0.0012715826925551075
481 0.004145272684684465
496 0.005712266753089473
504 0.006543635357996603
549 0.0012548655915807852
550 0.0033362040560521783
552 0.0066724081121043565
615 0.003562644863988004
639 0.0023803309470656776
726 0.0011847858688049375
772 0.002165516441034413
919 0.0030282790924467365
956 0.002817786061826867
961 0.0023135577450503226
1011 0.0015828886203379522
1025 0.00531596029970223
1095 0.0012851833416729862
1102 0.0017615817863191818
1224 0.00531596029970223
1268 0.0015593618034147533
1286 0.002799207550098804
1309 0.001531917268697419
1354 0.003606606065377917
1376 0.00531596029970223
1390 0.00120024123738504
1417 0.0011878558066847047
1423 0.0034806769360135772
1500 0.004855693184315599
1535 0.002728502592479975
1536 0.003562644863988004
1568 0.0018341868915167539
1572 0.0024907988141885514
1577 0.0020073280329253357
1586 0.007362039624838845
1588 0.002938101304519163
1589 0.005681294862058415
1621 0.010477493168993024
1628 0.0028561333765447366
1648 0.008084468165882389
1649 0.003128496269987307
1692 0.0047377055098991525
1712 0.003540500103372628
1715 0.0038658150624905725
1721 0.0015009206923635257
1758 0.002572766742162978
1762 0.003807664183651893
1778 0.0020954986337986046
1784 0.003969413895683348
1809 0.003562644863988004
1929 0.005681294862058415
1935 0.0020384009706217107
1940 0.0014836756512000924
1956 0.0016419934705691505
1980 0.0018341868915167539
2024 0.0023243486033196334
2025 0.0031562677104701583
2113 0.0030048745065345186
2148 0.003109458538645722
2154 0.004066873180764549
2177 0.002817786061826867
2217 0.004855693184315599
2224 0.003807664183651893
2294 0.003652822651915577
2332 0.002938101304519163
2366 0.00455252298581303
2372 0.0016760596363536312
2373 0.0015876686097768822
2418 0.00531596029970223
2432 0.0034423296212957076
2438 0.00406979964440124
2468 0.002054348747937667
2492 0.0009453905116412608
2522 0.0027810043876351003
2523 0.003128496269987307
2566 0.004231149624846758
2632 0.004066873180764549
2666 0.0030910700954960343
2669 0.004855693184315599
2697 0.005056751302589574
2713 0.0016070462576070553
2717 0.0016419934705691505
2724 0.0019482231826941374
2781 0.004145272684684465
2793 0.002281939557173275
2804 0.00531596029970223
2829 0.001531917268697419
2861 0.0022614608143801335
2872 0.003405547947103941
2931 0.003807664183651893
2939 0.001462573377645656
2962 0.0015734040496440034
3017 0.003052307873670419
3023 0.0024907988141885514
3033 0.002982062505909076
3068 0.002440023359036683
3069 0.05174366928123997
3078 0.0021932425023580265
3202 0.0030048745065345186
3212 0.002403735532977896
3229 0.0008677133556039459
3302 0.0037194992486391785
3306 0.001554729269322861
3307 0.0023243486033196334
3329 0.007403077236816726
3404 0.005056751302589574
3506 0.001689014185581482
3541 0.0026472741195294604
3559 0.0028561333765447366
3609 0.003405547947103941
3643 0.0032412715030217315
3653 0.002463941559761575
3664 0.005681294862058415
3681 0.002292356157536451
3694 0.004145272684684465
3748 0.002817786061826867
3750 0.004231149624846758
3760 0.0019626399045931577
3790 0.0037530398294561475
3809 0.0038658150624905725
3867 0.003652822651915577
3882 0.002221848901705813
3892 0.002054348747937667
3907 0.0033702090688907034
3912 0.002452451499470682
3926 0.002054348747937667
3943 0.0014217960166571291
3956 0.00455252298581303
3970 0.0012319707798807875
3987 0.003927979426344189
3988 0.0037530398294561475
4005 0.0034104986512955636
4056 0.004955668378265063
4057 0.006153990117879046
4099 0.002121121949953022
4144 0.0025585770647142117
4221 0.0008113155771684763
4349 0.001518502243284075
4357 0.0055263234152622435
4358 0.0034806769360135772
4367 0.008879441467570963
4382 0.0015984961713617287
4383 0.0011370382268503412
4384 0.003128496269987307
4393 0.0030819457631311455
4403 0.0025703666833459724
4405 0.003606606065377917
4412 0.005562008775270201
4413 0.007305645303831154
4471 0.002938101304519163
4482 0.0017162375825148948
4484 0.003807664183651893
4485 0.002251393381196706
4634 0.003927979426344189
4687 0.0033362040560521783
4700 0.0006796823446783114
4732 0.023194890374943433
4747 0.004145272684684465
4759 0.0031553945628594393
4819 0.0016730664082655255
4905 0.005681294862058415
4924 0.0015140745886934406
4943 0.0012581842910824304
5003 0.0027116604965833372
5013 0.0019921843840840507
5017 0.007504603461817629
5030 0.0325579520477602
5032 0.001278357355268318
5039 0.0030048745065345186
5045 0.0018597496243195892
5058 0.004145272684684465
5073 0.003052307873670419
5154 0.003927979426344189
5193 0.002958830947084588
5220 0.0026018346144509753
5223 0.00042529754251992643
5229 0.0009118901392166997
5356 0.0028561333765447366
5371 0.0020624297518453934
5380 0.0018796743778695566
5381 0.0007081194472048697
5441 0.009526011658661293
5578 0.0033702090688907034
5591 0.0034423296212957076
5595 0.006204755497202745
5649 0.0030282790924467365
5652 0.004432207743120733
5703 0.0007374833784743258
5706 0.002138618148162281
5730 0.0033673336703836662
5735 0.0231549006794668
5736 0.005562008775270201
5811 0.0019455235655362639
5855 0.001327262235881948
5869 0.002683473717495732
5893 0.004331032882068826
5912 0.001382784473456495
5934 0.003652822651915577
5939 0.00218892430787246
5948 0.002836755728714564
5985 0.007423431178870297
6006 0.002014996384709493
6048 0.003807664183651893
6060 0.005491331018843726
6095 0.0021746639906299633
6161 0.0014709550743297643
6174 0.002440023359036683
6250 0.002014996384709493
6300 0.0026472741195294604
6313 0.007213212130755834
6329 0.0018341868915167539
6406 0.0052036692289019505
6414 0.0035465671716121924
6421 0.0025585770647142117
6444 0.0023575189464402355
6481 0.002678892307406508
6484 0.001984706947841674
6491 0.0005038169833313431
6494 0.023135577450503222
6537 0.0027732209830058133
6555 0.004145272684684465
6571 0.0037530398294561475
6589 0.0012159663467408704
6706 0.003052307873670419
6707 0.002925146755291312
6713 0.001114080911186109
6761 0.003310258628149169
6768 0.003303435866875348
6834 0.0005009428951015374
6837 0.007551904459389901
6909 0.004956697534169145
6935 0.0018860588188405207
6966 0.0024650534656785513
6979 0.005061702006781197
6996 0.0014501452372116573
7000 0.0011665827063412338
7023 0.004432207743120733
7034 0.004855693184315599
7072 0.004231149624846758
7131 0.003994752628359544
7142 0.00455252298581303
7201 0.004432207743120733
7292 0.003128496269987307
7375 0.0019411004112451875
7432 0.003652822651915577
7433 0.0034423296212957076
7448 0.002251393381196706
7490 0.004691416740233389
7492 0.006363365849859066
7495 0.0019772910549821347
7521 0.0017674136895013987
7561 0.002745665509421863
7611 0.002452451499470682
7626 0.003606606065377917
7652 0.002138618148162281
7653 0.0030048745065345186
7680 0.003054846729276549
7695 0.0012581842910824304
7805 0.004145272684684465
7863 0.0016783510327756498
7892 0.0012817638844529172
7978 0.002745665509421863
7996 0.001689014185581482
8011 0.0007356198289039932
8043 0.002463941559761575
8044 0.007731630124981145
8062 0.002908537865442043
8075 0.003927979426344189
8097 0.002415669825278915
8101 0.003520729125215624
8117 0.0028561333765447366
8145 0.0003361883263617491
8151 0.002251393381196706
8185 0.012693448874540273
8197 0.010113502605179148
8256 0.0034423296212957076
8398 0.0038658150624905725
8445 0.001075261484381952
8462 0.004855693184315599
8469 0.003052307873670419
8527 0.014159113920424338
8535 0.006482543006043463
8570 0.003052307873670419
8572 0.0017557873875968372
8584 0.002938101304519163
8601 0.003100240862322245
8679 0.0016307485184774587
8689 0.003606606065377917
8697 0.002655375077529471
8764 0.001209643332047913
8801 0.0021039590330111345
8845 0.002817786061826867
8867 0.0014234760599286518
