20
209 0.05808905636353659
375 0.03536899661498124
1692 0.05437081085169979
1712 0.020315726783638174
2824 0.04929013073302355
3069 0.05938202046085159
3268 0.04375429466525177
4056 0.05687219424580382
4435 0.055445374084973194
5735 0.059051122367740724
5985 0.013106570799324114
5990 0.055722971402150524
6494 0.05310165871972645
6707 0.03356954133453363
6973 0.026031130007109504
7002 0.06694979350459765
7521 0.04056635230188924
8033 0.05140257491026032
8461 0.088729660005736
8867 0.016336082402038335
