597
15 6.0101372993599195e-05
32 0.00015775871449691997
44 0.00010575674440844711
58 3.9886331735258645e-05
62 0.00014576429866269
68 3.241760820520544e-05
77 8.691610145495967e-05
96 0.00016128300357362823
109 0.00011913044365880717
116 0.0001523982138465608
129 0.0001786642827461757
138 5.5304247721948624e-05
145 5.786216925096193e-05
152 0.0001475693727081854
158 1.722259642893919e-05
160 3.6009024944890365e-05
161 8.88061998220748e-05
163 4.4209139343250144e-05
208 0.00013614669170503938
225 4.311890533715833e-05
240 0.00010347204034115494
243 6.309390310328486e-05
245 0.00013196715204843822
246 0.0001002340757964429
267 0.00021605372159664503
290 5.516600244482883e-05
292 0.00014576429866269
295 6.969398876306011e-05
297 0.00016378259903044513
310 8.408656954820681e-05
318 9.719791862251607e-05
330 6.358367031630664e-05
334 9.252359415714085e-05
375 8.334256383691721e-05
386 0.00012122674224136485
430 2.1595466130645556e-05
443 5.859719717528758e-05
446 0.00010058340652177312
457 0.00023971321052336105
463 2.104404381130732e-05
466 0.00013401212737453773
473 4.858985121920245e-05
502 0.0002462203859023654
509 1.4811799641107606e-05
511 4.409901177660094e-05
522 0.00011110817958998604
549 6.786862826996617e-05
559 0.00015554326811050196
575 8.825864993225359e-05
619 0.00017695423263882194
620 0.00018418695135817993
621 0.00011110817958998604
624 0.0001300045474523503
626 0.00013263932032595027
671 0.00014576429866269
672 0.00015775871449691997
706 6.525271795805037e-05
708 9.654815662959692e-05
722 0.00011663084820199027
723 6.212889280683989e-05
726 6.4078409870285e-05
751 0.00011614595437539213
753 9.752607762356147e-05
757 0.00010815385522706535
765 7.499396958083494e-05
822 0.00030726931367955075
861 7.316251041712385e-05
952 0.00030726931367955075
998 0.0002059351589452662
1065 0.00015554326811050196
1083 7.178415593526694e-05
1086 0.0002199543170027505
1102 8.285279662389543e-05
1103 9.527405980765772e-05
1111 9.886126874785542e-05
1173 9.077257605451787e-05
1234 2.8271279696782107e-05
1243 0.00012341728754011654
1254 8.96392359620217e-05
1265 6.576478670658657e-05
1269 8.433711728522342e-05
1284 0.00022419450561242282
1343 0.000126899584862824
1349 0.00015663840245623315
1350 6.374802604546662e-05
1371 0.00011519040557349246
1374 9.920086195142229e-05
1391 6.491430390704548e-05
1394 0.00014488623116808087
1492 0.00023971321052336105
1497 6.663037655997976e-05
1508 0.00011198624708459517
1517 9.106007793564448e-05
1541 0.00014488623116808087
1543 0.0001664173719040451
1555 0.00015139340654708521
1576 0.0001376235146469122
1581 0.00016251677649793962
1633 0.00018418695135817993
1649 8.744869066327002e-05
1703 0.00015663840245623315
1706 3.382257549850835e-05
1713 4.787143878550288e-05
1719 0.0001504088997800851
1721 0.0001399262151792957
1777 4.871062309639001e-05
1782 0.00014665847838343454
1792 0.00026261715830791277
1798 0.00010498321344481378
1800 0.00011333374567896404
1834 0.00014849761844045535
1888 6.071628875522179e-05
1895 0.00011519040557349246
1901 0.00011243128604527755
1911 0.00016920278300425065
1912 0.0002462203859023654
1922 7.334292682143156e-06
1942 0.0001376235146469122
1956 0.0001128804268053397
1957 8.88061998220748e-05
1981 9.920086195142229e-05
1987 0.00012571095453322076
1988 0.0002462203859023654
1993 0.00014576429866269
1994 0.0001504088997800851
2004 7.217400943451535e-05
2006 0.00016920278300425065
2026 8.535239208071232e-05
2029 0.00012122674224136485
2030 0.0001228603508781383
2040 4.7398314413738584e-05
2044 0.00010536844412685977
2093 0.00011811516886331826
2123 0.00011243128604527755
2148 8.383730339089555e-05
2149 8.408656954820681e-05
2151 0.00011566583790554528
2161 0.00030726931367955075
2210 0.00021605372159664503
2242 0.00013614669170503938
2248 0.00020298083458234552
2371 8.858094887998e-06
2373 4.532432364915004e-05
2384 3.364472337590274e-05
2385 0.00011712061541501202
2388 0.00018418695135817993
2389 8.070779096331723e-05
2391 2.4157123570420575e-05
2402 8.825864993225359e-05
2403 0.0001431761810607271
2415 0.0001275049519955334
2439 5.502814824397996e-05
2440 0.0001275049519955334
2493 2.5565430128539482e-05
2506 0.00014488623116808087
2518 0.0001804365299615294
2550 5.3403616896513294e-05
2563 2.4450245822639586e-05
2579 0.00013130412920165632
2586 9.502842032885344e-06
2599 0.00012341728754011654
2600 0.00014849761844045535
2607 3.3290954653437934e-05
2612 8.001326955199571e-05
2616 0.00019506105515172307
2635 0.00015554326811050196
2636 0.00016508218077975113
2638 0.00012176521653240713
2640 0.00016128300357362823
2650 0.00019506105515172307
2653 0.00023397347506023475
2667 8.358930576913648e-05
2689 0.0001300045474523503
2690 0.00016251677649793962
2705 0.00016378259903044513
2728 0.00010939812948263226
2732 0.00012069415303305452
2776 9.222735356398462e-05
2780 9.342327683396404e-05
2781 9.68719546813797e-05
2790 0.00011425323385392718
2791 0.00015663840245623315
2794 0.00012341728754011654
2840 0.00014944388948364012
2858 0.00020019542348213994
2940 7.910237522724487e-05
2955 4.7516165565500014e-05
2958 6.950834500520415e-05
2963 8.509658347491132e-05
2967 0.0002734912621014559
3024 0.0001347133110905388
3076 9.818910047034337e-05
3077 0.0002059351589452662
3103 0.00012122674224136485
3104 0.00010939812948263226
3149 7.541048004377448e-05
3150 7.604199766141655e-05
3204 0.00017065756051371745
3228 4.566391685271689e-05
3229 4.669713069773751e-05
3230 4.692973938522239e-05
3231 0.00021605372159664503
3269 0.00010310145735752775
3270 0.0001753021616311125
3278 0.0001753021616311125
3372 6.542281037332744e-05
3383 0.00010815385522706535
3409 8.458895984833521e-05
3413 8.001326955199571e-05
3414 9.852402568908913e-05
3421 8.586807337437805e-05
3425 0.0002537323685808453
3434 0.00018617626542465564
3465 5.7716484755306535e-05
3487 0.00014849761844045535
3513 6.056183085252843e-05
3572 5.234992335902794e-05
3586 6.228840662358072e-05
3596 8.285279662389543e-05
3627 6.491430390704548e-05
3628 7.733012801189119e-05
3657 4.716346370617082e-05
3675 0.00011519040557349246
3676 0.00012936752625714268
3719 2.489326185102742e-05
3724 5.7716484755306535e-05
3725 0.0002734912621014559
3731 5.3138049876864844e-05
3743 3.233112827567267e-05
3746 1.903006184883404e-05
3766 5.131853189681648e-05
3786 0.00010058340652177312
3787 0.00030726931367955075
3788 0.0001300045474523503
3789 0.00016508218077975113
3832 3.3290954653437934e-05
3834 0.00021244233432427055
3835 0.00011811516886331826
3853 0.0002537323685808453
3854 0.00030726931367955075
3875 3.285232498188492e-05
3887 5.5861184383926875e-05
3914 0.00012936752625714268
3932 4.895306850942043e-05
3943 7.689695691525318e-05
3951 9.920086195142229e-05
3952 0.0001804365299615294
3953 0.00021244233432427055
3994 0.0001147195668623605
3996 7.417147870601431e-05
4138 0.00016251677649793962
4141 0.0002734912621014559
4189 4.981125419104163e-05
4203 0.00011614595437539213
4247 4.846937791309118e-05
4249 0.00013542473142615584
4250 8.612797493712278e-05
4267 0.00011519040557349246
4290 5.656642719180506e-05
4291 7.843020694973282e-05
4329 3.676019862375966e-05
4350 0.0002875104201589402
4375 7.541048004377448e-05
4381 4.3226837668107787e-05
4382 6.14960082295629e-05
4398 6.325661252824365e-05
4402 6.950834500520415e-05
4404 0.00019506105515172307
4406 6.508321716976057e-05
4408 0.00013687950893562258
4435 0.00010856509334268535
4436 0.0001128804268053397
4453 3.6854914742017664e-05
4461 9.19329029551259e-05
4485 7.159039254876493e-05
4492 6.969398876306011e-05
4495 3.207260550754382e-05
4513 9.19329029551259e-05
4563 4.728074758348793e-05
4566 9.68719546813797e-05
4567 6.341986704442123e-05
4577 3.9085797470059324e-05
4619 0.00010856509334268535
4652 4.476354154013861e-05
4654 0.0001523982138465608
4658 8.334256383691721e-05
4659 6.610917985376751e-05
4676 1.811794967986411e-05
4683 0.00017695423263882194
4689 0.00019041645403432799
4690 0.00020908021320920737
4699 3.676019862375966e-05
4708 0.00017065756051371745
4710 0.00018227567001855016
4751 0.00010856509334268535
4754 0.00013542473142615584
4755 0.0001376235146469122
4759 5.0810908270240366e-05
4768 0.00012176521653240713
4769 0.00012936752625714268
4779 0.00016251677649793962
4797 9.988723143186235e-05
4829 8.383730339089555e-05
4834 1.7286007534181456e-05
4878 6.969398876306011e-05
4890 0.00023971321052336105
4911 6.341986704442123e-05
4913 6.457822376461287e-05
4914 6.542281037332744e-05
4923 8.188778632745044e-05
4926 0.00010236864012694453
4927 0.00010236864012694453
4933 2.564069103539461e-05
4942 6.804811807694473e-05
4971 0.00030726931367955075
4972 4.681329625334851e-05
4999 0.00023971321052336105
5024 6.025437603138515e-05
5028 0.00018825025618924418
5072 0.00016508218077975113
5080 0.00010575674440844711
5161 5.502814824397996e-05
5162 5.6001418804450566e-05
5166 0.0001347133110905388
5192 8.001326955199571e-05
5194 0.00011712061541501202
5222 2.3001954162320978e-05
5228 4.931901336427842e-05
5242 6.786862826996617e-05
5291 0.00011067500849334801
5334 9.719791862251607e-05
5335 9.852402568908913e-05
5357 0.00021244233432427055
5366 0.00013542473142615584
5369 7.562007790453742e-05
5371 0.0001300045474523503
5373 0.00016508218077975113
5379 2.541525611908456e-05
5395 3.215862746722012e-05
5427 3.490353872923123e-05
5439 8.024367862190805e-05
5440 8.586807337437805e-05
5443 0.00011712061541501202
5447 0.00016251677649793962
5455 8.908229930004346e-05
5469 1.1433598200043818e-05
5471 0.00020298083458234552
5481 6.576478670658657e-05
5490 0.00015447220461114937
5501 0.0002875104201589402
5504 0.00026261715830791277
5550 4.944160821510571e-05
5569 9.527405980765772e-05
5618 0.00014071861357331354
5622 6.733409171295719e-05
5624 0.0001415241100530177
5625 0.0001347133110905388
5626 0.00016007969731333051
5644 7.711306116076915e-05
5648 0.00016378259903044513
5674 0.00010236864012694453
5676 9.312153328472917e-05
5687 2.724862948448243e-05
5691 8.383730339089555e-05
5702 3.9886331735258645e-05
5729 9.106007793564448e-05
5749 0.0002734912621014559
5806 7.910237522724487e-05
5822 9.134928606937549e-05
5834 6.804811807694473e-05
5854 7.178415593526694e-05
5858 6.663037655997976e-05
5862 6.610917985376751e-05
5868 7.256700694753944e-05
5894 1.5848029138067838e-05
5896 1.6219082409210568e-05
5909 6.663037655997976e-05
5911 7.47870417645905e-05
5925 0.00010734164596720007
5932 0.00015663840245623315
5934 5.434466680855229e-05
5938 5.91933076971794e-05
5964 0.0001440237055098346
5984 3.088397517794058e-05
5985 7.52017798211394e-05
5987 7.798719092134497e-05
5988 7.044371782011974e-05
5989 0.00013130412920165632
5994 0.00015890538922556517
6000 3.4631041686461846e-05
6005 0.00010897983139923425
6022 2.0770655001689466e-05
6030 0.0001391464957049546
6039 0.00020019542348213994
6046 0.00017370426675739054
6084 7.843020694973282e-05
6087 0.00010236864012694453
6131 0.00016378259903044513
6132 0.00016508218077975113
6173 0.00013196715204843822
6197 5.5304247721948624e-05
6211 7.356359438910525e-05
6212 0.0001391464957049546
6214 0.0001664173719040451
6227 0.00010536844412685977
6242 3.105201474962982e-05
6264 4.7398314413738584e-05
6265 0.0001275049519955334
6278 0.00011566583790554528
6302 8.509658347491132e-05
6303 0.0002734912621014559
6306 0.00011425323385392718
6309 0.0001147195668623605
6334 0.00014944388948364012
6335 0.00026261715830791277
6352 0.00011519040557349246
6356 6.733409171295719e-05
6380 0.00011067500849334801
6386 0.00013837905578907654
6387 9.558947467904783e-05
6399 8.212725328354177e-05
6446 0.00022419450561242282
6449 0.00020298083458234552
6452 8.63892700805903e-05
6465 0.00015663840245623315
6467 4.669713069773751e-05
6468 4.669713069773751e-05
6470 0.0001263016457352357
6475 8.691610145495967e-05
6490 2.724862948448243e-05
6491 7.604199766141655e-05
6495 0.00017215710736717137
6497 0.0001664173719040451
6498 0.00018617626542465564
6502 0.0001423431449207802
6516 9.818910047034337e-05
6535 0.00026261715830791277
6586 5.24803957997587e-05
6587 0.00017215710736717137
6588 6.576478670658657e-05
6589 5.9343481706634316e-05
6600 0.00013065000625947455
6601 0.00021605372159664503
6619 5.7716484755306535e-05
6661 5.889434094657216e-05
6667 0.00012069415303305452
6675 5.7716484755306535e-05
6682 6.698096388147314e-05
6687 6.196989942762013e-05
6712 6.025437603138515e-05
6717 0.00017215710736717137
6760 1.9892587507080337e-05
6833 2.7093186202753706e-05
6905 2.9805618738211806e-05
6908 8.935997200289977e-05
6929 5.904359505253569e-05
6931 0.0001196461249524729
6946 0.00015890538922556517
6960 3.259102983841739e-05
6967 0.00010536844412685977
6975 0.0001440237055098346
6980 0.00011379132113009053
6982 0.0001147195668623605
6983 0.00013263932032595027
6992 4.787143878550288e-05
6999 6.309390310328486e-05
7067 3.508605365233e-05
7124 6.859058854884968e-05
7139 6.196989942762013e-05
7142 0.00015139340654708521
7143 0.0001523982138465608
7165 6.628229345501092e-05
7167 0.00011243128604527755
7171 0.00012341728754011654
7178 3.714017269315804e-05
7197 0.00011198624708459517
7236 0.00010536844412685977
7237 0.00010536844412685977
7289 0.00013542473142615584
7290 0.00016508218077975113
7310 0.0001347133110905388
7311 0.0001475693727081854
7321 3.8200641252257444e-05
7327 0.00011761535496899039
7335 0.000126899584862824
7346 8.070779096331723e-05
7369 9.372690041743856e-05
7373 7.27647006365303e-05
7384 0.0001399262151792957
7406 6.698096388147314e-05
7415 0.0001475693727081854
7416 0.00021244233432427055
7450 0.00012936752625714268
7451 0.0001300045474523503
7469 7.887728740211037e-05
7482 2.5340342303404983e-05
7483 2.8590308184836374e-05
7502 9.68719546813797e-05
7503 3.173002815645075e-05
7507 0.00017370426675739054
7520 9.558947467904783e-05
7532 0.00018227567001855016
7551 0.00022883910672981793
7552 0.000126899584862824
7571 0.00015890538922556517
7572 0.00018418695135817993
7576 0.00020298083458234552
7577 8.853165584237468e-05
7578 8.88061998220748e-05
7581 0.00015775871449691997
7590 0.0001239806629188251
7614 0.00014665847838343454
7620 0.0001027336712532598
7627 7.887728740211037e-05
7632 0.00016251677649793962
7694 6.804811807694473e-05
7701 0.00011425323385392718
7710 0.00014488623116808087
7765 0.00019756065060853997
7767 0.00023971321052336105
7808 4.7398314413738584e-05
7814 0.0001275049519955334
7818 2.996997446737178e-05
7836 6.424444555902466e-05
7858 4.509923582401553e-05
7863 7.64676023536449e-05
7866 5.91933076971794e-05
7877 8.853165584237468e-05
7890 9.233159952796689e-06
7891 6.932340577943291e-05
7893 5.131853189681648e-05
7904 6.056183085252843e-05
7938 4.907474504580058e-05
7942 9.134928606937549e-05
7943 7.64676023536449e-05
7957 0.00011379132113009053
7960 9.954283828468142e-05
7991 0.00016007969731333051
8009 2.7093186202753706e-05
8010 3.97855428110104e-05
8031 5.5721352358276173e-05
8032 6.056183085252843e-05
8047 9.312153328472917e-05
8054 2.9805618738211806e-05
8058 8.853165584237468e-05
8069 5.287392225192349e-05
8093 0.00026261715830791277
8109 8.285279662389543e-05
8114 0.0001804365299615294
8116 0.00015447220461114937
8137 8.63892700805903e-05
8144 1.8182537399726556e-05
8154 0.00018825025618924418
8204 5.1064059112276297e-05
8227 0.00018617626542465564
8301 0.00014488623116808087
8349 4.919672615455441e-05
8429 0.00016128300357362823
8444 5.815485137703107e-05
8496 0.00017695423263882194
8503 7.256700694753944e-05
8513 4.3335009582674306e-05
8531 9.752607762356147e-05
8532 0.0001002340757964429
8559 0.00011379132113009053
8585 0.0001431761810607271
8591 0.00011761535496899039
8600 8.383730339089555e-05
8603 0.0001376235146469122
8621 0.000101646679848061
8633 5.949411993323993e-05
8638 6.491430390704548e-05
8639 3.69498153124238e-05
8661 7.843020694973282e-05
8663 8.001326955199571e-05
8678 4.409901177660094e-05
8680 0.00015663840245623315
8681 0.00023971321052336105
8687 0.00013837905578907654
8695 4.476354154013861e-05
8696 4.787143878550288e-05
8698 0.00022883910672981793
8717 9.106007793564448e-05
8718 9.403242760948e-05
8738 8.853165584237468e-05
8763 6.542281037332744e-05
8777 0.0002462203859023654
8803 0.0001281179340087181
8804 0.00013542473142615584
8813 4.431951634967444e-05
8823 0.0001475693727081854
8845 0.0001431761810607271
8861 0.00015775871449691997
8890 0.00010058340652177312
8891 0.00010058340652177312
8892 0.00010384546306881737
8911 0.00019506105515172307
