153
58 3.9886331735258645e-05
68 3.241760820520544e-05
158 1.722259642893919e-05
160 3.6009024944890365e-05
196 8.935997200289977e-05
208 0.00013614669170503938
209 0.00013687950893562258
290 5.516600244482883e-05
375 8.334256383691721e-05
430 2.1595466130645556e-05
473 4.858985121920245e-05
494 0.00010815385522706535
891 5.757123449128065e-05
1126 4.895306850942043e-05
1128 0.0001753021616311125
1583 8.88061998220748e-05
1587 9.954283828468142e-05
1621 0.00011198624708459517
1622 0.00011333374567896404
1649 8.744869066327002e-05
1667 0.0001376235146469122
1669 0.00019756065060853997
1688 0.0002734912621014559
1706 3.382257549850835e-05
1713 4.787143878550288e-05
1922 7.334292682143156e-06
2371 8.858094887998e-06
2402 8.825864993225359e-05
2433 0.00018617626542465564
2493 2.5565430128539482e-05
2518 0.0001804365299615294
2563 2.4450245822639586e-05
2718 8.88061998220748e-05
2770 0.00018825025618924418
2861 0.00019268344080366
2955 4.7516165565500014e-05
2976 5.461691012835996e-05
2977 0.00015890538922556517
3070 0.0001399262151792957
3214 8.001326955199571e-05
3228 4.566391685271689e-05
3229 4.669713069773751e-05
3230 4.692973938522239e-05
3303 0.00010058340652177312
3368 0.00010058340652177312
3369 0.00018617626542465564
3413 8.001326955199571e-05
3714 0.00022883910672981793
3715 0.0002462203859023654
3746 1.903006184883404e-05
3808 0.00020298083458234552
3809 0.00020908021320920737
3920 0.00017370426675739054
3921 0.00020298083458234552
3986 0.0001504088997800851
3987 0.00021244233432427055
3996 7.417147870601431e-05
4094 0.00010694056199521868
4286 0.0001228603508781383
4288 0.0001423431449207802
4290 5.656642719180506e-05
4291 7.843020694973282e-05
4329 3.676019862375966e-05
4363 7.025520142447097e-05
4366 0.00016007969731333051
4381 4.3226837668107787e-05
4382 6.14960082295629e-05
4398 6.325661252824365e-05
4402 6.950834500520415e-05
4404 0.00019506105515172307
4406 6.508321716976057e-05
4411 0.0001504088997800851
4412 0.00019756065060853997
4423 0.0001128804268053397
4432 6.4078409870285e-05
4434 0.00013065000625947455
4495 3.207260550754382e-05
4561 0.0001440237055098346
4659 6.610917985376751e-05
5016 8.117636599183342e-05
5038 0.00016251677649793962
5043 0.00010422176939821458
5057 0.00022419450561242282
5080 0.00010575674440844711
5222 2.3001954162320978e-05
5236 0.00010200632301179658
5291 0.00011067500849334801
5427 3.490353872923123e-05
5439 8.024367862190805e-05
5440 8.586807337437805e-05
5448 9.954283828468142e-05
5449 0.00016128300357362823
5469 1.1433598200043818e-05
5558 9.68719546813797e-05
5577 0.00018227567001855016
5588 6.913916575845257e-05
5594 0.0001677901789526326
5597 0.00021244233432427055
5734 0.0001391464957049546
5784 0.0002875104201589402
5806 7.910237522724487e-05
5831 0.00013401212737453773
5832 0.00013542473142615584
5858 6.663037655997976e-05
5868 7.256700694753944e-05
5888 8.358930576913648e-05
5891 0.00010310145735752775
5892 0.00011712061541501202
5894 1.5848029138067838e-05
5896 1.6219082409210568e-05
5909 6.663037655997976e-05
5984 3.088397517794058e-05
5988 7.044371782011974e-05
6229 7.458098891001271e-05
6238 0.00017215710736717137
6240 0.00022883910672981793
6334 0.00014944388948364012
6366 0.0001251273376474703
6408 4.3989132524856074e-05
6443 0.0001275049519955334
6475 8.691610145495967e-05
6489 0.0002875104201589402
6490 2.724862948448243e-05
6493 0.0001251273376474703
6593 7.754816608258265e-05
6661 5.889434094657216e-05
6675 5.7716484755306535e-05
6682 6.698096388147314e-05
6706 7.910237522724487e-05
6760 1.9892587507080337e-05
6828 0.00026261715830791277
6847 0.0002199543170027505
7139 6.196989942762013e-05
7178 3.714017269315804e-05
7215 0.00015139340654708521
7256 0.00018418695135817993
7406 6.698096388147314e-05
7627 7.887728740211037e-05
7637 0.00018418695135817993
7694 6.804811807694473e-05
7704 0.00014576429866269
7890 9.233159952796689e-06
8016 3.6571316885345003e-05
8144 1.8182537399726556e-05
8213 0.0001376235146469122
8218 0.0002734912621014559
8437 8.433711728522342e-05
8468 0.00016508218077975113
8513 4.3335009582674306e-05
8695 4.476354154013861e-05
8696 4.787143878550288e-05
8847 0.00016007969731333051
8866 3.8493910507496085e-05
