381
24 0.00014849761844045535
35 0.00015139340654708521
37 0.00017695423263882194
58 3.9886331735258645e-05
62 0.00014576429866269
68 3.241760820520544e-05
70 0.00011566583790554528
71 0.00019756065060853997
97 8.612797493712278e-05
158 1.722259642893919e-05
160 3.6009024944890365e-05
196 8.935997200289977e-05
208 0.00013614669170503938
209 0.00013687950893562258
264 0.0002734912621014559
268 0.00015342417653056774
290 5.516600244482883e-05
303 0.00018227567001855016
330 6.358367031630664e-05
334 9.252359415714085e-05
336 0.00020019542348213994
375 8.334256383691721e-05
430 2.1595466130645556e-05
473 4.858985121920245e-05
476 0.00015554326811050196
479 0.00017065756051371745
481 0.00022419450561242282
483 0.0001523982138465608
494 0.00010815385522706535
504 0.00017695423263882194
509 1.4811799641107606e-05
511 4.409901177660094e-05
551 0.0001431761810607271
552 0.0001804365299615294
751 0.00011614595437539213
891 5.757123449128065e-05
956 0.0001523982138465608
977 0.00010384546306881737
1011 8.56095506062492e-05
1096 6.950834500520415e-05
1126 4.895306850942043e-05
1128 0.0001753021616311125
1216 4.5550455969092306e-05
1225 0.0002875104201589402
1234 2.8271279696782107e-05
1265 6.576478670658657e-05
1269 8.433711728522342e-05
1350 6.374802604546662e-05
1391 6.491430390704548e-05
1418 6.424444555902466e-05
1500 0.00010310145735752775
1501 0.00026261715830791277
1583 8.88061998220748e-05
1587 9.954283828468142e-05
1589 0.00015890538922556517
1621 0.00011198624708459517
1622 0.00011333374567896404
1649 8.744869066327002e-05
1667 0.0001376235146469122
1669 0.00019756065060853997
1688 0.0002734912621014559
1693 0.0001281179340087181
1703 0.00015663840245623315
1706 3.382257549850835e-05
1713 4.787143878550288e-05
1714 0.0002462203859023654
1716 0.00020908021320920737
1722 8.117636599183342e-05
1777 4.871062309639001e-05
1785 0.00010734164596720007
1922 7.334292682143156e-06
1981 9.920086195142229e-05
1987 0.00012571095453322076
1993 0.00014576429866269
1994 0.0001504088997800851
2148 8.383730339089555e-05
2149 8.408656954820681e-05
2294 8.535239208071232e-05
2295 0.00019756065060853997
2371 8.858094887998e-06
2373 4.532432364915004e-05
2374 8.586807337437805e-05
2384 3.364472337590274e-05
2391 2.4157123570420575e-05
2402 8.825864993225359e-05
2419 0.0002875104201589402
2433 0.00018617626542465564
2448 8.825864993225359e-05
2454 0.00026261715830791277
2493 2.5565430128539482e-05
2518 0.0001804365299615294
2563 2.4450245822639586e-05
2567 0.00022883910672981793
2571 6.593667904531496e-05
2586 9.502842032885344e-06
2618 4.846937791309118e-05
2625 0.00016251677649793962
2660 0.00015775871449691997
2718 8.88061998220748e-05
2770 0.00018825025618924418
2776 9.222735356398462e-05
2794 0.00012341728754011654
2830 8.285279662389543e-05
2840 0.00014944388948364012
2861 0.00019268344080366
2890 0.0001415241100530177
2955 4.7516165565500014e-05
2976 5.461691012835996e-05
2977 0.00015890538922556517
3067 0.00010093525951244397
3070 0.0001399262151792957
3203 0.00016251677649793962
3212 7.356359438910525e-05
3213 0.0001300045474523503
3214 8.001326955199571e-05
3228 4.566391685271689e-05
3229 4.669713069773751e-05
3230 4.692973938522239e-05
3303 0.00010058340652177312
3307 8.408656954820681e-05
3330 0.00020019542348213994
3368 0.00010058340652177312
3369 0.00018617626542465564
3395 7.541048004377448e-05
3405 0.0002734912621014559
3413 8.001326955199571e-05
3507 9.134928606937549e-05
3576 5.3536945098705395e-05
3605 5.380470086849468e-05
3610 0.00018418695135817993
3642 0.00013542473142615584
3644 0.0001753021616311125
3654 6.663037655997976e-05
3682 0.0001239806629188251
3692 0.0001804365299615294
3695 0.00022419450561242282
3714 0.00022883910672981793
3715 0.0002462203859023654
3719 2.489326185102742e-05
3746 1.903006184883404e-05
3766 5.131853189681648e-05
3790 0.00020298083458234552
3808 0.00020298083458234552
3809 0.00020908021320920737
3832 3.3290954653437934e-05
3834 0.00021244233432427055
3867 0.00019756065060853997
3872 9.164022082905678e-05
3875 3.285232498188492e-05
3882 0.00012016732165868515
3902 0.00012122674224136485
3920 0.00017370426675739054
3921 0.00020298083458234552
3986 0.0001504088997800851
3987 0.00021244233432427055
3996 7.417147870601431e-05
4056 0.00013401212737453773
4057 0.0001664173719040451
4094 0.00010694056199521868
4099 0.0001147195668623605
4220 4.3879500470736716e-05
4247 4.846937791309118e-05
4249 0.00013542473142615584
4286 0.0001228603508781383
4288 0.0001423431449207802
4290 5.656642719180506e-05
4291 7.843020694973282e-05
4296 9.527405980765772e-05
4314 3.1644758795232604e-05
4315 7.256700694753944e-05
4329 3.676019862375966e-05
4356 0.00014944388948364012
4363 7.025520142447097e-05
4366 0.00016007969731333051
4381 4.3226837668107787e-05
4382 6.14960082295629e-05
4383 0.00016920278300425065
4390 8.825864993225359e-05
4392 8.334256383691721e-05
4398 6.325661252824365e-05
4402 6.950834500520415e-05
4404 0.00019506105515172307
4406 6.508321716976057e-05
4411 0.0001504088997800851
4412 0.00019756065060853997
4423 0.0001128804268053397
4432 6.4078409870285e-05
4434 0.00013065000625947455
4453 3.6854914742017664e-05
4470 0.00015890538922556517
4483 0.0002059351589452662
4495 3.207260550754382e-05
4561 0.0001440237055098346
4563 4.728074758348793e-05
4659 6.610917985376751e-05
4676 1.811794967986411e-05
4699 3.676019862375966e-05
4712 8.484211069037113e-05
4746 0.00022419450561242282
4756 0.00014071861357331354
4821 8.691610145495967e-05
4822 0.00017695423263882194
4834 1.7286007534181456e-05
5011 0.00010310145735752775
5012 0.00010774605847492284
5016 8.117636599183342e-05
5024 6.025437603138515e-05
5029 0.00016007969731333051
5038 0.00016251677649793962
5043 0.00010422176939821458
5057 0.00022419450561242282
5072 0.00016508218077975113
5080 0.00010575674440844711
5161 5.502814824397996e-05
5162 5.6001418804450566e-05
5168 0.00014488623116808087
5222 2.3001954162320978e-05
5236 0.00010200632301179658
5291 0.00011067500849334801
5379 2.541525611908456e-05
5380 3.8298201700263376e-05
5408 0.00010774605847492284
5411 8.164949036359771e-05
5427 3.490353872923123e-05
5439 8.024367862190805e-05
5440 8.586807337437805e-05
5448 9.954283828468142e-05
5449 0.00016128300357362823
5469 1.1433598200043818e-05
5539 0.0001391464957049546
5550 4.944160821510571e-05
5558 9.68719546813797e-05
5577 0.00018227567001855016
5588 6.913916575845257e-05
5594 0.0001677901789526326
5597 0.00021244233432427055
5644 7.711306116076915e-05
5648 0.00016378259903044513
5651 0.00023971321052336105
5702 3.9886331735258645e-05
5705 0.00011566583790554528
5729 9.106007793564448e-05
5734 0.0001391464957049546
5735 0.0001504088997800851
5784 0.0002875104201589402
5806 7.910237522724487e-05
5831 0.00013401212737453773
5832 0.00013542473142615584
5858 6.663037655997976e-05
5868 7.256700694753944e-05
5888 8.358930576913648e-05
5891 0.00010310145735752775
5892 0.00011712061541501202
5894 1.5848029138067838e-05
5896 1.6219082409210568e-05
5909 6.663037655997976e-05
5933 0.00019756065060853997
5934 5.434466680855229e-05
5938 5.91933076971794e-05
5947 0.00015342417653056774
5984 3.088397517794058e-05
5988 7.044371782011974e-05
6022 2.0770655001689466e-05
6059 0.00014849761844045535
6159 7.101368253390731e-05
6229 7.458098891001271e-05
6238 0.00017215710736717137
6240 0.00022883910672981793
6264 4.7398314413738584e-05
6278 0.00011566583790554528
6312 0.00019506105515172307
6334 0.00014944388948364012
6366 0.0001251273376474703
6408 4.3989132524856074e-05
6413 9.590694438493474e-05
6417 9.954283828468142e-05
6420 0.00013837905578907654
6443 0.0001275049519955334
6475 8.691610145495967e-05
6480 0.00014488623116808087
6483 0.00010734164596720007
6489 0.0002875104201589402
6490 2.724862948448243e-05
6493 0.0001251273376474703
6536 7.499396958083494e-05
6540 6.040786096929821e-05
6553 0.00016508218077975113
6554 0.00022419450561242282
6566 7.082295263288685e-05
6586 5.24803957997587e-05
6588 6.576478670658657e-05
6593 7.754816608258265e-05
6595 7.66818067754729e-05
6614 8.484211069037113e-05
6638 9.282164663063054e-05
6661 5.889434094657216e-05
6675 5.7716484755306535e-05
6682 6.698096388147314e-05
6704 0.00010694056199521868
6705 0.00016508218077975113
6706 7.910237522724487e-05
6748 0.00012016732165868515
6760 1.9892587507080337e-05
6828 0.00026261715830791277
6836 0.00013614669170503938
6847 0.0002199543170027505
6905 2.9805618738211806e-05
6929 5.904359505253569e-05
6978 0.00013687950893562258
6999 6.309390310328486e-05
7021 0.0001677901789526326
7022 0.00023971321052336105
7033 0.00026261715830791277
7067 3.508605365233e-05
7071 0.00022883910672981793
7073 5.516600244482883e-05
7130 0.00021605372159664503
7139 6.196989942762013e-05
7141 0.0002462203859023654
7165 6.628229345501092e-05
7178 3.714017269315804e-05
7215 0.00015139340654708521
7256 0.00018418695135817993
7291 0.00016920278300425065
7321 3.8200641252257444e-05
7382 0.00015663840245623315
7406 6.698096388147314e-05
7410 0.0001786642827461757
7431 0.00019756065060853997
7482 2.5340342303404983e-05
7483 2.8590308184836374e-05
7491 0.0001147195668623605
7494 0.00010694056199521868
7502 9.68719546813797e-05
7503 3.173002815645075e-05
7520 9.558947467904783e-05
7560 0.00014849761844045535
7610 0.00013263932032595027
7625 0.00019506105515172307
7627 7.887728740211037e-05
7637 0.00018418695135817993
7694 6.804811807694473e-05
7704 0.00014576429866269
7784 7.082295263288685e-05
7816 0.00014071861357331354
7858 4.509923582401553e-05
7862 9.077257605451787e-05
7866 5.91933076971794e-05
7890 9.233159952796689e-06
7995 9.134928606937549e-05
8016 3.6571316885345003e-05
8061 7.865323446718271e-05
8088 8.509658347491132e-05
8090 9.558947467904783e-05
8144 1.8182537399726556e-05
8158 0.00010939812948263226
8196 0.0002734912621014559
8204 5.1064059112276297e-05
8213 0.0001376235146469122
8218 0.0002734912621014559
8234 4.8109734749355606e-05
8437 8.433711728522342e-05
8461 0.00026261715830791277
8468 0.00016508218077975113
8513 4.3335009582674306e-05
8533 0.00013687950893562258
8534 0.0001753021616311125
8571 9.496067334174995e-05
8582 0.00010774605847492284
8583 0.00015890538922556517
8678 4.409901177660094e-05
8687 0.00013837905578907654
8688 0.00019506105515172307
8695 4.476354154013861e-05
8696 4.787143878550288e-05
8799 0.00012069415303305452
8800 0.00011379132113009053
8841 0.0001275049519955334
8844 0.0001523982138465608
8847 0.00016007969731333051
8866 3.8493910507496085e-05
