66
56 0.0001027336712532598
68 3.241760820520544e-05
158 1.722259642893919e-05
208 0.00013614669170503938
209 0.00013687950893562258
575 8.825864993225359e-05
751 0.00011614595437539213
956 0.0001523982138465608
1497 6.663037655997976e-05
1583 8.88061998220748e-05
1587 9.954283828468142e-05
1693 0.0001281179340087181
1765 0.00016920278300425065
1813 0.00019041645403432799
1922 7.334292682143156e-06
2341 8.744869066327002e-05
2371 8.858094887998e-06
2404 0.00012341728754011654
2411 0.00013837905578907654
2493 2.5565430128539482e-05
2563 2.4450245822639586e-05
2586 9.502842032885344e-06
2890 0.0001415241100530177
3070 0.0001399262151792957
3228 4.566391685271689e-05
3229 4.669713069773751e-05
3230 4.692973938522239e-05
3329 0.0002734912621014559
3513 6.056183085252843e-05
3719 2.489326185102742e-05
3746 1.903006184883404e-05
3867 0.00019756065060853997
4094 0.00010694056199521868
4432 6.4078409870285e-05
4434 0.00013065000625947455
4699 3.676019862375966e-05
4829 8.383730339089555e-05
4834 1.7286007534181456e-05
4878 6.969398876306011e-05
4885 0.0001027336712532598
4981 0.00016508218077975113
5043 0.00010422176939821458
5072 0.00016508218077975113
5236 0.00010200632301179658
5427 3.490353872923123e-05
5734 0.0001391464957049546
5735 0.0001504088997800851
5984 3.088397517794058e-05
6356 6.733409171295719e-05
6362 0.00017695423263882194
6490 2.724862948448243e-05
6493 0.0001251273376474703
6566 7.082295263288685e-05
6706 7.910237522724487e-05
6712 6.025437603138515e-05
6724 0.00012936752625714268
6833 2.7093186202753706e-05
6836 0.00013614669170503938
7139 6.196989942762013e-05
7890 9.233159952796689e-06
8031 5.5721352358276173e-05
8032 6.056183085252843e-05
8513 4.3335009582674306e-05
8600 8.383730339089555e-05
8678 4.409901177660094e-05
8866 3.8493910507496085e-05
