496
14 0.0001275049519955334
21 0.00017695423263882194
24 0.00014849761844045535
56 0.0001027336712532598
58 3.9886331735258645e-05
60 0.00017215710736717137
62 0.00014576429866269
68 3.241760820520544e-05
70 0.00011566583790554528
97 8.612797493712278e-05
109 0.00011913044365880717
110 0.0002199543170027505
138 5.5304247721948624e-05
141 0.00012571095453322076
145 5.786216925096193e-05
158 1.722259642893919e-05
160 3.6009024944890365e-05
208 0.00013614669170503938
209 0.00013687950893562258
243 6.309390310328486e-05
290 5.516600244482883e-05
295 6.969398876306011e-05
308 0.0002537323685808453
328 5.502814824397996e-05
330 6.358367031630664e-05
334 9.252359415714085e-05
344 9.164022082905678e-05
368 0.00023397347506023475
371 9.818910047034337e-05
395 0.00018418695135817993
423 8.63892700805903e-05
430 2.1595466130645556e-05
463 2.104404381130732e-05
466 0.00013401212737453773
476 0.00015554326811050196
490 0.0001523982138465608
504 0.00017695423263882194
509 1.4811799641107606e-05
511 4.409901177660094e-05
521 6.165346047478709e-05
549 6.786862826996617e-05
551 0.0001431761810607271
552 0.0001804365299615294
632 6.4078409870285e-05
639 0.0001287387249198448
641 0.00023971321052336105
645 6.341986704442123e-05
651 0.00012571095453322076
668 8.63892700805903e-05
704 0.0002537323685808453
706 6.525271795805037e-05
707 9.496067334174995e-05
708 9.654815662959692e-05
723 6.212889280683989e-05
726 6.4078409870285e-05
800 0.00011154523568104574
816 0.0002875104201589402
817 0.00030726931367955075
847 0.00016508218077975113
848 0.00022419450561242282
884 0.00012936752625714268
886 0.0001677901789526326
891 5.757123449128065e-05
897 0.00014488623116808087
913 0.00015139340654708521
914 0.00018227567001855016
916 0.00030726931367955075
918 0.0001275049519955334
919 0.00016378259903044513
956 0.0001523982138465608
957 0.00022883910672981793
975 0.00014488623116808087
977 0.00010384546306881737
1005 0.00018825025618924418
1096 6.950834500520415e-05
1126 4.895306850942043e-05
1128 0.0001753021616311125
1135 0.00010774605847492284
1139 0.0001415241100530177
1216 4.5550455969092306e-05
1226 0.00011110817958998604
1227 0.00014488623116808087
1234 2.8271279696782107e-05
1254 8.96392359620217e-05
1306 4.5550455969092306e-05
1310 8.285279662389543e-05
1318 0.00017370426675739054
1326 0.00015890538922556517
1327 0.00016007969731333051
1391 6.491430390704548e-05
1418 6.424444555902466e-05
1421 0.00017215710736717137
1494 0.00014576429866269
1495 0.00019041645403432799
1497 6.663037655997976e-05
1511 9.312153328472917e-05
1517 9.106007793564448e-05
1559 0.00011425323385392718
1568 0.00018617626542465564
1583 8.88061998220748e-05
1587 9.954283828468142e-05
1619 0.00019506105515172307
1621 0.00011198624708459517
1622 0.00011333374567896404
1649 8.744869066327002e-05
1650 0.00016920278300425065
1674 0.00014944388948364012
1699 0.00013130412920165632
1706 3.382257549850835e-05
1713 4.787143878550288e-05
1715 0.00023971321052336105
1722 8.117636599183342e-05
1739 0.00015775871449691997
1759 0.0001391464957049546
1763 0.0002059351589452662
1777 4.871062309639001e-05
1785 0.00010734164596720007
1813 0.00019041645403432799
1848 6.508321716976057e-05
1881 8.408656954820681e-05
1882 9.496067334174995e-05
1922 7.334292682143156e-06
1929 4.2158123180710165e-05
1938 0.00022419450561242282
1957 8.88061998220748e-05
2020 0.00013065000625947455
2025 0.00012571095453322076
2026 8.535239208071232e-05
2032 0.00011024565393173974
2040 4.7398314413738584e-05
2049 0.00022419450561242282
2073 0.00010939812948263226
2074 0.0002875104201589402
2114 0.00016251677649793962
2116 0.00022883910672981793
2126 0.0001300045474523503
2167 8.744869066327002e-05
2175 0.0002875104201589402
2188 0.0002199543170027505
2216 0.0001677901789526326
2224 0.0002199543170027505
2294 8.535239208071232e-05
2371 8.858094887998e-06
2384 3.364472337590274e-05
2391 2.4157123570420575e-05
2398 0.0001027336712532598
2399 0.000126899584862824
2402 8.825864993225359e-05
2417 8.63892700805903e-05
2439 5.502814824397996e-05
2455 0.00010128967145643295
2462 0.00011712061541501202
2490 0.0002734912621014559
2493 2.5565430128539482e-05
2563 2.4450245822639586e-05
2571 6.593667904531496e-05
2580 8.992010952057247e-05
2586 9.502842032885344e-06
2604 0.00020019542348213994
2607 3.3290954653437934e-05
2618 4.846937791309118e-05
2689 0.0001300045474523503
2714 8.691610145495967e-05
2724 0.00018617626542465564
2725 0.00010536844412685977
2744 7.52017798211394e-05
2759 0.00015554326811050196
2794 0.00012341728754011654
2827 0.0001196461249524729
2873 0.00018418695135817993
2890 0.0001415241100530177
2955 4.7516165565500014e-05
2976 5.461691012835996e-05
2982 7.197869283035229e-05
3070 0.0001399262151792957
3103 0.00012122674224136485
3113 6.165346047478709e-05
3149 7.541048004377448e-05
3150 7.604199766141655e-05
3214 8.001326955199571e-05
3228 4.566391685271689e-05
3229 4.669713069773751e-05
3230 4.692973938522239e-05
3269 0.00010310145735752775
3271 0.00020298083458234552
3307 8.408656954820681e-05
3308 0.00012571095453322076
3310 0.00022883910672981793
3329 0.0002734912621014559
3395 7.541048004377448e-05
3409 8.458895984833521e-05
3421 8.586807337437805e-05
3450 0.00011198624708459517
3452 0.00023971321052336105
3517 0.0001523982138465608
3540 0.00013542473142615584
3542 0.0001431761810607271
3576 5.3536945098705395e-05
3596 8.285279662389543e-05
3625 0.0001431761810607271
3627 6.491430390704548e-05
3628 7.733012801189119e-05
3637 0.00022883910672981793
3682 0.0001239806629188251
3696 0.0001391464957049546
3719 2.489326185102742e-05
3743 3.233112827567267e-05
3746 1.903006184883404e-05
3762 0.00017695423263882194
3766 5.131853189681648e-05
3791 0.00020019542348213994
3808 0.00020298083458234552
3809 0.00020908021320920737
3827 0.00013614669170503938
3829 0.00019506105515172307
3832 3.3290954653437934e-05
3843 0.0002462203859023654
3867 0.00019756065060853997
3879 0.0002734912621014559
3887 5.5861184383926875e-05
3912 0.00013263932032595027
3914 0.00012936752625714268
3920 0.00017370426675739054
3921 0.00020298083458234552
3926 0.00011110817958998604
3932 4.895306850942043e-05
3943 7.689695691525318e-05
3951 9.920086195142229e-05
3954 0.00010774605847492284
3974 0.00010128967145643295
3988 0.00020298083458234552
4015 8.798716495431228e-05
4056 0.00013401212737453773
4057 0.0001664173719040451
4094 0.00010694056199521868
4143 0.0001376235146469122
4144 0.00013837905578907654
4189 4.981125419104163e-05
4224 8.236790279729728e-05
4225 0.00010897983139923425
4247 4.846937791309118e-05
4249 0.00013542473142615584
4250 8.612797493712278e-05
4296 9.527405980765772e-05
4314 3.1644758795232604e-05
4315 7.256700694753944e-05
4329 3.676019862375966e-05
4381 4.3226837668107787e-05
4382 6.14960082295629e-05
4392 8.334256383691721e-05
4398 6.325661252824365e-05
4402 6.950834500520415e-05
4404 0.00019506105515172307
4432 6.4078409870285e-05
4434 0.00013065000625947455
4453 3.6854914742017664e-05
4467 5.5861184383926875e-05
4470 0.00015890538922556517
4495 3.207260550754382e-05
4533 5.685140711216779e-05
4541 0.0001376235146469122
4546 7.625433537211054e-05
4563 4.728074758348793e-05
4577 3.9085797470059324e-05
4652 4.476354154013861e-05
4659 6.610917985376751e-05
4676 1.811794967986411e-05
4679 0.00012122674224136485
4686 0.0001804365299615294
4688 0.0001804365299615294
4699 3.676019862375966e-05
4759 5.0810908270240366e-05
4764 0.00019268344080366
4765 0.0002875104201589402
4797 9.988723143186235e-05
4834 1.7286007534181456e-05
4853 8.535239208071232e-05
4860 0.00020019542348213994
4878 6.969398876306011e-05
4894 0.00014849761844045535
4933 2.564069103539461e-05
5016 8.117636599183342e-05
5024 6.025437603138515e-05
5029 0.00016007969731333051
5038 0.00016251677649793962
5043 0.00010422176939821458
5080 0.00010575674440844711
5161 5.502814824397996e-05
5162 5.6001418804450566e-05
5222 2.3001954162320978e-05
5228 4.931901336427842e-05
5236 0.00010200632301179658
5267 0.0001677901789526326
5334 9.719791862251607e-05
5335 9.852402568908913e-05
5359 0.00014071861357331354
5367 0.00021605372159664503
5369 7.562007790453742e-05
5371 0.0001300045474523503
5379 2.541525611908456e-05
5395 3.215862746722012e-05
5410 0.0002734912621014559
5427 3.490353872923123e-05
5439 8.024367862190805e-05
5440 8.586807337437805e-05
5449 0.00016128300357362823
5469 1.1433598200043818e-05
5550 4.944160821510571e-05
5551 0.00022419450561242282
5558 9.68719546813797e-05
5560 0.00018227567001855016
5588 6.913916575845257e-05
5590 0.00018617626542465564
5597 0.00021244233432427055
5600 0.00018227567001855016
5622 6.733409171295719e-05
5625 0.0001347133110905388
5729 9.106007793564448e-05
5734 0.0001391464957049546
5735 0.0001504088997800851
5797 5.544288630052885e-05
5868 7.256700694753944e-05
5894 1.5848029138067838e-05
5896 1.6219082409210568e-05
5909 6.663037655997976e-05
5934 5.434466680855229e-05
5938 5.91933076971794e-05
5982 0.0001376235146469122
5984 3.088397517794058e-05
5988 7.044371782011974e-05
6000 3.4631041686461846e-05
6022 2.0770655001689466e-05
6084 7.843020694973282e-05
6087 0.00010236864012694453
6106 7.217400943451535e-05
6173 0.00013196715204843822
6195 9.622649587425546e-05
6229 7.458098891001271e-05
6238 0.00017215710736717137
6240 0.00022883910672981793
6264 4.7398314413738584e-05
6284 0.00016920278300425065
6328 9.920086195142229e-05
6352 0.00011519040557349246
6356 6.733409171295719e-05
6372 0.0001523982138465608
6393 0.00014944388948364012
6394 0.0001677901789526326
6400 0.00016920278300425065
6402 0.00030726931367955075
6429 5.815485137703107e-05
6467 4.669713069773751e-05
6468 4.669713069773751e-05
6487 0.00012936752625714268
6490 2.724862948448243e-05
6493 0.0001251273376474703
6496 0.00020908021320920737
6507 6.212889280683989e-05
6512 0.0001431761810607271
6536 7.499396958083494e-05
6540 6.040786096929821e-05
6545 0.0001677901789526326
6549 0.0002059351589452662
6550 0.00020019542348213994
6566 7.082295263288685e-05
6586 5.24803957997587e-05
6588 6.576478670658657e-05
6595 7.66818067754729e-05
6605 0.00010200632301179658
6606 0.00014944388948364012
6614 8.484211069037113e-05
6618 0.00019506105515172307
6647 0.0001523982138465608
6675 5.7716484755306535e-05
6686 0.00011333374567896404
6687 6.196989942762013e-05
6706 7.910237522724487e-05
6712 6.025437603138515e-05
6724 0.00012936752625714268
6730 0.00013065000625947455
6760 1.9892587507080337e-05
6777 0.00030726931367955075
6784 9.68719546813797e-05
6789 4.7516165565500014e-05
6807 0.0002734912621014559
6811 0.00014576429866269
6815 7.178415593526694e-05
6820 0.0002059351589452662
6833 2.7093186202753706e-05
6836 0.00013614669170503938
6868 0.00016508218077975113
6905 2.9805618738211806e-05
6929 5.904359505253569e-05
6931 0.0001196461249524729
6960 3.259102983841739e-05
6968 0.0001287387249198448
6972 6.133906307779394e-05
6978 0.00013687950893562258
6992 4.787143878550288e-05
6995 7.843020694973282e-05
6999 6.309390310328486e-05
7021 0.0001677901789526326
7022 0.00023971321052336105
7067 3.508605365233e-05
7073 5.516600244482883e-05
7091 9.464928935894339e-05
7130 0.00021605372159664503
7139 6.196989942762013e-05
7165 6.628229345501092e-05
7178 3.714017269315804e-05
7296 0.00018825025618924418
7310 0.0001347133110905388
7311 0.0001475693727081854
7321 3.8200641252257444e-05
7335 0.000126899584862824
7359 0.00016378259903044513
7382 0.00015663840245623315
7392 5.274239335290522e-05
7411 0.00018825025618924418
7444 9.886126874785542e-05
7446 0.00015554326811050196
7454 0.00014944388948364012
7482 2.5340342303404983e-05
7483 2.8590308184836374e-05
7491 0.0001147195668623605
7503 3.173002815645075e-05
7504 0.00012571095453322076
7525 0.00026261715830791277
7559 8.509658347491132e-05
7579 0.00015775871449691997
7620 0.0001027336712532598
7650 0.00017215710736717137
7651 0.00011566583790554528
7652 0.00016251677649793962
7694 6.804811807694473e-05
7695 0.00018617626542465564
7704 0.00014576429866269
7710 0.00014488623116808087
7784 7.082295263288685e-05
7808 4.7398314413738584e-05
7814 0.0001275049519955334
7836 6.424444555902466e-05
7837 0.00018617626542465564
7838 0.0002059351589452662
7858 4.509923582401553e-05
7863 7.64676023536449e-05
7866 5.91933076971794e-05
7871 0.00018418695135817993
7872 0.00018617626542465564
7873 0.00022883910672981793
7890 9.233159952796689e-06
7891 6.932340577943291e-05
7893 5.131853189681648e-05
7894 6.374802604546662e-05
7902 7.376538112671329e-05
7903 8.141235399539764e-05
7904 6.056183085252843e-05
7938 4.907474504580058e-05
7943 7.64676023536449e-05
8009 2.7093186202753706e-05
8010 3.97855428110104e-05
8061 7.865323446718271e-05
8069 5.287392225192349e-05
8144 1.8182537399726556e-05
8158 0.00010939812948263226
8168 0.0001664173719040451
8179 0.00017370426675739054
8204 5.1064059112276297e-05
8295 0.00021244233432427055
8351 0.0001376235146469122
8355 0.00016378259903044513
8427 0.00026261715830791277
8437 8.433711728522342e-05
8444 5.815485137703107e-05
8474 8.408656954820681e-05
8513 4.3335009582674306e-05
8516 8.024367862190805e-05
8539 7.955569410086921e-05
8546 0.0002734912621014559
8571 9.496067334174995e-05
8573 0.00019756065060853997
8582 0.00010774605847492284
8583 0.00015890538922556517
8585 0.0001431761810607271
8600 8.383730339089555e-05
8678 4.409901177660094e-05
8680 0.00015663840245623315
8681 0.00023971321052336105
8695 4.476354154013861e-05
8696 4.787143878550288e-05
8717 9.106007793564448e-05
8733 0.00018825025618924418
8811 0.00011913044365880717
8841 0.0001275049519955334
8844 0.0001523982138465608
8866 3.8493910507496085e-05
