292
68 3.241760820520544e-05
69 0.00010460100421098168
116 0.0001523982138465608
158 1.722259642893919e-05
163 4.4209139343250144e-05
208 0.00013614669170503938
209 0.00013687950893562258
243 6.309390310328486e-05
276 4.8109734749355606e-05
277 5.502814824397996e-05
330 6.358367031630664e-05
334 9.252359415714085e-05
397 0.00013614669170503938
430 2.1595466130645556e-05
463 2.104404381130732e-05
473 4.858985121920245e-05
493 0.0001300045474523503
494 0.00010815385522706535
496 0.00015447220461114937
509 1.4811799641107606e-05
549 6.786862826996617e-05
551 0.0001431761810607271
552 0.0001804365299615294
723 6.212889280683989e-05
726 6.4078409870285e-05
918 0.0001275049519955334
919 0.00016378259903044513
956 0.0001523982138465608
957 0.00022883910672981793
969 0.00010536844412685977
1096 6.950834500520415e-05
1140 3.8493910507496085e-05
1144 0.0001523982138465608
1326 0.00015890538922556517
1327 0.00016007969731333051
1332 0.00018418695135817993
1333 0.00021244233432427055
1391 6.491430390704548e-05
1497 6.663037655997976e-05
1583 8.88061998220748e-05
1587 9.954283828468142e-05
1621 0.00011198624708459517
1622 0.00011333374567896404
1699 0.00013130412920165632
1703 0.00015663840245623315
1706 3.382257549850835e-05
1713 4.787143878550288e-05
1777 4.871062309639001e-05
1782 0.00014665847838343454
1810 0.00019268344080366
1922 7.334292682143156e-06
1957 8.88061998220748e-05
2004 7.217400943451535e-05
2007 0.00022883910672981793
2020 0.00013065000625947455
2026 8.535239208071232e-05
2073 0.00010939812948263226
2083 0.00010422176939821458
2085 0.0001147195668623605
2093 0.00011811516886331826
2167 8.744869066327002e-05
2184 0.00013130412920165632
2370 0.00017215710736717137
2371 8.858094887998e-06
2439 5.502814824397996e-05
2444 0.0002059351589452662
2462 0.00011712061541501202
2493 2.5565430128539482e-05
2523 0.0001504088997800851
2524 0.00016920278300425065
2550 5.3403616896513294e-05
2563 2.4450245822639586e-05
2564 4.692973938522239e-05
2580 8.992010952057247e-05
2586 9.502842032885344e-06
2590 8.771718405598661e-05
2607 3.3290954653437934e-05
2632 0.0002462203859023654
2675 0.00010694056199521868
2728 0.00010939812948263226
2873 0.00018418695135817993
2940 7.910237522724487e-05
2955 4.7516165565500014e-05
2976 5.461691012835996e-05
3031 8.691610145495967e-05
3070 0.0001399262151792957
3097 0.00012230970742046953
3113 6.165346047478709e-05
3214 8.001326955199571e-05
3228 4.566391685271689e-05
3229 4.669713069773751e-05
3230 4.692973938522239e-05
3465 5.7716484755306535e-05
3513 6.056183085252843e-05
3519 8.586807337437805e-05
3572 5.234992335902794e-05
3596 8.285279662389543e-05
3639 0.00016920278300425065
3719 2.489326185102742e-05
3723 6.859058854884968e-05
3819 6.424444555902466e-05
3869 0.0001523982138465608
3875 3.285232498188492e-05
3887 5.5861184383926875e-05
3914 0.00012936752625714268
3915 0.0002734912621014559
3932 4.895306850942043e-05
3988 0.00020298083458234552
4056 0.00013401212737453773
4094 0.00010694056199521868
4143 0.0001376235146469122
4144 0.00013837905578907654
4189 4.981125419104163e-05
4290 5.656642719180506e-05
4292 0.00011110817958998604
4314 3.1644758795232604e-05
4329 3.676019862375966e-05
4345 5.131853189681648e-05
4348 8.212725328354177e-05
4349 0.0001415241100530177
4351 0.00020019542348213994
4363 7.025520142447097e-05
4366 0.00016007969731333051
4375 7.541048004377448e-05
4381 4.3226837668107787e-05
4382 6.14960082295629e-05
4402 6.950834500520415e-05
4406 6.508321716976057e-05
4413 0.0001786642827461757
4423 0.0001128804268053397
4453 3.6854914742017664e-05
4470 0.00015890538922556517
4495 3.207260550754382e-05
4533 5.685140711216779e-05
4577 3.9085797470059324e-05
4659 6.610917985376751e-05
4676 1.811794967986411e-05
4699 3.676019862375966e-05
4731 0.00020908021320920737
4818 9.048676041112919e-05
4829 8.383730339089555e-05
4839 3.088397517794058e-05
4846 4.681329625334851e-05
4853 8.535239208071232e-05
4933 2.564069103539461e-05
5016 8.117636599183342e-05
5043 0.00010422176939821458
5080 0.00010575674440844711
5161 5.502814824397996e-05
5162 5.6001418804450566e-05
5222 2.3001954162320978e-05
5225 0.00016920278300425065
5228 4.931901336427842e-05
5236 0.00010200632301179658
5379 2.541525611908456e-05
5380 3.8298201700263376e-05
5395 3.215862746722012e-05
5427 3.490353872923123e-05
5439 8.024367862190805e-05
5440 8.586807337437805e-05
5462 0.00010654275221462514
5469 1.1433598200043818e-05
5490 0.00015447220461114937
5550 4.944160821510571e-05
5588 6.913916575845257e-05
5592 0.00030726931367955075
5622 6.733409171295719e-05
5642 9.852402568908913e-05
5665 0.00018418695135817993
5676 9.312153328472917e-05
5702 3.9886331735258645e-05
5734 0.0001391464957049546
5735 0.0001504088997800851
5738 9.19329029551259e-05
5739 0.0001281179340087181
5740 0.00015447220461114937
5797 5.544288630052885e-05
5810 5.261121850249547e-05
5822 9.134928606937549e-05
5868 7.256700694753944e-05
5894 1.5848029138067838e-05
5896 1.6219082409210568e-05
5909 6.663037655997976e-05
5911 7.47870417645905e-05
5934 5.434466680855229e-05
5938 5.91933076971794e-05
5975 0.00010460100421098168
5984 3.088397517794058e-05
6000 3.4631041686461846e-05
6022 2.0770655001689466e-05
6035 9.818910047034337e-05
6038 0.00011663084820199027
6051 0.0001677901789526326
6106 7.217400943451535e-05
6159 7.101368253390731e-05
6160 7.955569410086921e-05
6195 9.622649587425546e-05
6222 0.00010347204034115494
6242 3.105201474962982e-05
6264 4.7398314413738584e-05
6372 0.0001523982138465608
6393 0.00014944388948364012
6394 0.0001677901789526326
6465 0.00015663840245623315
6467 4.669713069773751e-05
6468 4.669713069773751e-05
6481 0.00012936752625714268
6490 2.724862948448243e-05
6493 0.0001251273376474703
6497 0.0001664173719040451
6566 7.082295263288685e-05
6568 3.9584588186023764e-05
6569 4.981125419104163e-05
6570 0.00020298083458234552
6586 5.24803957997587e-05
6588 6.576478670658657e-05
6590 8.691610145495967e-05
6595 7.66818067754729e-05
6647 0.0001523982138465608
6659 0.0002462203859023654
6660 0.00026261715830791277
6706 7.910237522724487e-05
6708 0.00017370426675739054
6760 1.9892587507080337e-05
6836 0.00013614669170503938
6851 0.0001275049519955334
6905 2.9805618738211806e-05
6919 7.3968006896828e-05
6920 9.403242760948e-05
6929 5.904359505253569e-05
6934 0.00010200632301179658
6960 3.259102983841739e-05
6978 0.00013687950893562258
7067 3.508605365233e-05
7124 6.859058854884968e-05
7139 6.196989942762013e-05
7142 0.00015139340654708521
7143 0.0001523982138465608
7178 3.714017269315804e-05
7181 0.0001263016457352357
7311 0.0001475693727081854
7369 9.372690041743856e-05
7370 0.00019756065060853997
7392 5.274239335290522e-05
7482 2.5340342303404983e-05
7483 2.8590308184836374e-05
7503 3.173002815645075e-05
7520 9.558947467904783e-05
7579 0.00015775871449691997
7580 0.0001804365299615294
7658 0.00018227567001855016
7671 9.134928606937549e-05
7694 6.804811807694473e-05
7818 2.996997446737178e-05
7866 5.91933076971794e-05
7890 9.233159952796689e-06
7891 6.932340577943291e-05
7892 0.0001002340757964429
7904 6.056183085252843e-05
7938 4.907474504580058e-05
7943 7.64676023536449e-05
8009 2.7093186202753706e-05
8010 3.97855428110104e-05
8016 3.6571316885345003e-05
8042 6.663037655997976e-05
8054 2.9805618738211806e-05
8095 0.00015342417653056774
8109 8.285279662389543e-05
8114 0.0001804365299615294
8116 0.00015447220461114937
8120 0.00021605372159664503
8144 1.8182537399726556e-05
8158 0.00010939812948263226
8295 0.00021244233432427055
8447 4.100899018649567e-05
8459 0.0002875104201589402
8468 0.00016508218077975113
8513 4.3335009582674306e-05
8526 0.00010939812948263226
8571 9.496067334174995e-05
8585 0.0001431761810607271
8600 8.383730339089555e-05
8624 0.0001677901789526326
8633 5.949411993323993e-05
8638 6.491430390704548e-05
8661 7.843020694973282e-05
8663 8.001326955199571e-05
8678 4.409901177660094e-05
8695 4.476354154013861e-05
8696 4.787143878550288e-05
8697 0.0001376235146469122
8866 3.8493910507496085e-05
