128
58 3.9886331735258645e-05
163 4.4209139343250144e-05
328 5.502814824397996e-05
330 6.358367031630664e-05
375 8.334256383691721e-05
378 7.955569410086921e-05
443 5.859719717528758e-05
509 1.4811799641107606e-05
515 0.00022883910672981793
521 6.165346047478709e-05
722 0.00011663084820199027
765 7.499396958083494e-05
954 0.0002734912621014559
1234 2.8271279696782107e-05
1254 8.96392359620217e-05
1256 0.00020019542348213994
1517 9.106007793564448e-05
1706 3.382257549850835e-05
1707 0.00015554326811050196
1888 6.071628875522179e-05
1922 7.334292682143156e-06
2026 8.535239208071232e-05
2093 0.00011811516886331826
2256 0.00015554326811050196
2310 0.0001391464957049546
2312 0.00017065756051371745
2321 8.691610145495967e-05
2326 0.00011913044365880717
2327 0.00020298083458234552
2371 8.858094887998e-06
2384 3.364472337590274e-05
2389 8.070779096331723e-05
2439 5.502814824397996e-05
2448 8.825864993225359e-05
2607 3.3290954653437934e-05
2618 4.846937791309118e-05
2625 0.00016251677649793962
3307 8.408656954820681e-05
3409 8.458895984833521e-05
3478 7.865323446718271e-05
3479 0.0001245506276326127
3490 0.0001245506276326127
3654 6.663037655997976e-05
3657 4.716346370617082e-05
3724 5.7716484755306535e-05
3766 5.131853189681648e-05
3786 0.00010058340652177312
3829 0.00019506105515172307
3996 7.417147870601431e-05
4094 0.00010694056199521868
4128 0.00016128300357362823
4129 0.00026261715830791277
4267 0.00011519040557349246
4314 3.1644758795232604e-05
4329 3.676019862375966e-05
4345 5.131853189681648e-05
4513 9.19329029551259e-05
4563 4.728074758348793e-05
4619 0.00010856509334268535
4621 0.00022419450561242282
4652 4.476354154013861e-05
4759 5.0810908270240366e-05
4834 1.7286007534181456e-05
4839 3.088397517794058e-05
4926 0.00010236864012694453
4927 0.00010236864012694453
5176 0.0001347133110905388
5222 2.3001954162320978e-05
5242 6.786862826996617e-05
5254 5.9796800580258657e-05
5448 9.954283828468142e-05
5469 1.1433598200043818e-05
5550 4.944160821510571e-05
5618 0.00014071861357331354
5702 3.9886331735258645e-05
5810 5.261121850249547e-05
5888 8.358930576913648e-05
5891 0.00010310145735752775
5892 0.00011712061541501202
5894 1.5848029138067838e-05
5896 1.6219082409210568e-05
5934 5.434466680855229e-05
5938 5.91933076971794e-05
5984 3.088397517794058e-05
6162 0.0001128804268053397
6197 5.5304247721948624e-05
6229 7.458098891001271e-05
6230 0.0001239806629188251
6242 3.105201474962982e-05
6264 4.7398314413738584e-05
6356 6.733409171295719e-05
6490 2.724862948448243e-05
6540 6.040786096929821e-05
6552 0.00020908021320920737
6553 0.00016508218077975113
6706 7.910237522724487e-05
6789 4.7516165565500014e-05
6796 8.260974660633398e-05
6848 0.00012122674224136485
6980 0.00011379132113009053
6982 0.0001147195668623605
7236 0.00010536844412685977
7237 0.00010536844412685977
7577 8.853165584237468e-05
7578 8.88061998220748e-05
7620 0.0001027336712532598
7858 4.509923582401553e-05
7862 9.077257605451787e-05
7890 9.233159952796689e-06
7922 0.00010774605847492284
7958 9.496067334174995e-05
8031 5.5721352358276173e-05
8032 6.056183085252843e-05
8047 9.312153328472917e-05
8054 2.9805618738211806e-05
8058 8.853165584237468e-05
8059 0.00011425323385392718
8060 0.0001147195668623605
8109 8.285279662389543e-05
8114 0.0001804365299615294
8137 8.63892700805903e-05
8166 0.0001376235146469122
8421 0.00020019542348213994
8442 8.001326955199571e-05
8591 0.00011761535496899039
8890 0.00010058340652177312
8891 0.00010058340652177312
8892 0.00010384546306881737
