497
15 6.0101372993599195e-05
24 0.00014849761844045535
44 0.00010575674440844711
52 9.785646144837983e-05
53 0.00010200632301179658
68 3.241760820520544e-05
97 8.612797493712278e-05
116 0.0001523982138465608
145 5.786216925096193e-05
158 1.722259642893919e-05
163 4.4209139343250144e-05
208 0.00013614669170503938
209 0.00013687950893562258
213 0.00021244233432427055
225 4.311890533715833e-05
229 0.00026261715830791277
238 0.00012176521653240713
239 0.00018825025618924418
240 0.00010347204034115494
243 6.309390310328486e-05
268 0.00015342417653056774
278 5.558192042480493e-05
281 0.00014665847838343454
303 0.00018227567001855016
311 0.00012016732165868515
328 5.502814824397996e-05
330 6.358367031630664e-05
334 9.252359415714085e-05
375 8.334256383691721e-05
378 7.955569410086921e-05
380 0.0001423431449207802
384 0.00016920278300425065
397 0.00013614669170503938
412 6.391293797104737e-05
427 0.0001440237055098346
430 2.1595466130645556e-05
443 5.859719717528758e-05
463 2.104404381130732e-05
466 0.00013401212737453773
479 0.00017065756051371745
480 6.877276232176413e-05
483 0.0001523982138465608
493 0.0001300045474523503
504 0.00017695423263882194
509 1.4811799641107606e-05
535 8.236790279729728e-05
549 6.786862826996617e-05
550 0.0001804365299615294
551 0.0001431761810607271
552 0.0001804365299615294
553 0.00018617626542465564
554 0.00019756065060853997
632 6.4078409870285e-05
639 0.0001287387249198448
668 8.63892700805903e-05
800 0.00011154523568104574
802 0.0001753021616311125
891 5.757123449128065e-05
897 0.00014488623116808087
956 0.0001523982138465608
977 0.00010384546306881737
988 0.00013263932032595027
989 0.0002537323685808453
990 0.00010939812948263226
1011 8.56095506062492e-05
1126 4.895306850942043e-05
1128 0.0001753021616311125
1140 3.8493910507496085e-05
1144 0.0001523982138465608
1193 0.00015447220461114937
1208 0.00012571095453322076
1216 4.5550455969092306e-05
1234 2.8271279696782107e-05
1258 0.00015890538922556517
1306 4.5550455969092306e-05
1312 0.00011243128604527755
1314 0.00013401212737453773
1332 0.00018418695135817993
1350 6.374802604546662e-05
1365 6.733409171295719e-05
1367 0.0001275049519955334
1369 0.00022883910672981793
1418 6.424444555902466e-05
1458 0.0001786642827461757
1459 0.00030726931367955075
1474 0.0001239806629188251
1497 6.663037655997976e-05
1566 0.00016920278300425065
1573 0.0001347133110905388
1578 0.00010856509334268535
1583 8.88061998220748e-05
1587 9.954283828468142e-05
1589 0.00015890538922556517
1594 0.000126899584862824
1621 0.00011198624708459517
1622 0.00011333374567896404
1649 8.744869066327002e-05
1659 0.0001786642827461757
1671 7.64676023536449e-05
1693 0.0001281179340087181
1699 0.00013130412920165632
1706 3.382257549850835e-05
1713 4.787143878550288e-05
1922 7.334292682143156e-06
1929 4.2158123180710165e-05
1936 0.00011024565393173974
1954 0.00026261715830791277
1957 8.88061998220748e-05
1960 0.00011712061541501202
2004 7.217400943451535e-05
2007 0.00022883910672981793
2026 8.535239208071232e-05
2032 0.00011024565393173974
2040 4.7398314413738584e-05
2114 0.00016251677649793962
2116 0.00022883910672981793
2126 0.0001300045474523503
2130 0.00023971321052336105
2188 0.0002199543170027505
2262 0.0001523982138465608
2263 0.00015342417653056774
2318 0.00019506105515172307
2371 8.858094887998e-06
2384 3.364472337590274e-05
2391 2.4157123570420575e-05
2398 0.0001027336712532598
2431 0.0001391464957049546
2439 5.502814824397996e-05
2444 0.0002059351589452662
2469 0.00011110817958998604
2523 0.0001504088997800851
2563 2.4450245822639586e-05
2567 0.00022883910672981793
2586 9.502842032885344e-06
2590 8.771718405598661e-05
2607 3.3290954653437934e-05
2623 0.0002875104201589402
2667 8.358930576913648e-05
2728 0.00010939812948263226
2732 0.00012069415303305452
2733 0.0001786642827461757
2768 0.0001415241100530177
2809 0.0002462203859023654
2843 7.33626397641186e-05
2850 9.252359415714085e-05
2873 0.00018418695135817993
2932 0.0002059351589452662
2940 7.910237522724487e-05
2958 6.950834500520415e-05
2963 8.509658347491132e-05
2976 5.461691012835996e-05
2977 0.00015890538922556517
3014 0.0001263016457352357
3016 0.00015554326811050196
3018 0.00016508218077975113
3024 0.0001347133110905388
3070 0.0001399262151792957
3103 0.00012122674224136485
3228 4.566391685271689e-05
3229 4.669713069773751e-05
3230 4.692973938522239e-05
3303 0.00010058340652177312
3409 8.458895984833521e-05
3498 0.00019756065060853997
3517 0.0001523982138465608
3518 0.0002734912621014559
3545 6.071628875522179e-05
3547 0.0002462203859023654
3576 5.3536945098705395e-05
3579 0.00022419450561242282
3600 0.0001002340757964429
3605 5.380470086849468e-05
3610 0.00018418695135817993
3639 0.00016920278300425065
3647 8.094151528426567e-05
3649 0.0001347133110905388
3654 6.663037655997976e-05
3719 2.489326185102742e-05
3723 6.859058854884968e-05
3724 5.7716484755306535e-05
3731 5.3138049876864844e-05
3737 0.00020908021320920737
3746 1.903006184883404e-05
3762 0.00017695423263882194
3766 5.131853189681648e-05
3788 0.0001300045474523503
3800 0.00015775871449691997
3801 0.00023397347506023475
3808 0.00020298083458234552
3809 0.00020908021320920737
3819 6.424444555902466e-05
3875 3.285232498188492e-05
3887 5.5861184383926875e-05
3902 0.00012122674224136485
3914 0.00012936752625714268
3920 0.00017370426675739054
3921 0.00020298083458234552
3932 4.895306850942043e-05
3939 0.00018418695135817993
3988 0.00020298083458234552
3992 0.00030726931367955075
3996 7.417147870601431e-05
4046 9.312153328472917e-05
4056 0.00013401212737453773
4057 0.0001664173719040451
4094 0.00010694056199521868
4134 0.00021605372159664503
4143 0.0001376235146469122
4144 0.00013837905578907654
4243 0.00014665847838343454
4247 4.846937791309118e-05
4296 9.527405980765772e-05
4314 3.1644758795232604e-05
4315 7.256700694753944e-05
4326 0.00011024565393173974
4328 0.00011566583790554528
4329 3.676019862375966e-05
4345 5.131853189681648e-05
4348 8.212725328354177e-05
4357 0.00018825025618924418
4363 7.025520142447097e-05
4366 0.00016007969731333051
4371 0.00013263932032595027
4381 4.3226837668107787e-05
4382 6.14960082295629e-05
4385 0.0002059351589452662
4398 6.325661252824365e-05
4402 6.950834500520415e-05
4404 0.00019506105515172307
4406 6.508321716976057e-05
4411 0.0001504088997800851
4412 0.00019756065060853997
4423 0.0001128804268053397
4432 6.4078409870285e-05
4434 0.00013065000625947455
4435 0.00010856509334268535
4436 0.0001128804268053397
4467 5.5861184383926875e-05
4481 9.282164663063054e-05
4483 0.0002059351589452662
4485 7.159039254876493e-05
4495 3.207260550754382e-05
4499 9.312153328472917e-05
4502 6.424444555902466e-05
4503 7.798719092134497e-05
4533 5.685140711216779e-05
4563 4.728074758348793e-05
4577 3.9085797470059324e-05
4652 4.476354154013861e-05
4676 1.811794967986411e-05
4699 3.676019862375966e-05
4731 0.00020908021320920737
4756 0.00014071861357331354
4759 5.0810908270240366e-05
4808 0.0001245506276326127
4821 8.691610145495967e-05
4822 0.00017695423263882194
4834 1.7286007534181456e-05
4839 3.088397517794058e-05
4844 0.00010734164596720007
4878 6.969398876306011e-05
4879 0.0001753021616311125
4883 0.0002734912621014559
4894 0.00014849761844045535
4923 8.188778632745044e-05
4933 2.564069103539461e-05
4942 6.804811807694473e-05
4943 0.0001677901789526326
5000 0.00013065000625947455
5002 0.00014665847838343454
5016 8.117636599183342e-05
5018 0.00010982004923951138
5024 6.025437603138515e-05
5029 0.00016007969731333051
5038 0.00016251677649793962
5043 0.00010422176939821458
5079 0.0001415241100530177
5140 0.0001504088997800851
5153 0.00021244233432427055
5168 0.00014488623116808087
5217 7.159039254876493e-05
5219 0.00014071861357331354
5222 2.3001954162320978e-05
5225 0.00016920278300425065
5228 4.931901336427842e-05
5254 5.9796800580258657e-05
5369 7.562007790453742e-05
5370 0.00011154523568104574
5378 0.00010347204034115494
5379 2.541525611908456e-05
5395 3.215862746722012e-05
5427 3.490353872923123e-05
5430 6.441104889224853e-05
5439 8.024367862190805e-05
5440 8.586807337437805e-05
5441 0.00026261715830791277
5448 9.954283828468142e-05
5449 0.00016128300357362823
5455 8.908229930004346e-05
5456 0.0002537323685808453
5469 1.1433598200043818e-05
5481 6.576478670658657e-05
5539 0.0001391464957049546
5558 9.68719546813797e-05
5588 6.913916575845257e-05
5594 0.0001677901789526326
5612 0.0001415241100530177
5622 6.733409171295719e-05
5624 0.0001415241100530177
5625 0.0001347133110905388
5687 2.724862948448243e-05
5702 3.9886331735258645e-05
5729 9.106007793564448e-05
5734 0.0001391464957049546
5735 0.0001504088997800851
5738 9.19329029551259e-05
5739 0.0001281179340087181
5740 0.00015447220461114937
5810 5.261121850249547e-05
5834 6.804811807694473e-05
5868 7.256700694753944e-05
5888 8.358930576913648e-05
5891 0.00010310145735752775
5892 0.00011712061541501202
5894 1.5848029138067838e-05
5896 1.6219082409210568e-05
5909 6.663037655997976e-05
5933 0.00019756065060853997
5981 0.0001664173719040451
5982 0.0001376235146469122
5984 3.088397517794058e-05
5985 7.52017798211394e-05
5987 7.798719092134497e-05
5988 7.044371782011974e-05
5989 0.00013130412920165632
6000 3.4631041686461846e-05
6022 2.0770655001689466e-05
6035 9.818910047034337e-05
6038 0.00011663084820199027
6059 0.00014849761844045535
6084 7.843020694973282e-05
6087 0.00010236864012694453
6106 7.217400943451535e-05
6159 7.101368253390731e-05
6160 7.955569410086921e-05
6222 0.00010347204034115494
6242 3.105201474962982e-05
6264 4.7398314413738584e-05
6309 0.0001147195668623605
6366 0.0001251273376474703
6393 0.00014944388948364012
6394 0.0001677901789526326
6399 8.212725328354177e-05
6405 0.00014071861357331354
6429 5.815485137703107e-05
6443 0.0001275049519955334
6452 8.63892700805903e-05
6475 8.691610145495967e-05
6478 0.00016920278300425065
6479 0.0002734912621014559
6487 0.00012936752625714268
6490 2.724862948448243e-05
6491 7.604199766141655e-05
6493 0.0001251273376474703
6502 0.0001423431449207802
6523 0.00020298083458234552
6540 6.040786096929821e-05
6566 7.082295263288685e-05
6568 3.9584588186023764e-05
6570 0.00020298083458234552
6586 5.24803957997587e-05
6588 6.576478670658657e-05
6589 5.9343481706634316e-05
6602 0.0001300045474523503
6614 8.484211069037113e-05
6638 9.282164663063054e-05
6659 0.0002462203859023654
6660 0.00026261715830791277
6675 5.7716484755306535e-05
6678 0.00012230970742046953
6679 9.527405980765772e-05
6680 9.558947467904783e-05
6682 6.698096388147314e-05
6706 7.910237522724487e-05
6712 6.025437603138515e-05
6748 0.00012016732165868515
6760 1.9892587507080337e-05
6833 2.7093186202753706e-05
6836 0.00013614669170503938
6905 2.9805618738211806e-05
6908 8.935997200289977e-05
6919 7.3968006896828e-05
6920 9.403242760948e-05
6931 0.0001196461249524729
6960 3.259102983841739e-05
6972 6.133906307779394e-05
6978 0.00013687950893562258
6992 4.787143878550288e-05
6998 0.00016251677649793962
6999 6.309390310328486e-05
7067 3.508605365233e-05
7073 5.516600244482883e-05
7139 6.196989942762013e-05
7165 6.628229345501092e-05
7174 7.256700694753944e-05
7177 0.00015447220461114937
7178 3.714017269315804e-05
7215 0.00015139340654708521
7285 0.0002462203859023654
7317 0.00026261715830791277
7321 3.8200641252257444e-05
7373 7.27647006365303e-05
7374 0.00010498321344481378
7392 5.274239335290522e-05
7431 0.00019756065060853997
7482 2.5340342303404983e-05
7483 2.8590308184836374e-05
7491 0.0001147195668623605
7502 9.68719546813797e-05
7503 3.173002815645075e-05
7520 9.558947467904783e-05
7523 8.935997200289977e-05
7547 0.00016508218077975113
7620 0.0001027336712532598
7627 7.887728740211037e-05
7631 0.0002462203859023654
7637 0.00018418695135817993
7650 0.00017215710736717137
7651 0.00011566583790554528
7652 0.00016251677649793962
7660 0.00011913044365880717
7694 6.804811807694473e-05
7704 0.00014576429866269
7715 0.00014071861357331354
7727 0.00015342417653056774
7728 0.0001664173719040451
7760 0.00017695423263882194
7799 9.403242760948e-05
7816 0.00014071861357331354
7818 2.996997446737178e-05
7850 0.000126899584862824
7858 4.509923582401553e-05
7866 5.91933076971794e-05
7890 9.233159952796689e-06
7891 6.932340577943291e-05
7893 5.131853189681648e-05
7904 6.056183085252843e-05
7938 4.907474504580058e-05
7943 7.64676023536449e-05
7995 9.134928606937549e-05
8009 2.7093186202753706e-05
8010 3.97855428110104e-05
8016 3.6571316885345003e-05
8041 0.00018418695135817993
8042 6.663037655997976e-05
8043 0.00020908021320920737
8047 9.312153328472917e-05
8099 0.00015447220461114937
8100 0.00019041645403432799
8109 8.285279662389543e-05
8116 0.00015447220461114937
8128 0.00013332088986277624
8134 0.00012176521653240713
8136 0.00016920278300425065
8144 1.8182537399726556e-05
8161 0.00020908021320920737
8184 0.00022883910672981793
8186 9.252359415714085e-05
8204 5.1064059112276297e-05
8234 4.8109734749355606e-05
8429 0.00016128300357362823
8437 8.433711728522342e-05
8468 0.00016508218077975113
8487 0.00012571095453322076
8513 4.3335009582674306e-05
8526 0.00010939812948263226
8533 0.00013687950893562258
8534 0.0001753021616311125
8550 0.00013542473142615584
8582 0.00010774605847492284
8583 0.00015890538922556517
8600 8.383730339089555e-05
8613 0.00022419450561242282
8614 0.00030726931367955075
8633 5.949411993323993e-05
8638 6.491430390704548e-05
8678 4.409901177660094e-05
8687 0.00013837905578907654
8688 0.00019506105515172307
8695 4.476354154013861e-05
8696 4.787143878550288e-05
8722 7.217400943451535e-05
8723 0.00010498321344481378
8813 4.431951634967444e-05
8822 0.00016378259903044513
8847 0.00016007969731333051
8866 3.8493910507496085e-05
