357
15 6.0101372993599195e-05
21 0.00017695423263882194
32 0.00015775871449691997
42 0.0002875104201589402
43 0.00030726931367955075
44 0.00010575674440844711
52 9.785646144837983e-05
68 3.241760820520544e-05
69 0.00010460100421098168
158 1.722259642893919e-05
160 3.6009024944890365e-05
208 0.00013614669170503938
209 0.00013687950893562258
238 0.00012176521653240713
276 4.8109734749355606e-05
277 5.502814824397996e-05
311 0.00012016732165868515
315 0.00030726931367955075
328 5.502814824397996e-05
375 8.334256383691721e-05
430 2.1595466130645556e-05
436 6.181142310095298e-05
463 2.104404381130732e-05
504 0.00017695423263882194
509 1.4811799641107606e-05
535 8.236790279729728e-05
564 0.00021244233432427055
671 0.00014576429866269
672 0.00015775871449691997
807 0.0001347133110905388
811 0.00026261715830791277
913 0.00015139340654708521
956 0.0001523982138465608
1083 7.178415593526694e-05
1096 6.950834500520415e-05
1140 3.8493910507496085e-05
1145 9.920086195142229e-05
1183 0.00010310145735752775
1185 0.0002059351589452662
1193 0.00015447220461114937
1216 4.5550455969092306e-05
1234 2.8271279696782107e-05
1254 8.96392359620217e-05
1279 0.00019041645403432799
1306 4.5550455969092306e-05
1310 8.285279662389543e-05
1332 0.00018418695135817993
1365 6.733409171295719e-05
1367 0.0001275049519955334
1391 6.491430390704548e-05
1497 6.663037655997976e-05
1583 8.88061998220748e-05
1587 9.954283828468142e-05
1589 0.00015890538922556517
1610 9.590694438493474e-05
1611 0.0001786642827461757
1619 0.00019506105515172307
1620 0.00022883910672981793
1621 0.00011198624708459517
1622 0.00011333374567896404
1671 7.64676023536449e-05
1706 3.382257549850835e-05
1713 4.787143878550288e-05
1759 0.0001391464957049546
1765 0.00016920278300425065
1805 0.0002462203859023654
1806 0.0002537323685808453
1848 6.508321716976057e-05
1881 8.408656954820681e-05
1882 9.496067334174995e-05
1922 7.334292682143156e-06
1942 0.0001376235146469122
1981 9.920086195142229e-05
2076 7.66818067754729e-05
2126 0.0001300045474523503
2137 0.00015342417653056774
2138 0.00017370426675739054
2144 0.0001263016457352357
2146 0.0001347133110905388
2167 8.744869066327002e-05
2170 0.00020019542348213994
2180 0.00022883910672981793
2256 0.00015554326811050196
2259 0.00016378259903044513
2321 8.691610145495967e-05
2341 8.744869066327002e-05
2371 8.858094887998e-06
2384 3.364472337590274e-05
2391 2.4157123570420575e-05
2398 0.0001027336712532598
2404 0.00012341728754011654
2405 0.0001677901789526326
2434 0.00010536844412685977
2445 0.00018825025618924418
2452 0.00023971321052336105
2462 0.00011712061541501202
2479 0.00013542473142615584
2493 2.5565430128539482e-05
2559 7.604199766141655e-05
2563 2.4450245822639586e-05
2564 4.692973938522239e-05
2582 7.458098891001271e-05
2586 9.502842032885344e-06
2587 0.00014944388948364012
2593 0.00016920278300425065
2607 3.3290954653437934e-05
2612 8.001326955199571e-05
2617 0.00022883910672981793
2673 0.00014849761844045535
2674 0.00023971321052336105
2699 0.00013065000625947455
2702 0.00021244233432427055
2718 8.88061998220748e-05
2776 9.222735356398462e-05
2783 8.718166847460814e-05
2785 0.00010856509334268535
2825 0.00011614595437539213
2827 0.0001196461249524729
2856 0.0002875104201589402
2890 0.0001415241100530177
2976 5.461691012835996e-05
2977 0.00015890538922556517
3069 0.00013196715204843822
3070 0.0001399262151792957
3149 7.541048004377448e-05
3150 7.604199766141655e-05
3226 8.164949036359771e-05
3228 4.566391685271689e-05
3229 4.669713069773751e-05
3230 4.692973938522239e-05
3372 6.542281037332744e-05
3383 0.00010815385522706535
3395 7.541048004377448e-05
3409 8.458895984833521e-05
3413 8.001326955199571e-05
3414 9.852402568908913e-05
3465 5.7716484755306535e-05
3519 8.586807337437805e-05
3540 0.00013542473142615584
3542 0.0001431761810607271
3572 5.234992335902794e-05
3576 5.3536945098705395e-05
3586 6.228840662358072e-05
3639 0.00016920278300425065
3647 8.094151528426567e-05
3657 4.716346370617082e-05
3719 2.489326185102742e-05
3723 6.859058854884968e-05
3724 5.7716484755306535e-05
3832 3.3290954653437934e-05
3843 0.0002462203859023654
3867 0.00019756065060853997
3875 3.285232498188492e-05
3928 0.00014944388948364012
3969 6.0101372993599195e-05
3970 6.663037655997976e-05
3986 0.0001504088997800851
4005 9.222735356398462e-05
4056 0.00013401212737453773
4094 0.00010694056199521868
4213 0.00019506105515172307
4247 4.846937791309118e-05
4290 5.656642719180506e-05
4292 0.00011110817958998604
4296 9.527405980765772e-05
4351 0.00020019542348213994
4375 7.541048004377448e-05
4402 6.950834500520415e-05
4406 6.508321716976057e-05
4407 0.0002199543170027505
4432 6.4078409870285e-05
4467 5.5861184383926875e-05
4470 0.00015890538922556517
4492 6.969398876306011e-05
4493 0.00017695423263882194
4495 3.207260550754382e-05
4533 5.685140711216779e-05
4541 0.0001376235146469122
4546 7.625433537211054e-05
4567 6.341986704442123e-05
4637 0.00021244233432427055
4650 0.0001786642827461757
4676 1.811794967986411e-05
4759 5.0810908270240366e-05
4797 9.988723143186235e-05
4834 1.7286007534181456e-05
4835 0.0001440237055098346
4839 3.088397517794058e-05
4846 4.681329625334851e-05
4853 8.535239208071232e-05
5011 0.00010310145735752775
5012 0.00010774605847492284
5024 6.025437603138515e-05
5038 0.00016251677649793962
5043 0.00010422176939821458
5055 0.00013065000625947455
5056 0.00013614669170503938
5222 2.3001954162320978e-05
5228 4.931901336427842e-05
5233 0.0001431761810607271
5236 0.00010200632301179658
5242 6.786862826996617e-05
5366 0.00013542473142615584
5395 3.215862746722012e-05
5411 8.164949036359771e-05
5427 3.490353872923123e-05
5443 0.00011712061541501202
5447 0.00016251677649793962
5448 9.954283828468142e-05
5449 0.00016128300357362823
5455 8.908229930004346e-05
5457 0.0001423431449207802
5458 0.00017695423263882194
5469 1.1433598200043818e-05
5506 0.00019268344080366
5588 6.913916575845257e-05
5616 0.00013687950893562258
5622 6.733409171295719e-05
5636 0.00010310145735752775
5641 0.00023397347506023475
5642 9.852402568908913e-05
5676 9.312153328472917e-05
5687 2.724862948448243e-05
5702 3.9886331735258645e-05
5724 0.00022883910672981793
5734 0.0001391464957049546
5735 0.0001504088997800851
5752 0.0002875104201589402
5770 0.00013263932032595027
5822 9.134928606937549e-05
5834 6.804811807694473e-05
5854 7.178415593526694e-05
5862 6.610917985376751e-05
5863 0.00021244233432427055
5865 0.0001196461249524729
5868 7.256700694753944e-05
5888 8.358930576913648e-05
5891 0.00010310145735752775
5894 1.5848029138067838e-05
5896 1.6219082409210568e-05
5912 0.00010498321344481378
5962 0.0002462203859023654
5984 3.088397517794058e-05
6022 2.0770655001689466e-05
6033 0.00011519040557349246
6035 9.818910047034337e-05
6036 0.00017370426675739054
6040 0.00014488623116808087
6041 0.0001475693727081854
6159 7.101368253390731e-05
6160 7.955569410086921e-05
6211 7.356359438910525e-05
6242 3.105201474962982e-05
6249 0.00010897983139923425
6309 0.0001147195668623605
6356 6.733409171295719e-05
6408 4.3989132524856074e-05
6409 0.00010575674440844711
6410 0.00016007969731333051
6441 0.00020019542348213994
6467 4.669713069773751e-05
6468 4.669713069773751e-05
6475 8.691610145495967e-05
6490 2.724862948448243e-05
6493 0.0001251273376474703
6506 8.88061998220748e-05
6566 7.082295263288685e-05
6568 3.9584588186023764e-05
6569 4.981125419104163e-05
6586 5.24803957997587e-05
6588 6.576478670658657e-05
6619 5.7716484755306535e-05
6638 9.282164663063054e-05
6661 5.889434094657216e-05
6689 7.376538112671329e-05
6702 0.0001440237055098346
6706 7.910237522724487e-05
6760 1.9892587507080337e-05
6833 2.7093186202753706e-05
6836 0.00013614669170503938
6905 2.9805618738211806e-05
6931 0.0001196461249524729
6944 0.00014665847838343454
6960 3.259102983841739e-05
6972 6.133906307779394e-05
6999 6.309390310328486e-05
7001 0.00015775871449691997
7028 0.0002462203859023654
7067 3.508605365233e-05
7073 5.516600244482883e-05
7080 0.0001263016457352357
7101 0.00011862016226846598
7139 6.196989942762013e-05
7178 3.714017269315804e-05
7181 0.0001263016457352357
7310 0.0001347133110905388
7321 3.8200641252257444e-05
7335 0.000126899584862824
7365 0.00020019542348213994
7369 9.372690041743856e-05
7392 5.274239335290522e-05
7414 0.00010460100421098168
7444 9.886126874785542e-05
7447 0.00012176521653240713
7482 2.5340342303404983e-05
7483 2.8590308184836374e-05
7491 0.0001147195668623605
7496 0.00018227567001855016
7503 3.173002815645075e-05
7568 0.00020019542348213994
7651 0.00011566583790554528
7652 0.00016251677649793962
7656 0.00016508218077975113
7657 0.00020298083458234552
7664 0.0001196461249524729
7727 0.00015342417653056774
7728 0.0001664173719040451
7775 0.00010536844412685977
7808 4.7398314413738584e-05
7814 0.0001275049519955334
7816 0.00014071861357331354
7866 5.91933076971794e-05
7877 8.853165584237468e-05
7890 9.233159952796689e-06
7894 6.374802604546662e-05
7897 0.00013542473142615584
7898 0.00017695423263882194
7922 0.00010774605847492284
7938 4.907474504580058e-05
7942 9.134928606937549e-05
8016 3.6571316885345003e-05
8031 5.5721352358276173e-05
8032 6.056183085252843e-05
8042 6.663037655997976e-05
8077 0.0001300045474523503
8109 8.285279662389543e-05
8110 0.00019756065060853997
8123 0.00020908021320920737
8139 0.00023971321052336105
8144 1.8182537399726556e-05
8458 0.00022419450561242282
8503 7.256700694753944e-05
8513 4.3335009582674306e-05
8520 5.874554257904601e-05
8521 6.610917985376751e-05
8533 0.00013687950893562258
8534 0.0001753021616311125
8568 0.00022883910672981793
8582 0.00010774605847492284
8695 4.476354154013861e-05
8696 4.787143878550288e-05
8698 0.00022883910672981793
8733 0.00018825025618924418
8738 8.853165584237468e-05
8801 0.00015890538922556517
8802 0.00016007969731333051
8866 3.8493910507496085e-05
