43
209 0.02301641855913714
297 0.027540198538855223
373 0.033220009777798265
377 0.02003189648843942
1193 0.01727476373979342
1577 0.01825532286547192
1581 0.03201870638403643
1586 0.03347644433181437
1941 0.02314152382138267
1956 0.014932846279515669
1959 0.01969394197318089
2784 0.03651064573094384
3069 0.07058617526478585
3394 0.012680343361322984
3843 0.041402190172865665
3931 0.027983238083185848
3939 0.03097120963215282
4056 0.02253426564456378
4057 0.027983238083185848
4435 0.02196892180725353
4468 0.009393110853387853
4677 0.003046550331074508
4830 0.014097321656974738
5003 0.024660761497229594
5467 0.02597464693385968
5595 0.02821407688350682
5735 0.07019284356920125
5736 0.050582796786419554
5892 0.017336607320194097
5985 0.010386339123992694
6476 0.014615024455973596
6494 0.06312083961024087
6834 0.0045557448196026605
6973 0.01031422132357169
7334 0.045987813732984426
7371 0.033220009777798265
7470 0.013263290289200142
7651 0.028948380016155306
8042 0.03097120963215282
8271 0.03698552590808514
8469 0.027758724436021547
8698 0.02314152382138267
8747 0.019861177073771552
