179
29 0.008377372050875659
45 0.006176820542875884
53 0.004022479427792615
70 0.004561123661124865
93 0.004330603003639493
145 0.0022817152759494366
158 0.0006791494662597614
209 0.005397655679797648
238 0.004801644290870851
397 0.005368758037501375
411 0.011337579046267587
493 0.005126551003961708
496 0.0060913995021883325
498 0.006312523285205316
549 0.0026763062616899933
556 0.010784752778089268
575 0.003480358797328513
639 0.005076635028697596
726 0.0025268441980707073
805 0.00902395627954043
956 0.006009614521241371
979 0.005580809153949087
982 0.011337579046267587
1129 0.006834003458169233
1146 0.021569505556178536
1164 0.0033257185364863324
1227 0.008120770515576161
1309 0.003267186387221929
1349 0.0025138159651203473
1358 0.006672279655459654
1367 0.012116743909345824
1476 0.0064585421352182605
1516 0.0035908292679755027
1530 0.00656244078941969
1568 0.00782369983815111
1586 0.003925335286695047
1635 0.006176820542875884
1694 0.005748015175583598
1712 0.0018877445241433702
1758 0.0054870511934626345
1778 0.004469160803057201
1956 0.003501950676169604
2025 0.003365754505412868
2042 0.015383930296567752
2084 0.004523808760519278
2092 0.004657709667742886
2224 0.008120770515576161
2320 0.003427417239675224
2332 0.00626621605654087
2397 0.004051161408004652
2398 0.010008222126526438
2405 0.008120770515576161
2438 0.006509878634739151
2439 0.005027982885770768
2491 0.006729646811054202
2555 0.007691965148283876
2558 0.0029986118723829393
2568 0.009452761646832715
2586 0.005893114792381419
2661 0.007263159780991591
2717 0.003501950676169604
2719 0.00851978215428894
2727 0.004313965176766454
2784 0.004281115539247839
2893 0.0051777982276334554
2928 0.004934224925284316
2939 0.003119293663828346
2962 0.003355667043931016
2977 0.009226423051932796
3009 0.009709363182132214
3030 0.006854834479350448
3069 0.04414238689125251
3090 0.012116743909345824
3229 0.009253049500024379
3256 0.005931168649735036
3276 0.006788779384319607
3302 0.003966368667796647
3374 0.004036766906244821
3506 0.003602233794027762
3541 0.005645956308023009
3643 0.00691280028520564
3828 0.00691280028520564
3835 0.004657709667742886
3926 0.004381398657105998
3943 0.0030323260178262666
3969 0.002370015204066177
3970 0.002627477503993538
3971 0.008120770515576161
4056 0.0052845844210702665
4140 0.00867359678375448
4414 0.007045380919619105
4458 0.003966368667796647
4504 0.0030753179004027716
4534 0.0022418572574497315
4545 0.010784752778089268
4567 0.0038200126554002473
4660 0.0026069248267998942
4799 0.012116743909345824
4809 0.004911483156910815
4835 0.0006816499962151555
4924 0.006458265059736622
4993 0.006977947439279562
5030 0.025250093140821266
5032 0.002726408164775793
5132 0.008004270786716209
5163 0.006625017403344205
5223 0.005442303066228439
5317 0.0064585421352182605
5355 0.010355947410796984
5379 0.004080277980178641
5380 0.0010022157634216
5438 0.005152003786656802
5439 0.01382560057041128
5441 0.003386089689878129
5482 0.0051866883108769865
5536 0.005893114792381419
5537 0.007263159780991591
5595 0.006616575552326821
5623 0.0026552275457782056
5670 0.005126551003961708
5703 0.0015728627806399337
5735 0.03840935835423844
5736 0.011862337299470073
5847 0.010005587915011032
5857 0.00851978215428894
5869 0.002861580380161378
5871 0.00626621605654087
5892 0.004065664548541094
5910 0.002627477503993538
5934 0.007790533266474815
5939 0.002334206894678154
5985 0.00487146879266914
6039 0.0045991775184784835
6051 0.005645956308023009
6082 0.007508811674132437
6095 0.0046380001924054975
6133 0.006509789358890009
6266 0.005027982885770768
6303 0.003355667043931016
6329 0.003911849919075555
6373 0.006009614521241371
6430 0.00229325679412434
6470 0.007045380919619105
6494 0.004934224925284316
6513 0.011291912616046017
6517 0.0038719524928836286
6524 0.008004270786716209
6761 0.0007844369020491148
6852 0.005027982885770768
6969 0.010153270057395192
6979 0.005397655679797648
7023 0.009452761646832715
7112 0.010784752778089268
7290 0.005340288524203101
7320 0.009226423051932796
7441 0.012116743909345824
7447 0.01226727084425481
7481 0.007297082045384418
7484 0.0011274195864746095
7675 0.007423390633444885
7695 0.00268338419602536
7716 0.005549045505156505
7832 0.00596999132366205
7996 0.003602233794027762
8011 0.0015688883076624986
8177 0.008120770515576161
8350 0.0019400054136698623
8369 0.010784752778089268
8469 0.006509789358890009
8531 0.004523808760519278
8534 0.005397655679797648
8572 0.0037446438974410422
8584 0.00626621605654087
8664 0.006310427064136157
8695 0.003501950676169604
8697 0.0018877445241433702
8705 0.00596999132366205
8778 0.009709363182132214
8880 0.004718080821134683
