159
16 0.010587987043208574
44 0.003894645066810251
96 0.005939479867141218
109 0.0043871508838317745
145 0.002130858067622201
320 0.006396910848520101
352 0.007183405469058496
377 0.0043871508838317745
378 0.0029297534951526713
443 0.0021579265339924086
458 0.0041240555124707114
626 0.004884634804730862
682 0.004524510111677556
695 0.004242053282937871
707 0.006994128271253517
722 0.017180398664068383
838 0.004277242749559896
1011 0.0157634775827044
1092 0.006031531084955896
1110 0.0036407092028135847
1129 0.003191084259393072
1139 0.0014175939274496078
1216 0.007231911267700001
1256 0.006079390062434471
1284 0.017655571340365234
1373 0.0036532152136821297
1406 0.010071711272099895
1417 0.0023658946232315192
1507 0.0041240555124707114
1648 0.003220424509053977
1653 0.007823496212801236
1712 0.0017629349688281061
1799 0.016694716388279796
1921 0.0002700959354680157
1983 0.003953011358924327
2019 0.004811375437125774
2024 0.004629487714049849
2029 0.022622550558387782
2037 0.007956490772187191
2299 0.004059955652230019
2307 0.011315636874017173
2335 0.011315636874017173
2438 0.004052982290498755
2439 0.00939110853044788
2611 0.0029466043729230815
2635 0.006079390062434471
2708 0.00825628691742939
2724 0.0038803453473494802
2780 0.010702349505625486
2824 0.004277242749559896
3085 0.006782950869851651
3133 0.004524510111677556
3136 0.004190529974840359
3294 0.007372486008565418
3478 0.004586756997776217
3491 0.006396910848520101
3653 0.0024537599830683457
3690 0.012622621736853707
3760 0.003909059644685546
3835 0.004349761921115258
3902 0.0044643501109712545
4108 0.003555525503648627
4125 0.006079390062434471
4268 0.029694372980565098
4383 0.0022646794435614236
4433 0.002359780118859421
4491 0.007275456686873174
4564 0.001741181911008448
4706 0.015546499390479794
4752 0.00799613315595051
4928 0.030158985811944778
4951 0.004207540578951235
5035 0.007183405469058496
5098 0.008616411610482695
5163 0.0020623332412614192
5180 0.005040785882786234
5187 0.005895166373786783
5206 0.016854662141951547
5379 0.003810507535208152
5438 0.004811375437125774
5441 0.012648863965495161
5508 0.007095846381992637
5510 0.0032908102086357137
5619 0.015546499390479794
5643 0.0036282897394262904
5703 0.005875487411977274
5855 0.002643555362376442
5863 0.012172830802825952
5865 0.007823496212801236
5893 0.004313136051977633
5932 0.00540091057583954
5939 0.004359758332208784
5946 0.006455755638249895
5985 0.0022746941056678216
6088 0.0075397464529861945
6203 0.004859881235767278
6228 0.0038803453473494802
6293 0.0032603062680464597
6425 0.008827785670182617
6469 0.003439378750233361
6487 0.009344061441291296
6491 0.0010034701899409397
6496 0.006339934466348063
6517 0.0036159556338500004
6526 0.006516595542467691
6542 0.006231137198900338
6554 0.006079390062434471
6595 0.005984915339461314
6634 0.004349761921115258
6713 0.0022189545421144813
6761 0.0007325733052194213
6834 0.000997745766276616
6935 0.0037565303747154177
6979 0.005040785882786234
6984 0.004884634804730862
7000 0.0023235242332912175
7086 0.006782950869851651
7163 0.005688662345018856
7168 0.004140444715849229
7234 0.006396910848520101
7237 0.0038803453473494802
7238 0.015521381389397921
7257 0.006782950869851651
7306 0.006079390062434471
7325 0.009344061441291296
7385 0.005152985246602824
7409 0.0032008111411843004
7455 0.005503487368091739
7484 0.003158638345577625
7495 0.015752963446303947
7503 0.0035674498352084956
7555 0.003042223395684497
7561 0.005468639568352637
7579 0.016352083735833276
7711 0.005335645008966681
7842 0.00957521096607724
7863 0.006685662791717878
7959 0.010491192406880276
8033 0.002230277010569146
8062 0.020275633797523663
8091 0.0035202206542961742
8145 0.0006695982368031532
8175 0.006079390062434471
8205 0.003761015659575259
8592 0.012994066654755897
8601 0.0030874299496680213
8605 0.005688662345018856
8619 0.007823496212801236
8627 0.004651240771869507
8639 0.002390563125700782
8640 0.0013607303886955407
8747 0.004349761921115258
8764 0.0024092896117648517
8786 0.007583860068265341
8820 0.007887937165293214
8867 0.0014175939274496078
8892 0.0037041294170332317
8893 0.003824259367228514
8913 0.011315636874017173
