207
82 8.334256383691721e-05
122 0.0001523982138465608
124 0.00015447220461114937
130 0.00011862016226846598
138 5.5304247721948624e-05
141 0.00012571095453322076
158 1.722259642893919e-05
160 3.6009024944890365e-05
163 4.4209139343250144e-05
196 8.935997200289977e-05
246 0.0001002340757964429
250 0.00016251677649793962
318 9.719791862251607e-05
338 0.0001391464957049546
378 7.955569410086921e-05
401 0.00010939812948263226
404 0.00011913044365880717
405 0.00011913044365880717
406 0.00015663840245623315
430 2.1595466130645556e-05
436 6.181142310095298e-05
443 5.859719717528758e-05
509 1.4811799641107606e-05
521 6.165346047478709e-05
523 0.0001347133110905388
549 6.786862826996617e-05
692 0.00015342417653056774
706 6.525271795805037e-05
708 9.654815662959692e-05
723 6.212889280683989e-05
726 6.4078409870285e-05
765 7.499396958083494e-05
785 9.134928606937549e-05
858 0.00010815385522706535
872 6.593667904531496e-05
878 0.0001440237055098346
990 0.00010939812948263226
1140 3.8493910507496085e-05
1145 9.920086195142229e-05
1164 8.408656954820681e-05
1165 8.433711728522342e-05
1173 9.077257605451787e-05
1418 6.424444555902466e-05
1469 6.358367031630664e-05
1504 0.0001239806629188251
1545 0.00022419450561242282
1546 0.0002734912621014559
1569 9.920086195142229e-05
1594 0.000126899584862824
1717 0.0001251273376474703
1718 0.00016128300357362823
1901 0.00011243128604527755
1922 7.334292682143156e-06
1961 0.0001523982138465608
2087 0.0001753021616311125
2371 8.858094887998e-06
2373 4.532432364915004e-05
2374 8.586807337437805e-05
2376 0.00023971321052336105
2384 3.364472337590274e-05
2389 8.070779096331723e-05
2391 2.4157123570420575e-05
2466 0.00010939812948263226
2493 2.5565430128539482e-05
2503 0.00015342417653056774
2559 7.604199766141655e-05
2579 0.00013130412920165632
2586 9.502842032885344e-06
2660 0.00015775871449691997
2685 7.754816608258265e-05
2705 0.00016378259903044513
2706 0.00020298083458234552
2708 0.0001300045474523503
2709 0.00022419450561242282
2929 0.0001251273376474703
2930 0.0001523982138465608
2940 7.910237522724487e-05
2955 4.7516165565500014e-05
3050 5.1064059112276297e-05
3067 0.00010093525951244397
3269 0.00010310145735752775
3270 0.0001753021616311125
3576 5.3536945098705395e-05
3719 2.489326185102742e-05
3743 3.233112827567267e-05
3746 1.903006184883404e-05
3884 8.433711728522342e-05
3887 5.5861184383926875e-05
3932 4.895306850942043e-05
3946 0.0002059351589452662
3969 6.0101372993599195e-05
3970 6.663037655997976e-05
4189 4.981125419104163e-05
4195 0.00016251677649793962
4220 4.3879500470736716e-05
4295 0.00012176521653240713
4314 3.1644758795232604e-05
4363 7.025520142447097e-05
4453 3.6854914742017664e-05
4484 0.00012176521653240713
4485 7.159039254876493e-05
4495 3.207260550754382e-05
4533 5.685140711216779e-05
4563 4.728074758348793e-05
4577 3.9085797470059324e-05
4652 4.476354154013861e-05
4670 7.541048004377448e-05
4676 1.811794967986411e-05
4699 3.676019862375966e-05
4723 9.106007793564448e-05
4759 5.0810908270240366e-05
4760 0.0001347133110905388
4834 1.7286007534181456e-05
4911 6.341986704442123e-05
4913 6.457822376461287e-05
4914 6.542281037332744e-05
4923 8.188778632745044e-05
4925 0.00020019542348213994
5024 6.025437603138515e-05
5031 6.913916575845257e-05
5123 0.0001423431449207802
5146 0.0002537323685808453
5264 0.00011425323385392718
5334 9.719791862251607e-05
5335 9.852402568908913e-05
5369 7.562007790453742e-05
5370 0.00011154523568104574
5379 2.541525611908456e-05
5380 3.8298201700263376e-05
5427 3.490353872923123e-05
5455 8.908229930004346e-05
5469 1.1433598200043818e-05
5473 0.0001251273376474703
5481 6.576478670658657e-05
5642 9.852402568908913e-05
5687 2.724862948448243e-05
5694 0.00015775871449691997
5702 3.9886331735258645e-05
5810 5.261121850249547e-05
5858 6.663037655997976e-05
5894 1.5848029138067838e-05
5896 1.6219082409210568e-05
5909 6.663037655997976e-05
5981 0.0001664173719040451
5988 7.044371782011974e-05
6159 7.101368253390731e-05
6160 7.955569410086921e-05
6242 3.105201474962982e-05
6297 9.164022082905678e-05
6377 0.00010694056199521868
6467 4.669713069773751e-05
6468 4.669713069773751e-05
6486 0.0002537323685808453
6568 3.9584588186023764e-05
6619 5.7716484755306535e-05
6653 0.0001423431449207802
6679 9.527405980765772e-05
6680 9.558947467904783e-05
6760 1.9892587507080337e-05
6762 7.139739654402146e-05
6763 7.27647006365303e-05
6767 0.0001786642827461757
6768 0.0002734912621014559
6784 9.68719546813797e-05
6785 0.0001228603508781383
6823 0.00012176521653240713
6833 2.7093186202753706e-05
6960 3.259102983841739e-05
6967 0.00010536844412685977
7067 3.508605365233e-05
7073 5.516600244482883e-05
7178 3.714017269315804e-05
7195 0.00018418695135817993
7232 0.00013401212737453773
7251 7.689695691525318e-05
7344 8.96392359620217e-05
7345 0.00011425323385392718
7373 7.27647006365303e-05
7406 6.698096388147314e-05
7482 2.5340342303404983e-05
7483 2.8590308184836374e-05
7665 0.00010422176939821458
7724 9.920086195142229e-05
7808 4.7398314413738584e-05
7815 0.00016508218077975113
7818 2.996997446737178e-05
7877 8.853165584237468e-05
7890 9.233159952796689e-06
7894 6.374802604546662e-05
7959 0.00026261715830791277
7981 6.950834500520415e-05
7987 7.843020694973282e-05
8054 2.9805618738211806e-05
8234 4.8109734749355606e-05
8349 4.919672615455441e-05
8447 4.100899018649567e-05
8520 5.874554257904601e-05
8521 6.610917985376751e-05
8522 0.0001523982138465608
8523 0.00016007969731333051
8633 5.949411993323993e-05
8638 6.491430390704548e-05
8639 3.69498153124238e-05
8781 8.63892700805903e-05
8871 7.025520142447097e-05
8872 0.00010422176939821458
8897 0.00015342417653056774
