132
24 0.007153571759682909
45 0.007545737528053783
56 0.00989797273739515
134 0.006629733851531252
238 0.00586579248506385
246 0.0048285734243129685
277 0.002650869498109997
384 0.008151001092615578
397 0.006558590899866545
458 0.016184131362452628
500 0.031787560104786686
527 0.006897222300611892
549 0.006538867190723659
656 0.029604152686617903
882 0.007064974915422534
941 0.004682312706831693
961 0.006027755854671651
969 0.005075911211127429
1058 0.007064974915422534
1078 0.012651049269406047
1095 0.0033484236253317804
1109 0.007492981650815101
1172 0.004372784852961423
1223 0.011271197890469254
1383 0.023486748845669807
1418 0.01222304253401348
1478 0.008082951755815469
1507 0.005394710454150876
1520 0.005352411332464625
1564 0.007390898709407675
1624 0.027700463399529456
1721 0.003910506884968754
1724 0.011861167995469624
1847 0.003135252061713007
1896 0.008780760925434157
1909 0.013174887177557703
1984 0.018298151801549742
2255 0.014985963301630201
2406 0.008293319680303952
2416 0.004161627972747139
2465 0.005270033134860641
2501 0.008524411466363142
2556 0.005892022229898511
2580 0.016302002185231156
2717 0.004278058663861246
2724 0.005075911211127429
2738 0.0036529845366702323
2772 0.005331544192933608
2962 0.0040993554158292415
2990 0.011023860103654796
3225 0.00393329869254261
3229 0.004521490134065967
3464 0.002780374660212388
3474 0.006113130271878311
3477 0.003788960138224499
3552 0.008780760925434157
3601 0.008780760925434157
3748 0.007341475036759729
3783 0.009920508846055203
3841 0.007293070481879046
3943 0.0037043550271823582
4136 0.012714500097899258
4203 0.005595095921045917
4248 0.0023349140322241548
4290 0.01059585336826223
4402 0.010233978829718373
4722 0.009778190258366829
4724 0.004386634673310614
4819 0.004359016263697208
5035 0.009396670937903546
5045 0.009690803447805861
5052 0.018515465317065334
5058 0.010800115859556283
5172 0.0036226933068432125
5266 0.012651049269406047
5356 0.00744138533780845
5363 0.008367850947793862
5380 0.0036729853383775392
5381 0.0036898764708405106
5557 0.009644008724718005
5667 0.010233978829718373
5698 0.008692164081173783
5811 0.00760331642098767
5890 0.07332743566007974
5939 0.0028515176118770963
6015 0.004730060883198379
6125 0.009172926693805032
6161 0.003832434301767278
6323 0.011547698011806452
6328 0.0050025446857800025
6381 0.005331544192933608
6406 0.00677883396846146
6410 0.0050946167900977335
6414 0.009240245279551767
6439 0.010407950091185407
6444 0.006142292606401046
6486 0.018564268372348303
6529 0.005738867642633997
6537 0.007225364939507038
6728 0.004149040608862909
6729 0.009179269416279412
6761 0.0038331403213643232
6834 0.003915477980090936
6920 0.0035632587971055735
6932 0.011527419087312848
7092 0.004559537658199478
7252 0.0037043550271823582
7302 0.00531086090724143
7375 0.005057353503892867
7391 0.006293799220456417
7484 0.002754560286954181
7492 0.005526382593931659
7616 0.007711514932196766
7695 0.003278080152982332
7725 0.004778800441681489
7848 0.0075997062897110845
7907 0.00887283302975189
7908 0.009517083882288153
7924 0.014802076343308952
7972 0.009396670937903546
7980 0.008606789663967124
7988 0.007556432479308313
8073 0.006666130514552703
8146 0.012168651532891034
8202 0.009778190258366829
8205 0.00245990753950598
8235 0.011587944759088031
8352 0.006629733851531252
8438 0.00406276967159952
8533 0.0048285734243129685
8695 0.004278058663861246
8782 0.008323255945494278
