284
15 6.0101372993599195e-05
58 3.9886331735258645e-05
68 3.241760820520544e-05
69 0.00010460100421098168
92 0.00010774605847492284
93 0.00010982004923951138
145 5.786216925096193e-05
148 0.00010614816360120087
158 1.722259642893919e-05
208 0.00013614669170503938
209 0.00013687950893562258
278 5.558192042480493e-05
302 0.0002875104201589402
330 6.358367031630664e-05
334 9.252359415714085e-05
365 0.00021605372159664503
430 2.1595466130645556e-05
459 8.798716495431228e-05
480 6.877276232176413e-05
504 0.00017695423263882194
538 0.00020019542348213994
549 6.786862826996617e-05
551 0.0001431761810607271
552 0.0001804365299615294
645 6.341986704442123e-05
659 0.0001263016457352357
688 0.00017695423263882194
796 0.00020019542348213994
994 0.00019041645403432799
1114 0.00023971321052336105
1194 0.0001027336712532598
1226 0.00011110817958998604
1227 0.00014488623116808087
1234 2.8271279696782107e-05
1265 6.576478670658657e-05
1273 0.00017695423263882194
1365 6.733409171295719e-05
1367 0.0001275049519955334
1369 0.00022883910672981793
1391 6.491430390704548e-05
1418 6.424444555902466e-05
1610 9.590694438493474e-05
1693 0.0001281179340087181
1706 3.382257549850835e-05
1713 4.787143878550288e-05
1819 0.00014488623116808087
1820 0.0002537323685808453
1915 0.0002462203859023654
1922 7.334292682143156e-06
1942 0.0001376235146469122
1947 0.00021244233432427055
1957 8.88061998220748e-05
1987 0.00012571095453322076
1993 0.00014576429866269
1994 0.0001504088997800851
2124 0.00011663084820199027
2137 0.00015342417653056774
2138 0.00017370426675739054
2371 8.858094887998e-06
2384 3.364472337590274e-05
2385 0.00011712061541501202
2386 0.0002199543170027505
2398 0.0001027336712532598
2417 8.63892700805903e-05
2439 5.502814824397996e-05
2465 0.00022883910672981793
2466 0.00010939812948263226
2493 2.5565430128539482e-05
2534 0.0002537323685808453
2559 7.604199766141655e-05
2560 0.0002199543170027505
2563 2.4450245822639586e-05
2582 7.458098891001271e-05
2586 9.502842032885344e-06
2590 8.771718405598661e-05
2690 0.00016251677649793962
2705 0.00016378259903044513
2714 8.691610145495967e-05
2739 7.583058115843726e-05
2740 0.00019268344080366
2783 8.718166847460814e-05
2785 0.00010856509334268535
2797 0.00010347204034115494
2840 0.00014944388948364012
2894 0.00013130412920165632
2940 7.910237522724487e-05
2982 7.197869283035229e-05
3050 5.1064059112276297e-05
3051 7.910237522724487e-05
3052 0.00011379132113009053
3070 0.0001399262151792957
3149 7.541048004377448e-05
3150 7.604199766141655e-05
3212 7.356359438910525e-05
3213 0.0001300045474523503
3226 8.164949036359771e-05
3228 4.566391685271689e-05
3229 4.669713069773751e-05
3230 4.692973938522239e-05
3257 0.0001504088997800851
3263 0.0002734912621014559
3329 0.0002734912621014559
3478 7.865323446718271e-05
3479 0.0001245506276326127
3572 5.234992335902794e-05
3576 5.3536945098705395e-05
3642 0.00013542473142615584
3647 8.094151528426567e-05
3649 0.0001347133110905388
3719 2.489326185102742e-05
3727 6.424444555902466e-05
3743 3.233112827567267e-05
3746 1.903006184883404e-05
3762 0.00017695423263882194
3832 3.3290954653437934e-05
3834 0.00021244233432427055
3875 3.285232498188492e-05
3887 5.5861184383926875e-05
3931 0.0001664173719040451
3996 7.417147870601431e-05
3999 0.00018825025618924418
4056 0.00013401212737453773
4057 0.0001664173719040451
4058 0.0002462203859023654
4094 0.00010694056199521868
4189 4.981125419104163e-05
4247 4.846937791309118e-05
4250 8.612797493712278e-05
4285 0.00030726931367955075
4314 3.1644758795232604e-05
4315 7.256700694753944e-05
4329 3.676019862375966e-05
4362 0.0002734912621014559
4381 4.3226837668107787e-05
4382 6.14960082295629e-05
4398 6.325661252824365e-05
4402 6.950834500520415e-05
4423 0.0001128804268053397
4432 6.4078409870285e-05
4442 0.00017695423263882194
4470 0.00015890538922556517
4484 0.00012176521653240713
4495 3.207260550754382e-05
4511 0.00019041645403432799
4533 5.685140711216779e-05
4539 0.00023397347506023475
4541 0.0001376235146469122
4563 4.728074758348793e-05
4577 3.9085797470059324e-05
4652 4.476354154013861e-05
4654 0.0001523982138465608
4659 6.610917985376751e-05
4808 0.0001245506276326127
4818 9.048676041112919e-05
4834 1.7286007534181456e-05
4894 0.00014849761844045535
4933 2.564069103539461e-05
4942 6.804811807694473e-05
4992 0.00017695423263882194
5043 0.00010422176939821458
5065 0.0001287387249198448
5072 0.00016508218077975113
5080 0.00010575674440844711
5168 0.00014488623116808087
5194 0.00011712061541501202
5197 0.0001391464957049546
5222 2.3001954162320978e-05
5376 0.00021605372159664503
5379 2.541525611908456e-05
5380 3.8298201700263376e-05
5395 3.215862746722012e-05
5427 3.490353872923123e-05
5457 0.0001423431449207802
5458 0.00017695423263882194
5469 1.1433598200043818e-05
5550 4.944160821510571e-05
5588 6.913916575845257e-05
5594 0.0001677901789526326
5612 0.0001415241100530177
5687 2.724862948448243e-05
5691 8.383730339089555e-05
5702 3.9886331735258645e-05
5710 0.00021244233432427055
5734 0.0001391464957049546
5735 0.0001504088997800851
5810 5.261121850249547e-05
5854 7.178415593526694e-05
5868 7.256700694753944e-05
5894 1.5848029138067838e-05
5896 1.6219082409210568e-05
5909 6.663037655997976e-05
5984 3.088397517794058e-05
6000 3.4631041686461846e-05
6005 0.00010897983139923425
6022 2.0770655001689466e-05
6030 0.0001391464957049546
6096 0.00021244233432427055
6159 7.101368253390731e-05
6242 3.105201474962982e-05
6264 4.7398314413738584e-05
6309 0.0001147195668623605
6388 0.0001664173719040451
6429 5.815485137703107e-05
6452 8.63892700805903e-05
6467 4.669713069773751e-05
6468 4.669713069773751e-05
6480 0.00014488623116808087
6490 2.724862948448243e-05
6493 0.0001251273376474703
6506 8.88061998220748e-05
6578 6.025437603138515e-05
6586 5.24803957997587e-05
6588 6.576478670658657e-05
6589 5.9343481706634316e-05
6595 7.66818067754729e-05
6619 5.7716484755306535e-05
6702 0.0001440237055098346
6706 7.910237522724487e-05
6712 6.025437603138515e-05
6760 1.9892587507080337e-05
6815 7.178415593526694e-05
6833 2.7093186202753706e-05
6836 0.00013614669170503938
6905 2.9805618738211806e-05
6919 7.3968006896828e-05
6920 9.403242760948e-05
6929 5.904359505253569e-05
6960 3.259102983841739e-05
6968 0.0001287387249198448
6999 6.309390310328486e-05
7001 0.00015775871449691997
7067 3.508605365233e-05
7073 5.516600244482883e-05
7130 0.00021605372159664503
7139 6.196989942762013e-05
7178 3.714017269315804e-05
7321 3.8200641252257444e-05
7346 8.070779096331723e-05
7349 0.00013614669170503938
7389 0.0001300045474523503
7469 7.887728740211037e-05
7502 9.68719546813797e-05
7554 8.260974660633398e-05
7555 0.0002734912621014559
7671 9.134928606937549e-05
7675 0.00017215710736717137
7784 7.082295263288685e-05
7792 0.000101646679848061
7808 4.7398314413738584e-05
7818 2.996997446737178e-05
7827 0.00015775871449691997
7858 4.509923582401553e-05
7877 8.853165584237468e-05
7886 7.910237522724487e-05
7890 9.233159952796689e-06
7891 6.932340577943291e-05
7938 4.907474504580058e-05
7943 7.64676023536449e-05
7995 9.134928606937549e-05
8000 0.00016378259903044513
8009 2.7093186202753706e-05
8010 3.97855428110104e-05
8016 3.6571316885345003e-05
8024 0.00014488623116808087
8041 0.00018418695135817993
8042 6.663037655997976e-05
8061 7.865323446718271e-05
8144 1.8182537399726556e-05
8158 0.00010939812948263226
8174 0.00016508218077975113
8275 0.00016007969731333051
8278 0.0001804365299615294
8301 0.00014488623116808087
8468 0.00016508218077975113
8513 4.3335009582674306e-05
8633 5.949411993323993e-05
8638 6.491430390704548e-05
8665 0.0002537323685808453
8695 4.476354154013861e-05
8696 4.787143878550288e-05
8697 0.0001376235146469122
8763 6.542281037332744e-05
8766 0.00021244233432427055
8866 3.8493910507496085e-05
