238
15 6.0101372993599195e-05
33 0.00022883910672981793
53 0.00010200632301179658
68 3.241760820520544e-05
69 0.00010460100421098168
77 8.691610145495967e-05
79 0.00013130412920165632
148 0.00010614816360120087
149 0.00015139340654708521
158 1.722259642893919e-05
161 8.88061998220748e-05
276 4.8109734749355606e-05
277 5.502814824397996e-05
323 0.00018825025618924418
325 0.00022419450561242282
412 6.391293797104737e-05
413 7.562007790453742e-05
415 0.0002734912621014559
423 8.63892700805903e-05
430 2.1595466130645556e-05
436 6.181142310095298e-05
463 2.104404381130732e-05
509 1.4811799641107606e-05
511 4.409901177660094e-05
644 0.0002537323685808453
645 6.341986704442123e-05
653 0.00015775871449691997
668 8.63892700805903e-05
799 0.0002537323685808453
963 0.00013614669170503938
965 0.0001391464957049546
1011 8.56095506062492e-05
1183 0.00010310145735752775
1190 0.0002462203859023654
1216 4.5550455969092306e-05
1412 6.804811807694473e-05
1517 9.106007793564448e-05
1519 0.0001376235146469122
1531 0.0001664173719040451
1532 0.00018825025618924418
1706 3.382257549850835e-05
1713 4.787143878550288e-05
1922 7.334292682143156e-06
2044 0.00010536844412685977
2093 0.00011811516886331826
2118 6.715720793434914e-05
2123 0.00011243128604527755
2144 0.0001263016457352357
2146 0.0001347133110905388
2371 8.858094887998e-06
2373 4.532432364915004e-05
2391 2.4157123570420575e-05
2398 0.0001027336712532598
2399 0.000126899584862824
2404 0.00012341728754011654
2405 0.0001677901789526326
2406 0.0002059351589452662
2417 8.63892700805903e-05
2434 0.00010536844412685977
2463 0.00017370426675739054
2468 0.00019506105515172307
2493 2.5565430128539482e-05
2539 0.00023397347506023475
2541 0.00026261715830791277
2563 2.4450245822639586e-05
2564 4.692973938522239e-05
2586 9.502842032885344e-06
2587 0.00014944388948364012
2590 8.771718405598661e-05
2607 3.3290954653437934e-05
2612 8.001326955199571e-05
2664 0.00020019542348213994
2667 8.358930576913648e-05
2689 0.0001300045474523503
2692 0.0001804365299615294
2982 7.197869283035229e-05
2989 0.0001523982138465608
3031 8.691610145495967e-05
3033 0.0001415241100530177
3034 0.00016128300357362823
3097 0.00012230970742046953
3149 7.541048004377448e-05
3150 7.604199766141655e-05
3228 4.566391685271689e-05
3229 4.669713069773751e-05
3230 4.692973938522239e-05
3269 0.00010310145735752775
3270 0.0001753021616311125
3308 0.00012571095453322076
3309 0.00019756065060853997
3507 9.134928606937549e-05
3517 0.0001523982138465608
3576 5.3536945098705395e-05
3627 6.491430390704548e-05
3682 0.0001239806629188251
3746 1.903006184883404e-05
3766 5.131853189681648e-05
3796 0.0001399262151792957
3819 6.424444555902466e-05
3891 8.334256383691721e-05
3894 0.0002537323685808453
4005 9.222735356398462e-05
4098 0.0002734912621014559
4189 4.981125419104163e-05
4220 4.3879500470736716e-05
4345 5.131853189681648e-05
4348 8.212725328354177e-05
4375 7.541048004377448e-05
4444 0.00014665847838343454
4460 0.00011862016226846598
4492 6.969398876306011e-05
4676 1.811794967986411e-05
4699 3.676019862375966e-05
4723 9.106007793564448e-05
4724 0.00016128300357362823
4759 5.0810908270240366e-05
4834 1.7286007534181456e-05
4839 3.088397517794058e-05
4846 4.681329625334851e-05
4851 0.0001399262151792957
4852 0.00015663840245623315
4972 4.681329625334851e-05
5080 0.00010575674440844711
5291 0.00011067500849334801
5292 0.0001347133110905388
5294 9.68719546813797e-05
5408 0.00010774605847492284
5430 6.441104889224853e-05
5469 1.1433598200043818e-05
5481 6.576478670658657e-05
5588 6.913916575845257e-05
5622 6.733409171295719e-05
5631 0.00015663840245623315
5642 9.852402568908913e-05
5687 2.724862948448243e-05
5691 8.383730339089555e-05
5702 3.9886331735258645e-05
5738 9.19329029551259e-05
5744 0.00015890538922556517
5854 7.178415593526694e-05
5862 6.610917985376751e-05
5865 0.0001196461249524729
5925 0.00010734164596720007
5927 0.0001475693727081854
5928 0.0001504088997800851
5982 0.0001376235146469122
5984 3.088397517794058e-05
5988 7.044371782011974e-05
5996 0.0001431761810607271
6000 3.4631041686461846e-05
6006 0.0001664173719040451
6008 0.00018418695135817993
6009 0.00019756065060853997
6014 9.818910047034337e-05
6022 2.0770655001689466e-05
6051 0.0001677901789526326
6082 0.00017370426675739054
6089 0.00026261715830791277
6092 0.00014576429866269
6197 5.5304247721948624e-05
6199 0.0001251273376474703
6328 9.920086195142229e-05
6334 0.00014944388948364012
6408 4.3989132524856074e-05
6409 0.00010575674440844711
6470 0.0001263016457352357
6487 0.00012936752625714268
6490 2.724862948448243e-05
6502 0.0001423431449207802
6516 9.818910047034337e-05
6540 6.040786096929821e-05
6568 3.9584588186023764e-05
6569 4.981125419104163e-05
6586 5.24803957997587e-05
6588 6.576478670658657e-05
6656 0.0002059351589452662
6675 5.7716484755306535e-05
6686 0.00011333374567896404
6687 6.196989942762013e-05
6757 0.0001287387249198448
6760 1.9892587507080337e-05
6905 2.9805618738211806e-05
6919 7.3968006896828e-05
6920 9.403242760948e-05
6960 3.259102983841739e-05
6972 6.133906307779394e-05
6978 0.00013687950893562258
7036 0.00016251677649793962
7067 3.508605365233e-05
7073 5.516600244482883e-05
7087 0.0001376235146469122
7139 6.196989942762013e-05
7178 3.714017269315804e-05
7321 3.8200641252257444e-05
7346 8.070779096331723e-05
7385 0.00017065756051371745
7444 9.886126874785542e-05
7447 0.00012176521653240713
7460 0.0001804365299615294
7482 2.5340342303404983e-05
7483 2.8590308184836374e-05
7503 3.173002815645075e-05
7520 9.558947467904783e-05
7651 0.00011566583790554528
7775 0.00010536844412685977
7792 0.000101646679848061
7799 9.403242760948e-05
7818 2.996997446737178e-05
7866 5.91933076971794e-05
7886 7.910237522724487e-05
7890 9.233159952796689e-06
7927 0.0002462203859023654
8009 2.7093186202753706e-05
8031 5.5721352358276173e-05
8032 6.056183085252843e-05
8054 2.9805618738211806e-05
8069 5.287392225192349e-05
8096 0.00013065000625947455
8144 1.8182537399726556e-05
8247 0.00016378259903044513
8349 4.919672615455441e-05
8397 0.00020908021320920737
8472 0.00016378259903044513
8483 0.0001504088997800851
8485 0.00023397347506023475
8503 7.256700694753944e-05
8513 4.3335009582674306e-05
8535 0.00012341728754011654
8536 0.00014576429866269
8537 0.00015554326811050196
8539 7.955569410086921e-05
8571 9.496067334174995e-05
8589 0.0001677901789526326
8639 3.69498153124238e-05
8670 0.00010654275221462514
8746 0.00011811516886331826
8779 0.0001475693727081854
8866 3.8493910507496085e-05
