40
56 0.01795220545507944
82 0.014563704488521689
405 0.04163492211322704
521 0.010773639995123579
785 0.03192567990001076
858 0.018899356034972673
872 0.023044222888307722
892 0.025787024501477414
909 0.039988512140708574
1431 0.026455255669561244
1468 0.02222186940623234
2684 0.013551161884862283
2738 0.013251022338901821
3604 0.009402107728235775
3884 0.014737497828351199
4221 0.007667727611670698
4296 0.04255574940144362
4830 0.014650157800385512
4943 0.01189107506473983
5032 0.012081730298810376
5381 0.0066924230108381805
5456 0.015566695124744848
5474 0.021865388884593242
5897 0.0028342051457036187
5985 0.005396823270309929
6006 0.019043691322156383
6064 0.03546990583917379
6096 0.030633193420715188
6764 0.012715274746524667
6824 0.04255574940144362
6834 0.009468802958389843
7725 0.034669728694551975
7904 0.014226409780529093
8043 0.011643331684363522
8235 0.016813880630833614
8445 0.010162275205335311
8448 0.007166120010628419
8872 0.012276752060684026
8873 0.0546367299339346
8874 0.023790966989711976
