197
44 0.0030305598269070116
45 0.004488622002218488
52 0.002804169724848749
69 0.0029974409952677455
75 0.006557601669376647
148 0.0030417763151572414
220 0.012605999184106188
277 0.0015768837850493548
320 0.004977660531645866
423 0.00247556647896534
521 0.005300215174449864
668 0.00247556647896534
671 0.004177014243350139
722 0.006684335171550722
726 0.001836227616604437
838 0.0033282724932266706
872 0.0037789561649636456
900 0.005736789755861193
956 0.004367115375564469
1011 0.0024532228778228068
1032 0.007055678711131448
1085 0.012605999184106188
1110 0.0028329634311282555
1216 0.0112548072461955
1225 0.003183910278154198
1253 0.0025686973340628212
1330 0.005736789755861193
1393 0.0041518523863985106
1411 0.003899966741490234
1578 0.004426547548214029
1580 0.0046570723863332405
1644 0.007055678711131448
1712 0.0013718014869980762
1720 0.004009718423401554
1786 0.006087736602887135
1922 0.00880509364473362
1955 0.0032346957031806666
1972 0.007307550689287417
1980 0.0028426947964986346
2019 0.003743899857827772
2024 0.007204733291318735
2025 0.002445853756345042
2084 0.0032873980060365167
2113 0.0046570723863332405
2122 0.006443650297334492
2123 0.003342167585775361
2124 0.005521526766695235
2373 0.0024606310929661
2384 0.00671240465966937
2438 0.0015768837850493548
2503 0.005278051802263986
2635 0.004730586479450617
2639 0.009243434905776043
2700 0.0048903542742709
2763 0.00493332521175637
2850 0.006424506218707113
2939 0.0022667535949363543
3035 0.006087736602887135
3149 0.0021790555728570557
3169 0.005521526766695235
3268 0.002954470057782274
3330 0.0055896595611323345
3366 0.0048903542742709
3413 0.002823299411386374
3481 0.00420263781142498
3583 0.007055678711131448
3627 0.0022159681699098852
3656 0.005406055158191567
3901 0.0029757902471681686
3913 0.00752554377762096
3956 0.007055678711131448
4221 0.002514817416046338
4226 0.006245840883794055
4248 0.00833361599925663
4333 0.0023261857675859147
4334 0.008238883808541719
4364 0.0020132294376041327
4383 0.0035244528960891607
4458 0.002882312922578913
4462 0.0026344245374150545
4468 0.001600755225818509
4504 0.004469593861678626
4534 0.0016291309973750462
4547 0.002185140311370576
4629 0.003314514300367265
4653 0.001282741743426737
4659 0.004776520443180747
4677 0.000519187033913019
4752 0.003111035729485568
4798 0.011449453460074048
4809 0.003569116377690818
4928 0.023467763879391115
4936 0.006798346534640314
5004 0.005223282222525142
5013 0.009262696525355425
5081 0.0030305598269070116
5156 0.004768847647616881
5167 0.007720675424044256
5212 0.0055896595611323345
5362 0.004426547548214029
5381 0.0010974712975972579
5438 0.003743899857827772
5440 0.0022994587262972492
5441 0.0098425243718644
5543 0.006302999592053094
5578 0.010446564445050283
5619 0.012097276053042156
5643 0.002823299411386374
5703 0.008000864691229502
5725 0.006557601669376647
5775 0.004808186735774474
5863 0.0018944212567741996
5866 0.006857146402420826
5869 0.0041589528354757
5871 0.009107169316901843
5912 0.0021430936212412555
5939 0.0016962403800555074
5944 0.007837151536489308
5984 0.006087736602887135
5985 0.0035400384152515295
5990 0.0037626443712063056
5992 0.004768847647616881
5996 0.005521526766695235
6019 0.00820569855699807
6031 0.0039873748222590205
6088 0.0029334704849238893
6107 0.004136429402446308
6148 0.014541883400594813
6161 0.004559487754514125
6178 0.004426547548214029
6270 0.014541883400594813
6307 0.0032740347913382604
6310 0.0032873980060365167
6387 0.003965383103512058
6409 0.0012605503185257791
6430 0.0016664824291707423
6444 0.0036537753446437087
6469 0.0013381505748496355
6473 0.01340946372821101
6491 0.002342505973945731
6492 0.0021790555728570557
6503 0.004078977837729881
6537 0.0021490233340977524
6544 0.006191224330769454
6554 0.014191759438351853
6589 0.009422761722332789
6659 0.008238883808541719
6707 0.0022667535949363543
6761 0.000570040964190032
6857 0.014111357422262896
6899 0.00361929346235505
6919 0.007837151536489308
6920 0.0021196234002074953
6947 0.004553584658450922
6969 0.011067390834266786
6981 0.013043192976351984
6983 0.009862194018109552
6984 0.003800905539372568
7029 0.007055678711131448
7051 0.007270941700297406
7163 0.008853095096428058
7292 0.0048486662448034784
7311 0.003860337712022128
7370 0.0026858332363993965
7433 0.005335057483808782
7561 0.004255340114280829
7573 0.010556103604527972
7579 0.002544825893293667
7603 0.005533358018539986
7764 0.009955321063291733
7923 0.006175131016903616
7944 0.024103768469236387
7978 0.004255340114280829
8011 0.0034202774038430035
8033 0.00520637012756656
8145 0.001042075712581113
8228 0.010670114967617564
8248 0.004693345731702016
8268 0.00880509364473362
8341 0.00752554377762096
8473 0.004693345731702016
8540 0.0022797438772570624
8560 0.009782394732263989
8639 0.009300904765588251
8664 0.0045857122716873675
8679 0.0025273980254216562
8739 0.00507391715027166
8754 0.0030417763151572414
8762 0.009955321063291733
8780 0.004228740352332309
8782 0.00247556647896534
8784 0.005335057483808782
8789 0.006557601669376647
8803 0.004587235570599362
8810 0.01761018728946724
8814 0.0012700177804125356
8867 0.001103079519108698
