491
5 0.0025725831972454563
9 0.002006045616483847
10 0.002886253268771435
32 0.0014115920317234443
33 0.0020476045373254387
45 0.005606270854176505
52 0.0017511983623051425
56 0.0009192394359528628
70 0.0010349537624640757
82 0.004474391138039796
111 0.002749381650112606
122 0.01636352869639217
124 0.006910925138024915
130 0.0010613884398961533
141 0.003374506104819468
145 0.0005177386067917396
149 0.004063909756468745
153 0.0014323597012614472
154 0.0025725831972454563
158 0.00030820839231868684
161 0.00079461933013487
183 0.012036273698903085
223 0.0022703442457755957
224 0.0046996869775905985
225 0.0011574568806167322
238 0.0010895297286514177
243 0.002822755343657001
246 0.0008968735778091356
256 0.001745365585855578
268 0.002745614982410481
270 0.0020476045373254387
277 0.0019695215146600374
346 0.005527994387109074
367 0.005702668926198491
378 0.0007118477367740424
386 0.001084711573147634
401 0.012725331013393416
406 0.00420470314063238
429 0.0017913068414385851
443 0.001048630966317596
446 0.005399995897120736
458 0.0020040591044536388
480 0.0006153643150718492
481 0.002006045616483847
486 0.0034481823783980275
490 0.0013636273913660139
493 0.001163253541059584
521 0.002758311444534651
522 0.0009941727876565819
529 0.001968105294305735
549 0.0006072743123915044
649 0.0016658663428358745
660 0.001501351480748857
668 0.0023189794426452435
682 0.0010993287620742656
693 0.001745365585855578
707 0.0008496882739173448
708 0.0008638927428543852
726 0.0011467204593654213
751 0.0010392497443709784
756 0.0024471426986427455
757 0.0009677381102245042
773 0.0019883455753131637
782 0.0020935457929084455
785 0.00817374334789432
861 0.000654642864294586
862 0.004187091585816891
872 0.009439802147017621
878 0.0025773880793245898
905 0.0023498434887952993
911 0.0015270082121468368
969 0.0018856296667842853
975 0.0012964117391264425
988 0.0011868289384988641
998 0.0018426647957030245
1047 0.0024471426986427455
1058 0.0013122694371015748
1065 0.0013917686801212786
1085 0.001968105294305735
1095 0.0006219461553076097
1129 0.002326031297509408
1144 0.0008876285960954572
1164 0.000754630912897501
1172 0.0008122140540139189
1192 0.001382185027604983
1193 0.0009192394359528628
1221 0.0015986506905963029
1253 0.0008020731635477282
1268 0.000754630912897501
1364 0.0006024913909095125
1370 0.0010306996932439405
1371 0.0013287256782543552
1397 0.007717749591736369
1404 0.002749381650112606
1417 0.0011496917647028668
1468 0.006827200841673793
1487 0.001745365585855578
1499 0.0018450606184142312
1518 0.0036942794052207276
1538 0.0010020295522268194
1539 0.0014323597012614472
1542 0.0014890678899687248
1555 0.002006045616483847
1558 0.0020446281528236927
1601 0.0022703442457755957
1616 0.001745365585855578
1622 0.0014890678899687248
1625 0.001745365585855578
1628 0.001382185027604983
1632 0.0016480663760081319
1633 0.0016658663428358745
1643 0.0022703442457755957
1644 0.002203128593536024
1702 0.0014015677135441262
1712 0.0017133745480176772
1716 0.002239226572518585
1762 0.0018426647957030245
1820 0.002144903747172885
1828 0.004894285397285491
1921 6.5625719260301e-05
1930 0.0006938847953092132
1941 0.001231426468406909
1952 0.0011463725179575257
1955 0.0010100304856317142
1956 0.00158923866026974
1980 0.0008876285960954572
2031 0.002959365264577303
2032 0.0023498434887952993
2041 0.0007501586825498605
2043 0.0018856296667842853
2046 0.0017038066650139866
2058 0.0012591207672343072
2060 0.001501351480748857
2065 0.003685329591406049
2072 0.000978871616414878
2075 0.000686132793155637
2086 0.0031371342659768566
2099 0.001968105294305735
2148 0.0015047781281397972
2155 0.0024471426986427455
2204 0.0022703442457755957
2242 0.0016309646297242159
2255 0.0013917686801212786
2299 0.0009864550881924343
2315 0.0011043121150175889
2326 0.0018162301182709467
2372 0.0012166577480759793
2388 0.0007221564589006858
2403 0.0011043121150175889
2414 0.0011408876829158568
2420 0.001382185027604983
2421 0.0015542695033552855
2451 0.002144903747172885
2492 0.0002287541298248432
2499 0.001382185027604983
2515 0.0019008896420661635
2518 0.002749381650112606
2525 0.0007221564589006858
2558 0.0006804079148178155
2578 0.001174881927153776
2612 0.0013917686801212786
2619 0.0018516924167075758
2620 0.002749381650112606
2639 0.0014431266343857174
2653 0.002385854960757152
2659 0.0014115920317234443
2677 0.0014890678899687248
2681 0.0013728074912052405
2688 0.001163253541059584
2691 0.0016145083885714354
2713 0.0007777071246652616
2724 0.0009428148333921427
2729 0.0020476045373254387
2733 0.001501351480748857
2743 0.000672889821050195
2771 0.012873859220888881
2810 0.0020935457929084455
2819 0.0018426647957030245
2825 0.0019008896420661635
2826 0.00214113707947076
2827 0.0014431266343857174
2829 0.0014826990431971003
2831 0.00107056853973538
2832 0.0012450537848620032
2954 0.0004251647264254378
2975 0.0009774014117749877
2988 0.0013636273913660139
3030 0.0007777071246652616
3136 0.0020363619556453146
3149 0.002041223744453447
3229 0.006298762611462378
3306 0.0067715015766290874
3308 0.0017677314439993052
3320 0.0010523976340197211
3332 0.0014323597012614472
3342 0.0010392497443709784
3374 0.001831946427331987
3394 0.001349514454116703
3413 0.0008815724065674319
3418 0.0010479708078098263
3426 0.0017038066650139866
3464 0.0010328701046973731
3501 0.0015833495193545994
3502 0.0019008896420661635
3506 0.0008173743347894319
3512 0.0032513676901068274
3544 0.0005432766720748359
3546 0.002203128593536024
3549 0.0020935457929084455
3582 0.0010435884730684109
3588 0.002749381650112606
3600 0.002709273170979163
3648 0.001205386574737833
3675 0.0011575536084374048
3681 0.0011093530802535835
3705 0.002144903747172885
3722 0.002749381650112606
3734 0.0020476045373254387
3760 0.0009497916004155642
3786 0.0008999993161867892
3796 0.0012520305518854248
3819 0.0028742294117571673
3871 0.002144903747172885
3884 0.000754630912897501
3898 0.0015685671329884283
3901 0.001858375033874097
3905 0.001968105294305735
3926 0.002982518362969746
3946 0.005527994387109074
3960 0.0023498434887952993
3967 0.0023498434887952993
3970 0.0029809734734063233
3974 0.001812637654658093
3983 0.002144903747172885
3997 0.014464638896853997
4005 0.0008252310993596694
4038 0.0012964117391264425
4043 0.0022703442457755957
4055 0.0017038066650139866
4092 0.005145166394490913
4099 0.0010264867267844946
4108 0.0008638927428543852
4116 0.001968105294305735
4117 0.0024471426986427455
4148 0.0014323597012614472
4198 0.001192927480378576
4203 0.0020784994887419568
4211 0.00428980749434577
4221 0.001963123033108462
4248 0.0004336938714472576
4251 0.0015413102663446548
4284 0.0018426647957030245
4296 0.010895297286514179
4333 0.0014526983408016452
4346 0.00045918750628958676
4349 0.0044091450678489415
4382 0.0007735694323256557
4383 0.0027512671954912876
4433 0.0005733602296827106
4437 0.0020200609712634284
4454 0.0003297700805028729
4468 0.001999336848311471
4485 0.004358118914605671
4504 0.0027912523915302264
4528 0.0015685671329884283
4539 0.004894285397285491
4552 0.0015270082121468368
4567 0.0008667900202012609
4568 0.0005674677260038975
4583 0.004540688491551191
4591 0.00428980749434577
4660 0.0011830622707967391
4677 0.0004863468902016534
4735 0.0023498434887952993
4754 0.0022703442457755957
4819 0.0008096566353252843
4830 0.0007501586825498605
4835 0.0010827010984059999
4844 0.0018162301182709467
4845 0.0009604706313852279
4854 0.0015274307594845544
4880 0.0031371342659768566
4886 0.0009192394359528628
4912 0.00453974180803118
4913 0.005498763300225212
4915 0.001170779289251193
4924 0.0007327148109942151
4943 0.0018266410491016008
4960 0.0025725831972454563
4974 0.00130426850369668
5009 0.005145166394490913
5019 0.0009826468662876761
5032 0.0006186428165053506
5054 0.002203128593536024
5067 0.0014218522377291531
5124 0.003820970203415642
5169 0.0012964117391264425
5172 0.000672889821050195
5181 0.0009826468662876761
5198 0.0024901075697240063
5220 0.003777362301702922
5280 0.0020935457929084455
5295 0.0008667900202012609
5336 0.0008815724065674319
5355 0.0046996869775905985
5371 0.0009980834742866261
5373 0.0025725831972454563
5380 0.0009096416165995244
5381 0.006168317594326757
5396 0.00028774868271874064
5426 0.0017913068414385851
5431 0.0011526732283689133
5463 0.0009533222969244368
5474 0.0011196132862592925
5496 0.002749381650112606
5510 0.0015991487359233788
5535 0.0023498434887952993
5564 0.0014431266343857174
5569 0.0015685671329884283
5606 0.0022703442457755957
5625 0.0012663281815185677
5631 0.0020476045373254387
5643 0.0026447172197022963
5695 0.0028231840634468887
5702 0.001892578526441929
5703 0.00035689456669139055
5721 0.001870806084458289
5727 0.0012182121651358542
5811 0.00047075419607855377
5823 0.0008173743347894319
5855 0.0006423096362400591
5863 0.0011830622707967391
5866 0.00321170561920614
5869 0.0019479432708327455
5908 0.0015986506905963029
5912 0.0013383576630643182
5929 0.0013458274245382713
5939 0.0026482467780987087
5972 0.0023498434887952993
5985 0.001105373440906853
5988 0.00209343929364767
5996 0.0017240911891990137
5997 0.0012811105678847388
6006 0.0029253863175601673
6031 0.0012450537848620032
6033 0.0015404258442331636
6039 0.0010435884730684109
6051 0.0012811105678847388
6052 0.001501351480748857
6057 0.008726827929277892
6086 0.0021227768797923065
6100 0.0018426647957030245
6134 0.0012182121651358542
6161 0.002135543210322128
6223 0.0009258462083537879
6293 0.0023764883038169976
6310 0.0010264867267844946
6329 0.0008876285960954572
6346 0.0011196132862592925
6352 0.006018136849451542
6367 0.0011196132862592925
6378 0.00287064544729334
6405 0.002144903747172885
6410 0.0009462892632209645
6413 0.0022703442457755957
6418 0.0008906885289087155
6423 0.0015542695033552855
6442 0.0035826136828771703
6469 0.002924853214304876
6482 0.0011575536084374048
6496 0.0015404258442331636
6517 0.0017571511313086345
6524 0.0018162301182709467
6537 0.0006710303784180732
6539 0.0024471426986427455
6542 0.001513991166801086
6557 0.0029309849850588893
6589 0.0011768991548777097
6601 0.0011690289716711215
6607 0.0013371927139339363
6685 0.0011196132862592925
6708 0.0014541661768570661
6713 0.000539143573485647
6751 0.0023498434887952993
6754 0.0010613884398961533
6756 0.0014218522377291531
6761 0.0014239577499044172
6763 0.000638848993976224
6764 0.0006510833454545763
6771 0.002749381650112606
6773 0.0022703442457755957
6775 0.029309849850588893
6790 0.002550988358552627
6824 0.005447648643257089
6834 0.002424241721274508
6858 0.0013122694371015748
6907 0.0024471426986427455
6909 0.0007995743679616894
6920 0.0006618502785788465
6930 0.0005283097581407611
6935 0.000912731275784268
6966 0.001192927480378576
6968 0.0028284445001764283
6969 0.0011519272253872053
6976 0.0012886940396622949
6996 0.0007017771127871674
6997 0.0016658663428358745
7002 0.0028231840634468887
7011 0.0013458274245382713
7042 0.0019008896420661635
7074 0.000987227738530752
7081 0.0011301207497915868
7102 0.0010613884398961533
7162 0.0012736567344718804
7178 0.001382185027604983
7182 0.0011301207497915868
7199 0.0020476045373254387
7283 0.0020476045373254387
7313 0.0020935457929084455
7314 0.002144903747172885
7322 0.00102543408084373
7336 0.001135470984234425
7350 0.0024364243302717084
7356 0.0015404258442331636
7370 0.0008386487314459962
7470 0.0007057774953088429
7484 0.0010232804278845853
7521 0.0017106293139350884
7603 0.0017277854857087704
7611 0.0023736578769977283
7615 0.0013122694371015748
7653 0.0014541661768570661
7665 0.00428227415894152
7666 0.0009325546273864339
7669 0.0023498434887952993
7671 0.0022703442457755957
7694 0.00130426850369668
7695 0.0018266410491016008
7725 0.0026628857882863718
7764 0.0015542695033552855
7771 0.002144903747172885
7793 0.000909513263861365
7823 0.002749381650112606
7862 0.0011868289384988641
7863 0.0008122140540139189
7887 0.0014155830683237071
7890 0.0020935457929084455
7904 0.00509922519241856
7932 0.002749381650112606
7944 0.0006842161367225736
7959 0.0016993765478346896
7996 0.002452123004368296
8011 0.0003559927284455067
8090 0.0034481823783980275
8114 0.0022703442457755957
8118 0.0017240911891990137
8129 0.001192927480378576
8145 0.00016269354749634846
8146 0.003390362249374761
8147 0.006142813611976317
8163 0.004771709921514304
8167 0.001231426468406909
8171 0.0020446281528236927
8172 0.0025725831972454563
8180 0.0015542695033552855
8199 0.0024471426986427455
8210 0.0014218522377291531
8235 0.007318089611914028
8270 0.0016309646297242159
8350 0.0008804040632317046
8352 0.001231426468406909
8382 0.002749381650112606
8390 0.0022703442457755957
8445 0.0015610723960003039
8524 0.0014323597012614472
8543 0.002006045616483847
8549 0.001513991166801086
8639 0.0005808396349594269
8640 0.0016530961549413698
8659 0.0023498434887952993
8660 0.0023151072168748096
8664 0.0007159420263527968
8667 0.0020200609712634284
8679 0.0003945887479448469
8697 0.001285030911013258
8719 0.0008413825249555077
8724 0.0037574714787959045
8820 0.0019165469819286726
8867 0.0010333064169964008
8872 0.008800804188080717
8873 0.02144875642988798
