59
56 0.0001027336712532598
77 8.691610145495967e-05
80 0.0001376235146469122
225 4.311890533715833e-05
378 7.955569410086921e-05
463 2.104404381130732e-05
722 0.00011663084820199027
765 7.499396958083494e-05
941 9.719791862251607e-05
1350 6.374802604546662e-05
1706 3.382257549850835e-05
1713 4.787143878550288e-05
1717 0.0001251273376474703
1888 6.071628875522179e-05
1922 7.334292682143156e-06
2026 8.535239208071232e-05
2038 0.00021605372159664503
2319 0.0001228603508781383
2371 8.858094887998e-06
2391 2.4157123570420575e-05
2439 5.502814824397996e-05
2586 9.502842032885344e-06
2708 0.0001300045474523503
3228 4.566391685271689e-05
3229 4.669713069773751e-05
3230 4.692973938522239e-05
4492 6.969398876306011e-05
4513 9.19329029551259e-05
4563 4.728074758348793e-05
4818 9.048676041112919e-05
4926 0.00010236864012694453
4927 0.00010236864012694453
5550 4.944160821510571e-05
5622 6.733409171295719e-05
5934 5.434466680855229e-05
5938 5.91933076971794e-05
5984 3.088397517794058e-05
6106 7.217400943451535e-05
6197 5.5304247721948624e-05
6264 4.7398314413738584e-05
6490 2.724862948448243e-05
6885 5.131853189681648e-05
6898 0.0001263016457352357
6980 0.00011379132113009053
6982 0.0001147195668623605
7236 0.00010536844412685977
7237 0.00010536844412685977
7289 0.00013542473142615584
7290 0.00016508218077975113
7373 7.27647006365303e-05
7374 0.00010498321344481378
8031 5.5721352358276173e-05
8032 6.056183085252843e-05
8144 1.8182537399726556e-05
8385 0.00022419450561242282
8513 4.3335009582674306e-05
8722 7.217400943451535e-05
8890 0.00010058340652177312
8891 0.00010058340652177312
