187
19 0.009094604954657368
37 0.0058843885122282875
52 0.00325409247920881
53 0.0033920908607504886
93 0.003651926413516886
209 0.004551754416545778
270 0.007609754176030363
308 0.008437548017882438
375 0.005542902454586613
386 0.004031241518115835
397 0.004527385509236234
423 0.002872765578202316
550 0.006000187891855037
552 0.006000187891855037
575 0.0029349294335680744
708 0.0032105864622498795
780 0.004527385509236234
849 0.0048472068271712436
956 0.005067809260449813
969 0.0035038939330543813
979 0.004706204734300349
983 0.003440831431046167
990 0.003637896007273204
1011 0.005693673992558903
1073 0.005724866197224743
1253 0.0059616781409965475
1268 0.0028045238404698176
1309 0.0027551646399707314
1328 0.008187746564036867
1380 0.004876941639377495
1405 0.009094604954657368
1423 0.006260023444621433
1520 0.0036947615541267
1586 0.0066203416029334385
1692 0.004260399357782447
1712 0.0015919039643895584
1799 0.0037687699309362967
1903 0.005724866197224743
2019 0.004344600208150885
2025 0.0028382855157586123
2042 0.006486507923552821
2057 0.0077804910811075075
2058 0.004679418970766306
2069 0.005404289224438947
2128 0.008733000428507904
2200 0.005724866197224743
2262 0.005101926347912014
2373 0.0028554338429569296
2376 0.0040855651008431665
2397 0.006832555807530233
2398 0.004219884702602565
2438 0.007319565032094767
2489 0.009094604954657368
2492 0.0017002918903398793
2612 0.00517239405000296
2631 0.016375493128073734
2666 0.0027796563172184487
2727 0.003637896007273204
2789 0.0037993463436798466
2793 0.004104085322975816
2826 0.003978680095434472
2872 0.006124903397403356
3023 0.004479720255368962
3030 0.0028902846871888084
3069 0.046530687674547884
3074 0.005363261671075279
3102 0.004031241518115835
3133 0.0040855651008431665
3229 0.0031211778910529993
3394 0.002507679843843724
3540 0.008733000428507904
3558 0.00956079427035998
3627 0.005143030603298316
3653 0.0022157086414273867
3806 0.012122692322427754
3838 0.004876941639377495
3921 0.006749870141036803
3939 0.024499613589613424
3988 0.006749870141036803
4056 0.004456403280454777
4057 0.005533998576152425
4144 0.004601619944747201
4382 0.0014374536466349873
4383 0.002044971736350241
4403 0.0023114118309193257
4405 0.006486507923552821
4435 0.004344600208150885
4471 0.005284197122306853
4653 0.0014885547843496837
4660 0.0043967538123640005
4700 0.0012224137691602467
4706 0.004679418970766306
4879 0.0023175851785686256
4943 0.002262853836946759
5003 0.004876941639377495
5019 0.003651926413516886
5027 0.017466000857015808
5032 0.002299135243430333
5081 0.03516806366298808
5195 0.0038946974797708475
5223 0.006119206432674762
5229 0.0016400412205315271
5314 0.008187746564036867
5364 0.007064500311559325
5380 0.000845152099004782
5396 0.001069394358163678
5430 0.0077804910811075075
5431 0.002141907715401936
5441 0.0028554338429569296
5463 0.003542944058719176
5475 0.017466000857015808
5578 0.006061346161213877
5595 0.027898247664661594
5643 0.00327629148112374
5670 0.004323136294385619
5675 0.003404139256758692
5703 0.003979108079380131
5735 0.018508560742127693
5807 0.005260898268844822
5833 0.00450337763608172
5863 0.0021983769061820002
5869 0.009652495013678679
5871 0.005284197122306853
5939 0.0059051950544469715
5942 0.005404289224438947
5982 0.005533998576152425
5985 0.0071890518936591225
5988 0.00259336509511577
5999 0.004818007806604242
6088 0.003404139256758692
6089 0.0077804910811075075
6285 0.005626623888559261
6367 0.004160950869829311
6373 0.010135618520899626
6469 0.0031057076774495276
6494 0.008321901739658622
6503 0.004733440699753705
6595 0.005404289224438947
6648 0.010135618520899626
6690 0.0024529741664226445
6707 0.002630449134422411
6761 0.0013230055213664174
6774 0.00450337763608172
6834 0.0009009495352199292
6849 0.004031241518115835
6973 0.0020397527244376853
6979 0.004551754416545778
7022 0.011159299065864638
7163 0.005136777192143892
7189 0.00956079427035998
7252 0.0025571107463758817
7385 0.004653068767454789
7393 0.0017538813789592957
7436 0.0063320576057982495
7447 0.00517239405000296
7484 0.0009507344274002304
7549 0.007184592413691419
7576 0.006848112449702285
7652 0.003846320699306789
7653 0.005404289224438947
7695 0.002262853836946759
7750 0.005404289224438947
7764 0.00577631501993233
7793 0.0033801313836041777
7818 0.006486507923552821
7828 0.005246065908942353
7843 0.009094604954657368
7874 0.007609754176030363
7892 0.006915785734772082
7943 0.006075409234703539
8155 0.006260023444621433
8205 0.0016980705030171877
8296 0.007064500311559325
8356 0.00544638254686316
8469 0.010979196978426434
8475 0.0027961921933343996
8534 0.004551754416545778
8540 0.002645523678458755
8561 0.005724866197224743
8586 0.009522284519501491
8601 0.002787903163506198
8625 0.005579649532932319
8667 0.0037536953868999526
8695 0.011812550042004932
8697 0.0015919039643895584
8751 0.006657244828629966
8867 0.0038401984751060265
