249
60 0.00017215710736717137
92 0.00010774605847492284
93 0.00010982004923951138
116 0.0001523982138465608
145 5.786216925096193e-05
158 1.722259642893919e-05
163 4.4209139343250144e-05
208 0.00013614669170503938
209 0.00013687950893562258
243 6.309390310328486e-05
276 4.8109734749355606e-05
277 5.502814824397996e-05
278 5.558192042480493e-05
281 0.00014665847838343454
397 0.00013614669170503938
412 6.391293797104737e-05
423 8.63892700805903e-05
430 2.1595466130645556e-05
463 2.104404381130732e-05
480 6.877276232176413e-05
488 0.00019506105515172307
493 0.0001300045474523503
509 1.4811799641107606e-05
785 9.134928606937549e-05
1035 0.00015663840245623315
1072 0.00015775871449691997
1073 0.00016920278300425065
1074 0.00017215710736717137
1216 4.5550455969092306e-05
1306 4.5550455969092306e-05
1350 6.374802604546662e-05
1371 0.00011519040557349246
1412 6.804811807694473e-05
1446 0.00023397347506023475
1494 0.00014576429866269
1495 0.00019041645403432799
1559 0.00011425323385392718
1613 0.00019268344080366
1614 0.00021605372159664503
1693 0.0001281179340087181
1699 0.00013130412920165632
1706 3.382257549850835e-05
1707 0.00015554326811050196
1719 0.0001504088997800851
1777 4.871062309639001e-05
1785 0.00010734164596720007
1819 0.00014488623116808087
1820 0.0002537323685808453
1823 0.00030726931367955075
1922 7.334292682143156e-06
1961 0.0001523982138465608
2025 0.00012571095453322076
2026 8.535239208071232e-05
2040 4.7398314413738584e-05
2042 8.383730339089555e-05
2043 0.00019506105515172307
2044 0.00010536844412685977
2333 0.00015890538922556517
2371 8.858094887998e-06
2391 2.4157123570420575e-05
2417 8.63892700805903e-05
2439 5.502814824397996e-05
2440 0.0001275049519955334
2492 0.00017065756051371745
2493 2.5565430128539482e-05
2503 0.00015342417653056774
2550 5.3403616896513294e-05
2563 2.4450245822639586e-05
2564 4.692973938522239e-05
2585 0.00019756065060853997
2586 9.502842032885344e-06
2589 0.0001228603508781383
2590 8.771718405598661e-05
2728 0.00010939812948263226
2744 7.52017798211394e-05
2776 9.222735356398462e-05
2777 0.00019756065060853997
2920 0.0001399262151792957
2955 4.7516165565500014e-05
2976 5.461691012835996e-05
2982 7.197869283035229e-05
2987 0.00014071861357331354
3031 8.691610145495967e-05
3070 0.0001399262151792957
3113 6.165346047478709e-05
3149 7.541048004377448e-05
3150 7.604199766141655e-05
3228 4.566391685271689e-05
3229 4.669713069773751e-05
3230 4.692973938522239e-05
3455 0.00022883910672981793
3465 5.7716484755306535e-05
3517 0.0001523982138465608
3518 0.0002734912621014559
3545 6.071628875522179e-05
3560 0.00015447220461114937
3576 5.3536945098705395e-05
3619 0.00019268344080366
3731 5.3138049876864844e-05
3732 0.00010654275221462514
3733 0.0001128804268053397
3832 3.3290954653437934e-05
3835 0.00011811516886331826
3836 0.00030726931367955075
3882 0.00012016732165868515
3907 0.00018227567001855016
3932 4.895306850942043e-05
3939 0.00018418695135817993
4056 0.00013401212737453773
4058 0.0002462203859023654
4094 0.00010694056199521868
4138 0.00016251677649793962
4139 0.00017215710736717137
4140 0.0002199543170027505
4148 0.00016007969731333051
4290 5.656642719180506e-05
4329 3.676019862375966e-05
4351 0.00020019542348213994
4381 4.3226837668107787e-05
4382 6.14960082295629e-05
4383 0.00016920278300425065
4398 6.325661252824365e-05
4423 0.0001128804268053397
4451 0.00010200632301179658
4470 0.00015890538922556517
4546 7.625433537211054e-05
4577 3.9085797470059324e-05
4619 0.00010856509334268535
4625 0.00017695423263882194
4626 0.0002734912621014559
4839 3.088397517794058e-05
4846 4.681329625334851e-05
4878 6.969398876306011e-05
4933 2.564069103539461e-05
4942 6.804811807694473e-05
5016 8.117636599183342e-05
5043 0.00010422176939821458
5153 0.00021244233432427055
5216 0.00016378259903044513
5217 7.159039254876493e-05
5222 2.3001954162320978e-05
5307 0.00013263932032595027
5379 2.541525611908456e-05
5380 3.8298201700263376e-05
5462 0.00010654275221462514
5469 1.1433598200043818e-05
5524 0.00020298083458234552
5525 0.0002875104201589402
5588 6.913916575845257e-05
5594 0.0001677901789526326
5642 9.852402568908913e-05
5687 2.724862948448243e-05
5691 8.383730339089555e-05
5705 0.00011566583790554528
5710 0.00021244233432427055
5734 0.0001391464957049546
5738 9.19329029551259e-05
5739 0.0001281179340087181
5740 0.00015447220461114937
5858 6.663037655997976e-05
5894 1.5848029138067838e-05
5896 1.6219082409210568e-05
5975 0.00010460100421098168
5984 3.088397517794058e-05
5985 7.52017798211394e-05
5987 7.798719092134497e-05
6000 3.4631041686461846e-05
6012 0.00014665847838343454
6013 0.00016128300357362823
6022 2.0770655001689466e-05
6035 9.818910047034337e-05
6038 0.00011663084820199027
6058 0.00017695423263882194
6099 0.0002059351589452662
6130 0.00019506105515172307
6211 7.356359438910525e-05
6242 3.105201474962982e-05
6264 4.7398314413738584e-05
6372 0.0001523982138465608
6380 0.00011067500849334801
6387 9.558947467904783e-05
6465 0.00015663840245623315
6467 4.669713069773751e-05
6468 4.669713069773751e-05
6490 2.724862948448243e-05
6491 7.604199766141655e-05
6493 0.0001251273376474703
6495 0.00017215710736717137
6502 0.0001423431449207802
6507 6.212889280683989e-05
6568 3.9584588186023764e-05
6569 4.981125419104163e-05
6589 5.9343481706634316e-05
6593 7.754816608258265e-05
6659 0.0002462203859023654
6660 0.00026261715830791277
6704 0.00010694056199521868
6760 1.9892587507080337e-05
6833 2.7093186202753706e-05
6836 0.00013614669170503938
6905 2.9805618738211806e-05
6919 7.3968006896828e-05
6920 9.403242760948e-05
6960 3.259102983841739e-05
6967 0.00010536844412685977
6972 6.133906307779394e-05
6999 6.309390310328486e-05
7067 3.508605365233e-05
7073 5.516600244482883e-05
7139 6.196989942762013e-05
7178 3.714017269315804e-05
7291 0.00016920278300425065
7305 0.00016508218077975113
7341 0.00014071861357331354
7392 5.274239335290522e-05
7406 6.698096388147314e-05
7482 2.5340342303404983e-05
7483 2.8590308184836374e-05
7503 3.173002815645075e-05
7520 9.558947467904783e-05
7523 8.935997200289977e-05
7610 0.00013263932032595027
7664 0.0001196461249524729
7694 6.804811807694473e-05
7795 0.00020019542348213994
7796 0.00023971321052336105
7818 2.996997446737178e-05
7890 9.233159952796689e-06
7893 5.131853189681648e-05
8009 2.7093186202753706e-05
8016 3.6571316885345003e-05
8054 2.9805618738211806e-05
8109 8.285279662389543e-05
8116 0.00015447220461114937
8121 0.0002875104201589402
8233 0.00017215710736717137
8234 4.8109734749355606e-05
8349 4.919672615455441e-05
8378 0.00020019542348213994
8468 0.00016508218077975113
8513 4.3335009582674306e-05
8571 9.496067334174995e-05
8639 3.69498153124238e-05
8642 9.164022082905678e-05
8695 4.476354154013861e-05
8696 4.787143878550288e-05
8722 7.217400943451535e-05
8723 0.00010498321344481378
8866 3.8493910507496085e-05
