164
44 0.00010575674440844711
109 0.00011913044365880717
110 0.0002199543170027505
158 1.722259642893919e-05
163 4.4209139343250144e-05
208 0.00013614669170503938
209 0.00013687950893562258
238 0.00012176521653240713
386 0.00012122674224136485
397 0.00013614669170503938
400 0.00015890538922556517
430 2.1595466130645556e-05
463 2.104404381130732e-05
496 0.00015447220461114937
765 7.499396958083494e-05
785 9.134928606937549e-05
814 0.00014488623116808087
1072 0.00015775871449691997
1073 0.00016920278300425065
1074 0.00017215710736717137
1126 4.895306850942043e-05
1130 8.665197383001834e-05
1140 3.8493910507496085e-05
1145 9.920086195142229e-05
1146 0.0001504088997800851
1147 0.0002734912621014559
1216 4.5550455969092306e-05
1220 0.0001251273376474703
1223 0.00014849761844045535
1306 4.5550455969092306e-05
1310 8.285279662389543e-05
1375 0.0002537323685808453
1583 8.88061998220748e-05
1587 9.954283828468142e-05
1610 9.590694438493474e-05
1638 7.33626397641186e-05
1641 7.583058115843726e-05
1693 0.0001281179340087181
1706 3.382257549850835e-05
1713 4.787143878550288e-05
2032 0.00011024565393173974
2055 0.00030726931367955075
2132 0.00026261715830791277
2371 8.858094887998e-06
2439 5.502814824397996e-05
2523 0.0001504088997800851
2524 0.00016920278300425065
2550 5.3403616896513294e-05
2563 2.4450245822639586e-05
2590 8.771718405598661e-05
2728 0.00010939812948263226
2862 0.00012230970742046953
2958 6.950834500520415e-05
2963 8.509658347491132e-05
2976 5.461691012835996e-05
2977 0.00015890538922556517
3031 8.691610145495967e-05
3070 0.0001399262151792957
3149 7.541048004377448e-05
3150 7.604199766141655e-05
3372 6.542281037332744e-05
3457 0.00030726931367955075
3513 6.056183085252843e-05
3596 8.285279662389543e-05
3719 2.489326185102742e-05
3766 5.131853189681648e-05
3768 0.00026261715830791277
3932 4.895306850942043e-05
3939 0.00018418695135817993
4094 0.00010694056199521868
4296 9.527405980765772e-05
4302 0.00018617626542465564
4308 7.955569410086921e-05
4381 4.3226837668107787e-05
4406 6.508321716976057e-05
4423 0.0001128804268053397
4470 0.00015890538922556517
4495 3.207260550754382e-05
4699 3.676019862375966e-05
4735 0.00021244233432427055
4736 0.00021605372159664503
4839 3.088397517794058e-05
4933 2.564069103539461e-05
4942 6.804811807694473e-05
5024 6.025437603138515e-05
5026 0.00026261715830791277
5031 6.913916575845257e-05
5038 0.00016251677649793962
5043 0.00010422176939821458
5080 0.00010575674440844711
5161 5.502814824397996e-05
5162 5.6001418804450566e-05
5217 7.159039254876493e-05
5222 2.3001954162320978e-05
5228 4.931901336427842e-05
5395 3.215862746722012e-05
5427 3.490353872923123e-05
5449 0.00016128300357362823
5469 1.1433598200043818e-05
5484 0.00012936752625714268
5588 6.913916575845257e-05
5594 0.0001677901789526326
5622 6.733409171295719e-05
5710 0.00021244233432427055
5734 0.0001391464957049546
5735 0.0001504088997800851
5797 5.544288630052885e-05
5854 7.178415593526694e-05
5868 7.256700694753944e-05
5894 1.5848029138067838e-05
5896 1.6219082409210568e-05
5909 6.663037655997976e-05
5975 0.00010460100421098168
5984 3.088397517794058e-05
6000 3.4631041686461846e-05
6005 0.00010897983139923425
6012 0.00014665847838343454
6013 0.00016128300357362823
6022 2.0770655001689466e-05
6035 9.818910047034337e-05
6038 0.00011663084820199027
6242 3.105201474962982e-05
6399 8.212725328354177e-05
6467 4.669713069773751e-05
6468 4.669713069773751e-05
6490 2.724862948448243e-05
6524 0.00022419450561242282
6536 7.499396958083494e-05
6589 5.9343481706634316e-05
6593 7.754816608258265e-05
6653 0.0001423431449207802
6706 7.910237522724487e-05
6712 6.025437603138515e-05
6760 1.9892587507080337e-05
6833 2.7093186202753706e-05
6851 0.0001275049519955334
6905 2.9805618738211806e-05
6919 7.3968006896828e-05
6920 9.403242760948e-05
6944 0.00014665847838343454
6945 0.00020019542348213994
7178 3.714017269315804e-05
7384 0.0001399262151792957
7671 9.134928606937549e-05
7760 0.00017695423263882194
7818 2.996997446737178e-05
7890 9.233159952796689e-06
8009 2.7093186202753706e-05
8010 3.97855428110104e-05
8016 3.6571316885345003e-05
8041 0.00018418695135817993
8042 6.663037655997976e-05
8109 8.285279662389543e-05
8120 0.00021605372159664503
8144 1.8182537399726556e-05
8204 5.1064059112276297e-05
8333 0.00020908021320920737
8349 4.919672615455441e-05
8468 0.00016508218077975113
8573 0.00019756065060853997
8585 0.0001431761810607271
8822 0.00016378259903044513
8866 3.8493910507496085e-05
8867 0.0002462203859023654
