406
14 0.0001275049519955334
28 0.0002537323685808453
41 0.0002734912621014559
42 0.0002875104201589402
43 0.00030726931367955075
49 0.00017065756051371745
53 0.00010200632301179658
58 3.9886331735258645e-05
77 8.691610145495967e-05
79 0.00013130412920165632
84 0.00020908021320920737
109 0.00011913044365880717
116 0.0001523982138465608
117 0.00017370426675739054
132 8.334256383691721e-05
145 5.786216925096193e-05
148 0.00010614816360120087
158 1.722259642893919e-05
160 3.6009024944890365e-05
163 4.4209139343250144e-05
246 0.0001002340757964429
290 5.516600244482883e-05
292 0.00014576429866269
310 8.408656954820681e-05
338 0.0001391464957049546
375 8.334256383691721e-05
378 7.955569410086921e-05
423 8.63892700805903e-05
430 2.1595466130645556e-05
459 8.798716495431228e-05
463 2.104404381130732e-05
480 6.877276232176413e-05
492 0.00018617626542465564
494 0.00010815385522706535
509 1.4811799641107606e-05
522 0.00011110817958998604
524 0.00013837905578907654
532 0.0002059351589452662
559 0.00015554326811050196
744 0.00018418695135817993
753 9.752607762356147e-05
757 0.00010815385522706535
882 0.00014665847838343454
884 0.00012936752625714268
889 0.00021605372159664503
890 0.00023971321052336105
911 0.00017065756051371745
1140 3.8493910507496085e-05
1169 0.00020298083458234552
1170 0.00022883910672981793
1173 9.077257605451787e-05
1216 4.5550455969092306e-05
1234 2.8271279696782107e-05
1254 8.96392359620217e-05
1306 4.5550455969092306e-05
1320 0.00022419450561242282
1391 6.491430390704548e-05
1412 6.804811807694473e-05
1504 0.0001239806629188251
1521 0.00011110817958998604
1536 0.0001475693727081854
1548 0.0001753021616311125
1557 0.00019506105515172307
1569 9.920086195142229e-05
1582 0.00019041645403432799
1610 9.590694438493474e-05
1706 3.382257549850835e-05
1729 0.00010200632301179658
1733 0.00011243128604527755
1777 4.871062309639001e-05
1922 7.334292682143156e-06
1953 0.0001281179340087181
1957 8.88061998220748e-05
2004 7.217400943451535e-05
2009 0.00012176521653240713
2013 0.00016378259903044513
2014 0.00030726931367955075
2040 4.7398314413738584e-05
2042 8.383730339089555e-05
2118 6.715720793434914e-05
2123 0.00011243128604527755
2124 0.00011663084820199027
2125 0.00019268344080366
2222 0.00026261715830791277
2266 0.0001347133110905388
2303 0.0002059351589452662
2358 0.0001804365299615294
2371 8.858094887998e-06
2373 4.532432364915004e-05
2374 8.586807337437805e-05
2384 3.364472337590274e-05
2391 2.4157123570420575e-05
2392 0.0001281179340087181
2398 0.0001027336712532598
2399 0.000126899584862824
2404 0.00012341728754011654
2405 0.0001677901789526326
2450 0.0001504088997800851
2466 0.00010939812948263226
2493 2.5565430128539482e-05
2523 0.0001504088997800851
2550 5.3403616896513294e-05
2563 2.4450245822639586e-05
2579 0.00013130412920165632
2582 7.458098891001271e-05
2586 9.502842032885344e-06
2607 3.3290954653437934e-05
2618 4.846937791309118e-05
2673 0.00014849761844045535
2728 0.00010939812948263226
2744 7.52017798211394e-05
2794 0.00012341728754011654
2797 0.00010347204034115494
2890 0.0001415241100530177
2920 0.0001399262151792957
2940 7.910237522724487e-05
2958 6.950834500520415e-05
2963 8.509658347491132e-05
2976 5.461691012835996e-05
3031 8.691610145495967e-05
3042 0.0001287387249198448
3137 0.00011379132113009053
3156 9.342327683396404e-05
3161 0.00010536844412685977
3168 0.0001275049519955334
3226 8.164949036359771e-05
3257 0.0001504088997800851
3319 0.00019268344080366
3395 7.541048004377448e-05
3409 8.458895984833521e-05
3411 0.00016251677649793962
3465 5.7716484755306535e-05
3471 0.0001804365299615294
3478 7.865323446718271e-05
3513 6.056183085252843e-05
3572 5.234992335902794e-05
3576 5.3536945098705395e-05
3586 6.228840662358072e-05
3596 8.285279662389543e-05
3657 4.716346370617082e-05
3664 0.0001431761810607271
3682 0.0001239806629188251
3719 2.489326185102742e-05
3731 5.3138049876864844e-05
3732 0.00010654275221462514
3733 0.0001128804268053397
3766 5.131853189681648e-05
3786 0.00010058340652177312
3827 0.00013614669170503938
3872 9.164022082905678e-05
3875 3.285232498188492e-05
3912 0.00013263932032595027
3914 0.00012936752625714268
3932 4.895306850942043e-05
3943 7.689695691525318e-05
3945 0.00023971321052336105
3994 0.0001147195668623605
4015 8.798716495431228e-05
4189 4.981125419104163e-05
4290 5.656642719180506e-05
4301 0.00011154523568104574
4308 7.955569410086921e-05
4314 3.1644758795232604e-05
4315 7.256700694753944e-05
4329 3.676019862375966e-05
4332 8.117636599183342e-05
4363 7.025520142447097e-05
4381 4.3226837668107787e-05
4382 6.14960082295629e-05
4383 0.00016920278300425065
4392 8.334256383691721e-05
4435 0.00010856509334268535
4436 0.0001128804268053397
4453 3.6854914742017664e-05
4467 5.5861184383926875e-05
4492 6.969398876306011e-05
4493 0.00017695423263882194
4495 3.207260550754382e-05
4502 6.424444555902466e-05
4503 7.798719092134497e-05
4504 0.00022883910672981793
4525 9.818910047034337e-05
4527 0.0001753021616311125
4546 7.625433537211054e-05
4566 9.68719546813797e-05
4577 3.9085797470059324e-05
4659 6.610917985376751e-05
4670 7.541048004377448e-05
4676 1.811794967986411e-05
4699 3.676019862375966e-05
4712 8.484211069037113e-05
4759 5.0810908270240366e-05
4762 0.0001399262151792957
4763 0.00015890538922556517
4834 1.7286007534181456e-05
4878 6.969398876306011e-05
4885 0.0001027336712532598
4894 0.00014849761844045535
4897 0.00026261715830791277
4933 2.564069103539461e-05
4948 0.00011110817958998604
4950 0.00011425323385392718
5024 6.025437603138515e-05
5031 6.913916575845257e-05
5051 0.0001281179340087181
5161 5.502814824397996e-05
5162 5.6001418804450566e-05
5165 0.00020019542348213994
5217 7.159039254876493e-05
5222 2.3001954162320978e-05
5228 4.931901336427842e-05
5236 0.00010200632301179658
5254 5.9796800580258657e-05
5259 0.0002462203859023654
5273 0.00014665847838343454
5274 0.0002462203859023654
5291 0.00011067500849334801
5292 0.0001347133110905388
5294 9.68719546813797e-05
5297 0.0001415241100530177
5307 0.00013263932032595027
5309 0.00019506105515172307
5316 0.00016378259903044513
5366 0.00013542473142615584
5374 0.0002734912621014559
5376 0.00021605372159664503
5378 0.00010347204034115494
5379 2.541525611908456e-05
5380 3.8298201700263376e-05
5395 3.215862746722012e-05
5412 0.00010856509334268535
5414 0.00030726931367955075
5427 3.490353872923123e-05
5455 8.908229930004346e-05
5469 1.1433598200043818e-05
5588 6.913916575845257e-05
5676 9.312153328472917e-05
5702 3.9886331735258645e-05
5808 0.00011913044365880717
5810 5.261121850249547e-05
5841 0.00014488623116808087
5844 0.00021244233432427055
5852 0.0002875104201589402
5854 7.178415593526694e-05
5858 6.663037655997976e-05
5859 0.0002734912621014559
5861 0.00023397347506023475
5867 0.0002734912621014559
5868 7.256700694753944e-05
5894 1.5848029138067838e-05
5896 1.6219082409210568e-05
5912 0.00010498321344481378
5931 0.00014665847838343454
5975 0.00010460100421098168
5984 3.088397517794058e-05
5988 7.044371782011974e-05
5998 0.00014488623116808087
6000 3.4631041686461846e-05
6018 0.0001431761810607271
6022 2.0770655001689466e-05
6033 0.00011519040557349246
6063 0.00020298083458234552
6175 0.00015139340654708521
6177 0.00015447220461114937
6197 5.5304247721948624e-05
6199 0.0001251273376474703
6208 0.0001228603508781383
6242 3.105201474962982e-05
6254 8.141235399539764e-05
6264 4.7398314413738584e-05
6297 9.164022082905678e-05
6299 0.0001431761810607271
6315 0.0002462203859023654
6327 0.00010384546306881737
6399 8.212725328354177e-05
6408 4.3989132524856074e-05
6417 9.954283828468142e-05
6421 0.00023397347506023475
6422 0.00017370426675739054
6465 0.00015663840245623315
6467 4.669713069773751e-05
6468 4.669713069773751e-05
6490 2.724862948448243e-05
6506 8.88061998220748e-05
6507 6.212889280683989e-05
6516 9.818910047034337e-05
6540 6.040786096929821e-05
6586 5.24803957997587e-05
6588 6.576478670658657e-05
6595 7.66818067754729e-05
6598 0.00012936752625714268
6605 0.00010200632301179658
6619 5.7716484755306535e-05
6638 9.282164663063054e-05
6639 0.00023971321052336105
6661 5.889434094657216e-05
6664 0.00015775871449691997
6706 7.910237522724487e-05
6725 8.458895984833521e-05
6727 8.612797493712278e-05
6728 9.527405980765772e-05
6760 1.9892587507080337e-05
6789 4.7516165565500014e-05
6796 8.260974660633398e-05
6798 0.00018418695135817993
6831 0.00011198624708459517
6833 2.7093186202753706e-05
6881 0.0001804365299615294
6885 5.131853189681648e-05
6891 0.00026261715830791277
6905 2.9805618738211806e-05
6924 0.0001677901789526326
6926 0.00019756065060853997
6927 0.0002734912621014559
6929 5.904359505253569e-05
6960 3.259102983841739e-05
6967 0.00010536844412685977
6972 6.133906307779394e-05
6973 0.00011913044365880717
6999 6.309390310328486e-05
7000 0.00026261715830791277
7067 3.508605365233e-05
7073 5.516600244482883e-05
7091 9.464928935894339e-05
7095 0.00030726931367955075
7139 6.196989942762013e-05
7163 0.00023397347506023475
7164 0.00023971321052336105
7174 7.256700694753944e-05
7178 3.714017269315804e-05
7180 0.0001275049519955334
7215 0.00015139340654708521
7251 7.689695691525318e-05
7254 0.00023397347506023475
7291 0.00016920278300425065
7341 0.00014071861357331354
7346 8.070779096331723e-05
7349 0.00013614669170503938
7369 9.372690041743856e-05
7373 7.27647006365303e-05
7384 0.0001399262151792957
7385 0.00017065756051371745
7406 6.698096388147314e-05
7444 9.886126874785542e-05
7446 0.00015554326811050196
7450 0.00012936752625714268
7451 0.0001300045474523503
7482 2.5340342303404983e-05
7483 2.8590308184836374e-05
7503 3.173002815645075e-05
7504 0.00012571095453322076
7526 0.00020298083458234552
7527 0.0002462203859023654
7559 8.509658347491132e-05
7627 7.887728740211037e-05
7632 0.00016251677649793962
7664 0.0001196461249524729
7792 0.000101646679848061
7799 9.403242760948e-05
7808 4.7398314413738584e-05
7827 0.00015775871449691997
7836 6.424444555902466e-05
7858 4.509923582401553e-05
7861 0.00013263932032595027
7866 5.91933076971794e-05
7886 7.910237522724487e-05
7890 9.233159952796689e-06
7893 5.131853189681648e-05
7911 0.00010774605847492284
7913 0.00018825025618924418
7921 0.00030726931367955075
7938 4.907474504580058e-05
7942 9.134928606937549e-05
7960 9.954283828468142e-05
7961 0.0001523982138465608
8009 2.7093186202753706e-05
8010 3.97855428110104e-05
8054 2.9805618738211806e-05
8061 7.865323446718271e-05
8069 5.287392225192349e-05
8096 0.00013065000625947455
8109 8.285279662389543e-05
8113 0.0002537323685808453
8117 0.00019268344080366
8234 4.8109734749355606e-05
8349 4.919672615455441e-05
8351 0.0001376235146469122
8365 0.00026261715830791277
8444 5.815485137703107e-05
8447 4.100899018649567e-05
8489 0.00013837905578907654
8516 8.024367862190805e-05
8517 0.00020019542348213994
8535 0.00012341728754011654
8536 0.00014576429866269
8537 0.00015554326811050196
8565 0.0001786642827461757
8566 0.00018418695135817993
8621 0.000101646679848061
8639 3.69498153124238e-05
8738 8.853165584237468e-05
8813 4.431951634967444e-05
8824 0.00011712061541501202
8826 0.0002059351589452662
8845 0.0001431761810607271
8866 3.8493910507496085e-05
