121
44 0.005479675035860934
93 0.005690210923386775
110 0.011396702750747164
209 0.00709226850950156
276 0.00249275555864103
334 0.004794013204235112
397 0.014108596703201288
984 0.007743278738826748
1146 0.014170663534001015
1332 0.011007477229638948
1369 0.014170663534001015
1510 0.00482499479438085
1586 0.0051577079929830275
1587 0.008420636698544407
1621 0.005872269427272835
1692 0.006638296673754044
1705 0.0017524813537366651
2025 0.008844889746782653
2048 0.011616403686150651
2054 0.015920837927396257
2104 0.012420489140605775
2118 0.013146877144142402
2122 0.005825509425787869
2398 0.00657516918777609
2405 0.010670314747210537
2438 0.005702451827329644
2439 0.006606535652233683
2628 0.012757651623034189
2674 0.005541013305240633
2688 0.013472099149945882
2727 0.011336699185456031
2986 0.007291187698635872
3030 0.009006933676355822
3033 0.008356710045628922
3069 0.02900052162041589
3121 0.009753990018363629
3149 0.003940036529991537
3229 0.009726461334909347
3294 0.010372916360888553
3302 0.005211623947221175
3456 0.031841675854792514
3464 0.005981038513247579
3541 0.007418523986123255
3681 0.012847856603867086
3809 0.01083327244256079
3840 0.005582749262375072
3847 0.008693872528057334
3912 0.006872567574098074
3914 0.006703042988393346
3926 0.00575695404945323
3939 0.009543454130837788
3970 0.003452383231991509
3974 0.005248218325696106
4005 0.004778663807919947
4056 0.006943698134662095
4139 0.008920140353815298
4140 0.011396702750747164
4158 0.0059684703166916556
4367 0.00829436199102559
4382 0.002239753356384748
4383 0.003186351310127119
4384 0.00876706512868536
4547 0.003951038586257262
4682 0.010670314747210537
4830 0.004343942138486402
4943 0.0105775260750302
5027 0.027214466451629286
5039 0.008420636698544407
5081 0.016439025107582803
5163 0.008704964727649945
5193 0.0041458038270196845
5372 0.006736049574972941
5441 0.004449164359956147
5595 0.05216323516834401
5623 0.0034888454961969446
5626 0.006980029235109778
5627 0.00829436199102559
5703 0.0020666685373524714
5711 0.011007477229638948
5735 0.03604865028263242
5736 0.007793279737442548
5855 0.0037194209168319703
5866 0.006199338753351386
5939 0.0030670392918445513
5983 0.0071308183868214045
5985 0.01280176682724681
5988 0.004040824683087363
6006 0.0056466759152905555
6039 0.00604310534404731
6081 0.007291187698635872
6107 0.003739620767909307
6341 0.010236398361763419
6373 0.023689061891870054
6466 0.008116054899360172
6494 0.006483342052989857
6503 0.014750722180627826
6589 0.0068150671991755755
6837 0.007054298351600644
6921 0.004872191830556312
6930 0.003059282087838361
6946 0.010372916360888553
6993 0.002480408502653498
6996 0.008127558189953707
7375 0.005439595338489421
7484 0.004444130695522007
7521 0.0049528685949981055
7582 0.008174102695328783
7695 0.0105775260750302
8350 0.010196307523009044
8461 0.01083327244256079
8469 0.008553560436681058
8486 0.012123090754283791
8540 0.004122095033877595
8584 0.008233516446385097
8590 0.008693872528057334
8601 0.004343942138486402
8605 0.00800381562496839
8719 0.004872191830556312
8747 0.006120013865755188
8814 0.004592738717538356
8867 0.0019945216886209597
