55
160 3.6009024944890365e-05
163 4.4209139343250144e-05
459 8.798716495431228e-05
872 6.593667904531496e-05
1469 6.358367031630664e-05
1583 8.88061998220748e-05
1587 9.954283828468142e-05
1695 0.00014576429866269
1881 8.408656954820681e-05
1882 9.496067334174995e-05
2076 7.66818067754729e-05
2371 8.858094887998e-06
2373 4.532432364915004e-05
2374 8.586807337437805e-05
2550 5.3403616896513294e-05
2586 9.502842032885344e-06
2589 0.0001228603508781383
2618 4.846937791309118e-05
2827 0.0001196461249524729
2874 0.0002059351589452662
3746 1.903006184883404e-05
3884 8.433711728522342e-05
4220 4.3879500470736716e-05
4453 3.6854914742017664e-05
4467 5.5861184383926875e-05
4485 7.159039254876493e-05
4495 3.207260550754382e-05
4499 9.312153328472917e-05
4834 1.7286007534181456e-05
4923 8.188778632745044e-05
4972 4.681329625334851e-05
4976 0.00021605372159664503
5018 0.00010982004923951138
5171 7.52017798211394e-05
5369 7.562007790453742e-05
5371 0.0001300045474523503
5427 3.490353872923123e-05
5481 6.576478670658657e-05
5574 0.00013401212737453773
6458 0.00015554326811050196
6540 6.040786096929821e-05
6549 0.0002059351589452662
6689 7.376538112671329e-05
6762 7.139739654402146e-05
6763 7.27647006365303e-05
6960 3.259102983841739e-05
6972 6.133906307779394e-05
7175 0.00019041645403432799
7665 0.00010422176939821458
7957 0.00011379132113009053
8009 2.7093186202753706e-05
8447 4.100899018649567e-05
8695 4.476354154013861e-05
8696 4.787143878550288e-05
8871 7.025520142447097e-05
