596
15 6.0101372993599195e-05
52 9.785646144837983e-05
58 3.9886331735258645e-05
68 3.241760820520544e-05
70 0.00011566583790554528
94 0.00016128300357362823
132 8.334256383691721e-05
138 5.5304247721948624e-05
145 5.786216925096193e-05
148 0.00010614816360120087
149 0.00015139340654708521
158 1.722259642893919e-05
160 3.6009024944890365e-05
163 4.4209139343250144e-05
164 0.0001804365299615294
204 0.00019506105515172307
205 0.00019756065060853997
206 0.00020019542348213994
210 0.00015342417653056774
214 0.0002462203859023654
215 0.0002537323685808453
225 4.311890533715833e-05
241 0.00023971321052336105
243 6.309390310328486e-05
246 0.0001002340757964429
290 5.516600244482883e-05
295 6.969398876306011e-05
297 0.00016378259903044513
328 5.502814824397996e-05
330 6.358367031630664e-05
335 0.00030726931367955075
344 9.164022082905678e-05
352 0.00019506105515172307
370 0.0001347133110905388
430 2.1595466130645556e-05
443 5.859719717528758e-05
446 0.00010058340652177312
449 6.628229345501092e-05
463 2.104404381130732e-05
473 4.858985121920245e-05
498 0.00016007969731333051
509 1.4811799641107606e-05
511 4.409901177660094e-05
523 0.0001347133110905388
547 0.0002734912621014559
632 6.4078409870285e-05
633 0.00010058340652177312
682 0.0001228603508781383
722 0.00011663084820199027
723 6.212889280683989e-05
726 6.4078409870285e-05
732 0.00011614595437539213
765 7.499396958083494e-05
773 0.00011110817958998604
800 0.00011154523568104574
828 0.00022419450561242282
872 6.593667904531496e-05
891 5.757123449128065e-05
892 0.0001475693727081854
900 0.00020019542348213994
901 0.0002875104201589402
941 9.719791862251607e-05
947 0.0002875104201589402
963 0.00013614669170503938
965 0.0001391464957049546
990 0.00010939812948263226
1029 0.00026261715830791277
1070 0.00013130412920165632
1102 8.285279662389543e-05
1103 9.527405980765772e-05
1140 3.8493910507496085e-05
1164 8.408656954820681e-05
1165 8.433711728522342e-05
1166 0.00019506105515172307
1183 0.00010310145735752775
1216 4.5550455969092306e-05
1234 2.8271279696782107e-05
1246 0.00014071861357331354
1247 0.0001431761810607271
1265 6.576478670658657e-05
1269 8.433711728522342e-05
1350 6.374802604546662e-05
1438 0.00014071861357331354
1439 0.0001677901789526326
1477 0.00016378259903044513
1489 0.0001677901789526326
1497 6.663037655997976e-05
1517 9.106007793564448e-05
1610 9.590694438493474e-05
1621 0.00011198624708459517
1649 8.744869066327002e-05
1665 0.00013263932032595027
1671 7.64676023536449e-05
1706 3.382257549850835e-05
1713 4.787143878550288e-05
1739 0.00015775871449691997
1740 0.00022883910672981793
1742 0.00015775871449691997
1758 0.00017370426675739054
1759 0.0001391464957049546
1777 4.871062309639001e-05
1781 0.00021244233432427055
1782 0.00014665847838343454
1785 0.00010734164596720007
1804 0.00019268344080366
1888 6.071628875522179e-05
1901 0.00011243128604527755
1922 7.334292682143156e-06
1929 4.2158123180710165e-05
1936 0.00011024565393173974
1948 0.0001523982138465608
1953 0.0001281179340087181
1957 8.88061998220748e-05
1970 0.00012122674224136485
1973 0.0001275049519955334
1979 0.00018825025618924418
1984 0.00010734164596720007
2004 7.217400943451535e-05
2006 0.00016920278300425065
2020 0.00013065000625947455
2025 0.00012571095453322076
2026 8.535239208071232e-05
2044 0.00010536844412685977
2073 0.00010939812948263226
2137 0.00015342417653056774
2138 0.00017370426675739054
2144 0.0001263016457352357
2146 0.0001347133110905388
2199 0.00023971321052336105
2238 0.00011913044365880717
2239 0.0001251273376474703
2240 0.00023397347506023475
2242 0.00013614669170503938
2248 0.00020298083458234552
2266 0.0001347133110905388
2276 0.00022419450561242282
2294 8.535239208071232e-05
2310 0.0001391464957049546
2368 0.00019506105515172307
2371 8.858094887998e-06
2384 3.364472337590274e-05
2385 0.00011712061541501202
2391 2.4157123570420575e-05
2392 0.0001281179340087181
2417 8.63892700805903e-05
2434 0.00010536844412685977
2439 5.502814824397996e-05
2444 0.0002059351589452662
2462 0.00011712061541501202
2469 0.00011110817958998604
2493 2.5565430128539482e-05
2499 0.00020019542348213994
2500 0.00015447220461114937
2533 0.00030726931367955075
2539 0.00023397347506023475
2540 0.00030726931367955075
2580 8.992010952057247e-05
2585 0.00019756065060853997
2586 9.502842032885344e-06
2590 8.771718405598661e-05
2599 0.00012341728754011654
2600 0.00014849761844045535
2607 3.3290954653437934e-05
2612 8.001326955199571e-05
2617 0.00022883910672981793
2618 4.846937791309118e-05
2622 0.0002537323685808453
2661 0.00018227567001855016
2667 8.358930576913648e-05
2683 0.0002462203859023654
2685 7.754816608258265e-05
2699 0.00013065000625947455
2702 0.00021244233432427055
2718 8.88061998220748e-05
2725 0.00010536844412685977
2728 0.00010939812948263226
2729 0.00019506105515172307
2732 0.00012069415303305452
2773 0.00011067500849334801
2780 9.342327683396404e-05
2781 9.68719546813797e-05
2797 0.00010347204034115494
2825 0.00011614595437539213
2826 0.00021244233432427055
2829 0.00023971321052336105
2928 0.00030726931367955075
2955 4.7516165565500014e-05
2958 6.950834500520415e-05
2963 8.509658347491132e-05
2976 5.461691012835996e-05
2977 0.00015890538922556517
2982 7.197869283035229e-05
3050 5.1064059112276297e-05
3052 0.00011379132113009053
3053 0.00019756065060853997
3076 9.818910047034337e-05
3077 0.0002059351589452662
3103 0.00012122674224136485
3104 0.00010939812948263226
3112 0.0001440237055098346
3113 6.165346047478709e-05
3228 4.566391685271689e-05
3229 4.669713069773751e-05
3230 4.692973938522239e-05
3277 0.00017215710736717137
3331 0.00019506105515172307
3368 0.00010058340652177312
3513 6.056183085252843e-05
3530 0.0001786642827461757
3532 0.0002734912621014559
3540 0.00013542473142615584
3541 0.00026261715830791277
3572 5.234992335902794e-05
3582 0.00010815385522706535
3583 0.00011663084820199027
3586 6.228840662358072e-05
3588 0.0002734912621014559
3589 0.00030726931367955075
3625 0.0001431761810607271
3719 2.489326185102742e-05
3723 6.859058854884968e-05
3724 5.7716484755306535e-05
3743 3.233112827567267e-05
3746 1.903006184883404e-05
3752 0.0002059351589452662
3766 5.131853189681648e-05
3791 0.00020019542348213994
3819 6.424444555902466e-05
3827 0.00013614669170503938
3828 0.0001753021616311125
3832 3.3290954653437934e-05
3833 0.0002875104201589402
3835 0.00011811516886331826
3864 0.00022883910672981793
3869 0.0001523982138465608
3875 3.285232498188492e-05
3887 5.5861184383926875e-05
3929 0.00015663840245623315
3994 0.0001147195668623605
3996 7.417147870601431e-05
4015 8.798716495431228e-05
4046 9.312153328472917e-05
4055 0.00019041645403432799
4099 0.0001147195668623605
4100 0.00030726931367955075
4103 0.00023397347506023475
4125 0.00016508218077975113
4220 4.3879500470736716e-05
4266 0.00015342417653056774
4267 0.00011519040557349246
4329 3.676019862375966e-05
4332 8.117636599183342e-05
4334 0.00017065756051371745
4336 0.00012571095453322076
4340 0.00012936752625714268
4362 0.0002734912621014559
4375 7.541048004377448e-05
4381 4.3226837668107787e-05
4382 6.14960082295629e-05
4392 8.334256383691721e-05
4406 6.508321716976057e-05
4408 0.00013687950893562258
4453 3.6854914742017664e-05
4457 0.00010058340652177312
4461 9.19329029551259e-05
4465 0.00017370426675739054
4467 5.5861184383926875e-05
4481 9.282164663063054e-05
4492 6.969398876306011e-05
4495 3.207260550754382e-05
4499 9.312153328472917e-05
4502 6.424444555902466e-05
4503 7.798719092134497e-05
4513 9.19329029551259e-05
4528 0.0002199543170027505
4529 0.00023971321052336105
4546 7.625433537211054e-05
4563 4.728074758348793e-05
4567 6.341986704442123e-05
4568 0.00022419450561242282
4569 0.00010422176939821458
4570 0.00015775871449691997
4577 3.9085797470059324e-05
4603 0.0002059351589452662
4619 0.00010856509334268535
4622 0.00030726931367955075
4628 0.00011566583790554528
4629 0.00015890538922556517
4652 4.476354154013861e-05
4658 8.334256383691721e-05
4676 1.811794967986411e-05
4699 3.676019862375966e-05
4708 0.00017065756051371745
4710 0.00018227567001855016
4759 5.0810908270240366e-05
4768 0.00012176521653240713
4769 0.00012936752625714268
4818 9.048676041112919e-05
4834 1.7286007534181456e-05
4839 3.088397517794058e-05
4844 0.00010734164596720007
4911 6.341986704442123e-05
4913 6.457822376461287e-05
4914 6.542281037332744e-05
4926 0.00010236864012694453
4927 0.00010236864012694453
4933 2.564069103539461e-05
4935 0.00011862016226846598
4942 6.804811807694473e-05
5011 0.00010310145735752775
5012 0.00010774605847492284
5024 6.025437603138515e-05
5028 0.00018825025618924418
5161 5.502814824397996e-05
5162 5.6001418804450566e-05
5166 0.0001347133110905388
5181 0.00016007969731333051
5194 0.00011712061541501202
5211 0.00019506105515172307
5212 0.0002059351589452662
5217 7.159039254876493e-05
5222 2.3001954162320978e-05
5225 0.00016920278300425065
5236 0.00010200632301179658
5242 6.786862826996617e-05
5281 0.00023397347506023475
5291 0.00011067500849334801
5292 0.0001347133110905388
5334 9.719791862251607e-05
5335 9.852402568908913e-05
5369 7.562007790453742e-05
5370 0.00011154523568104574
5379 2.541525611908456e-05
5380 3.8298201700263376e-05
5395 3.215862746722012e-05
5411 8.164949036359771e-05
5412 0.00010856509334268535
5434 7.159039254876493e-05
5436 0.00018825025618924418
5439 8.024367862190805e-05
5440 8.586807337437805e-05
5448 9.954283828468142e-05
5455 8.908229930004346e-05
5457 0.0001423431449207802
5458 0.00017695423263882194
5462 0.00010654275221462514
5463 0.00030726931367955075
5469 1.1433598200043818e-05
5481 6.576478670658657e-05
5550 4.944160821510571e-05
5569 9.527405980765772e-05
5580 0.0001431761810607271
5618 0.00014071861357331354
5619 0.0002462203859023654
5622 6.733409171295719e-05
5642 9.852402568908913e-05
5644 7.711306116076915e-05
5653 0.0002734912621014559
5674 0.00010236864012694453
5687 2.724862948448243e-05
5691 8.383730339089555e-05
5699 8.260974660633398e-05
5705 0.00011566583790554528
5713 0.0001786642827461757
5787 0.00013687950893562258
5789 0.00022419450561242282
5797 5.544288630052885e-05
5834 6.804811807694473e-05
5836 0.0001786642827461757
5838 0.00030726931367955075
5862 6.610917985376751e-05
5864 0.00021244233432427055
5868 7.256700694753944e-05
5872 0.00013130412920165632
5888 8.358930576913648e-05
5891 0.00010310145735752775
5892 0.00011712061541501202
5894 1.5848029138067838e-05
5896 1.6219082409210568e-05
5904 0.00022419450561242282
5909 6.663037655997976e-05
5934 5.434466680855229e-05
5938 5.91933076971794e-05
5945 0.0001753021616311125
5965 0.00020298083458234552
5984 3.088397517794058e-05
5988 7.044371782011974e-05
6000 3.4631041686461846e-05
6005 0.00010897983139923425
6022 2.0770655001689466e-05
6033 0.00011519040557349246
6043 0.0001504088997800851
6045 0.00016920278300425065
6057 0.00011024565393173974
6081 0.00019041645403432799
6094 0.00011761535496899039
6095 0.0001753021616311125
6096 0.00021244233432427055
6097 0.0002734912621014559
6099 0.0002059351589452662
6106 7.217400943451535e-05
6114 0.00010536844412685977
6162 0.0001128804268053397
6164 0.0001300045474523503
6166 0.0001786642827461757
6173 0.00013196715204843822
6195 9.622649587425546e-05
6197 5.5304247721948624e-05
6208 0.0001228603508781383
6218 9.464928935894339e-05
6222 0.00010347204034115494
6229 7.458098891001271e-05
6230 0.0001239806629188251
6242 3.105201474962982e-05
6264 4.7398314413738584e-05
6278 0.00011566583790554528
6284 0.00016920278300425065
6294 0.00017065756051371745
6302 8.509658347491132e-05
6366 0.0001251273376474703
6384 0.00015663840245623315
6386 0.00013837905578907654
6387 9.558947467904783e-05
6393 0.00014944388948364012
6394 0.0001677901789526326
6399 8.212725328354177e-05
6400 0.00016920278300425065
6408 4.3989132524856074e-05
6409 0.00010575674440844711
6417 9.954283828468142e-05
6429 5.815485137703107e-05
6449 0.00020298083458234552
6475 8.691610145495967e-05
6490 2.724862948448243e-05
6493 0.0001251273376474703
6497 0.0001664173719040451
6507 6.212889280683989e-05
6511 0.0002875104201589402
6540 6.040786096929821e-05
6550 0.00020019542348213994
6586 5.24803957997587e-05
6588 6.576478670658657e-05
6589 5.9343481706634316e-05
6593 7.754816608258265e-05
6594 0.00016251677649793962
6595 7.66818067754729e-05
6598 0.00012936752625714268
6605 0.00010200632301179658
6606 0.00014944388948364012
6619 5.7716484755306535e-05
6667 0.00012069415303305452
6679 9.527405980765772e-05
6680 9.558947467904783e-05
6691 0.0001804365299615294
6710 0.0002734912621014559
6712 6.025437603138515e-05
6730 0.00013065000625947455
6760 1.9892587507080337e-05
6789 4.7516165565500014e-05
6796 8.260974660633398e-05
6833 2.7093186202753706e-05
6885 5.131853189681648e-05
6887 0.00020019542348213994
6898 0.0001263016457352357
6905 2.9805618738211806e-05
6908 8.935997200289977e-05
6919 7.3968006896828e-05
6920 9.403242760948e-05
6929 5.904359505253569e-05
6934 0.00010200632301179658
6960 3.259102983841739e-05
6967 0.00010536844412685977
6972 6.133906307779394e-05
6977 0.00015342417653056774
6980 0.00011379132113009053
6981 0.0002875104201589402
6982 0.0001147195668623605
6983 0.00013263932032595027
7027 0.00030726931367955075
7036 0.00016251677649793962
7067 3.508605365233e-05
7139 6.196989942762013e-05
7165 6.628229345501092e-05
7167 0.00011243128604527755
7171 0.00012341728754011654
7174 7.256700694753944e-05
7177 0.00015447220461114937
7178 3.714017269315804e-05
7197 0.00011198624708459517
7199 0.00021605372159664503
7214 0.0002734912621014559
7215 0.00015139340654708521
7229 0.0001664173719040451
7231 0.0001804365299615294
7236 0.00010536844412685977
7237 0.00010536844412685977
7289 0.00013542473142615584
7290 0.00016508218077975113
7311 0.0001475693727081854
7390 0.00013065000625947455
7392 5.274239335290522e-05
7394 0.00022883910672981793
7395 0.00030726931367955075
7403 0.00018825025618924418
7454 0.00014944388948364012
7469 7.887728740211037e-05
7476 8.117636599183342e-05
7482 2.5340342303404983e-05
7483 2.8590308184836374e-05
7503 3.173002815645075e-05
7523 8.935997200289977e-05
7552 0.000126899584862824
7559 8.509658347491132e-05
7565 0.00022419450561242282
7620 0.0001027336712532598
7650 0.00017215710736717137
7671 9.134928606937549e-05
7672 0.0002537323685808453
7694 6.804811807694473e-05
7731 0.0002734912621014559
7784 7.082295263288685e-05
7808 4.7398314413738584e-05
7812 0.0001786642827461757
7818 2.996997446737178e-05
7877 8.853165584237468e-05
7884 0.00010982004923951138
7890 9.233159952796689e-06
7893 5.131853189681648e-05
7904 6.056183085252843e-05
7938 4.907474504580058e-05
7943 7.64676023536449e-05
7960 9.954283828468142e-05
7961 0.0001523982138465608
7995 9.134928606937549e-05
8005 0.0002875104201589402
8028 0.00019268344080366
8031 5.5721352358276173e-05
8032 6.056183085252843e-05
8054 2.9805618738211806e-05
8069 5.287392225192349e-05
8105 0.0001281179340087181
8109 8.285279662389543e-05
8117 0.00019268344080366
8123 0.00020908021320920737
8130 0.00019756065060853997
8144 1.8182537399726556e-05
8157 0.00026261715830791277
8158 0.00010939812948263226
8162 0.00013332088986277624
8179 0.00017370426675739054
8204 5.1064059112276297e-05
8234 4.8109734749355606e-05
8295 0.00021244233432427055
8301 0.00014488623116808087
8302 0.00020908021320920737
8326 0.0002059351589452662
8327 0.0002734912621014559
8349 4.919672615455441e-05
8366 0.0002462203859023654
8374 0.0002462203859023654
8375 0.00030726931367955075
8384 0.00030726931367955075
8437 8.433711728522342e-05
8444 5.815485137703107e-05
8470 0.0002462203859023654
8471 0.0002734912621014559
8503 7.256700694753944e-05
8513 4.3335009582674306e-05
8516 8.024367862190805e-05
8550 0.00013542473142615584
8559 0.00011379132113009053
8570 0.00021244233432427055
8591 0.00011761535496899039
8600 8.383730339089555e-05
8630 0.0001275049519955334
8633 5.949411993323993e-05
8638 6.491430390704548e-05
8639 3.69498153124238e-05
8652 0.00010982004923951138
8661 7.843020694973282e-05
8663 8.001326955199571e-05
8680 0.00015663840245623315
8695 4.476354154013861e-05
8696 4.787143878550288e-05
8722 7.217400943451535e-05
8723 0.00010498321344481378
8823 0.0001475693727081854
8841 0.0001275049519955334
8842 0.00016378259903044513
8843 0.00022419450561242282
8866 3.8493910507496085e-05
8890 0.00010058340652177312
8891 0.00010058340652177312
8892 0.00010384546306881737
8910 0.0001786642827461757
8911 0.00019506105515172307
