168
21 0.00017695423263882194
58 3.9886331735258645e-05
219 0.00018825025618924418
220 0.0002199543170027505
221 0.00022883910672981793
225 4.311890533715833e-05
328 5.502814824397996e-05
329 0.00019756065060853997
330 6.358367031630664e-05
334 9.252359415714085e-05
378 7.955569410086921e-05
459 8.798716495431228e-05
688 0.00017695423263882194
722 0.00011663084820199027
753 9.752607762356147e-05
765 7.499396958083494e-05
913 0.00015139340654708521
934 0.00023397347506023475
977 0.00010384546306881737
979 0.0001415241100530177
983 0.00010347204034115494
984 0.00014944388948364012
1011 8.56095506062492e-05
1177 0.00010347204034115494
1199 0.0002875104201589402
1216 4.5550455969092306e-05
1217 9.818910047034337e-05
1234 2.8271279696782107e-05
1256 0.00020019542348213994
1365 6.733409171295719e-05
1391 6.491430390704548e-05
1424 0.00018825025618924418
1649 8.744869066327002e-05
1798 0.00010498321344481378
1800 0.00011333374567896404
1888 6.071628875522179e-05
1922 7.334292682143156e-06
1960 0.00011712061541501202
2020 0.00013065000625947455
2029 0.00012122674224136485
2030 0.0001228603508781383
2210 0.00021605372159664503
2371 8.858094887998e-06
2373 4.532432364915004e-05
2374 8.586807337437805e-05
2448 8.825864993225359e-05
2462 0.00011712061541501202
2493 2.5565430128539482e-05
2526 8.070779096331723e-05
2586 9.502842032885344e-06
2618 4.846937791309118e-05
2780 9.342327683396404e-05
2781 9.68719546813797e-05
3020 0.00015663840245623315
3022 0.00023971321052336105
3031 8.691610145495967e-05
3192 0.0002537323685808453
3193 0.00030726931367955075
3509 0.00018825025618924418
3654 6.663037655997976e-05
3657 4.716346370617082e-05
3691 0.00011425323385392718
3887 5.5861184383926875e-05
3932 4.895306850942043e-05
3951 9.920086195142229e-05
3954 0.00010774605847492284
3994 0.0001147195668623605
3996 7.417147870601431e-05
4042 0.00012571095453322076
4044 0.00014488623116808087
4125 0.00016508218077975113
4189 4.981125419104163e-05
4267 0.00011519040557349246
4290 5.656642719180506e-05
4291 7.843020694973282e-05
4329 3.676019862375966e-05
4381 4.3226837668107787e-05
4382 6.14960082295629e-05
4453 3.6854914742017664e-05
4492 6.969398876306011e-05
4513 9.19329029551259e-05
4530 0.00017065756051371745
4563 4.728074758348793e-05
4569 0.00010422176939821458
4570 0.00015775871449691997
4652 4.476354154013861e-05
4658 8.334256383691721e-05
4676 1.811794967986411e-05
4779 0.00016251677649793962
4834 1.7286007534181456e-05
4926 0.00010236864012694453
4927 0.00010236864012694453
4965 0.00023397347506023475
5222 2.3001954162320978e-05
5228 4.931901336427842e-05
5242 6.786862826996617e-05
5439 8.024367862190805e-05
5440 8.586807337437805e-05
5550 4.944160821510571e-05
5618 0.00014071861357331354
5702 3.9886331735258645e-05
5806 7.910237522724487e-05
5862 6.610917985376751e-05
5888 8.358930576913648e-05
5890 0.0002734912621014559
5909 6.663037655997976e-05
5934 5.434466680855229e-05
5938 5.91933076971794e-05
5984 3.088397517794058e-05
6022 2.0770655001689466e-05
6084 7.843020694973282e-05
6087 0.00010236864012694453
6088 0.00023397347506023475
6197 5.5304247721948624e-05
6242 3.105201474962982e-05
6251 0.0001228603508781383
6429 5.815485137703107e-05
6465 0.00015663840245623315
6490 2.724862948448243e-05
6598 0.00012936752625714268
6599 0.00023971321052336105
6614 8.484211069037113e-05
6650 9.785646144837983e-05
6675 5.7716484755306535e-05
6687 6.196989942762013e-05
6789 4.7516165565500014e-05
6796 8.260974660633398e-05
6833 2.7093186202753706e-05
6960 3.259102983841739e-05
6980 0.00011379132113009053
6982 0.0001147195668623605
6999 6.309390310328486e-05
7178 3.714017269315804e-05
7236 0.00010536844412685977
7237 0.00010536844412685977
7482 2.5340342303404983e-05
7494 0.00010694056199521868
7503 3.173002815645075e-05
7520 9.558947467904783e-05
7577 8.853165584237468e-05
7578 8.88061998220748e-05
7620 0.0001027336712532598
7836 6.424444555902466e-05
7841 0.0001300045474523503
7858 4.509923582401553e-05
7862 9.077257605451787e-05
7890 9.233159952796689e-06
7904 6.056183085252843e-05
7938 4.907474504580058e-05
7943 7.64676023536449e-05
7958 9.496067334174995e-05
8009 2.7093186202753706e-05
8010 3.97855428110104e-05
8031 5.5721352358276173e-05
8032 6.056183085252843e-05
8047 9.312153328472917e-05
8053 0.00016007969731333051
8137 8.63892700805903e-05
8275 0.00016007969731333051
8278 0.0001804365299615294
8442 8.001326955199571e-05
8444 5.815485137703107e-05
8539 7.955569410086921e-05
8591 0.00011761535496899039
8733 0.00018825025618924418
8811 0.00011913044365880717
8818 7.139739654402146e-05
8819 7.139739654402146e-05
