283
56 0.0001027336712532598
63 0.00026261715830791277
68 3.241760820520544e-05
102 0.00013687950893562258
138 5.5304247721948624e-05
158 1.722259642893919e-05
163 4.4209139343250144e-05
225 4.311890533715833e-05
246 0.0001002340757964429
278 5.558192042480493e-05
295 6.969398876306011e-05
300 0.00023971321052336105
375 8.334256383691721e-05
377 0.00011913044365880717
397 0.00013614669170503938
400 0.00015890538922556517
430 2.1595466130645556e-05
436 6.181142310095298e-05
458 0.00011198624708459517
473 4.858985121920245e-05
500 0.0002199543170027505
509 1.4811799641107606e-05
527 0.0001431761810607271
585 0.0002537323685808453
645 6.341986704442123e-05
655 0.00022419450561242282
657 0.0002875104201589402
686 0.0002537323685808453
706 6.525271795805037e-05
707 9.496067334174995e-05
723 6.212889280683989e-05
725 0.00019268344080366
726 6.4078409870285e-05
882 0.00014665847838343454
891 5.757123449128065e-05
1057 9.988723143186235e-05
1058 0.00014665847838343454
1079 0.00026261715830791277
1110 0.00015554326811050196
1173 9.077257605451787e-05
1299 0.00020019542348213994
1382 0.00011862016226846598
1384 0.00016251677649793962
1391 6.491430390704548e-05
1468 0.00015554326811050196
1499 0.00017370426675739054
1504 0.0001239806629188251
1531 0.0001664173719040451
1532 0.00018825025618924418
1577 0.0002537323685808453
1610 9.590694438493474e-05
1638 7.33626397641186e-05
1641 7.583058115843726e-05
1722 8.117636599183342e-05
1733 0.00011243128604527755
1922 7.334292682143156e-06
2004 7.217400943451535e-05
2038 0.00021605372159664503
2166 0.00026261715830791277
2251 0.00017065756051371745
2256 0.00015554326811050196
2341 8.744869066327002e-05
2371 8.858094887998e-06
2384 3.364472337590274e-05
2407 0.00017215710736717137
2415 0.0001275049519955334
2455 0.00010128967145643295
2477 0.00020908021320920737
2559 7.604199766141655e-05
2563 2.4450245822639586e-05
2586 9.502842032885344e-06
2607 3.3290954653437934e-05
2661 0.00018227567001855016
2675 0.00010694056199521868
2728 0.00010939812948263226
2732 0.00012069415303305452
2739 7.583058115843726e-05
2744 7.52017798211394e-05
2759 0.00015554326811050196
2828 0.00016128300357362823
2976 5.461691012835996e-05
2982 7.197869283035229e-05
3113 6.165346047478709e-05
3137 0.00011379132113009053
3212 7.356359438910525e-05
3213 0.0001300045474523503
3395 7.541048004377448e-05
3421 8.586807337437805e-05
3465 5.7716484755306535e-05
3474 0.00011862016226846598
3475 0.000126899584862824
3572 5.234992335902794e-05
3596 8.285279662389543e-05
3626 0.00015342417653056774
3743 3.233112827567267e-05
3746 1.903006184883404e-05
3872 9.164022082905678e-05
3875 3.285232498188492e-05
3926 0.00011110817958998604
3961 0.0002059351589452662
4015 8.798716495431228e-05
4136 0.00013196715204843822
4189 4.981125419104163e-05
4224 8.236790279729728e-05
4286 0.0001228603508781383
4288 0.0001423431449207802
4296 9.527405980765772e-05
4329 3.676019862375966e-05
4390 8.825864993225359e-05
4401 0.00021244233432427055
4453 3.6854914742017664e-05
4495 3.207260550754382e-05
4525 9.818910047034337e-05
4533 5.685140711216779e-05
4541 0.0001376235146469122
4577 3.9085797470059324e-05
4676 1.811794967986411e-05
4699 3.676019862375966e-05
4712 8.484211069037113e-05
4718 0.0001147195668623605
4776 0.0001664173719040451
4777 0.00016920278300425065
4834 1.7286007534181456e-05
4878 6.969398876306011e-05
4890 0.00023971321052336105
4911 6.341986704442123e-05
4913 6.457822376461287e-05
4914 6.542281037332744e-05
4972 4.681329625334851e-05
5000 0.00013065000625947455
5001 0.0002199543170027505
5051 0.0001281179340087181
5079 0.0001415241100530177
5107 0.00014944388948364012
5166 0.0001347133110905388
5170 0.0001128804268053397
5171 7.52017798211394e-05
5215 0.0001300045474523503
5242 6.786862826996617e-05
5264 0.00011425323385392718
5265 0.00026261715830791277
5329 0.00014849761844045535
5330 0.0002734912621014559
5369 7.562007790453742e-05
5370 0.00011154523568104574
5379 2.541525611908456e-05
5395 3.215862746722012e-05
5427 3.490353872923123e-05
5469 1.1433598200043818e-05
5665 0.00018418695135817993
5666 0.00021244233432427055
5738 9.19329029551259e-05
5744 0.00015890538922556517
5888 8.358930576913648e-05
5889 0.00013837905578907654
5894 1.5848029138067838e-05
5896 1.6219082409210568e-05
5934 5.434466680855229e-05
5984 3.088397517794058e-05
6000 3.4631041686461846e-05
6014 9.818910047034337e-05
6022 2.0770655001689466e-05
6043 0.0001504088997800851
6045 0.00016920278300425065
6064 0.00010498321344481378
6067 0.00016378259903044513
6068 0.00023397347506023475
6084 7.843020694973282e-05
6087 0.00010236864012694453
6106 7.217400943451535e-05
6134 0.00013332088986277624
6197 5.5304247721948624e-05
6199 0.0001251273376474703
6242 3.105201474962982e-05
6261 0.00014576429866269
6297 9.164022082905678e-05
6309 0.0001147195668623605
6408 4.3989132524856074e-05
6413 9.590694438493474e-05
6438 0.00021605372159664503
6467 4.669713069773751e-05
6468 4.669713069773751e-05
6470 0.0001263016457352357
6490 2.724862948448243e-05
6507 6.212889280683989e-05
6536 7.499396958083494e-05
6560 0.0001504088997800851
6565 0.00011333374567896404
6605 0.00010200632301179658
6606 0.00014944388948364012
6607 0.00022883910672981793
6633 0.00011811516886331826
6634 0.0002059351589452662
6635 0.0002734912621014559
6638 9.282164663063054e-05
6667 0.00012069415303305452
6675 5.7716484755306535e-05
6687 6.196989942762013e-05
6725 8.458895984833521e-05
6727 8.612797493712278e-05
6760 1.9892587507080337e-05
6960 3.259102983841739e-05
6972 6.133906307779394e-05
6973 0.00011913044365880717
6992 4.787143878550288e-05
6995 7.843020694973282e-05
7003 8.771718405598661e-05
7067 3.508605365233e-05
7079 0.0002462203859023654
7084 0.00015447220461114937
7139 6.196989942762013e-05
7142 0.00015139340654708521
7143 0.0001523982138465608
7156 0.0001475693727081854
7157 0.00014849761844045535
7165 6.628229345501092e-05
7321 3.8200641252257444e-05
7355 0.00017215710736717137
7392 5.274239335290522e-05
7462 0.0002875104201589402
7482 2.5340342303404983e-05
7483 2.8590308184836374e-05
7503 3.173002815645075e-05
7511 0.0001786642827461757
7523 8.935997200289977e-05
7552 0.000126899584862824
7627 7.887728740211037e-05
7634 0.0001391464957049546
7685 0.00016378259903044513
7792 0.000101646679848061
7818 2.996997446737178e-05
7843 0.00012571095453322076
7844 0.00016378259903044513
7847 0.00015775871449691997
7858 4.509923582401553e-05
7863 7.64676023536449e-05
7890 9.233159952796689e-06
7893 5.131853189681648e-05
7904 6.056183085252843e-05
7977 0.00014849761844045535
7978 0.00030726931367955075
8009 2.7093186202753706e-05
8010 3.97855428110104e-05
8016 3.6571316885345003e-05
8054 2.9805618738211806e-05
8071 0.00013687950893562258
8072 0.00013837905578907654
8096 0.00013065000625947455
8109 8.285279662389543e-05
8112 0.0002537323685808453
8128 0.00013332088986277624
8144 1.8182537399726556e-05
8145 0.0001263016457352357
8204 5.1064059112276297e-05
8234 4.8109734749355606e-05
8275 0.00016007969731333051
8277 0.0002875104201589402
8279 0.00030726931367955075
8305 0.00016251677649793962
8306 0.00019268344080366
8326 0.0002059351589452662
8346 0.0001399262151792957
8349 4.919672615455441e-05
8351 0.0001376235146469122
8421 0.00020019542348213994
8444 5.815485137703107e-05
8447 4.100899018649567e-05
8474 8.408656954820681e-05
8509 0.00018617626542465564
8516 8.024367862190805e-05
8535 0.00012341728754011654
8582 0.00010774605847492284
8639 3.69498153124238e-05
8646 0.00023397347506023475
8661 7.843020694973282e-05
8663 8.001326955199571e-05
8685 0.00012571095453322076
8693 8.484211069037113e-05
8694 8.88061998220748e-05
8722 7.217400943451535e-05
8723 0.00010498321344481378
8753 0.00010614816360120087
8866 3.8493910507496085e-05
