55
82 0.012176211949419773
281 0.021426563268084734
459 0.012854780558571002
521 0.009007469504119714
704 0.03706988309495891
821 0.01642602657763137
858 0.015801100947272235
878 0.02104162727055157
1468 0.027868409993061873
1496 0.009734588785287535
1503 0.01811337160545196
1931 0.01862826446203596
2092 0.01725643253950643
2619 0.015117095467547095
2666 0.012212260541222037
2684 0.011329659936524204
2771 0.01616943730643799
3342 0.016968733531040895
3599 0.014644034155703265
3675 0.01890038350825665
4221 0.006410723085167305
4915 0.00955816534503433
4943 0.009941718496749696
5032 0.010101118774415234
5172 0.010986856750262203
5372 0.01899345126057944
5381 0.005595304484471266
5655 0.02849810038544518
5702 0.015450886986361979
5703 0.005827327679092214
5727 0.019890808466808376
5732 0.020676440472008093
5863 0.009658442800930755
5897 0.004739162702651953
6006 0.01592177471196681
6081 0.020558758756809348
6764 0.010630803476602592
6816 0.010487547503198344
6834 0.007916540178325935
6930 0.008626172444396691
6973 0.008961536559824585
7074 0.008059662521119912
7581 0.026361481229789343
7666 0.01522662965371948
8145 0.00265643890666169
8146 0.018452463390039683
8205 0.007460375324731251
8235 0.014057506756926465
8445 0.00849632845036231
8448 0.005991346238394252
8697 0.006993938728793471
8812 0.01740476252274245
8830 0.017039575724198973
8872 0.020528339511307718
8873 0.01522662965371948
