163
17 0.00012016732165868515
68 3.241760820520544e-05
74 0.00013614669170503938
118 0.0002537323685808453
160 3.6009024944890365e-05
276 4.8109734749355606e-05
278 5.558192042480493e-05
311 0.00012016732165868515
318 9.719791862251607e-05
463 2.104404381130732e-05
509 1.4811799641107606e-05
511 4.409901177660094e-05
521 6.165346047478709e-05
535 8.236790279729728e-05
551 0.0001431761810607271
553 0.00018617626542465564
554 0.00019756065060853997
773 0.00011110817958998604
855 9.464928935894339e-05
1011 8.56095506062492e-05
1096 6.950834500520415e-05
1306 4.5550455969092306e-05
1312 0.00011243128604527755
1314 0.00013401212737453773
1469 6.358367031630664e-05
1517 9.106007793564448e-05
1529 0.00022883910672981793
1706 3.382257549850835e-05
1713 4.787143878550288e-05
1777 4.871062309639001e-05
1913 0.00014576429866269
1922 7.334292682143156e-06
1929 4.2158123180710165e-05
1936 0.00011024565393173974
1984 0.00010734164596720007
2059 0.00014071861357331354
2118 6.715720793434914e-05
2119 0.0002537323685808453
2124 0.00011663084820199027
2341 8.744869066327002e-05
2371 8.858094887998e-06
2391 2.4157123570420575e-05
2493 2.5565430128539482e-05
2563 2.4450245822639586e-05
2564 4.692973938522239e-05
2571 6.593667904531496e-05
2739 7.583058115843726e-05
2762 0.00010200632301179658
2764 0.00017215710736717137
2765 0.00012936752625714268
2776 9.222735356398462e-05
2777 0.00019756065060853997
2783 8.718166847460814e-05
2785 0.00010856509334268535
2794 0.00012341728754011654
2797 0.00010347204034115494
2830 8.285279662389543e-05
2834 0.00014849761844045535
3064 0.00016128300357362823
3076 9.818910047034337e-05
3079 0.00011862016226846598
3226 8.164949036359771e-05
3307 8.408656954820681e-05
3413 8.001326955199571e-05
3414 9.852402568908913e-05
3478 7.865323446718271e-05
3482 0.00014665847838343454
3513 6.056183085252843e-05
3528 0.00026261715830791277
3627 6.491430390704548e-05
3628 7.733012801189119e-05
3654 6.663037655997976e-05
3743 3.233112827567267e-05
3746 1.903006184883404e-05
3814 0.00014576429866269
3819 6.424444555902466e-05
3875 3.285232498188492e-05
4105 9.988723143186235e-05
4220 4.3879500470736716e-05
4247 4.846937791309118e-05
4305 0.00030726931367955075
4402 6.950834500520415e-05
4533 5.685140711216779e-05
4566 9.68719546813797e-05
4618 0.0002875104201589402
4759 5.0810908270240366e-05
4834 1.7286007534181456e-05
4839 3.088397517794058e-05
4846 4.681329625334851e-05
5055 0.00013065000625947455
5056 0.00013614669170503938
5171 7.52017798211394e-05
5222 2.3001954162320978e-05
5228 4.931901336427842e-05
5411 8.164949036359771e-05
5427 3.490353872923123e-05
5469 1.1433598200043818e-05
5481 6.576478670658657e-05
5570 0.0001347133110905388
5585 0.0002199543170027505
5586 0.0002462203859023654
5669 0.0001300045474523503
5687 2.724862948448243e-05
5716 0.00015775871449691997
5854 7.178415593526694e-05
5894 1.5848029138067838e-05
5896 1.6219082409210568e-05
6000 3.4631041686461846e-05
6022 2.0770655001689466e-05
6040 0.00014488623116808087
6041 0.0001475693727081854
6130 0.00019506105515172307
6222 0.00010347204034115494
6264 4.7398314413738584e-05
6302 8.509658347491132e-05
6327 0.00010384546306881737
6467 4.669713069773751e-05
6468 4.669713069773751e-05
6566 7.082295263288685e-05
6568 3.9584588186023764e-05
6593 7.754816608258265e-05
6638 9.282164663063054e-05
6675 5.7716484755306535e-05
6730 0.00013065000625947455
6748 0.00012016732165868515
6762 7.139739654402146e-05
6763 7.27647006365303e-05
6789 4.7516165565500014e-05
6796 8.260974660633398e-05
6992 4.787143878550288e-05
7165 6.628229345501092e-05
7167 0.00011243128604527755
7174 7.256700694753944e-05
7178 3.714017269315804e-05
7291 0.00016920278300425065
7321 3.8200641252257444e-05
7324 0.0002537323685808453
7341 0.00014071861357331354
7503 3.173002815645075e-05
7518 0.00019756065060853997
7587 0.00013687950893562258
7588 0.0002462203859023654
7694 6.804811807694473e-05
7866 5.91933076971794e-05
7890 9.233159952796689e-06
7894 6.374802604546662e-05
7902 7.376538112671329e-05
7903 8.141235399539764e-05
7957 0.00011379132113009053
8024 0.00014488623116808087
8047 9.312153328472917e-05
8144 1.8182537399726556e-05
8149 0.00011811516886331826
8179 0.00017370426675739054
8193 0.00023397347506023475
8447 4.100899018649567e-05
8516 8.024367862190805e-05
8517 0.00020019542348213994
8800 0.00011379132113009053
8829 0.00011663084820199027
8841 0.0001275049519955334
8842 0.00016378259903044513
8847 0.00016007969731333051
