86
160 3.6009024944890365e-05
210 0.00015342417653056774
276 4.8109734749355606e-05
277 5.502814824397996e-05
377 0.00011913044365880717
430 2.1595466130645556e-05
509 1.4811799641107606e-05
559 0.00015554326811050196
882 0.00014665847838343454
963 0.00013614669170503938
965 0.0001391464957049546
1057 9.988723143186235e-05
1058 0.00014665847838343454
1065 0.00015554326811050196
1110 0.00015554326811050196
1658 0.00010654275221462514
1706 3.382257549850835e-05
1713 4.787143878550288e-05
2004 7.217400943451535e-05
2251 0.00017065756051371745
2371 8.858094887998e-06
2384 3.364472337590274e-05
2407 0.00017215710736717137
2563 2.4450245822639586e-05
2564 4.692973938522239e-05
2590 8.771718405598661e-05
2958 6.950834500520415e-05
2963 8.509658347491132e-05
2976 5.461691012835996e-05
3303 0.00010058340652177312
3682 0.0001239806629188251
3683 0.00017370426675739054
3719 2.489326185102742e-05
4314 3.1644758795232604e-05
4390 8.825864993225359e-05
4628 0.00011566583790554528
4629 0.00015890538922556517
4676 1.811794967986411e-05
4839 3.088397517794058e-05
4846 4.681329625334851e-05
4933 2.564069103539461e-05
4942 6.804811807694473e-05
5215 0.0001300045474523503
5254 5.9796800580258657e-05
5430 6.441104889224853e-05
5433 0.0002059351589452662
5687 2.724862948448243e-05
5810 5.261121850249547e-05
5888 8.358930576913648e-05
5889 0.00013837905578907654
6000 3.4631041686461846e-05
6014 9.818910047034337e-05
6261 0.00014576429866269
6399 8.212725328354177e-05
6408 4.3989132524856074e-05
6413 9.590694438493474e-05
6568 3.9584588186023764e-05
6569 4.981125419104163e-05
6586 5.24803957997587e-05
6588 6.576478670658657e-05
6682 6.698096388147314e-05
6725 8.458895984833521e-05
6727 8.612797493712278e-05
6728 9.527405980765772e-05
6833 2.7093186202753706e-05
6905 2.9805618738211806e-05
6919 7.3968006896828e-05
6920 9.403242760948e-05
6960 3.259102983841739e-05
6972 6.133906307779394e-05
6973 0.00011913044365880717
7165 6.628229345501092e-05
7321 3.8200641252257444e-05
7392 5.274239335290522e-05
7482 2.5340342303404983e-05
7483 2.8590308184836374e-05
7660 0.00011913044365880717
7818 2.996997446737178e-05
8054 2.9805618738211806e-05
8058 8.853165584237468e-05
8059 0.00011425323385392718
8060 0.0001147195668623605
8072 0.00013837905578907654
8144 1.8182537399726556e-05
8447 4.100899018649567e-05
8866 3.8493910507496085e-05
