667
52 9.785646144837983e-05
53 0.00010200632301179658
56 0.0001027336712532598
68 3.241760820520544e-05
69 0.00010460100421098168
92 0.00010774605847492284
93 0.00010982004923951138
97 8.612797493712278e-05
129 0.0001786642827461757
132 8.334256383691721e-05
138 5.5304247721948624e-05
148 0.00010614816360120087
158 1.722259642893919e-05
160 3.6009024944890365e-05
161 8.88061998220748e-05
219 0.00018825025618924418
225 4.311890533715833e-05
238 0.00012176521653240713
240 0.00010347204034115494
246 0.0001002340757964429
276 4.8109734749355606e-05
277 5.502814824397996e-05
278 5.558192042480493e-05
295 6.969398876306011e-05
300 0.00023971321052336105
320 0.00017370426675739054
377 0.00011913044365880717
378 7.955569410086921e-05
380 0.0001423431449207802
384 0.00016920278300425065
397 0.00013614669170503938
412 6.391293797104737e-05
413 7.562007790453742e-05
427 0.0001440237055098346
429 0.00020019542348213994
430 2.1595466130645556e-05
432 0.0002537323685808453
436 6.181142310095298e-05
449 6.628229345501092e-05
458 0.00011198624708459517
463 2.104404381130732e-05
473 4.858985121920245e-05
489 0.00019756065060853997
500 0.0002199543170027505
503 0.00030726931367955075
509 1.4811799641107606e-05
521 6.165346047478709e-05
527 0.0001431761810607271
535 8.236790279729728e-05
549 6.786862826996617e-05
559 0.00015554326811050196
573 0.00014576429866269
585 0.0002537323685808453
632 6.4078409870285e-05
633 0.00010058340652177312
645 6.341986704442123e-05
655 0.00022419450561242282
657 0.0002875104201589402
668 8.63892700805903e-05
686 0.0002537323685808453
706 6.525271795805037e-05
708 9.654815662959692e-05
712 0.00019506105515172307
713 0.00022419450561242282
723 6.212889280683989e-05
725 0.00019268344080366
751 0.00011614595437539213
765 7.499396958083494e-05
768 0.00022883910672981793
882 0.00014665847838343454
884 0.00012936752625714268
886 0.0001677901789526326
888 0.00020908021320920737
891 5.757123449128065e-05
1057 9.988723143186235e-05
1058 0.00014665847838343454
1064 0.00026261715830791277
1079 0.00026261715830791277
1083 7.178415593526694e-05
1096 6.950834500520415e-05
1110 0.00015554326811050196
1126 4.895306850942043e-05
1130 8.665197383001834e-05
1140 3.8493910507496085e-05
1145 9.920086195142229e-05
1164 8.408656954820681e-05
1165 8.433711728522342e-05
1173 9.077257605451787e-05
1177 0.00010347204034115494
1216 4.5550455969092306e-05
1234 2.8271279696782107e-05
1243 0.00012341728754011654
1265 6.576478670658657e-05
1266 0.00018617626542465564
1267 0.00021244233432427055
1269 8.433711728522342e-05
1299 0.00020019542348213994
1364 0.00016378259903044513
1374 9.920086195142229e-05
1379 0.0002875104201589402
1382 0.00011862016226846598
1384 0.00016251677649793962
1391 6.491430390704548e-05
1406 0.0002734912621014559
1412 6.804811807694473e-05
1418 6.424444555902466e-05
1468 0.00015554326811050196
1476 0.00018825025618924418
1497 6.663037655997976e-05
1504 0.0001239806629188251
1511 9.312153328472917e-05
1521 0.00011110817958998604
1524 0.0001300045474523503
1559 0.00011425323385392718
1565 0.00015342417653056774
1566 0.00016920278300425065
1568 0.00018617626542465564
1578 0.00010856509334268535
1583 8.88061998220748e-05
1587 9.954283828468142e-05
1589 0.00015890538922556517
1638 7.33626397641186e-05
1641 7.583058115843726e-05
1642 0.0001786642827461757
1658 0.00010654275221462514
1659 0.0001786642827461757
1665 0.00013263932032595027
1671 7.64676023536449e-05
1706 3.382257549850835e-05
1707 0.00015554326811050196
1713 4.787143878550288e-05
1722 8.117636599183342e-05
1725 0.0002462203859023654
1733 0.00011243128604527755
1759 0.0001391464957049546
1765 0.00016920278300425065
1798 0.00010498321344481378
1802 0.00022883910672981793
1848 6.508321716976057e-05
1888 6.071628875522179e-05
1897 0.00018227567001855016
1922 7.334292682143156e-06
1929 4.2158123180710165e-05
1936 0.00011024565393173974
1949 0.00012571095453322076
1956 0.0001128804268053397
1957 8.88061998220748e-05
1960 0.00011712061541501202
1965 0.00030726931367955075
1970 0.00012122674224136485
1973 0.0001275049519955334
1984 0.00010734164596720007
1985 9.496067334174995e-05
2032 0.00011024565393173974
2065 0.00016128300357362823
2083 0.00010422176939821458
2084 0.00022419450561242282
2093 0.00011811516886331826
2118 6.715720793434914e-05
2144 0.0001263016457352357
2146 0.0001347133110905388
2166 0.00026261715830791277
2167 8.744869066327002e-05
2184 0.00013130412920165632
2201 0.00017215710736717137
2231 0.00021605372159664503
2245 0.0002734912621014559
2251 0.00017065756051371745
2278 0.00013837905578907654
2294 8.535239208071232e-05
2303 0.0002059351589452662
2371 8.858094887998e-06
2377 0.0001228603508781383
2384 3.364472337590274e-05
2391 2.4157123570420575e-05
2404 0.00012341728754011654
2407 0.00017215710736717137
2434 0.00010536844412685977
2448 8.825864993225359e-05
2455 0.00010128967145643295
2493 2.5565430128539482e-05
2509 0.00020019542348213994
2526 8.070779096331723e-05
2550 5.3403616896513294e-05
2559 7.604199766141655e-05
2563 2.4450245822639586e-05
2564 4.692973938522239e-05
2580 8.992010952057247e-05
2581 0.00016920278300425065
2586 9.502842032885344e-06
2589 0.0001228603508781383
2607 3.3290954653437934e-05
2618 4.846937791309118e-05
2620 0.00010347204034115494
2670 0.00026261715830791277
2673 0.00014849761844045535
2689 0.0001300045474523503
2718 8.88061998220748e-05
2725 0.00010536844412685977
2739 7.583058115843726e-05
2762 0.00010200632301179658
2764 0.00017215710736717137
2773 0.00011067500849334801
2797 0.00010347204034115494
2829 0.00023971321052336105
2830 8.285279662389543e-05
2843 7.33626397641186e-05
2850 9.252359415714085e-05
2890 0.0001415241100530177
2955 4.7516165565500014e-05
2958 6.950834500520415e-05
2963 8.509658347491132e-05
2976 5.461691012835996e-05
2982 7.197869283035229e-05
2983 0.00023971321052336105
3031 8.691610145495967e-05
3067 0.00010093525951244397
3097 0.00012230970742046953
3103 0.00012122674224136485
3104 0.00010939812948263226
3126 0.00026261715830791277
3137 0.00011379132113009053
3147 0.00012936752625714268
3185 0.00010939812948263226
3214 8.001326955199571e-05
3216 0.00026261715830791277
3228 4.566391685271689e-05
3229 4.669713069773751e-05
3230 4.692973938522239e-05
3303 0.00010058340652177312
3337 0.00015775871449691997
3338 0.00016007969731333051
3372 6.542281037332744e-05
3375 0.00010236864012694453
3383 0.00010815385522706535
3395 7.541048004377448e-05
3401 0.0001504088997800851
3413 8.001326955199571e-05
3414 9.852402568908913e-05
3421 8.586807337437805e-05
3465 5.7716484755306535e-05
3474 0.00011862016226846598
3475 0.000126899584862824
3478 7.865323446718271e-05
3482 0.00014665847838343454
3545 6.071628875522179e-05
3553 0.00018227567001855016
3557 0.00015775871449691997
3572 5.234992335902794e-05
3576 5.3536945098705395e-05
3582 0.00010815385522706535
3583 0.00011663084820199027
3586 6.228840662358072e-05
3596 8.285279662389543e-05
3605 5.380470086849468e-05
3626 0.00015342417653056774
3654 6.663037655997976e-05
3657 4.716346370617082e-05
3675 0.00011519040557349246
3676 0.00012936752625714268
3682 0.0001239806629188251
3683 0.00017370426675739054
3704 0.00013130412920165632
3719 2.489326185102742e-05
3723 6.859058854884968e-05
3743 3.233112827567267e-05
3760 0.00010614816360120087
3766 5.131853189681648e-05
3782 0.00013614669170503938
3788 0.0001300045474523503
3789 0.00016508218077975113
3819 6.424444555902466e-05
3832 3.3290954653437934e-05
3872 9.164022082905678e-05
3875 3.285232498188492e-05
3926 0.00011110817958998604
3932 4.895306850942043e-05
3943 7.689695691525318e-05
3946 0.0002059351589452662
3951 9.920086195142229e-05
3954 0.00010774605847492284
3969 6.0101372993599195e-05
3970 6.663037655997976e-05
3973 0.00018227567001855016
4005 9.222735356398462e-05
4015 8.798716495431228e-05
4027 0.00016378259903044513
4028 0.0002537323685808453
4105 9.988723143186235e-05
4108 9.654815662959692e-05
4136 0.00013196715204843822
4137 0.00023397347506023475
4138 0.00016251677649793962
4139 0.00017215710736717137
4154 0.00012571095453322076
4159 0.00018825025618924418
4160 0.00020019542348213994
4189 4.981125419104163e-05
4203 0.00011614595437539213
4224 8.236790279729728e-05
4225 0.00010897983139923425
4286 0.0001228603508781383
4288 0.0001423431449207802
4289 0.0002199543170027505
4296 9.527405980765772e-05
4314 3.1644758795232604e-05
4329 3.676019862375966e-05
4345 5.131853189681648e-05
4348 8.212725328354177e-05
4363 7.025520142447097e-05
4371 0.00013263932032595027
4384 0.0001753021616311125
4388 0.0001415241100530177
4390 8.825864993225359e-05
4401 0.00021244233432427055
4402 6.950834500520415e-05
4406 6.508321716976057e-05
4408 0.00013687950893562258
4432 6.4078409870285e-05
4450 0.00019756065060853997
4453 3.6854914742017664e-05
4467 5.5861184383926875e-05
4470 0.00015890538922556517
4481 9.282164663063054e-05
4495 3.207260550754382e-05
4525 9.818910047034337e-05
4546 7.625433537211054e-05
4563 4.728074758348793e-05
4577 3.9085797470059324e-05
4637 0.00021244233432427055
4652 4.476354154013861e-05
4659 6.610917985376751e-05
4676 1.811794967986411e-05
4696 0.0002199543170027505
4699 3.676019862375966e-05
4723 9.106007793564448e-05
4759 5.0810908270240366e-05
4776 0.0001664173719040451
4777 0.00016920278300425065
4818 9.048676041112919e-05
4829 8.383730339089555e-05
4834 1.7286007534181456e-05
4839 3.088397517794058e-05
4846 4.681329625334851e-05
4908 9.372690041743856e-05
4911 6.341986704442123e-05
4913 6.457822376461287e-05
4914 6.542281037332744e-05
4933 2.564069103539461e-05
4942 6.804811807694473e-05
4972 4.681329625334851e-05
4981 0.00016508218077975113
4999 0.00023971321052336105
5024 6.025437603138515e-05
5031 6.913916575845257e-05
5051 0.0001281179340087181
5079 0.0001415241100530177
5080 0.00010575674440844711
5107 0.00014944388948364012
5166 0.0001347133110905388
5170 0.0001128804268053397
5171 7.52017798211394e-05
5215 0.0001300045474523503
5217 7.159039254876493e-05
5222 2.3001954162320978e-05
5242 6.786862826996617e-05
5254 5.9796800580258657e-05
5264 0.00011425323385392718
5265 0.00026261715830791277
5281 0.00023397347506023475
5315 0.00030726931367955075
5320 0.00022419450561242282
5321 0.0002462203859023654
5334 9.719791862251607e-05
5335 9.852402568908913e-05
5359 0.00014071861357331354
5378 0.00010347204034115494
5379 2.541525611908456e-05
5380 3.8298201700263376e-05
5395 3.215862746722012e-05
5427 3.490353872923123e-05
5430 6.441104889224853e-05
5434 7.159039254876493e-05
5436 0.00018825025618924418
5443 0.00011712061541501202
5447 0.00016251677649793962
5451 0.00019506105515172307
5452 0.00020019542348213994
5454 0.00026261715830791277
5469 1.1433598200043818e-05
5553 0.00022419450561242282
5556 0.00020019542348213994
5588 6.913916575845257e-05
5602 0.00018825025618924418
5611 0.00012122674224136485
5665 0.00018418695135817993
5666 0.00021244233432427055
5676 9.312153328472917e-05
5687 2.724862948448243e-05
5696 0.00017695423263882194
5699 8.260974660633398e-05
5702 3.9886331735258645e-05
5738 9.19329029551259e-05
5739 0.0001281179340087181
5740 0.00015447220461114937
5743 0.00022883910672981793
5787 0.00013687950893562258
5797 5.544288630052885e-05
5810 5.261121850249547e-05
5826 0.0001391464957049546
5828 0.00018227567001855016
5834 6.804811807694473e-05
5854 7.178415593526694e-05
5858 6.663037655997976e-05
5868 7.256700694753944e-05
5888 8.358930576913648e-05
5889 0.00013837905578907654
5894 1.5848029138067838e-05
5896 1.6219082409210568e-05
5911 7.47870417645905e-05
5975 0.00010460100421098168
5981 0.0001664173719040451
5982 0.0001376235146469122
5984 3.088397517794058e-05
5988 7.044371782011974e-05
5989 0.00013130412920165632
6000 3.4631041686461846e-05
6012 0.00014665847838343454
6014 9.818910047034337e-05
6018 0.0001431761810607271
6022 2.0770655001689466e-05
6033 0.00011519040557349246
6035 9.818910047034337e-05
6036 0.00017370426675739054
6037 0.00018617626542465564
6043 0.0001504088997800851
6045 0.00016920278300425065
6046 0.00017370426675739054
6053 0.00018227567001855016
6064 0.00010498321344481378
6067 0.00016378259903044513
6068 0.00023397347506023475
6079 0.0001251273376474703
6084 7.843020694973282e-05
6085 0.00011862016226846598
6092 0.00014576429866269
6094 0.00011761535496899039
6106 7.217400943451535e-05
6108 0.0001804365299615294
6109 0.00016920278300425065
6124 0.00019041645403432799
6134 0.00013332088986277624
6159 7.101368253390731e-05
6160 7.955569410086921e-05
6187 0.0002875104201589402
6197 5.5304247721948624e-05
6208 0.0001228603508781383
6214 0.0001664173719040451
6242 3.105201474962982e-05
6245 0.0002875104201589402
6261 0.00014576429866269
6264 4.7398314413738584e-05
6294 0.00017065756051371745
6295 0.00020019542348213994
6297 9.164022082905678e-05
6309 0.0001147195668623605
6322 0.00023971321052336105
6327 0.00010384546306881737
6328 9.920086195142229e-05
6345 0.0001251273376474703
6356 6.733409171295719e-05
6366 0.0001251273376474703
6391 0.00021605372159664503
6393 0.00014944388948364012
6399 8.212725328354177e-05
6408 4.3989132524856074e-05
6409 0.00010575674440844711
6410 0.00016007969731333051
6413 9.590694438493474e-05
6429 5.815485137703107e-05
6431 0.00016251677649793962
6461 0.00014849761844045535
6462 0.0001786642827461757
6466 0.00019268344080366
6467 4.669713069773751e-05
6468 4.669713069773751e-05
6485 0.00019268344080366
6487 0.00012936752625714268
6490 2.724862948448243e-05
6497 0.0001664173719040451
6502 0.0001423431449207802
6507 6.212889280683989e-05
6536 7.499396958083494e-05
6565 0.00011333374567896404
6568 3.9584588186023764e-05
6569 4.981125419104163e-05
6589 5.9343481706634316e-05
6593 7.754816608258265e-05
6605 0.00010200632301179658
6619 5.7716484755306535e-05
6633 0.00011811516886331826
6634 0.0002059351589452662
6635 0.0002734912621014559
6661 5.889434094657216e-05
6665 0.00012936752625714268
6667 0.00012069415303305452
6670 0.00010734164596720007
6675 5.7716484755306535e-05
6682 6.698096388147314e-05
6686 0.00011333374567896404
6687 6.196989942762013e-05
6691 0.0001804365299615294
6725 8.458895984833521e-05
6727 8.612797493712278e-05
6728 9.527405980765772e-05
6760 1.9892587507080337e-05
6773 0.00013542473142615584
6789 4.7516165565500014e-05
6796 8.260974660633398e-05
6833 2.7093186202753706e-05
6834 0.00019506105515172307
6885 5.131853189681648e-05
6893 9.252359415714085e-05
6894 9.252359415714085e-05
6905 2.9805618738211806e-05
6919 7.3968006896828e-05
6929 5.904359505253569e-05
6934 0.00010200632301179658
6955 0.0002059351589452662
6960 3.259102983841739e-05
6967 0.00010536844412685977
6972 6.133906307779394e-05
6973 0.00011913044365880717
6992 4.787143878550288e-05
6995 7.843020694973282e-05
6999 6.309390310328486e-05
7003 8.771718405598661e-05
7006 0.0002734912621014559
7021 0.0001677901789526326
7067 3.508605365233e-05
7073 5.516600244482883e-05
7079 0.0002462203859023654
7084 0.00015447220461114937
7124 6.859058854884968e-05
7139 6.196989942762013e-05
7161 0.0001423431449207802
7162 0.00015447220461114937
7165 6.628229345501092e-05
7174 7.256700694753944e-05
7260 0.0001664173719040451
7311 0.0001475693727081854
7314 0.00023971321052336105
7321 3.8200641252257444e-05
7344 8.96392359620217e-05
7345 0.00011425323385392718
7369 9.372690041743856e-05
7390 0.00013065000625947455
7392 5.274239335290522e-05
7406 6.698096388147314e-05
7407 0.0001786642827461757
7408 8.691610145495967e-05
7433 0.0002875104201589402
7462 0.0002875104201589402
7469 7.887728740211037e-05
7482 2.5340342303404983e-05
7483 2.8590308184836374e-05
7491 0.0001147195668623605
7503 3.173002815645075e-05
7511 0.0001786642827461757
7523 8.935997200289977e-05
7552 0.000126899584862824
7559 8.509658347491132e-05
7660 0.00011913044365880717
7664 0.0001196461249524729
7698 0.0001504088997800851
7740 0.00021244233432427055
7741 0.0002875104201589402
7792 0.000101646679848061
7799 9.403242760948e-05
7808 4.7398314413738584e-05
7816 0.00014071861357331354
7818 2.996997446737178e-05
7843 0.00012571095453322076
7844 0.00016378259903044513
7847 0.00015775871449691997
7850 0.000126899584862824
7858 4.509923582401553e-05
7862 9.077257605451787e-05
7863 7.64676023536449e-05
7866 5.91933076971794e-05
7890 9.233159952796689e-06
7893 5.131853189681648e-05
7894 6.374802604546662e-05
7904 6.056183085252843e-05
7906 0.00018418695135817993
7907 0.00019756065060853997
7911 0.00010774605847492284
7913 0.00018825025618924418
7938 4.907474504580058e-05
7942 9.134928606937549e-05
8009 2.7093186202753706e-05
8010 3.97855428110104e-05
8014 0.0001804365299615294
8016 3.6571316885345003e-05
8042 6.663037655997976e-05
8054 2.9805618738211806e-05
8069 5.287392225192349e-05
8071 0.00013687950893562258
8072 0.00013837905578907654
8081 0.0001664173719040451
8109 8.285279662389543e-05
8112 0.0002537323685808453
8128 0.00013332088986277624
8144 1.8182537399726556e-05
8145 0.0001263016457352357
8156 0.0002199543170027505
8186 9.252359415714085e-05
8204 5.1064059112276297e-05
8213 0.0001376235146469122
8234 4.8109734749355606e-05
8275 0.00016007969731333051
8277 0.0002875104201589402
8305 0.00016251677649793962
8306 0.00019268344080366
8346 0.0001399262151792957
8349 4.919672615455441e-05
8351 0.0001376235146469122
8353 0.00022883910672981793
8354 0.0002462203859023654
8447 4.100899018649567e-05
8483 0.0001504088997800851
8486 0.00018418695135817993
8489 0.00013837905578907654
8509 0.00018617626542465564
8511 0.0002462203859023654
8513 4.3335009582674306e-05
8516 8.024367862190805e-05
8517 0.00020019542348213994
8520 5.874554257904601e-05
8521 6.610917985376751e-05
8533 0.00013687950893562258
8534 0.0001753021616311125
8539 7.955569410086921e-05
8550 0.00013542473142615584
8582 0.00010774605847492284
8639 3.69498153124238e-05
8661 7.843020694973282e-05
8663 8.001326955199571e-05
8685 0.00012571095453322076
8693 8.484211069037113e-05
8694 8.88061998220748e-05
8695 4.476354154013861e-05
8696 4.787143878550288e-05
8700 0.00016508218077975113
8701 0.00019268344080366
8722 7.217400943451535e-05
8723 0.00010498321344481378
8738 8.853165584237468e-05
8753 0.00010614816360120087
8781 8.63892700805903e-05
8788 0.00022883910672981793
8813 4.431951634967444e-05
8841 0.0001275049519955334
8842 0.00016378259903044513
8844 0.0001523982138465608
8845 0.0001431761810607271
8866 3.8493910507496085e-05
