555
15 6.0101372993599195e-05
53 0.00010200632301179658
58 3.9886331735258645e-05
68 3.241760820520544e-05
69 0.00010460100421098168
72 0.00013837905578907654
92 0.00010774605847492284
93 0.00010982004923951138
109 0.00011913044365880717
132 8.334256383691721e-05
134 0.0001376235146469122
158 1.722259642893919e-05
160 3.6009024944890365e-05
210 0.00015342417653056774
243 6.309390310328486e-05
245 0.00013196715204843822
246 0.0001002340757964429
276 4.8109734749355606e-05
277 5.502814824397996e-05
290 5.516600244482883e-05
310 8.408656954820681e-05
330 6.358367031630664e-05
334 9.252359415714085e-05
394 0.00018227567001855016
396 0.0002199543170027505
430 2.1595466130645556e-05
443 5.859719717528758e-05
446 0.00010058340652177312
449 6.628229345501092e-05
458 0.00011198624708459517
459 8.798716495431228e-05
463 2.104404381130732e-05
466 0.00013401212737453773
473 4.858985121920245e-05
479 0.00017065756051371745
498 0.00016007969731333051
509 1.4811799641107606e-05
522 0.00011110817958998604
571 0.0001804365299615294
621 0.00011110817958998604
624 0.0001300045474523503
626 0.00013263932032595027
722 0.00011663084820199027
723 6.212889280683989e-05
726 6.4078409870285e-05
744 0.00018418695135817993
751 0.00011614595437539213
765 7.499396958083494e-05
773 0.00011110817958998604
775 0.00016251677649793962
891 5.757123449128065e-05
900 0.00020019542348213994
907 0.00026261715830791277
963 0.00013614669170503938
965 0.0001391464957049546
977 0.00010384546306881737
979 0.0001415241100530177
1011 8.56095506062492e-05
1014 0.00017695423263882194
1031 0.00021605372159664503
1032 0.0002462203859023654
1055 0.00011614595437539213
1102 8.285279662389543e-05
1103 9.527405980765772e-05
1111 9.886126874785542e-05
1126 4.895306850942043e-05
1127 0.00018418695135817993
1173 9.077257605451787e-05
1177 0.00010347204034115494
1195 0.00018825025618924418
1208 0.00012571095453322076
1216 4.5550455969092306e-05
1217 9.818910047034337e-05
1220 0.0001251273376474703
1234 2.8271279696782107e-05
1258 0.00015890538922556517
1265 6.576478670658657e-05
1269 8.433711728522342e-05
1350 6.374802604546662e-05
1391 6.491430390704548e-05
1412 6.804811807694473e-05
1418 6.424444555902466e-05
1497 6.663037655997976e-05
1500 0.00010310145735752775
1504 0.0001239806629188251
1517 9.106007793564448e-05
1572 0.00014849761844045535
1605 0.00023397347506023475
1610 9.590694438493474e-05
1611 0.0001786642827461757
1621 0.00011198624708459517
1622 0.00011333374567896404
1706 3.382257549850835e-05
1713 4.787143878550288e-05
1719 0.0001504088997800851
1777 4.871062309639001e-05
1778 0.0001287387249198448
1888 6.071628875522179e-05
1918 0.0001376235146469122
1919 0.00014071861357331354
1922 7.334292682143156e-06
1929 4.2158123180710165e-05
1957 8.88061998220748e-05
1987 0.00012571095453322076
1993 0.00014576429866269
1994 0.0001504088997800851
2004 7.217400943451535e-05
2025 0.00012571095453322076
2026 8.535239208071232e-05
2040 4.7398314413738584e-05
2044 0.00010536844412685977
2063 0.00019756065060853997
2075 0.00021244233432427055
2093 0.00011811516886331826
2114 0.00016251677649793962
2124 0.00011663084820199027
2144 0.0001263016457352357
2146 0.0001347133110905388
2148 8.383730339089555e-05
2149 8.408656954820681e-05
2225 0.0002059351589452662
2266 0.0001347133110905388
2310 0.0001391464957049546
2312 0.00017065756051371745
2321 8.691610145495967e-05
2341 8.744869066327002e-05
2343 0.0001263016457352357
2351 0.0002199543170027505
2371 8.858094887998e-06
2384 3.364472337590274e-05
2389 8.070779096331723e-05
2390 0.00014576429866269
2391 2.4157123570420575e-05
2398 0.0001027336712532598
2411 0.00013837905578907654
2417 8.63892700805903e-05
2421 0.00015447220461114937
2439 5.502814824397996e-05
2448 8.825864993225359e-05
2455 0.00010128967145643295
2479 0.00013542473142615584
2492 0.00017065756051371745
2493 2.5565430128539482e-05
2523 0.0001504088997800851
2526 8.070779096331723e-05
2559 7.604199766141655e-05
2563 2.4450245822639586e-05
2564 4.692973938522239e-05
2582 7.458098891001271e-05
2586 9.502842032885344e-06
2590 8.771718405598661e-05
2599 0.00012341728754011654
2600 0.00014849761844045535
2607 3.3290954653437934e-05
2618 4.846937791309118e-05
2656 0.00019041645403432799
2680 0.00022883910672981793
2681 0.0002537323685808453
2689 0.0001300045474523503
2718 8.88061998220748e-05
2721 0.0001475693727081854
2722 0.00014944388948364012
2723 0.00018227567001855016
2840 0.00014944388948364012
2894 0.00013130412920165632
2903 8.718166847460814e-05
2937 0.0002059351589452662
2955 4.7516165565500014e-05
2958 6.950834500520415e-05
2963 8.509658347491132e-05
2976 5.461691012835996e-05
2977 0.00015890538922556517
2982 7.197869283035229e-05
2995 0.0002734912621014559
3076 9.818910047034337e-05
3084 0.0002875104201589402
3123 0.00021605372159664503
3156 9.342327683396404e-05
3161 0.00010536844412685977
3212 7.356359438910525e-05
3213 0.0001300045474523503
3223 0.00013687950893562258
3228 4.566391685271689e-05
3229 4.669713069773751e-05
3230 4.692973938522239e-05
3307 8.408656954820681e-05
3367 0.00017065756051371745
3372 6.542281037332744e-05
3395 7.541048004377448e-05
3421 8.586807337437805e-05
3430 0.0002059351589452662
3442 0.00020908021320920737
3450 0.00011198624708459517
3478 7.865323446718271e-05
3479 0.0001245506276326127
3511 0.00016007969731333051
3519 8.586807337437805e-05
3572 5.234992335902794e-05
3576 5.3536945098705395e-05
3586 6.228840662358072e-05
3627 6.491430390704548e-05
3628 7.733012801189119e-05
3654 6.663037655997976e-05
3657 4.716346370617082e-05
3723 6.859058854884968e-05
3724 5.7716484755306535e-05
3729 0.00012936752625714268
3731 5.3138049876864844e-05
3743 3.233112827567267e-05
3756 0.00014576429866269
3757 0.00017370426675739054
3766 5.131853189681648e-05
3786 0.00010058340652177312
3812 0.00023971321052336105
3819 6.424444555902466e-05
3832 3.3290954653437934e-05
3835 0.00011811516886331826
3849 0.00023397347506023475
3875 3.285232498188492e-05
3881 0.00020298083458234552
3887 5.5861184383926875e-05
3891 8.334256383691721e-05
3892 0.00011110817958998604
3926 0.00011110817958998604
3932 4.895306850942043e-05
3940 0.00019041645403432799
3943 7.689695691525318e-05
3951 9.920086195142229e-05
3952 0.0001804365299615294
3953 0.00021244233432427055
3954 0.00010774605847492284
3969 6.0101372993599195e-05
3971 0.0002059351589452662
3994 0.0001147195668623605
3996 7.417147870601431e-05
4005 9.222735356398462e-05
4128 0.00016128300357362823
4189 4.981125419104163e-05
4224 8.236790279729728e-05
4225 0.00010897983139923425
4247 4.846937791309118e-05
4266 0.00015342417653056774
4267 0.00011519040557349246
4290 5.656642719180506e-05
4291 7.843020694973282e-05
4314 3.1644758795232604e-05
4315 7.256700694753944e-05
4321 0.00010200632301179658
4329 3.676019862375966e-05
4345 5.131853189681648e-05
4349 0.0001415241100530177
4363 7.025520142447097e-05
4392 8.334256383691721e-05
4398 6.325661252824365e-05
4423 0.0001128804268053397
4453 3.6854914742017664e-05
4460 0.00011862016226846598
4495 3.207260550754382e-05
4513 9.19329029551259e-05
4563 4.728074758348793e-05
4567 6.341986704442123e-05
4577 3.9085797470059324e-05
4628 0.00011566583790554528
4629 0.00015890538922556517
4652 4.476354154013861e-05
4654 0.0001523982138465608
4658 8.334256383691721e-05
4659 6.610917985376751e-05
4676 1.811794967986411e-05
4699 3.676019862375966e-05
4712 8.484211069037113e-05
4718 0.0001147195668623605
4735 0.00021244233432427055
4736 0.00021605372159664503
4759 5.0810908270240366e-05
4808 0.0001245506276326127
4834 1.7286007534181456e-05
4837 0.00016508218077975113
4839 3.088397517794058e-05
4846 4.681329625334851e-05
4878 6.969398876306011e-05
4885 0.0001027336712532598
4887 0.00018418695135817993
4911 6.341986704442123e-05
4913 6.457822376461287e-05
4914 6.542281037332744e-05
4926 0.00010236864012694453
4927 0.00010236864012694453
4933 2.564069103539461e-05
4940 0.0002059351589452662
4941 0.00021605372159664503
4942 6.804811807694473e-05
4943 0.0001677901789526326
5018 0.00010982004923951138
5024 6.025437603138515e-05
5031 6.913916575845257e-05
5080 0.00010575674440844711
5107 0.00014944388948364012
5161 5.502814824397996e-05
5162 5.6001418804450566e-05
5170 0.0001128804268053397
5177 6.196989942762013e-05
5179 0.00013687950893562258
5198 0.00010654275221462514
5217 7.159039254876493e-05
5218 0.00020908021320920737
5242 6.786862826996617e-05
5275 0.00017065756051371745
5276 0.00021244233432427055
5289 0.0001300045474523503
5307 0.00013263932032595027
5378 0.00010347204034115494
5379 2.541525611908456e-05
5380 3.8298201700263376e-05
5395 3.215862746722012e-05
5412 0.00010856509334268535
5430 6.441104889224853e-05
5436 0.00018825025618924418
5437 0.00013065000625947455
5448 9.954283828468142e-05
5469 1.1433598200043818e-05
5484 0.00012936752625714268
5509 8.935997200289977e-05
5547 0.00017695423263882194
5550 4.944160821510571e-05
5557 0.0001786642827461757
5569 9.527405980765772e-05
5605 0.0002537323685808453
5618 0.00014071861357331354
5622 6.733409171295719e-05
5624 0.0001415241100530177
5625 0.0001347133110905388
5631 0.00015663840245623315
5632 0.00026261715830791277
5674 0.00010236864012694453
5676 9.312153328472917e-05
5687 2.724862948448243e-05
5691 8.383730339089555e-05
5702 3.9886331735258645e-05
5722 0.00019268344080366
5787 0.00013687950893562258
5806 7.910237522724487e-05
5810 5.261121850249547e-05
5811 0.00010310145735752775
5834 6.804811807694473e-05
5854 7.178415593526694e-05
5858 6.663037655997976e-05
5862 6.610917985376751e-05
5868 7.256700694753944e-05
5888 8.358930576913648e-05
5891 0.00010310145735752775
5892 0.00011712061541501202
5894 1.5848029138067838e-05
5896 1.6219082409210568e-05
5911 7.47870417645905e-05
5932 0.00015663840245623315
5934 5.434466680855229e-05
5938 5.91933076971794e-05
5941 0.00016251677649793962
5961 0.0002875104201589402
5981 0.0001664173719040451
5984 3.088397517794058e-05
5985 7.52017798211394e-05
5987 7.798719092134497e-05
5988 7.044371782011974e-05
5989 0.00013130412920165632
6000 3.4631041686461846e-05
6006 0.0001664173719040451
6007 0.00030726931367955075
6012 0.00014665847838343454
6013 0.00016128300357362823
6022 2.0770655001689466e-05
6030 0.0001391464957049546
6035 9.818910047034337e-05
6038 0.00011663084820199027
6057 0.00011024565393173974
6064 0.00010498321344481378
6084 7.843020694973282e-05
6087 0.00010236864012694453
6101 0.0002059351589452662
6106 7.217400943451535e-05
6162 0.0001128804268053397
6164 0.0001300045474523503
6166 0.0001786642827461757
6168 0.00021605372159664503
6197 5.5304247721948624e-05
6211 7.356359438910525e-05
6215 0.00013614669170503938
6229 7.458098891001271e-05
6230 0.0001239806629188251
6242 3.105201474962982e-05
6264 4.7398314413738584e-05
6292 8.853165584237468e-05
6318 0.00019041645403432799
6334 0.00014944388948364012
6338 0.00016920278300425065
6343 0.00030726931367955075
6356 6.733409171295719e-05
6378 0.00021244233432427055
6387 9.558947467904783e-05
6399 8.212725328354177e-05
6475 8.691610145495967e-05
6476 0.00010774605847492284
6490 2.724862948448243e-05
6491 7.604199766141655e-05
6506 8.88061998220748e-05
6507 6.212889280683989e-05
6531 0.0002059351589452662
6566 7.082295263288685e-05
6568 3.9584588186023764e-05
6569 4.981125419104163e-05
6586 5.24803957997587e-05
6588 6.576478670658657e-05
6589 5.9343481706634316e-05
6593 7.754816608258265e-05
6598 0.00012936752625714268
6600 0.00013065000625947455
6614 8.484211069037113e-05
6619 5.7716484755306535e-05
6654 0.00016251677649793962
6667 0.00012069415303305452
6670 0.00010734164596720007
6675 5.7716484755306535e-05
6706 7.910237522724487e-05
6725 8.458895984833521e-05
6727 8.612797493712278e-05
6753 0.00011862016226846598
6760 1.9892587507080337e-05
6789 4.7516165565500014e-05
6794 0.00014849761844045535
6796 8.260974660633398e-05
6798 0.00018418695135817993
6833 2.7093186202753706e-05
6885 5.131853189681648e-05
6905 2.9805618738211806e-05
6919 7.3968006896828e-05
6920 9.403242760948e-05
6929 5.904359505253569e-05
6931 0.0001196461249524729
6943 0.00017065756051371745
6960 3.259102983841739e-05
6967 0.00010536844412685977
6968 0.0001287387249198448
6979 0.00030726931367955075
6980 0.00011379132113009053
6981 0.0002875104201589402
6982 0.0001147195668623605
6992 4.787143878550288e-05
7042 0.00017065756051371745
7067 3.508605365233e-05
7073 5.516600244482883e-05
7124 6.859058854884968e-05
7178 3.714017269315804e-05
7236 0.00010536844412685977
7237 0.00010536844412685977
7327 0.00011761535496899039
7369 9.372690041743856e-05
7373 7.27647006365303e-05
7374 0.00010498321344481378
7384 0.0001399262151792957
7385 0.00017065756051371745
7406 6.698096388147314e-05
7407 0.0001786642827461757
7468 0.00015775871449691997
7469 7.887728740211037e-05
7476 8.117636599183342e-05
7482 2.5340342303404983e-05
7483 2.8590308184836374e-05
7503 3.173002815645075e-05
7520 9.558947467904783e-05
7523 8.935997200289977e-05
7577 8.853165584237468e-05
7578 8.88061998220748e-05
7579 0.00015775871449691997
7580 0.0001804365299615294
7620 0.0001027336712532598
7694 6.804811807694473e-05
7701 0.00011425323385392718
7792 0.000101646679848061
7799 9.403242760948e-05
7808 4.7398314413738584e-05
7818 2.996997446737178e-05
7858 4.509923582401553e-05
7861 0.00013263932032595027
7862 9.077257605451787e-05
7863 7.64676023536449e-05
7866 5.91933076971794e-05
7871 0.00018418695135817993
7872 0.00018617626542465564
7873 0.00022883910672981793
7890 9.233159952796689e-06
7893 5.131853189681648e-05
7904 6.056183085252843e-05
7938 4.907474504580058e-05
7942 9.134928606937549e-05
7943 7.64676023536449e-05
7981 6.950834500520415e-05
7987 7.843020694973282e-05
8009 2.7093186202753706e-05
8010 3.97855428110104e-05
8016 3.6571316885345003e-05
8054 2.9805618738211806e-05
8061 7.865323446718271e-05
8069 5.287392225192349e-05
8103 0.00014576429866269
8109 8.285279662389543e-05
8116 0.00015447220461114937
8134 0.00012176521653240713
8137 8.63892700805903e-05
8144 1.8182537399726556e-05
8148 0.0001753021616311125
8162 0.00013332088986277624
8193 0.00023397347506023475
8204 5.1064059112276297e-05
8234 4.8109734749355606e-05
8247 0.00016378259903044513
8334 0.0002199543170027505
8349 4.919672615455441e-05
8351 0.0001376235146469122
8426 0.00015663840245623315
8444 5.815485137703107e-05
8447 4.100899018649567e-05
8503 7.256700694753944e-05
8510 0.00019268344080366
8513 4.3335009582674306e-05
8516 8.024367862190805e-05
8520 5.874554257904601e-05
8526 0.00010939812948263226
8539 7.955569410086921e-05
8559 0.00011379132113009053
8560 0.00017215710736717137
8589 0.0001677901789526326
8591 0.00011761535496899039
8600 8.383730339089555e-05
8603 0.0001376235146469122
8621 0.000101646679848061
8639 3.69498153124238e-05
8652 0.00010982004923951138
8661 7.843020694973282e-05
8663 8.001326955199571e-05
8666 0.0001128804268053397
8678 4.409901177660094e-05
8704 0.00015139340654708521
8738 8.853165584237468e-05
8763 6.542281037332744e-05
8767 0.0001239806629188251
8813 4.431951634967444e-05
8818 7.139739654402146e-05
8819 7.139739654402146e-05
8824 0.00011712061541501202
8825 0.0002537323685808453
8866 3.8493910507496085e-05
8890 0.00010058340652177312
8891 0.00010058340652177312
8892 0.00010384546306881737
