169
24 0.0054016766348626045
268 0.005580882698940489
377 0.008666861337855424
397 0.0049524053733686155
458 0.004073556873542499
480 0.002501644317598212
494 0.003934151664422883
500 0.024002851507696068
768 0.008324139261943418
841 0.005302250733395484
850 0.008155189526603724
882 0.005334776976951709
1058 0.010669553953903418
1109 0.00565796573632977
1172 0.0033018987665218913
1223 0.008510904529538009
1248 0.004172982775009619
1268 0.0030678056703914744
1298 0.021846632009055074
1326 0.011645961326174707
1366 0.004638057682384463
1383 0.005911630661835257
1394 0.012637162655851955
1411 0.002475285013476455
1478 0.00610345336663617
1481 0.011177078055151658
1507 0.008147113747084997
1520 0.004041616720432472
1556 0.007095445402090434
1609 0.0034886640341164833
1657 0.019377734851770186
1721 0.002952831729466202
1776 0.0017718737674899095
1784 0.0039046071382028047
1921 0.0008003659148970588
2091 0.0051778045205469105
2123 0.004242506608882193
2144 0.008719690335445689
2183 0.004776254691612902
2373 0.006246989958469039
2406 0.00626230261573972
2416 0.003142453775339677
2465 0.003979412775302934
2508 0.007282210669685025
2556 0.004449078010331529
2580 0.012309675119460262
2646 0.006847699114932834
2738 0.011033504314840702
2772 0.004025859900786602
2962 0.003095431640524121
2975 0.001986717971689567
2979 0.009948384195298672
2990 0.008324139261943418
3015 0.00565796573632977
3032 0.005148011709357117
3033 0.011733503084474897
3050 0.00287738925724574
3123 0.007095445402090434
3474 0.004616037144071378
3477 0.00286105153294503
3512 0.002202967496154014
3544 0.0022085859811695374
3552 0.006630370494715589
3654 0.011177078055151658
3703 0.014328764074838705
3748 0.005543562782859388
3893 0.006376705569210101
3902 0.004409684599408341
3943 0.005594332081867236
4044 0.005270310580285457
4139 0.00626230261573972
4248 0.0017630983508631372
4364 0.0025555687963056545
4372 0.004824822949979057
4383 0.0022369486748647534
4393 0.003031628281284107
4655 0.005543562782859388
4722 0.007383531419583115
4779 0.007383531419583115
4819 0.0065830041533386395
4830 0.003049624684978209
5012 0.003750368114164438
5045 0.0036587727302940494
5052 0.009320710431719965
5172 0.0027355031092489565
5308 0.004824822949979057
5360 0.0051187113639402865
5379 0.0037638482592668283
5380 0.0009244929082991086
5381 0.0013931166267459071
5431 0.0023429847662355873
5557 0.007282210669685025
5612 0.013229053798225024
5667 0.007727698299991426
5698 0.006563470836804694
5745 0.0057802646072581095
5787 0.006436800495008903
5811 0.0019137599154866924
5869 0.0026396619016998838
5885 0.005911630661835257
5890 0.06543691382652754
5939 0.0021531867681520932
5942 0.005911630661835257
5976 0.0038049148960337506
5985 0.004493681416911126
5988 0.002836823859147047
5989 0.007687278529137637
5990 0.004776254691612902
6010 0.0071863694621359525
6015 0.007143357252177144
6110 0.006154837559730131
6134 0.0049524053733686155
6135 0.019398461558482644
6262 0.005302250733395484
6307 0.004156019673902853
6414 0.0034886640341164833
6439 0.007859064354568573
6463 0.0064990044401384405
6481 0.02108124232114183
6529 0.004333430668927712
6537 0.0027279439057322492
6728 0.00939884709354659
6729 0.0034656425347177377
6761 0.007236030198493875
6834 0.0009855284711793512
6920 0.0026906239896511475
6974 0.004333430668927712
6996 0.005705877586416481
7000 0.0022950729161488764
7080 0.00895639215984441
7102 0.004314868923006403
7302 0.004010241909549651
7346 0.004156019673902853
7356 0.00626230261573972
7375 0.003818817951919104
7391 0.004752460635854846
7393 0.0019185314675962911
7484 0.0020799740942307084
7521 0.003477115911590507
7555 0.0030049716806352994
7616 0.005822980663087353
7661 0.008666861337855424
7665 0.004352188839087504
7695 0.002475285013476455
7800 0.01026143259006962
7848 0.005738553728965513
7944 0.0027815480496966665
7988 0.005705877586416481
8043 0.004847427884918691
8073 0.005033608755886735
8118 0.007008958467111095
8129 0.004849615389620661
8145 0.0006613990747198494
8167 0.005006125561360333
8205 0.001857481203300434
8235 0.008750080736454228
8302 0.005270310580285457
8307 0.007008958467111095
8350 0.0017895560142424038
8510 0.013544513285424746
8583 0.003919317849504132
8664 0.0029105235030505543
8695 0.0032303708278135944
8697 0.0017413480100261294
8747 0.004296499530244458
8754 0.003861193608220009
8764 0.00237978810631467
8843 0.005957675602282967
8867 0.002800471268920858
