286
24 0.00014849761844045535
41 0.0002734912621014559
68 3.241760820520544e-05
82 8.334256383691721e-05
103 0.00019268344080366
130 0.00011862016226846598
138 5.5304247721948624e-05
145 5.786216925096193e-05
210 0.00015342417653056774
276 4.8109734749355606e-05
311 0.00012016732165868515
312 0.00021244233432427055
318 9.719791862251607e-05
328 5.502814824397996e-05
330 6.358367031630664e-05
344 9.164022082905678e-05
356 0.00023397347506023475
370 0.0001347133110905388
378 7.955569410086921e-05
401 0.00010939812948263226
404 0.00011913044365880717
405 0.00011913044365880717
406 0.00015663840245623315
430 2.1595466130645556e-05
449 6.628229345501092e-05
463 2.104404381130732e-05
473 4.858985121920245e-05
480 6.877276232176413e-05
486 0.00019268344080366
509 1.4811799641107606e-05
521 6.165346047478709e-05
551 0.0001431761810607271
553 0.00018617626542465564
554 0.00019756065060853997
597 0.00011198624708459517
765 7.499396958083494e-05
773 0.00011110817958998604
785 9.134928606937549e-05
800 0.00011154523568104574
855 9.464928935894339e-05
872 6.593667904531496e-05
960 0.00012069415303305452
961 0.0001251273376474703
963 0.00013614669170503938
965 0.0001391464957049546
977 0.00010384546306881737
1055 0.00011614595437539213
1350 6.374802604546662e-05
1415 0.0002199543170027505
1461 0.00014488623116808087
1469 6.358367031630664e-05
1471 0.0001753021616311125
1559 0.00011425323385392718
1583 8.88061998220748e-05
1587 9.954283828468142e-05
1610 9.590694438493474e-05
1636 0.00015663840245623315
1695 0.00014576429866269
1729 0.00010200632301179658
1777 4.871062309639001e-05
1785 0.00010734164596720007
1888 6.071628875522179e-05
1895 0.00011519040557349246
1922 7.334292682143156e-06
1929 4.2158123180710165e-05
1931 7.754816608258265e-05
1932 0.0001275049519955334
1956 0.0001128804268053397
1985 9.496067334174995e-05
2004 7.217400943451535e-05
2073 0.00010939812948263226
2124 0.00011663084820199027
2148 8.383730339089555e-05
2149 8.408656954820681e-05
2151 0.00011566583790554528
2159 0.00018617626542465564
2205 0.0002537323685808453
2262 0.0001523982138465608
2263 0.00015342417653056774
2371 8.858094887998e-06
2384 3.364472337590274e-05
2389 8.070779096331723e-05
2391 2.4157123570420575e-05
2439 5.502814824397996e-05
2455 0.00010128967145643295
2466 0.00010939812948263226
2493 2.5565430128539482e-05
2544 0.00019041645403432799
2545 0.00019756065060853997
2563 2.4450245822639586e-05
2564 4.692973938522239e-05
2571 6.593667904531496e-05
2580 8.992010952057247e-05
2582 7.458098891001271e-05
2586 9.502842032885344e-06
2590 8.771718405598661e-05
2607 3.3290954653437934e-05
2651 0.00018825025618924418
2675 0.00010694056199521868
2718 8.88061998220748e-05
2783 8.718166847460814e-05
2784 0.00021244233432427055
2806 0.00026261715830791277
2916 0.00015890538922556517
2976 5.461691012835996e-05
3050 5.1064059112276297e-05
3156 9.342327683396404e-05
3161 0.00010536844412685977
3308 0.00012571095453322076
3519 8.586807337437805e-05
3545 6.071628875522179e-05
3557 0.00015775871449691997
3572 5.234992335902794e-05
3586 6.228840662358072e-05
3605 5.380470086849468e-05
3657 4.716346370617082e-05
3719 2.489326185102742e-05
3727 6.424444555902466e-05
3746 1.903006184883404e-05
3814 0.00014576429866269
3872 9.164022082905678e-05
3875 3.285232498188492e-05
3926 0.00011110817958998604
3964 0.00030726931367955075
3986 0.0001504088997800851
4002 0.0001263016457352357
4003 0.0001300045474523503
4010 0.00014071861357331354
4295 0.00012176521653240713
4329 3.676019862375966e-05
4392 8.334256383691721e-05
4431 0.00013196715204843822
4435 0.00010856509334268535
4436 0.0001128804268053397
4467 5.5861184383926875e-05
4485 7.159039254876493e-05
4492 6.969398876306011e-05
4495 3.207260550754382e-05
4496 0.0002059351589452662
4499 9.312153328472917e-05
4519 0.00010128967145643295
4561 0.0001440237055098346
4628 0.00011566583790554528
4629 0.00015890538922556517
4658 8.334256383691721e-05
4659 6.610917985376751e-05
4676 1.811794967986411e-05
4689 0.00019041645403432799
4690 0.00020908021320920737
4759 5.0810908270240366e-05
4839 3.088397517794058e-05
4846 4.681329625334851e-05
4878 6.969398876306011e-05
4885 0.0001027336712532598
4923 8.188778632745044e-05
4933 2.564069103539461e-05
4988 0.0002199543170027505
4989 0.0002462203859023654
5024 6.025437603138515e-05
5031 6.913916575845257e-05
5161 5.502814824397996e-05
5162 5.6001418804450566e-05
5166 0.0001347133110905388
5176 0.0001347133110905388
5217 7.159039254876493e-05
5222 2.3001954162320978e-05
5228 4.931901336427842e-05
5254 5.9796800580258657e-05
5275 0.00017065756051371745
5337 0.0002875104201589402
5378 0.00010347204034115494
5379 2.541525611908456e-05
5380 3.8298201700263376e-05
5412 0.00010856509334268535
5427 3.490353872923123e-05
5473 0.0001251273376474703
5481 6.576478670658657e-05
5519 0.00030726931367955075
5550 4.944160821510571e-05
5580 0.0001431761810607271
5581 0.00014488623116808087
5582 0.0001475693727081854
5687 2.724862948448243e-05
5691 8.383730339089555e-05
5702 3.9886331735258645e-05
5797 5.544288630052885e-05
5911 7.47870417645905e-05
5934 5.434466680855229e-05
5937 0.00023397347506023475
5955 0.00016378259903044513
6022 2.0770655001689466e-05
6084 7.843020694973282e-05
6085 0.00011862016226846598
6211 7.356359438910525e-05
6212 0.0001391464957049546
6325 0.00015890538922556517
6352 0.00011519040557349246
6506 8.88061998220748e-05
6568 3.9584588186023764e-05
6578 6.025437603138515e-05
6586 5.24803957997587e-05
6588 6.576478670658657e-05
6595 7.66818067754729e-05
6614 8.484211069037113e-05
6661 5.889434094657216e-05
6675 5.7716484755306535e-05
6682 6.698096388147314e-05
6683 0.00030726931367955075
6687 6.196989942762013e-05
6784 9.68719546813797e-05
6785 0.0001228603508781383
6811 0.00014576429866269
6823 0.00012176521653240713
6833 2.7093186202753706e-05
6905 2.9805618738211806e-05
6919 7.3968006896828e-05
6920 9.403242760948e-05
6929 5.904359505253569e-05
6960 3.259102983841739e-05
6968 0.0001287387249198448
7067 3.508605365233e-05
7124 6.859058854884968e-05
7165 6.628229345501092e-05
7327 0.00011761535496899039
7373 7.27647006365303e-05
7376 0.00013263932032595027
7389 0.0001300045474523503
7392 5.274239335290522e-05
7476 8.117636599183342e-05
7480 9.252359415714085e-05
7482 2.5340342303404983e-05
7483 2.8590308184836374e-05
7503 3.173002815645075e-05
7627 7.887728740211037e-05
7632 0.00016251677649793962
7701 0.00011425323385392718
7784 7.082295263288685e-05
7818 2.996997446737178e-05
7820 0.00013614669170503938
7858 4.509923582401553e-05
7863 7.64676023536449e-05
7880 0.00030726931367955075
7890 9.233159952796689e-06
7894 6.374802604546662e-05
7902 7.376538112671329e-05
7903 8.141235399539764e-05
7904 6.056183085252843e-05
7922 0.00010774605847492284
7938 4.907474504580058e-05
7960 9.954283828468142e-05
8009 2.7093186202753706e-05
8010 3.97855428110104e-05
8016 3.6571316885345003e-05
8017 0.00012122674224136485
8031 5.5721352358276173e-05
8032 6.056183085252843e-05
8047 9.312153328472917e-05
8054 2.9805618738211806e-05
8058 8.853165584237468e-05
8059 0.00011425323385392718
8060 0.0001147195668623605
8144 1.8182537399726556e-05
8158 0.00010939812948263226
8234 4.8109734749355606e-05
8447 4.100899018649567e-05
8474 8.408656954820681e-05
8479 0.00019041645403432799
8507 0.00022883910672981793
8559 0.00011379132113009053
8608 0.0001677901789526326
8633 5.949411993323993e-05
8638 6.491430390704548e-05
8639 3.69498153124238e-05
8652 0.00010982004923951138
8661 7.843020694973282e-05
8663 8.001326955199571e-05
8683 0.00018617626542465564
8684 0.0002059351589452662
8738 8.853165584237468e-05
8818 7.139739654402146e-05
8819 7.139739654402146e-05
8866 3.8493910507496085e-05
8873 0.00013614669170503938
8890 0.00010058340652177312
8891 0.00010058340652177312
8892 0.00010384546306881737
