92
463 2.104404381130732e-05
480 6.877276232176413e-05
723 6.212889280683989e-05
726 6.4078409870285e-05
855 9.464928935894339e-05
882 0.00014665847838343454
1057 9.988723143186235e-05
1058 0.00014665847838343454
1110 0.00015554326811050196
1382 0.00011862016226846598
1384 0.00016251677649793962
1395 0.00017370426675739054
1503 0.00015663840245623315
1508 0.00011198624708459517
1610 9.590694438493474e-05
1658 0.00010654275221462514
1722 8.117636599183342e-05
1733 0.00011243128604527755
1922 7.334292682143156e-06
2040 4.7398314413738584e-05
2118 6.715720793434914e-05
2371 8.858094887998e-06
2391 2.4157123570420575e-05
2408 0.00018227567001855016
2493 2.5565430128539482e-05
2580 8.992010952057247e-05
2581 0.00016920278300425065
2586 9.502842032885344e-06
2667 8.358930576913648e-05
2744 7.52017798211394e-05
2753 0.00030726931367955075
2976 5.461691012835996e-05
3465 5.7716484755306535e-05
3682 0.0001239806629188251
3719 2.489326185102742e-05
3731 5.3138049876864844e-05
3746 1.903006184883404e-05
3748 0.0001523982138465608
3872 9.164022082905678e-05
4296 9.527405980765772e-05
4406 6.508321716976057e-05
4453 3.6854914742017664e-05
4676 1.811794967986411e-05
4810 0.00010856509334268535
4818 9.048676041112919e-05
4834 1.7286007534181456e-05
4835 0.0001440237055098346
4972 4.681329625334851e-05
5051 0.0001281179340087181
5192 8.001326955199571e-05
5215 0.0001300045474523503
5359 0.00014071861357331354
5611 0.00012122674224136485
5888 8.358930576913648e-05
5889 0.00013837905578907654
5984 3.088397517794058e-05
5985 7.52017798211394e-05
5987 7.798719092134497e-05
6000 3.4631041686461846e-05
6014 9.818910047034337e-05
6134 0.00013332088986277624
6159 7.101368253390731e-05
6261 0.00014576429866269
6336 0.00015890538922556517
6337 0.00016007969731333051
6480 0.00014488623116808087
6490 2.724862948448243e-05
6491 7.604199766141655e-05
6725 8.458895984833521e-05
6727 8.612797493712278e-05
6728 9.527405980765772e-05
6833 2.7093186202753706e-05
6960 3.259102983841739e-05
6972 6.133906307779394e-05
6973 0.00011913044365880717
7165 6.628229345501092e-05
7321 3.8200641252257444e-05
7392 5.274239335290522e-05
7660 0.00011913044365880717
8016 3.6571316885345003e-05
8031 5.5721352358276173e-05
8032 6.056183085252843e-05
8072 0.00013837905578907654
8134 0.00012176521653240713
8136 0.00016920278300425065
8447 4.100899018649567e-05
8582 0.00010774605847492284
8633 5.949411993323993e-05
8638 6.491430390704548e-05
8693 8.484211069037113e-05
8694 8.88061998220748e-05
8866 3.8493910507496085e-05
