206
24 0.00014849761844045535
68 3.241760820520544e-05
82 8.334256383691721e-05
92 0.00010774605847492284
93 0.00010982004923951138
103 0.00019268344080366
145 5.786216925096193e-05
158 1.722259642893919e-05
210 0.00015342417653056774
311 0.00012016732165868515
312 0.00021244233432427055
328 5.502814824397996e-05
330 6.358367031630664e-05
378 7.955569410086921e-05
430 2.1595466130645556e-05
449 6.628229345501092e-05
463 2.104404381130732e-05
480 6.877276232176413e-05
509 1.4811799641107606e-05
521 6.165346047478709e-05
597 0.00011198624708459517
773 0.00011110817958998604
785 9.134928606937549e-05
855 9.464928935894339e-05
872 6.593667904531496e-05
955 0.00020908021320920737
960 0.00012069415303305452
961 0.0001251273376474703
963 0.00013614669170503938
965 0.0001391464957049546
977 0.00010384546306881737
1055 0.00011614595437539213
1070 0.00013130412920165632
1071 0.00030726931367955075
1412 6.804811807694473e-05
1415 0.0002199543170027505
1461 0.00014488623116808087
1469 6.358367031630664e-05
1471 0.0001753021616311125
1559 0.00011425323385392718
1583 8.88061998220748e-05
1587 9.954283828468142e-05
1695 0.00014576429866269
1729 0.00010200632301179658
1777 4.871062309639001e-05
1785 0.00010734164596720007
1922 7.334292682143156e-06
1985 9.496067334174995e-05
2004 7.217400943451535e-05
2009 0.00012176521653240713
2124 0.00011663084820199027
2148 8.383730339089555e-05
2149 8.408656954820681e-05
2151 0.00011566583790554528
2159 0.00018617626542465564
2371 8.858094887998e-06
2377 0.0001228603508781383
2384 3.364472337590274e-05
2389 8.070779096331723e-05
2391 2.4157123570420575e-05
2466 0.00010939812948263226
2493 2.5565430128539482e-05
2571 6.593667904531496e-05
2586 9.502842032885344e-06
2590 8.771718405598661e-05
2718 8.88061998220748e-05
2783 8.718166847460814e-05
2784 0.00021244233432427055
2806 0.00026261715830791277
3156 9.342327683396404e-05
3161 0.00010536844412685977
3269 0.00010310145735752775
3519 8.586807337437805e-05
3586 6.228840662358072e-05
3605 5.380470086849468e-05
3657 4.716346370617082e-05
3719 2.489326185102742e-05
3814 0.00014576429866269
3964 0.00030726931367955075
4002 0.0001263016457352357
4003 0.0001300045474523503
4295 0.00012176521653240713
4388 0.0001415241100530177
4392 8.334256383691721e-05
4431 0.00013196715204843822
4453 3.6854914742017664e-05
4492 6.969398876306011e-05
4519 0.00010128967145643295
4567 6.341986704442123e-05
4628 0.00011566583790554528
4630 0.0002734912621014559
4659 6.610917985376751e-05
4676 1.811794967986411e-05
4689 0.00019041645403432799
4690 0.00020908021320920737
4759 5.0810908270240366e-05
4829 8.383730339089555e-05
4869 0.00013614669170503938
4873 0.00026261715830791277
4878 6.969398876306011e-05
4885 0.0001027336712532598
4933 2.564069103539461e-05
4942 6.804811807694473e-05
5024 6.025437603138515e-05
5031 6.913916575845257e-05
5161 5.502814824397996e-05
5162 5.6001418804450566e-05
5166 0.0001347133110905388
5222 2.3001954162320978e-05
5275 0.00017065756051371745
5337 0.0002875104201589402
5378 0.00010347204034115494
5379 2.541525611908456e-05
5380 3.8298201700263376e-05
5412 0.00010856509334268535
5427 3.490353872923123e-05
5469 1.1433598200043818e-05
5473 0.0001251273376474703
5481 6.576478670658657e-05
5519 0.00030726931367955075
5550 4.944160821510571e-05
5580 0.0001431761810607271
5581 0.00014488623116808087
5582 0.0001475693727081854
5702 3.9886331735258645e-05
5894 1.5848029138067838e-05
5896 1.6219082409210568e-05
5911 7.47870417645905e-05
5934 5.434466680855229e-05
5937 0.00023397347506023475
5955 0.00016378259903044513
6022 2.0770655001689466e-05
6084 7.843020694973282e-05
6085 0.00011862016226846598
6325 0.00015890538922556517
6352 0.00011519040557349246
6467 4.669713069773751e-05
6468 4.669713069773751e-05
6586 5.24803957997587e-05
6588 6.576478670658657e-05
6595 7.66818067754729e-05
6614 8.484211069037113e-05
6675 5.7716484755306535e-05
6682 6.698096388147314e-05
6753 0.00011862016226846598
6755 0.00015890538922556517
6760 1.9892587507080337e-05
6784 9.68719546813797e-05
6785 0.0001228603508781383
6811 0.00014576429866269
6833 2.7093186202753706e-05
6905 2.9805618738211806e-05
6919 7.3968006896828e-05
6920 9.403242760948e-05
6929 5.904359505253569e-05
6960 3.259102983841739e-05
6968 0.0001287387249198448
7124 6.859058854884968e-05
7327 0.00011761535496899039
7373 7.27647006365303e-05
7376 0.00013263932032595027
7476 8.117636599183342e-05
7480 9.252359415714085e-05
7482 2.5340342303404983e-05
7483 2.8590308184836374e-05
7503 3.173002815645075e-05
7559 8.509658347491132e-05
7627 7.887728740211037e-05
7632 0.00016251677649793962
7701 0.00011425323385392718
7784 7.082295263288685e-05
7818 2.996997446737178e-05
7820 0.00013614669170503938
7876 0.0002734912621014559
7890 9.233159952796689e-06
7894 6.374802604546662e-05
7902 7.376538112671329e-05
7922 0.00010774605847492284
7960 9.954283828468142e-05
7981 6.950834500520415e-05
8009 2.7093186202753706e-05
8010 3.97855428110104e-05
8016 3.6571316885345003e-05
8017 0.00012122674224136485
8031 5.5721352358276173e-05
8032 6.056183085252843e-05
8054 2.9805618738211806e-05
8069 5.287392225192349e-05
8144 1.8182537399726556e-05
8158 0.00010939812948263226
8234 4.8109734749355606e-05
8474 8.408656954820681e-05
8479 0.00019041645403432799
8507 0.00022883910672981793
8559 0.00011379132113009053
8608 0.0001677901789526326
8633 5.949411993323993e-05
8638 6.491430390704548e-05
8639 3.69498153124238e-05
8652 0.00010982004923951138
8738 8.853165584237468e-05
8866 3.8493910507496085e-05
8873 0.00013614669170503938
8890 0.00010058340652177312
8891 0.00010058340652177312
8892 0.00010384546306881737
