436
12 0.0001523982138465608
15 6.0101372993599195e-05
24 0.00014849761844045535
58 3.9886331735258645e-05
68 3.241760820520544e-05
69 0.00010460100421098168
92 0.00010774605847492284
93 0.00010982004923951138
97 8.612797493712278e-05
138 5.5304247721948624e-05
139 0.00010897983139923425
144 0.00023971321052336105
158 1.722259642893919e-05
160 3.6009024944890365e-05
161 8.88061998220748e-05
196 8.935997200289977e-05
201 0.00019756065060853997
246 0.0001002340757964429
278 5.558192042480493e-05
295 6.969398876306011e-05
300 0.00023971321052336105
323 0.00018825025618924418
377 0.00011913044365880717
397 0.00013614669170503938
430 2.1595466130645556e-05
443 5.859719717528758e-05
458 0.00011198624708459517
473 4.858985121920245e-05
480 6.877276232176413e-05
500 0.0002199543170027505
509 1.4811799641107606e-05
511 4.409901177660094e-05
515 0.00022883910672981793
597 0.00011198624708459517
632 6.4078409870285e-05
633 0.00010058340652177312
668 8.63892700805903e-05
706 6.525271795805037e-05
715 0.0002875104201589402
765 7.499396958083494e-05
768 0.00022883910672981793
772 0.00011712061541501202
795 0.0002734912621014559
841 0.00014576429866269
882 0.00014665847838343454
977 0.00010384546306881737
1110 0.00015554326811050196
1173 9.077257605451787e-05
1177 0.00010347204034115494
1195 0.00018825025618924418
1224 0.00023397347506023475
1234 2.8271279696782107e-05
1265 6.576478670658657e-05
1271 0.00023397347506023475
1272 0.00026261715830791277
1299 0.00020019542348213994
1343 0.000126899584862824
1347 0.0002875104201589402
1350 6.374802604546662e-05
1374 9.920086195142229e-05
1382 0.00011862016226846598
1384 0.00016251677649793962
1479 0.0001677901789526326
1503 0.00015663840245623315
1508 0.00011198624708459517
1511 9.312153328472917e-05
1512 0.0001275049519955334
1539 0.00011198624708459517
1607 0.00019756065060853997
1628 0.00016378259903044513
1658 0.00010654275221462514
1706 3.382257549850835e-05
1713 4.787143878550288e-05
1722 8.117636599183342e-05
1733 0.00011243128604527755
1798 0.00010498321344481378
1802 0.00022883910672981793
1848 6.508321716976057e-05
1872 0.00017695423263882194
1922 7.334292682143156e-06
1957 8.88061998220748e-05
1985 9.496067334174995e-05
2029 0.00012122674224136485
2030 0.0001228603508781383
2040 4.7398314413738584e-05
2073 0.00010939812948263226
2167 8.744869066327002e-05
2184 0.00013130412920165632
2251 0.00017065756051371745
2294 8.535239208071232e-05
2371 8.858094887998e-06
2373 4.532432364915004e-05
2374 8.586807337437805e-05
2384 3.364472337590274e-05
2391 2.4157123570420575e-05
2407 0.00017215710736717137
2415 0.0001275049519955334
2434 0.00010536844412685977
2477 0.00020908021320920737
2489 0.00022419450561242282
2493 2.5565430128539482e-05
2557 0.00012230970742046953
2559 7.604199766141655e-05
2563 2.4450245822639586e-05
2580 8.992010952057247e-05
2581 0.00016920278300425065
2586 9.502842032885344e-06
2607 3.3290954653437934e-05
2667 8.358930576913648e-05
2692 0.0001804365299615294
2714 8.691610145495967e-05
2725 0.00010536844412685977
2739 7.583058115843726e-05
2762 0.00010200632301179658
2765 0.00012936752625714268
2768 0.0001415241100530177
2770 0.00018825025618924418
2773 0.00011067500849334801
2780 9.342327683396404e-05
2781 9.68719546813797e-05
2783 8.718166847460814e-05
2785 0.00010856509334268535
2901 0.0002734912621014559
2958 6.950834500520415e-05
2963 8.509658347491132e-05
2976 5.461691012835996e-05
2982 7.197869283035229e-05
2991 0.00022883910672981793
3010 0.0002462203859023654
3031 8.691610145495967e-05
3033 0.0001415241100530177
3034 0.00016128300357362823
3050 5.1064059112276297e-05
3051 7.910237522724487e-05
3065 0.0002734912621014559
3113 6.165346047478709e-05
3175 0.00020019542348213994
3177 0.00016378259903044513
3185 0.00010939812948263226
3203 0.00016251677649793962
3204 0.00017065756051371745
3212 7.356359438910525e-05
3213 0.0001300045474523503
3228 4.566391685271689e-05
3229 4.669713069773751e-05
3230 4.692973938522239e-05
3269 0.00010310145735752775
3270 0.0001753021616311125
3440 0.00019756065060853997
3465 5.7716484755306535e-05
3474 0.00011862016226846598
3475 0.000126899584862824
3490 0.0001245506276326127
3492 0.00017370426675739054
3513 6.056183085252843e-05
3545 6.071628875522179e-05
3553 0.00018227567001855016
3572 5.234992335902794e-05
3586 6.228840662358072e-05
3596 8.285279662389543e-05
3597 0.0002537323685808453
3605 5.380470086849468e-05
3627 6.491430390704548e-05
3628 7.733012801189119e-05
3657 4.716346370617082e-05
3682 0.0001239806629188251
3683 0.00017370426675739054
3704 0.00013130412920165632
3719 2.489326185102742e-05
3724 5.7716484755306535e-05
3727 6.424444555902466e-05
3731 5.3138049876864844e-05
3743 3.233112827567267e-05
3746 1.903006184883404e-05
3748 0.0001523982138465608
3766 5.131853189681648e-05
3796 0.0001399262151792957
3875 3.285232498188492e-05
3891 8.334256383691721e-05
3893 0.0001753021616311125
3902 0.00012122674224136485
3912 0.00013263932032595027
3932 4.895306850942043e-05
3936 0.0002199543170027505
3937 0.00023971321052336105
3943 7.689695691525318e-05
3951 9.920086195142229e-05
3952 0.0001804365299615294
3953 0.00021244233432427055
3969 6.0101372993599195e-05
3970 6.663037655997976e-05
4037 0.0001391464957049546
4038 0.00014488623116808087
4108 9.654815662959692e-05
4136 0.00013196715204843822
4138 0.00016251677649793962
4139 0.00017215710736717137
4220 4.3879500470736716e-05
4224 8.236790279729728e-05
4273 0.0002734912621014559
4296 9.527405980765772e-05
4314 3.1644758795232604e-05
4329 3.676019862375966e-05
4363 7.025520142447097e-05
4371 0.00013263932032595027
4390 8.825864993225359e-05
4392 8.334256383691721e-05
4401 0.00021244233432427055
4406 6.508321716976057e-05
4429 0.00021244233432427055
4432 6.4078409870285e-05
4434 0.00013065000625947455
4453 3.6854914742017664e-05
4467 5.5861184383926875e-05
4525 9.818910047034337e-05
4567 6.341986704442123e-05
4577 3.9085797470059324e-05
4652 4.476354154013861e-05
4676 1.811794967986411e-05
4699 3.676019862375966e-05
4712 8.484211069037113e-05
4715 0.0002875104201589402
4720 0.00019756065060853997
4721 0.00020298083458234552
4776 0.0001664173719040451
4777 0.00016920278300425065
4778 0.00020298083458234552
4808 0.0001245506276326127
4810 0.00010856509334268535
4829 8.383730339089555e-05
4834 1.7286007534181456e-05
4835 0.0001440237055098346
4933 2.564069103539461e-05
4942 6.804811807694473e-05
4972 4.681329625334851e-05
5051 0.0001281179340087181
5107 0.00014944388948364012
5117 0.0002734912621014559
5140 0.0001504088997800851
5161 5.502814824397996e-05
5162 5.6001418804450566e-05
5166 0.0001347133110905388
5170 0.0001128804268053397
5192 8.001326955199571e-05
5222 2.3001954162320978e-05
5228 4.931901336427842e-05
5233 0.0001431761810607271
5307 0.00013263932032595027
5359 0.00014071861357331354
5379 2.541525611908456e-05
5395 3.215862746722012e-05
5396 0.00022419450561242282
5430 6.441104889224853e-05
5462 0.00010654275221462514
5469 1.1433598200043818e-05
5509 8.935997200289977e-05
5553 0.00022419450561242282
5556 0.00020019542348213994
5611 0.00012122674224136485
5665 0.00018418695135817993
5666 0.00021244233432427055
5687 2.724862948448243e-05
5696 0.00017695423263882194
5697 0.0001804365299615294
5797 5.544288630052885e-05
5810 5.261121850249547e-05
5858 6.663037655997976e-05
5888 8.358930576913648e-05
5889 0.00013837905578907654
5894 1.5848029138067838e-05
5896 1.6219082409210568e-05
5909 6.663037655997976e-05
5911 7.47870417645905e-05
5947 0.00015342417653056774
5984 3.088397517794058e-05
5985 7.52017798211394e-05
5987 7.798719092134497e-05
5988 7.044371782011974e-05
5989 0.00013130412920165632
6000 3.4631041686461846e-05
6014 9.818910047034337e-05
6015 0.0002734912621014559
6022 2.0770655001689466e-05
6035 9.818910047034337e-05
6038 0.00011663084820199027
6057 0.00011024565393173974
6079 0.0001251273376474703
6080 0.00014071861357331354
6084 7.843020694973282e-05
6087 0.00010236864012694453
6092 0.00014576429866269
6109 0.00016920278300425065
6134 0.00013332088986277624
6159 7.101368253390731e-05
6160 7.955569410086921e-05
6162 0.0001128804268053397
6164 0.0001300045474523503
6172 0.00012230970742046953
6173 0.00013196715204843822
6175 0.00015139340654708521
6177 0.00015447220461114937
6211 7.356359438910525e-05
6242 3.105201474962982e-05
6261 0.00014576429866269
6278 0.00011566583790554528
6297 9.164022082905678e-05
6336 0.00015890538922556517
6337 0.00016007969731333051
6399 8.212725328354177e-05
6408 4.3989132524856074e-05
6409 0.00010575674440844711
6413 9.590694438493474e-05
6429 5.815485137703107e-05
6438 0.00021605372159664503
6490 2.724862948448243e-05
6491 7.604199766141655e-05
6497 0.0001664173719040451
6507 6.212889280683989e-05
6536 7.499396958083494e-05
6560 0.0001504088997800851
6565 0.00011333374567896404
6578 6.025437603138515e-05
6586 5.24803957997587e-05
6588 6.576478670658657e-05
6614 8.484211069037113e-05
6670 0.00010734164596720007
6675 5.7716484755306535e-05
6686 0.00011333374567896404
6687 6.196989942762013e-05
6725 8.458895984833521e-05
6727 8.612797493712278e-05
6728 9.527405980765772e-05
6760 1.9892587507080337e-05
6826 0.00013614669170503938
6833 2.7093186202753706e-05
6865 0.0002199543170027505
6905 2.9805618738211806e-05
6919 7.3968006896828e-05
6929 5.904359505253569e-05
6936 0.00030726931367955075
6960 3.259102983841739e-05
6972 6.133906307779394e-05
6973 0.00011913044365880717
6978 0.00013687950893562258
6992 4.787143878550288e-05
6995 7.843020694973282e-05
7003 8.771718405598661e-05
7021 0.0001677901789526326
7067 3.508605365233e-05
7079 0.0002462203859023654
7124 6.859058854884968e-05
7126 0.00023971321052336105
7139 6.196989942762013e-05
7178 3.714017269315804e-05
7215 0.00015139340654708521
7291 0.00016920278300425065
7301 0.00011024565393173974
7311 0.0001475693727081854
7321 3.8200641252257444e-05
7327 0.00011761535496899039
7344 8.96392359620217e-05
7345 0.00011425323385392718
7355 0.00017215710736717137
7373 7.27647006365303e-05
7374 0.00010498321344481378
7392 5.274239335290522e-05
7406 6.698096388147314e-05
7408 8.691610145495967e-05
7468 0.00015775871449691997
7482 2.5340342303404983e-05
7483 2.8590308184836374e-05
7503 3.173002815645075e-05
7504 0.00012571095453322076
7550 0.00019756065060853997
7615 0.00016007969731333051
7660 0.00011913044365880717
7694 6.804811807694473e-05
7808 4.7398314413738584e-05
7818 2.996997446737178e-05
7836 6.424444555902466e-05
7843 0.00012571095453322076
7847 0.00015775871449691997
7866 5.91933076971794e-05
7886 7.910237522724487e-05
7890 9.233159952796689e-06
7891 6.932340577943291e-05
7892 0.0001002340757964429
7893 5.131853189681648e-05
7904 6.056183085252843e-05
7981 6.950834500520415e-05
7987 7.843020694973282e-05
8009 2.7093186202753706e-05
8010 3.97855428110104e-05
8016 3.6571316885345003e-05
8031 5.5721352358276173e-05
8032 6.056183085252843e-05
8054 2.9805618738211806e-05
8055 0.00016508218077975113
8072 0.00013837905578907654
8109 8.285279662389543e-05
8117 0.00019268344080366
8128 0.00013332088986277624
8144 1.8182537399726556e-05
8145 0.0001263016457352357
8204 5.1064059112276297e-05
8234 4.8109734749355606e-05
8238 0.0002734912621014559
8239 0.0002734912621014559
8259 0.0002537323685808453
8305 0.00016251677649793962
8306 0.00019268344080366
8349 4.919672615455441e-05
8437 8.433711728522342e-05
8439 0.0002199543170027505
8447 4.100899018649567e-05
8449 0.00016251677649793962
8474 8.408656954820681e-05
8503 7.256700694753944e-05
8509 0.00018617626542465564
8513 4.3335009582674306e-05
8520 5.874554257904601e-05
8521 6.610917985376751e-05
8535 0.00012341728754011654
8571 9.496067334174995e-05
8582 0.00010774605847492284
8661 7.843020694973282e-05
8663 8.001326955199571e-05
8678 4.409901177660094e-05
8693 8.484211069037113e-05
8694 8.88061998220748e-05
8695 4.476354154013861e-05
8696 4.787143878550288e-05
8738 8.853165584237468e-05
8753 0.00010614816360120087
8847 0.00016007969731333051
8866 3.8493910507496085e-05
