308
15 6.0101372993599195e-05
35 0.00015139340654708521
37 0.00017695423263882194
44 0.00010575674440844711
58 3.9886331735258645e-05
68 3.241760820520544e-05
74 0.00013614669170503938
96 0.00016128300357362823
148 0.00010614816360120087
152 0.0001475693727081854
158 1.722259642893919e-05
225 4.311890533715833e-05
243 6.309390310328486e-05
244 0.00022883910672981793
246 0.0001002340757964429
378 7.955569410086921e-05
389 0.0002059351589452662
430 2.1595466130645556e-05
463 2.104404381130732e-05
480 6.877276232176413e-05
482 0.00030726931367955075
509 1.4811799641107606e-05
520 0.00020908021320920737
722 0.00011663084820199027
723 6.212889280683989e-05
726 6.4078409870285e-05
753 9.752607762356147e-05
757 0.00010815385522706535
765 7.499396958083494e-05
773 0.00011110817958998604
872 6.593667904531496e-05
1234 2.8271279696782107e-05
1254 8.96392359620217e-05
1265 6.576478670658657e-05
1269 8.433711728522342e-05
1350 6.374802604546662e-05
1391 6.491430390704548e-05
1438 0.00014071861357331354
1439 0.0001677901789526326
1497 6.663037655997976e-05
1508 0.00011198624708459517
1517 9.106007793564448e-05
1569 9.920086195142229e-05
1651 0.0001753021616311125
1652 0.0002059351589452662
1665 0.00013263932032595027
1667 0.0001376235146469122
1668 0.00022419450561242282
1695 0.00014576429866269
1706 3.382257549850835e-05
1713 4.787143878550288e-05
1721 0.0001399262151792957
1722 8.117636599183342e-05
1777 4.871062309639001e-05
1778 0.0001287387249198448
1888 6.071628875522179e-05
1922 7.334292682143156e-06
1981 9.920086195142229e-05
2020 0.00013065000625947455
2025 0.00012571095453322076
2026 8.535239208071232e-05
2040 4.7398314413738584e-05
2123 0.00011243128604527755
2124 0.00011663084820199027
2157 0.00023397347506023475
2248 0.00020298083458234552
2371 8.858094887998e-06
2373 4.532432364915004e-05
2384 3.364472337590274e-05
2385 0.00011712061541501202
2386 0.0002199543170027505
2391 2.4157123570420575e-05
2439 5.502814824397996e-05
2440 0.0001275049519955334
2462 0.00011712061541501202
2582 7.458098891001271e-05
2586 9.502842032885344e-06
2618 4.846937791309118e-05
2667 8.358930576913648e-05
2699 0.00013065000625947455
2701 0.00017065756051371745
2714 8.691610145495967e-05
2744 7.52017798211394e-05
2768 0.0001415241100530177
2776 9.222735356398462e-05
2780 9.342327683396404e-05
2781 9.68719546813797e-05
2937 0.0002059351589452662
2955 4.7516165565500014e-05
2976 5.461691012835996e-05
3031 8.691610145495967e-05
3033 0.0001415241100530177
3034 0.00016128300357362823
3076 9.818910047034337e-05
3077 0.0002059351589452662
3149 7.541048004377448e-05
3150 7.604199766141655e-05
3214 8.001326955199571e-05
3228 4.566391685271689e-05
3229 4.669713069773751e-05
3230 4.692973938522239e-05
3367 0.00017065756051371745
3409 8.458895984833521e-05
3436 0.00014665847838343454
3465 5.7716484755306535e-05
3605 5.380470086849468e-05
3657 4.716346370617082e-05
3691 0.00011425323385392718
3719 2.489326185102742e-05
3731 5.3138049876864844e-05
3746 1.903006184883404e-05
3756 0.00014576429866269
3757 0.00017370426675739054
3827 0.00013614669170503938
3832 3.3290954653437934e-05
3846 0.0002875104201589402
3857 0.00020908021320920737
3906 0.00021244233432427055
3909 0.00019506105515172307
3932 4.895306850942043e-05
3943 7.689695691525318e-05
3996 7.417147870601431e-05
4027 0.00016378259903044513
4030 0.0002734912621014559
4138 0.00016251677649793962
4139 0.00017215710736717137
4267 0.00011519040557349246
4314 3.1644758795232604e-05
4315 7.256700694753944e-05
4329 3.676019862375966e-05
4345 5.131853189681648e-05
4348 8.212725328354177e-05
4349 0.0001415241100530177
4453 3.6854914742017664e-05
4467 5.5861184383926875e-05
4495 3.207260550754382e-05
4502 6.424444555902466e-05
4503 7.798719092134497e-05
4513 9.19329029551259e-05
4533 5.685140711216779e-05
4541 0.0001376235146469122
4563 4.728074758348793e-05
4577 3.9085797470059324e-05
4596 0.00017370426675739054
4597 0.00018617626542465564
4676 1.811794967986411e-05
4834 1.7286007534181456e-05
4926 0.00010236864012694453
4927 0.00010236864012694453
4972 4.681329625334851e-05
5018 0.00010982004923951138
5024 6.025437603138515e-05
5031 6.913916575845257e-05
5161 5.502814824397996e-05
5162 5.6001418804450566e-05
5185 0.00015447220461114937
5188 0.0002875104201589402
5222 2.3001954162320978e-05
5242 6.786862826996617e-05
5291 0.00011067500849334801
5292 0.0001347133110905388
5309 0.00019506105515172307
5348 0.0001664173719040451
5369 7.562007790453742e-05
5371 0.0001300045474523503
5379 2.541525611908456e-05
5380 3.8298201700263376e-05
5395 3.215862746722012e-05
5427 3.490353872923123e-05
5430 6.441104889224853e-05
5434 7.159039254876493e-05
5436 0.00018825025618924418
5439 8.024367862190805e-05
5440 8.586807337437805e-05
5448 9.954283828468142e-05
5469 1.1433598200043818e-05
5550 4.944160821510571e-05
5558 9.68719546813797e-05
5561 0.00016007969731333051
5562 0.0002537323685808453
5618 0.00014071861357331354
5619 0.0002462203859023654
5622 6.733409171295719e-05
5687 2.724862948448243e-05
5702 3.9886331735258645e-05
5787 0.00013687950893562258
5834 6.804811807694473e-05
5868 7.256700694753944e-05
5872 0.00013130412920165632
5888 8.358930576913648e-05
5891 0.00010310145735752775
5892 0.00011712061541501202
5894 1.5848029138067838e-05
5896 1.6219082409210568e-05
5909 6.663037655997976e-05
5934 5.434466680855229e-05
5938 5.91933076971794e-05
5984 3.088397517794058e-05
5985 7.52017798211394e-05
5987 7.798719092134497e-05
6000 3.4631041686461846e-05
6022 2.0770655001689466e-05
6033 0.00011519040557349246
6035 9.818910047034337e-05
6038 0.00011663084820199027
6081 0.00019041645403432799
6106 7.217400943451535e-05
6109 0.00016920278300425065
6173 0.00013196715204843822
6197 5.5304247721948624e-05
6242 3.105201474962982e-05
6264 4.7398314413738584e-05
6372 0.0001523982138465608
6386 0.00013837905578907654
6467 4.669713069773751e-05
6468 4.669713069773751e-05
6475 8.691610145495967e-05
6490 2.724862948448243e-05
6491 7.604199766141655e-05
6506 8.88061998220748e-05
6516 9.818910047034337e-05
6556 0.00016378259903044513
6566 7.082295263288685e-05
6589 5.9343481706634316e-05
6619 5.7716484755306535e-05
6651 0.0002734912621014559
6687 6.196989942762013e-05
6688 0.00023397347506023475
6712 6.025437603138515e-05
6724 0.00012936752625714268
6757 0.0001287387249198448
6789 4.7516165565500014e-05
6794 0.00014849761844045535
6796 8.260974660633398e-05
6833 2.7093186202753706e-05
6885 5.131853189681648e-05
6898 0.0001263016457352357
6960 3.259102983841739e-05
6968 0.0001287387249198448
6978 0.00013687950893562258
6980 0.00011379132113009053
6982 0.0001147195668623605
6983 0.00013263932032595027
7039 0.0001753021616311125
7124 6.859058854884968e-05
7178 3.714017269315804e-05
7236 0.00010536844412685977
7237 0.00010536844412685977
7289 0.00013542473142615584
7392 5.274239335290522e-05
7403 0.00018825025618924418
7444 9.886126874785542e-05
7447 0.00012176521653240713
7469 7.887728740211037e-05
7502 9.68719546813797e-05
7503 3.173002815645075e-05
7520 9.558947467904783e-05
7523 8.935997200289977e-05
7577 8.853165584237468e-05
7578 8.88061998220748e-05
7620 0.0001027336712532598
7664 0.0001196461249524729
7749 0.00016251677649793962
7775 0.00010536844412685977
7808 4.7398314413738584e-05
7814 0.0001275049519955334
7818 2.996997446737178e-05
7827 0.00015775871449691997
7866 5.91933076971794e-05
7890 9.233159952796689e-06
7893 5.131853189681648e-05
7904 6.056183085252843e-05
7958 9.496067334174995e-05
8007 0.00019756065060853997
8009 2.7093186202753706e-05
8010 3.97855428110104e-05
8031 5.5721352358276173e-05
8032 6.056183085252843e-05
8061 7.865323446718271e-05
8098 0.0001300045474523503
8137 8.63892700805903e-05
8144 1.8182537399726556e-05
8148 0.0001753021616311125
8349 4.919672615455441e-05
8426 0.00015663840245623315
8442 8.001326955199571e-05
8513 4.3335009582674306e-05
8569 0.00016508218077975113
8600 8.383730339089555e-05
8633 5.949411993323993e-05
8638 6.491430390704548e-05
8639 3.69498153124238e-05
8642 9.164022082905678e-05
8695 4.476354154013861e-05
8696 4.787143878550288e-05
8704 0.00015139340654708521
8719 0.00015554326811050196
8720 0.00015775871449691997
8722 7.217400943451535e-05
8723 0.00010498321344481378
8763 6.542281037332744e-05
8818 7.139739654402146e-05
8819 7.139739654402146e-05
8866 3.8493910507496085e-05
8890 0.00010058340652177312
8891 0.00010058340652177312
8892 0.00010384546306881737
8911 0.00019506105515172307
