71
17 0.00012016732165868515
82 8.334256383691721e-05
145 5.786216925096193e-05
160 3.6009024944890365e-05
163 4.4209139343250144e-05
430 2.1595466130645556e-05
509 1.4811799641107606e-05
521 6.165346047478709e-05
821 0.00011243128604527755
855 9.464928935894339e-05
872 6.593667904531496e-05
878 0.0001440237055098346
1011 8.56095506062492e-05
1140 3.8493910507496085e-05
1164 8.408656954820681e-05
1165 8.433711728522342e-05
1166 0.00019506105515172307
1469 6.358367031630664e-05
1695 0.00014576429866269
1729 0.00010200632301179658
1881 8.408656954820681e-05
1882 9.496067334174995e-05
2371 8.858094887998e-06
2550 5.3403616896513294e-05
2667 8.358930576913648e-05
2716 0.0001523982138465608
3576 5.3536945098705395e-05
3600 0.0001002340757964429
3681 0.0001287387249198448
3719 2.489326185102742e-05
3746 1.903006184883404e-05
4220 4.3879500470736716e-05
4485 7.159039254876493e-05
4509 0.0001281179340087181
4834 1.7286007534181456e-05
4923 8.188778632745044e-05
4972 4.681329625334851e-05
4976 0.00021605372159664503
5024 6.025437603138515e-05
5031 6.913916575845257e-05
5303 0.00015663840245623315
5469 1.1433598200043818e-05
5574 0.00013401212737453773
5633 0.0002537323685808453
5644 7.711306116076915e-05
5645 0.0001677901789526326
5894 1.5848029138067838e-05
5896 1.6219082409210568e-05
6242 3.105201474962982e-05
6458 0.00015554326811050196
6762 7.139739654402146e-05
6763 7.27647006365303e-05
7067 3.508605365233e-05
7073 5.516600244482883e-05
7074 0.0002537323685808453
7175 0.00019041645403432799
7414 0.00010460100421098168
7482 2.5340342303404983e-05
7483 2.8590308184836374e-05
7665 0.00010422176939821458
7866 5.91933076971794e-05
7871 0.00018418695135817993
7872 0.00018617626542465564
8109 8.285279662389543e-05
8122 0.00014576429866269
8349 4.919672615455441e-05
8360 0.00022419450561242282
8447 4.100899018649567e-05
8705 0.00022883910672981793
8866 3.8493910507496085e-05
8871 7.025520142447097e-05
