59
145 5.786216925096193e-05
163 4.4209139343250144e-05
509 1.4811799641107606e-05
513 0.00019268344080366
597 0.00011198624708459517
599 0.00016251677649793962
872 6.593667904531496e-05
1140 3.8493910507496085e-05
1164 8.408656954820681e-05
1165 8.433711728522342e-05
1539 0.00011198624708459517
1777 4.871062309639001e-05
1780 0.00016128300357362823
1881 8.408656954820681e-05
1882 9.496067334174995e-05
1922 7.334292682143156e-06
2076 7.66818067754729e-05
2550 5.3403616896513294e-05
2571 6.593667904531496e-05
2586 9.502842032885344e-06
3576 5.3536945098705395e-05
4314 3.1644758795232604e-05
4329 3.676019862375966e-05
4332 8.117636599183342e-05
4432 6.4078409870285e-05
4533 5.685140711216779e-05
4834 1.7286007534181456e-05
4972 4.681329625334851e-05
4973 0.00014576429866269
5024 6.025437603138515e-05
5031 6.913916575845257e-05
5367 0.00021605372159664503
5427 3.490353872923123e-05
5574 0.00013401212737453773
6458 0.00015554326811050196
6536 7.499396958083494e-05
6595 7.66818067754729e-05
6596 0.00015890538922556517
6689 7.376538112671329e-05
7067 3.508605365233e-05
7073 5.516600244482883e-05
7076 0.00023971321052336105
7346 8.070779096331723e-05
7349 0.00013614669170503938
7482 2.5340342303404983e-05
7483 2.8590308184836374e-05
7890 9.233159952796689e-06
7894 6.374802604546662e-05
7902 7.376538112671329e-05
7903 8.141235399539764e-05
8144 1.8182537399726556e-05
8158 0.00010939812948263226
8204 5.1064059112276297e-05
8349 4.919672615455441e-05
8519 0.00014488623116808087
8693 8.484211069037113e-05
8694 8.88061998220748e-05
8863 0.0001664173719040451
8871 7.025520142447097e-05
