122
122 0.0001523982138465608
124 0.00015447220461114937
145 5.786216925096193e-05
158 1.722259642893919e-05
160 3.6009024944890365e-05
163 4.4209139343250144e-05
463 2.104404381130732e-05
509 1.4811799641107606e-05
513 0.00019268344080366
521 6.165346047478709e-05
597 0.00011198624708459517
599 0.00016251677649793962
872 6.593667904531496e-05
1014 0.00017695423263882194
1140 3.8493910507496085e-05
1164 8.408656954820681e-05
1165 8.433711728522342e-05
1234 2.8271279696782107e-05
1469 6.358367031630664e-05
1497 6.663037655997976e-05
1511 9.312153328472917e-05
1521 0.00011110817958998604
1539 0.00011198624708459517
1583 8.88061998220748e-05
1587 9.954283828468142e-05
1706 3.382257549850835e-05
1707 0.00015554326811050196
1777 4.871062309639001e-05
1780 0.00016128300357362823
1881 8.408656954820681e-05
1882 9.496067334174995e-05
1922 7.334292682143156e-06
2042 8.383730339089555e-05
2076 7.66818067754729e-05
2371 8.858094887998e-06
2550 5.3403616896513294e-05
2571 6.593667904531496e-05
2586 9.502842032885344e-06
2607 3.3290954653437934e-05
2612 8.001326955199571e-05
2773 0.00011067500849334801
2955 4.7516165565500014e-05
3226 8.164949036359771e-05
3372 6.542281037332744e-05
3375 0.00010236864012694453
3465 5.7716484755306535e-05
3519 8.586807337437805e-05
3540 0.00013542473142615584
3542 0.0001431761810607271
3576 5.3536945098705395e-05
3746 1.903006184883404e-05
3887 5.5861184383926875e-05
4079 0.00023397347506023475
4220 4.3879500470736716e-05
4314 3.1644758795232604e-05
4329 3.676019862375966e-05
4332 8.117636599183342e-05
4334 0.00017065756051371745
4402 6.950834500520415e-05
4432 6.4078409870285e-05
4495 3.207260550754382e-05
4499 9.312153328472917e-05
4533 5.685140711216779e-05
4829 8.383730339089555e-05
4834 1.7286007534181456e-05
4839 3.088397517794058e-05
4869 0.00013614669170503938
4871 0.00015775871449691997
5024 6.025437603138515e-05
5031 6.913916575845257e-05
5336 0.00018825025618924418
5367 0.00021605372159664503
5379 2.541525611908456e-05
5380 3.8298201700263376e-05
5395 3.215862746722012e-05
5427 3.490353872923123e-05
5565 0.00030726931367955075
5574 0.00013401212737453773
5588 6.913916575845257e-05
5702 3.9886331735258645e-05
5729 9.106007793564448e-05
6458 0.00015554326811050196
6595 7.66818067754729e-05
6596 0.00015890538922556517
6689 7.376538112671329e-05
6760 1.9892587507080337e-05
6762 7.139739654402146e-05
6763 7.27647006365303e-05
7003 8.771718405598661e-05
7008 0.0002059351589452662
7067 3.508605365233e-05
7073 5.516600244482883e-05
7076 0.00023971321052336105
7165 6.628229345501092e-05
7173 0.00017215710736717137
7321 3.8200641252257444e-05
7346 8.070779096331723e-05
7349 0.00013614669170503938
7482 2.5340342303404983e-05
7483 2.8590308184836374e-05
7808 4.7398314413738584e-05
7852 0.00015447220461114937
7890 9.233159952796689e-06
7894 6.374802604546662e-05
7902 7.376538112671329e-05
7903 8.141235399539764e-05
8042 6.663037655997976e-05
8054 2.9805618738211806e-05
8144 1.8182537399726556e-05
8158 0.00010939812948263226
8349 4.919672615455441e-05
8503 7.256700694753944e-05
8519 0.00014488623116808087
8639 3.69498153124238e-05
8659 0.00012936752625714268
8693 8.484211069037113e-05
8694 8.88061998220748e-05
8813 4.431951634967444e-05
8815 0.0002734912621014559
8863 0.0001664173719040451
8866 3.8493910507496085e-05
8871 7.025520142447097e-05
