558
52 9.785646144837983e-05
68 3.241760820520544e-05
69 0.00010460100421098168
92 0.00010774605847492284
93 0.00010982004923951138
97 8.612797493712278e-05
138 5.5304247721948624e-05
139 0.00010897983139923425
158 1.722259642893919e-05
160 3.6009024944890365e-05
225 4.311890533715833e-05
243 6.309390310328486e-05
268 0.00015342417653056774
276 4.8109734749355606e-05
277 5.502814824397996e-05
278 5.558192042480493e-05
283 0.00014488623116808087
290 5.516600244482883e-05
295 6.969398876306011e-05
300 0.00023971321052336105
330 6.358367031630664e-05
334 9.252359415714085e-05
375 8.334256383691721e-05
378 7.955569410086921e-05
380 0.0001423431449207802
381 0.00022883910672981793
384 0.00016920278300425065
397 0.00013614669170503938
412 6.391293797104737e-05
413 7.562007790453742e-05
427 0.0001440237055098346
430 2.1595466130645556e-05
436 6.181142310095298e-05
443 5.859719717528758e-05
458 0.00011198624708459517
459 8.798716495431228e-05
463 2.104404381130732e-05
480 6.877276232176413e-05
483 0.0001523982138465608
494 0.00010815385522706535
509 1.4811799641107606e-05
511 4.409901177660094e-05
535 8.236790279729728e-05
549 6.786862826996617e-05
573 0.00014576429866269
585 0.0002537323685808453
617 0.00022419450561242282
686 0.0002537323685808453
706 6.525271795805037e-05
707 9.496067334174995e-05
753 9.752607762356147e-05
755 0.00023971321052336105
854 0.0002875104201589402
881 0.00020298083458234552
882 0.00014665847838343454
891 5.757123449128065e-05
977 0.00010384546306881737
979 0.0001415241100530177
991 0.00019756065060853997
992 0.00020019542348213994
1031 0.00021605372159664503
1055 0.00011614595437539213
1057 9.988723143186235e-05
1058 0.00014665847838343454
1083 7.178415593526694e-05
1096 6.950834500520415e-05
1098 0.00017695423263882194
1110 0.00015554326811050196
1140 3.8493910507496085e-05
1145 9.920086195142229e-05
1173 9.077257605451787e-05
1177 0.00010347204034115494
1180 0.00023397347506023475
1194 0.0001027336712532598
1209 0.00016007969731333051
1216 4.5550455969092306e-05
1217 9.818910047034337e-05
1234 2.8271279696782107e-05
1254 8.96392359620217e-05
1265 6.576478670658657e-05
1277 0.00023397347506023475
1278 0.0002462203859023654
1299 0.00020019542348213994
1350 6.374802604546662e-05
1356 0.00014488623116808087
1359 0.00016920278300425065
1382 0.00011862016226846598
1384 0.00016251677649793962
1391 6.491430390704548e-05
1394 0.00014488623116808087
1412 6.804811807694473e-05
1464 0.00022883910672981793
1465 0.0002462203859023654
1468 0.00015554326811050196
1479 0.0001677901789526326
1504 0.0001239806629188251
1524 0.0001300045474523503
1525 0.00023397347506023475
1541 0.00014488623116808087
1543 0.0001664173719040451
1568 0.00018617626542465564
1577 0.0002537323685808453
1629 0.00015447220461114937
1634 0.00018617626542465564
1638 7.33626397641186e-05
1641 7.583058115843726e-05
1642 0.0001786642827461757
1658 0.00010654275221462514
1671 7.64676023536449e-05
1703 0.00015663840245623315
1706 3.382257549850835e-05
1713 4.787143878550288e-05
1722 8.117636599183342e-05
1733 0.00011243128604527755
1777 4.871062309639001e-05
1778 0.0001287387249198448
1816 0.00022883910672981793
1834 0.00014849761844045535
1848 6.508321716976057e-05
1881 8.408656954820681e-05
1886 0.0002875104201589402
1887 0.00030726931367955075
1922 7.334292682143156e-06
1957 8.88061998220748e-05
1965 0.00030726931367955075
1987 0.00012571095453322076
1993 0.00014576429866269
1994 0.0001504088997800851
2004 7.217400943451535e-05
2009 0.00012176521653240713
2013 0.00016378259903044513
2040 4.7398314413738584e-05
2042 8.383730339089555e-05
2093 0.00011811516886331826
2148 8.383730339089555e-05
2149 8.408656954820681e-05
2201 0.00017215710736717137
2251 0.00017065756051371745
2255 0.00014849761844045535
2256 0.00015554326811050196
2319 0.0001228603508781383
2355 0.0001504088997800851
2371 8.858094887998e-06
2373 4.532432364915004e-05
2374 8.586807337437805e-05
2384 3.364472337590274e-05
2391 2.4157123570420575e-05
2407 0.00017215710736717137
2434 0.00010536844412685977
2439 5.502814824397996e-05
2448 8.825864993225359e-05
2453 0.0002462203859023654
2455 0.00010128967145643295
2493 2.5565430128539482e-05
2506 0.00014488623116808087
2523 0.0001504088997800851
2526 8.070779096331723e-05
2550 5.3403616896513294e-05
2559 7.604199766141655e-05
2563 2.4450245822639586e-05
2564 4.692973938522239e-05
2579 0.00013130412920165632
2580 8.992010952057247e-05
2581 0.00016920278300425065
2586 9.502842032885344e-06
2607 3.3290954653437934e-05
2618 4.846937791309118e-05
2638 0.00012176521653240713
2639 0.0001504088997800851
2667 8.358930576913648e-05
2675 0.00010694056199521868
2676 0.00023971321052336105
2727 0.0002462203859023654
2732 0.00012069415303305452
2762 0.00010200632301179658
2765 0.00012936752625714268
2783 8.718166847460814e-05
2785 0.00010856509334268535
2814 0.0002537323685808453
2840 0.00014944388948364012
2877 0.00014944388948364012
2900 0.00017065756051371745
2903 8.718166847460814e-05
2904 0.00015139340654708521
2920 0.0001399262151792957
2922 0.00015663840245623315
2943 0.0001399262151792957
2958 6.950834500520415e-05
2963 8.509658347491132e-05
2976 5.461691012835996e-05
3031 8.691610145495967e-05
3097 0.00012230970742046953
3113 6.165346047478709e-05
3156 9.342327683396404e-05
3161 0.00010536844412685977
3168 0.0001275049519955334
3169 0.0001391464957049546
3170 0.00019268344080366
3187 0.00019756065060853997
3214 8.001326955199571e-05
3228 4.566391685271689e-05
3229 4.669713069773751e-05
3230 4.692973938522239e-05
3236 0.00026261715830791277
3257 0.0001504088997800851
3337 0.00015775871449691997
3338 0.00016007969731333051
3409 8.458895984833521e-05
3434 0.00018617626542465564
3442 0.00020908021320920737
3465 5.7716484755306535e-05
3474 0.00011862016226846598
3475 0.000126899584862824
3490 0.0001245506276326127
3533 0.0002537323685808453
3545 6.071628875522179e-05
3560 0.00015447220461114937
3605 5.380470086849468e-05
3641 0.0001228603508781383
3642 0.00013542473142615584
3646 0.00020908021320920737
3654 6.663037655997976e-05
3719 2.489326185102742e-05
3731 5.3138049876864844e-05
3743 3.233112827567267e-05
3746 1.903006184883404e-05
3760 0.00010614816360120087
3766 5.131853189681648e-05
3790 0.00020298083458234552
3792 0.0002199543170027505
3814 0.00014576429866269
3819 6.424444555902466e-05
3821 0.00018418695135817993
3832 3.3290954653437934e-05
3840 0.00010774605847492284
3852 0.0001786642827461757
3872 9.164022082905678e-05
3887 5.5861184383926875e-05
3891 8.334256383691721e-05
3892 0.00011110817958998604
3926 0.00011110817958998604
3932 4.895306850942043e-05
3943 7.689695691525318e-05
3944 0.00020019542348213994
3951 9.920086195142229e-05
3954 0.00010774605847492284
4005 9.222735356398462e-05
4027 0.00016378259903044513
4028 0.0002537323685808453
4042 0.00012571095453322076
4044 0.00014488623116808087
4110 0.0002059351589452662
4125 0.00016508218077975113
4159 0.00018825025618924418
4160 0.00020019542348213994
4198 0.00013332088986277624
4224 8.236790279729728e-05
4247 4.846937791309118e-05
4250 8.612797493712278e-05
4286 0.0001228603508781383
4288 0.0001423431449207802
4289 0.0002199543170027505
4296 9.527405980765772e-05
4298 0.00011614595437539213
4314 3.1644758795232604e-05
4315 7.256700694753944e-05
4320 0.00019268344080366
4321 0.00010200632301179658
4345 5.131853189681648e-05
4348 8.212725328354177e-05
4352 0.0002059351589452662
4354 0.00022883910672981793
4363 7.025520142447097e-05
4371 0.00013263932032595027
4375 7.541048004377448e-05
4377 0.0002875104201589402
4390 8.825864993225359e-05
4402 6.950834500520415e-05
4406 6.508321716976057e-05
4432 6.4078409870285e-05
4434 0.00013065000625947455
4453 3.6854914742017664e-05
4461 9.19329029551259e-05
4492 6.969398876306011e-05
4495 3.207260550754382e-05
4502 6.424444555902466e-05
4546 7.625433537211054e-05
4566 9.68719546813797e-05
4577 3.9085797470059324e-05
4670 7.541048004377448e-05
4676 1.811794967986411e-05
4689 0.00019041645403432799
4690 0.00020908021320920737
4699 3.676019862375966e-05
4703 0.00012069415303305452
4705 0.00014071861357331354
4712 8.484211069037113e-05
4718 0.0001147195668623605
4723 9.106007793564448e-05
4724 0.00016128300357362823
4759 5.0810908270240366e-05
4762 0.0001399262151792957
4763 0.00015890538922556517
4810 0.00010856509334268535
4812 0.00020019542348213994
4818 9.048676041112919e-05
4834 1.7286007534181456e-05
4839 3.088397517794058e-05
4846 4.681329625334851e-05
4848 0.00030726931367955075
4908 9.372690041743856e-05
4911 6.341986704442123e-05
4913 6.457822376461287e-05
4914 6.542281037332744e-05
4933 2.564069103539461e-05
4942 6.804811807694473e-05
4972 4.681329625334851e-05
4992 0.00017695423263882194
5024 6.025437603138515e-05
5031 6.913916575845257e-05
5033 0.0001347133110905388
5034 0.00019506105515172307
5051 0.0001281179340087181
5055 0.00013065000625947455
5056 0.00013614669170503938
5074 0.00022883910672981793
5166 0.0001347133110905388
5170 0.0001128804268053397
5215 0.0001300045474523503
5217 7.159039254876493e-05
5222 2.3001954162320978e-05
5228 4.931901336427842e-05
5242 6.786862826996617e-05
5254 5.9796800580258657e-05
5307 0.00013263932032595027
5309 0.00019506105515172307
5362 0.00017370426675739054
5363 0.00021244233432427055
5369 7.562007790453742e-05
5379 2.541525611908456e-05
5380 3.8298201700263376e-05
5395 3.215862746722012e-05
5408 0.00010774605847492284
5427 3.490353872923123e-05
5451 0.00019506105515172307
5452 0.00020019542348213994
5460 0.0002462203859023654
5469 1.1433598200043818e-05
5529 0.00023971321052336105
5535 0.00014944388948364012
5536 0.00018418695135817993
5556 0.00020019542348213994
5611 0.00012122674224136485
5613 0.0001804365299615294
5618 0.00014071861357331354
5636 0.00010310145735752775
5644 7.711306116076915e-05
5648 0.00016378259903044513
5687 2.724862948448243e-05
5696 0.00017695423263882194
5697 0.0001804365299615294
5702 3.9886331735258645e-05
5797 5.544288630052885e-05
5810 5.261121850249547e-05
5811 0.00010310145735752775
5834 6.804811807694473e-05
5862 6.610917985376751e-05
5865 0.0001196461249524729
5888 8.358930576913648e-05
5889 0.00013837905578907654
5894 1.5848029138067838e-05
5896 1.6219082409210568e-05
5909 6.663037655997976e-05
5912 0.00010498321344481378
5931 0.00014665847838343454
5982 0.0001376235146469122
5983 0.00021244233432427055
5984 3.088397517794058e-05
5985 7.52017798211394e-05
5987 7.798719092134497e-05
6000 3.4631041686461846e-05
6014 9.818910047034337e-05
6022 2.0770655001689466e-05
6033 0.00011519040557349246
6053 0.00018227567001855016
6064 0.00010498321344481378
6067 0.00016378259903044513
6068 0.00023397347506023475
6079 0.0001251273376474703
6080 0.00014071861357331354
6124 0.00019041645403432799
6134 0.00013332088986277624
6159 7.101368253390731e-05
6160 7.955569410086921e-05
6175 0.00015139340654708521
6177 0.00015447220461114937
6197 5.5304247721948624e-05
6202 0.00013196715204843822
6218 9.464928935894339e-05
6242 3.105201474962982e-05
6261 0.00014576429866269
6264 4.7398314413738584e-05
6292 8.853165584237468e-05
6297 9.164022082905678e-05
6299 0.0001431761810607271
6327 0.00010384546306881737
6356 6.733409171295719e-05
6360 0.00030726931367955075
6387 9.558947467904783e-05
6399 8.212725328354177e-05
6408 4.3989132524856074e-05
6409 0.00010575674440844711
6413 9.590694438493474e-05
6452 8.63892700805903e-05
6467 4.669713069773751e-05
6468 4.669713069773751e-05
6485 0.00019268344080366
6487 0.00012936752625714268
6488 0.00017065756051371745
6490 2.724862948448243e-05
6491 7.604199766141655e-05
6507 6.212889280683989e-05
6528 0.00011913044365880717
6568 3.9584588186023764e-05
6569 4.981125419104163e-05
6586 5.24803957997587e-05
6588 6.576478670658657e-05
6589 5.9343481706634316e-05
6614 8.484211069037113e-05
6619 5.7716484755306535e-05
6633 0.00011811516886331826
6634 0.0002059351589452662
6635 0.0002734912621014559
6661 5.889434094657216e-05
6665 0.00012936752625714268
6667 0.00012069415303305452
6670 0.00010734164596720007
6687 6.196989942762013e-05
6725 8.458895984833521e-05
6727 8.612797493712278e-05
6728 9.527405980765772e-05
6748 0.00012016732165868515
6760 1.9892587507080337e-05
6833 2.7093186202753706e-05
6865 0.0002199543170027505
6885 5.131853189681648e-05
6893 9.252359415714085e-05
6894 9.252359415714085e-05
6905 2.9805618738211806e-05
6919 7.3968006896828e-05
6931 0.0001196461249524729
6960 3.259102983841739e-05
6967 0.00010536844412685977
6972 6.133906307779394e-05
6973 0.00011913044365880717
6992 4.787143878550288e-05
7110 0.00019506105515172307
7139 6.196989942762013e-05
7165 6.628229345501092e-05
7174 7.256700694753944e-05
7178 3.714017269315804e-05
7182 0.00030726931367955075
7194 0.00022883910672981793
7215 0.00015139340654708521
7251 7.689695691525318e-05
7260 0.0001664173719040451
7264 0.00017695423263882194
7321 3.8200641252257444e-05
7327 0.00011761535496899039
7344 8.96392359620217e-05
7345 0.00011425323385392718
7355 0.00017215710736717137
7373 7.27647006365303e-05
7374 0.00010498321344481378
7392 5.274239335290522e-05
7476 8.117636599183342e-05
7482 2.5340342303404983e-05
7483 2.8590308184836374e-05
7491 0.0001147195668623605
7539 0.0002734912621014559
7590 0.0001239806629188251
7615 0.00016007969731333051
7660 0.00011913044365880717
7740 0.00021244233432427055
7741 0.0002875104201589402
7765 0.00019756065060853997
7766 0.00023397347506023475
7818 2.996997446737178e-05
7843 0.00012571095453322076
7844 0.00016378259903044513
7848 0.00030726931367955075
7856 0.00030726931367955075
7858 4.509923582401553e-05
7861 0.00013263932032595027
7862 9.077257605451787e-05
7863 7.64676023536449e-05
7866 5.91933076971794e-05
7886 7.910237522724487e-05
7890 9.233159952796689e-06
7893 5.131853189681648e-05
7938 4.907474504580058e-05
7943 7.64676023536449e-05
7962 0.0002059351589452662
7976 0.0002537323685808453
7981 6.950834500520415e-05
7987 7.843020694973282e-05
8009 2.7093186202753706e-05
8010 3.97855428110104e-05
8016 3.6571316885345003e-05
8018 0.0001281179340087181
8045 0.0001263016457352357
8054 2.9805618738211806e-05
8061 7.865323446718271e-05
8069 5.287392225192349e-05
8072 0.00013837905578907654
8105 0.0001281179340087181
8109 8.285279662389543e-05
8117 0.00019268344080366
8128 0.00013332088986277624
8144 1.8182537399726556e-05
8346 0.0001399262151792957
8349 4.919672615455441e-05
8351 0.0001376235146469122
8353 0.00022883910672981793
8354 0.0002462203859023654
8355 0.00016378259903044513
8447 4.100899018649567e-05
8474 8.408656954820681e-05
8510 0.00019268344080366
8513 4.3335009582674306e-05
8516 8.024367862190805e-05
8531 9.752607762356147e-05
8532 0.0001002340757964429
8535 0.00012341728754011654
8539 7.955569410086921e-05
8571 9.496067334174995e-05
8582 0.00010774605847492284
8633 5.949411993323993e-05
8638 6.491430390704548e-05
8639 3.69498153124238e-05
8642 9.164022082905678e-05
8643 0.0002734912621014559
8656 0.0002059351589452662
8676 0.0001423431449207802
8678 4.409901177660094e-05
8679 0.0002462203859023654
8685 0.00012571095453322076
8693 8.484211069037113e-05
8694 8.88061998220748e-05
8722 7.217400943451535e-05
8753 0.00010614816360120087
8799 0.00012069415303305452
8813 4.431951634967444e-05
8841 0.0001275049519955334
8844 0.0001523982138465608
8866 3.8493910507496085e-05
8882 0.0001147195668623605
8883 0.00011519040557349246
