513
12 0.0001523982138465608
13 0.0001664173719040451
15 6.0101372993599195e-05
21 0.00017695423263882194
53 0.00010200632301179658
56 0.0001027336712532598
58 3.9886331735258645e-05
68 3.241760820520544e-05
77 8.691610145495967e-05
80 0.0001376235146469122
87 0.00030726931367955075
97 8.612797493712278e-05
116 0.0001523982138465608
117 0.00017370426675739054
129 0.0001786642827461757
130 0.00011862016226846598
131 0.00015139340654708521
152 0.0001475693727081854
158 1.722259642893919e-05
160 3.6009024944890365e-05
163 4.4209139343250144e-05
196 8.935997200289977e-05
203 0.0001804365299615294
225 4.311890533715833e-05
232 0.0001245506276326127
243 6.309390310328486e-05
268 0.00015342417653056774
278 5.558192042480493e-05
295 6.969398876306011e-05
310 8.408656954820681e-05
318 9.719791862251607e-05
330 6.358367031630664e-05
334 9.252359415714085e-05
338 0.0001391464957049546
365 0.00021605372159664503
400 0.00015890538922556517
424 0.00019041645403432799
430 2.1595466130645556e-05
443 5.859719717528758e-05
446 0.00010058340652177312
449 6.628229345501092e-05
458 0.00011198624708459517
463 2.104404381130732e-05
483 0.0001523982138465608
484 0.0002734912621014559
486 0.00019268344080366
509 1.4811799641107606e-05
511 4.409901177660094e-05
522 0.00011110817958998604
578 0.0001440237055098346
602 0.00013401212737453773
645 6.341986704442123e-05
647 0.00017215710736717137
668 8.63892700805903e-05
732 0.00011614595437539213
735 0.00017370426675739054
772 0.00011712061541501202
872 6.593667904531496e-05
878 0.0001440237055098346
891 5.757123449128065e-05
897 0.00014488623116808087
988 0.00013263932032595027
1035 0.00015663840245623315
1048 0.00014849761844045535
1070 0.00013130412920165632
1111 9.886126874785542e-05
1112 0.00020908021320920737
1140 3.8493910507496085e-05
1371 0.00011519040557349246
1372 0.00014849761844045535
1382 0.00011862016226846598
1423 0.00015447220461114937
1440 0.00010815385522706535
1451 0.00019756065060853997
1452 0.00021244233432427055
1458 0.0001786642827461757
1559 0.00011425323385392718
1563 0.00018825025618924418
1564 0.0002875104201589402
1569 9.920086195142229e-05
1578 0.00010856509334268535
1619 0.00019506105515172307
1633 0.00018418695135817993
1654 0.00021244233432427055
1693 0.0001281179340087181
1706 3.382257549850835e-05
1707 0.00015554326811050196
1713 4.787143878550288e-05
1717 0.0001251273376474703
1722 8.117636599183342e-05
1729 0.00010200632301179658
1753 0.00022883910672981793
1830 0.00022883910672981793
1844 0.00018617626542465564
1855 0.0002462203859023654
1881 8.408656954820681e-05
1882 9.496067334174995e-05
1888 6.071628875522179e-05
1895 0.00011519040557349246
1897 0.00018227567001855016
1921 0.00018418695135817993
1922 7.334292682143156e-06
1929 4.2158123180710165e-05
1939 0.00022883910672981793
1942 0.0001376235146469122
1948 0.0001523982138465608
1953 0.0001281179340087181
1987 0.00012571095453322076
1988 0.0002462203859023654
2026 8.535239208071232e-05
2032 0.00011024565393173974
2040 4.7398314413738584e-05
2042 8.383730339089555e-05
2044 0.00010536844412685977
2054 0.00015447220461114937
2073 0.00010939812948263226
2093 0.00011811516886331826
2094 0.00020908021320920737
2118 6.715720793434914e-05
2148 8.383730339089555e-05
2149 8.408656954820681e-05
2151 0.00011566583790554528
2266 0.0001347133110905388
2294 8.535239208071232e-05
2299 0.00010982004923951138
2300 0.00011024565393173974
2310 0.0001391464957049546
2311 0.00020908021320920737
2319 0.0001228603508781383
2371 8.858094887998e-06
2373 4.532432364915004e-05
2391 2.4157123570420575e-05
2398 0.0001027336712532598
2399 0.000126899584862824
2439 5.502814824397996e-05
2448 8.825864993225359e-05
2450 0.0001504088997800851
2469 0.00011110817958998604
2472 0.00022883910672981793
2493 2.5565430128539482e-05
2550 5.3403616896513294e-05
2563 2.4450245822639586e-05
2580 8.992010952057247e-05
2582 7.458098891001271e-05
2586 9.502842032885344e-06
2590 8.771718405598661e-05
2607 3.3290954653437934e-05
2618 4.846937791309118e-05
2650 0.00019506105515172307
2667 8.358930576913648e-05
2682 0.00015342417653056774
2687 0.00019041645403432799
2728 0.00010939812948263226
2739 7.583058115843726e-05
2740 0.00019268344080366
2773 0.00011067500849334801
2832 0.0001196461249524729
2833 0.0001391464957049546
2843 7.33626397641186e-05
2850 9.252359415714085e-05
2894 0.00013130412920165632
2903 8.718166847460814e-05
2940 7.910237522724487e-05
2952 0.0002537323685808453
2953 0.0002875104201589402
2954 0.00030726931367955075
2955 4.7516165565500014e-05
2958 6.950834500520415e-05
2963 8.509658347491132e-05
2976 5.461691012835996e-05
3050 5.1064059112276297e-05
3051 7.910237522724487e-05
3052 0.00011379132113009053
3076 9.818910047034337e-05
3079 0.00011862016226846598
3147 0.00012936752625714268
3228 4.566391685271689e-05
3229 4.669713069773751e-05
3230 4.692973938522239e-05
3264 0.00018617626542465564
3303 0.00010058340652177312
3308 0.00012571095453322076
3328 0.00016378259903044513
3395 7.541048004377448e-05
3403 0.0002734912621014559
3421 8.586807337437805e-05
3425 0.0002537323685808453
3440 0.00019756065060853997
3465 5.7716484755306535e-05
3545 6.071628875522179e-05
3558 0.00016007969731333051
3605 5.380470086849468e-05
3626 0.00015342417653056774
3657 4.716346370617082e-05
3691 0.00011425323385392718
3692 0.0001804365299615294
3719 2.489326185102742e-05
3723 6.859058854884968e-05
3724 5.7716484755306535e-05
3727 6.424444555902466e-05
3731 5.3138049876864844e-05
3743 3.233112827567267e-05
3746 1.903006184883404e-05
3762 0.00017695423263882194
3814 0.00014576429866269
3819 6.424444555902466e-05
3832 3.3290954653437934e-05
3835 0.00011811516886331826
3875 3.285232498188492e-05
3882 0.00012016732165868515
3887 5.5861184383926875e-05
3902 0.00012122674224136485
3928 0.00014944388948364012
3932 4.895306850942043e-05
3943 7.689695691525318e-05
4018 9.342327683396404e-05
4022 0.00014944388948364012
4023 0.0001804365299615294
4042 0.00012571095453322076
4046 9.312153328472917e-05
4112 0.00016007969731333051
4114 0.00021605372159664503
4127 0.00030726931367955075
4151 0.00018825025618924418
4189 4.981125419104163e-05
4220 4.3879500470736716e-05
4224 8.236790279729728e-05
4227 0.0001753021616311125
4286 0.0001228603508781383
4288 0.0001423431449207802
4290 5.656642719180506e-05
4291 7.843020694973282e-05
4314 3.1644758795232604e-05
4329 3.676019862375966e-05
4332 8.117636599183342e-05
4336 0.00012571095453322076
4345 5.131853189681648e-05
4381 4.3226837668107787e-05
4382 6.14960082295629e-05
4392 8.334256383691721e-05
4398 6.325661252824365e-05
4406 6.508321716976057e-05
4413 0.0001786642827461757
4442 0.00017695423263882194
4451 0.00010200632301179658
4457 0.00010058340652177312
4486 0.00012571095453322076
4495 3.207260550754382e-05
4502 6.424444555902466e-05
4533 5.685140711216779e-05
4567 6.341986704442123e-05
4577 3.9085797470059324e-05
4609 0.00018825025618924418
4652 4.476354154013861e-05
4668 0.00020298083458234552
4670 7.541048004377448e-05
4676 1.811794967986411e-05
4679 0.00012122674224136485
4699 3.676019862375966e-05
4712 8.484211069037113e-05
4759 5.0810908270240366e-05
4768 0.00012176521653240713
4771 0.00026261715830791277
4818 9.048676041112919e-05
4821 8.691610145495967e-05
4839 3.088397517794058e-05
4844 0.00010734164596720007
4894 0.00014849761844045535
4911 6.341986704442123e-05
4913 6.457822376461287e-05
4914 6.542281037332744e-05
4933 2.564069103539461e-05
4942 6.804811807694473e-05
5007 0.00018617626542465564
5017 0.00021605372159664503
5086 0.00017370426675739054
5123 0.0001423431449207802
5149 0.0001376235146469122
5161 5.502814824397996e-05
5162 5.6001418804450566e-05
5177 6.196989942762013e-05
5179 0.00013687950893562258
5180 0.00010982004923951138
5181 0.00016007969731333051
5198 0.00010654275221462514
5199 0.00014665847838343454
5217 7.159039254876493e-05
5222 2.3001954162320978e-05
5228 4.931901336427842e-05
5294 9.68719546813797e-05
5297 0.0001415241100530177
5307 0.00013263932032595027
5373 0.00016508218077975113
5379 2.541525611908456e-05
5380 3.8298201700263376e-05
5395 3.215862746722012e-05
5412 0.00010856509334268535
5427 3.490353872923123e-05
5439 8.024367862190805e-05
5440 8.586807337437805e-05
5469 1.1433598200043818e-05
5480 0.0001753021616311125
5481 6.576478670658657e-05
5484 0.00012936752625714268
5509 8.935997200289977e-05
5550 4.944160821510571e-05
5574 0.00013401212737453773
5612 0.0001415241100530177
5622 6.733409171295719e-05
5644 7.711306116076915e-05
5648 0.00016378259903044513
5687 2.724862948448243e-05
5691 8.383730339089555e-05
5702 3.9886331735258645e-05
5716 0.00015775871449691997
5754 0.00017215710736717137
5758 0.00020908021320920737
5797 5.544288630052885e-05
5806 7.910237522724487e-05
5810 5.261121850249547e-05
5814 0.00018617626542465564
5854 7.178415593526694e-05
5858 6.663037655997976e-05
5868 7.256700694753944e-05
5872 0.00013130412920165632
5875 0.0002875104201589402
5894 1.5848029138067838e-05
5896 1.6219082409210568e-05
5909 6.663037655997976e-05
5925 0.00010734164596720007
5932 0.00015663840245623315
5934 5.434466680855229e-05
5937 0.00023397347506023475
5938 5.91933076971794e-05
5984 3.088397517794058e-05
5985 7.52017798211394e-05
5987 7.798719092134497e-05
6000 3.4631041686461846e-05
6004 0.0002059351589452662
6005 0.00010897983139923425
6022 2.0770655001689466e-05
6057 0.00011024565393173974
6127 0.0002875104201589402
6162 0.0001128804268053397
6197 5.5304247721948624e-05
6199 0.0001251273376474703
6214 0.0001664173719040451
6218 9.464928935894339e-05
6227 0.00010536844412685977
6229 7.458098891001271e-05
6230 0.0001239806629188251
6264 4.7398314413738584e-05
6277 0.00011067500849334801
6327 0.00010384546306881737
6352 0.00011519040557349246
6356 6.733409171295719e-05
6364 0.00023397347506023475
6374 0.0002875104201589402
6386 0.00013837905578907654
6399 8.212725328354177e-05
6452 8.63892700805903e-05
6458 0.00015554326811050196
6467 4.669713069773751e-05
6468 4.669713069773751e-05
6473 0.0002537323685808453
6490 2.724862948448243e-05
6491 7.604199766141655e-05
6502 0.0001423431449207802
6506 8.88061998220748e-05
6507 6.212889280683989e-05
6568 3.9584588186023764e-05
6569 4.981125419104163e-05
6571 0.00014849761844045535
6578 6.025437603138515e-05
6589 5.9343481706634316e-05
6593 7.754816608258265e-05
6619 5.7716484755306535e-05
6623 0.00010460100421098168
6624 0.00011663084820199027
6625 0.00011811516886331826
6675 5.7716484755306535e-05
6678 0.00012230970742046953
6682 6.698096388147314e-05
6687 6.196989942762013e-05
6706 7.910237522724487e-05
6712 6.025437603138515e-05
6745 0.0002875104201589402
6748 0.00012016732165868515
6760 1.9892587507080337e-05
6762 7.139739654402146e-05
6778 0.00026261715830791277
6789 4.7516165565500014e-05
6796 8.260974660633398e-05
6815 7.178415593526694e-05
6822 8.535239208071232e-05
6833 2.7093186202753706e-05
6931 0.0001196461249524729
6943 0.00017065756051371745
6960 3.259102983841739e-05
6965 0.00013332088986277624
6968 0.0001287387249198448
6971 0.00022419450561242282
6977 0.00015342417653056774
6989 0.00015775871449691997
6998 0.00016251677649793962
7084 0.00015447220461114937
7085 0.00018418695135817993
7112 0.00026261715830791277
7126 0.00023971321052336105
7165 6.628229345501092e-05
7174 7.256700694753944e-05
7177 0.00015447220461114937
7178 3.714017269315804e-05
7181 0.0001263016457352357
7197 0.00011198624708459517
7201 0.00022419450561242282
7232 0.00013401212737453773
7251 7.689695691525318e-05
7301 0.00011024565393173974
7302 0.00011811516886331826
7305 0.00016508218077975113
7307 0.00030726931367955075
7346 8.070779096331723e-05
7349 0.00013614669170503938
7392 5.274239335290522e-05
7406 6.698096388147314e-05
7408 8.691610145495967e-05
7436 0.0002734912621014559
7444 9.886126874785542e-05
7447 0.00012176521653240713
7464 0.0002734912621014559
7469 7.887728740211037e-05
7482 2.5340342303404983e-05
7483 2.8590308184836374e-05
7494 0.00010694056199521868
7503 3.173002815645075e-05
7520 9.558947467904783e-05
7608 0.00015554326811050196
7660 0.00011913044365880717
7666 0.00014944388948364012
7694 6.804811807694473e-05
7698 0.0001504088997800851
7715 0.00014071861357331354
7724 9.920086195142229e-05
7765 0.00019756065060853997
7767 0.00023971321052336105
7775 0.00010536844412685977
7781 0.0002059351589452662
7792 0.000101646679848061
7800 0.00017065756051371745
7808 4.7398314413738584e-05
7814 0.0001275049519955334
7818 2.996997446737178e-05
7820 0.00013614669170503938
7858 4.509923582401553e-05
7862 9.077257605451787e-05
7866 5.91933076971794e-05
7877 8.853165584237468e-05
7884 0.00010982004923951138
7885 0.00018418695135817993
7890 9.233159952796689e-06
7893 5.131853189681648e-05
7938 4.907474504580058e-05
7943 7.64676023536449e-05
7944 0.00026261715830791277
7957 0.00011379132113009053
7958 9.496067334174995e-05
7960 9.954283828468142e-05
7981 6.950834500520415e-05
7987 7.843020694973282e-05
7995 9.134928606937549e-05
8009 2.7093186202753706e-05
8031 5.5721352358276173e-05
8042 6.663037655997976e-05
8069 5.287392225192349e-05
8074 0.00021244233432427055
8096 0.00013065000625947455
8144 1.8182537399726556e-05
8170 0.00011425323385392718
8234 4.8109734749355606e-05
8297 0.00021244233432427055
8342 0.00016251677649793962
8344 0.00018617626542465564
8378 0.00020019542348213994
8437 8.433711728522342e-05
8442 8.001326955199571e-05
8495 0.00015342417653056774
8498 0.00030726931367955075
8510 0.00019268344080366
8513 4.3335009582674306e-05
8530 0.0001147195668623605
8559 0.00011379132113009053
8600 8.383730339089555e-05
8621 0.000101646679848061
8633 5.949411993323993e-05
8638 6.491430390704548e-05
8639 3.69498153124238e-05
8652 0.00010982004923951138
8693 8.484211069037113e-05
8694 8.88061998220748e-05
8695 4.476354154013861e-05
8696 4.787143878550288e-05
8697 0.0001376235146469122
8722 7.217400943451535e-05
8772 0.00019756065060853997
8781 8.63892700805903e-05
8813 4.431951634967444e-05
8816 0.0002537323685808453
8824 0.00011712061541501202
8829 0.00011663084820199027
8882 0.0001147195668623605
8883 0.00011519040557349246
8884 0.00019506105515172307
