359
1 0.00016251677649793962
15 6.0101372993599195e-05
45 0.00015663840245623315
142 0.0002199543170027505
158 1.722259642893919e-05
196 8.935997200289977e-05
201 0.00019756065060853997
243 6.309390310328486e-05
287 0.00019041645403432799
310 8.408656954820681e-05
342 0.0001804365299615294
362 0.00018227567001855016
370 0.0001347133110905388
371 9.818910047034337e-05
397 0.00013614669170503938
400 0.00015890538922556517
412 6.391293797104737e-05
413 7.562007790453742e-05
430 2.1595466130645556e-05
436 6.181142310095298e-05
443 5.859719717528758e-05
463 2.104404381130732e-05
466 0.00013401212737453773
487 0.0001786642827461757
509 1.4811799641107606e-05
549 6.786862826996617e-05
551 0.0001431761810607271
553 0.00018617626542465564
554 0.00019756065060853997
575 8.825864993225359e-05
597 0.00011198624708459517
632 6.4078409870285e-05
633 0.00010058340652177312
695 0.00011519040557349246
706 6.525271795805037e-05
707 9.496067334174995e-05
723 6.212889280683989e-05
726 6.4078409870285e-05
837 0.0001128804268053397
838 0.00011614595437539213
911 0.00017065756051371745
941 9.719791862251607e-05
1038 0.00020908021320920737
1039 0.00023971321052336105
1041 0.00010734164596720007
1070 0.00013130412920165632
1083 7.178415593526694e-05
1126 4.895306850942043e-05
1129 0.00017370426675739054
1130 8.665197383001834e-05
1183 0.00010310145735752775
1191 0.00030726931367955075
1209 0.00016007969731333051
1234 2.8271279696782107e-05
1306 4.5550455969092306e-05
1312 0.00011243128604527755
1350 6.374802604546662e-05
1371 0.00011519040557349246
1372 0.00014849761844045535
1423 0.00015447220461114937
1494 0.00014576429866269
1517 9.106007793564448e-05
1593 0.00018617626542465564
1658 0.00010654275221462514
1659 0.0001786642827461757
1667 0.0001376235146469122
1686 0.00017215710736717137
1706 3.382257549850835e-05
1716 0.00020908021320920737
1773 0.0001002340757964429
1777 4.871062309639001e-05
1779 0.00011333374567896404
1888 6.071628875522179e-05
1897 0.00018227567001855016
1922 7.334292682143156e-06
1925 0.0002734912621014559
1929 4.2158123180710165e-05
1931 7.754816608258265e-05
1932 0.0001275049519955334
2040 4.7398314413738584e-05
2042 8.383730339089555e-05
2070 0.00016251677649793962
2227 0.00023971321052336105
2252 0.00015554326811050196
2259 0.00016378259903044513
2271 0.00015890538922556517
2321 8.691610145495967e-05
2341 8.744869066327002e-05
2343 0.0001263016457352357
2371 8.858094887998e-06
2391 2.4157123570420575e-05
2485 0.00013542473142615584
2486 0.0001504088997800851
2503 0.00015342417653056774
2550 5.3403616896513294e-05
2557 0.00012230970742046953
2563 2.4450245822639586e-05
2575 0.00012016732165868515
2576 0.0001786642827461757
2591 0.0002875104201589402
2607 3.3290954653437934e-05
2873 0.00018418695135817993
2894 0.00013130412920165632
2945 0.0001196461249524729
2955 4.7516165565500014e-05
2976 5.461691012835996e-05
3103 0.00012122674224136485
3113 6.165346047478709e-05
3122 0.00018825025618924418
3131 0.00019268344080366
3156 9.342327683396404e-05
3161 0.00010536844412685977
3226 8.164949036359771e-05
3321 0.00011761535496899039
3345 0.00011110817958998604
3354 0.00016508218077975113
3372 6.542281037332744e-05
3386 0.00020908021320920737
3434 0.00018617626542465564
3436 0.00014665847838343454
3437 0.00019506105515172307
3490 0.0001245506276326127
3492 0.00017370426675739054
3508 0.00018227567001855016
3519 8.586807337437805e-05
3522 0.00016378259903044513
3545 6.071628875522179e-05
3562 0.00019756065060853997
3572 5.234992335902794e-05
3596 8.285279662389543e-05
3605 5.380470086849468e-05
3612 0.0002734912621014559
3637 0.00022883910672981793
3638 0.0002875104201589402
3647 8.094151528426567e-05
3657 4.716346370617082e-05
3691 0.00011425323385392718
3696 0.0001391464957049546
3710 0.00017065756051371745
3719 2.489326185102742e-05
3724 5.7716484755306535e-05
3731 5.3138049876864844e-05
3732 0.00010654275221462514
3733 0.0001128804268053397
3743 3.233112827567267e-05
3746 1.903006184883404e-05
3766 5.131853189681648e-05
3775 0.00021605372159664503
3779 0.0002875104201589402
3819 6.424444555902466e-05
3875 3.285232498188492e-05
3884 8.433711728522342e-05
3885 0.0001391464957049546
3887 5.5861184383926875e-05
3890 0.00016007969731333051
3907 0.00018227567001855016
3929 0.00015663840245623315
4015 8.798716495431228e-05
4042 0.00012571095453322076
4044 0.00014488623116808087
4105 9.988723143186235e-05
4120 0.0001431761810607271
4121 0.00015890538922556517
4131 0.00018227567001855016
4148 0.00016007969731333051
4154 0.00012571095453322076
4158 0.00011519040557349246
4186 0.00022419450561242282
4189 4.981125419104163e-05
4190 0.00019756065060853997
4203 0.00011614595437539213
4215 0.0001504088997800851
4216 0.0001677901789526326
4244 0.0002537323685808453
4314 3.1644758795232604e-05
4329 3.676019862375966e-05
4337 0.00016920278300425065
4345 5.131853189681648e-05
4348 8.212725328354177e-05
4363 7.025520142447097e-05
4381 4.3226837668107787e-05
4398 6.325661252824365e-05
4402 6.950834500520415e-05
4453 3.6854914742017664e-05
4457 0.00010058340652177312
4461 9.19329029551259e-05
4516 0.00011663084820199027
4519 0.00010128967145643295
4533 5.685140711216779e-05
4563 4.728074758348793e-05
4567 6.341986704442123e-05
4628 0.00011566583790554528
4646 0.00020019542348213994
4647 0.0002734912621014559
4652 4.476354154013861e-05
4655 0.00019756065060853997
4656 0.00026261715830791277
4659 6.610917985376751e-05
4676 1.811794967986411e-05
4686 0.0001804365299615294
4699 3.676019862375966e-05
4759 5.0810908270240366e-05
4776 0.0001664173719040451
4777 0.00016920278300425065
4834 1.7286007534181456e-05
4853 8.535239208071232e-05
4865 0.00017370426675739054
4869 0.00013614669170503938
4871 0.00015775871449691997
4908 9.372690041743856e-05
4933 2.564069103539461e-05
5107 0.00014944388948364012
5110 0.00018418695135817993
5111 0.00014849761844045535
5115 0.00019268344080366
5151 0.0001431761810607271
5177 6.196989942762013e-05
5179 0.00013687950893562258
5191 0.00014849761844045535
5222 2.3001954162320978e-05
5223 0.00019268344080366
5379 2.541525611908456e-05
5380 3.8298201700263376e-05
5395 3.215862746722012e-05
5416 0.00013332088986277624
5427 3.490353872923123e-05
5430 6.441104889224853e-05
5443 0.00011712061541501202
5531 0.00020298083458234552
5554 0.0001440237055098346
5555 0.0001440237055098346
5616 0.00013687950893562258
5622 6.733409171295719e-05
5625 0.0001347133110905388
5626 0.00016007969731333051
5642 9.852402568908913e-05
5644 7.711306116076915e-05
5652 0.00014576429866269
5687 2.724862948448243e-05
5702 3.9886331735258645e-05
5713 0.0001786642827461757
5729 9.106007793564448e-05
5770 0.00013263932032595027
5772 0.00022883910672981793
5796 0.00023971321052336105
5797 5.544288630052885e-05
5810 5.261121850249547e-05
5840 0.00012230970742046953
5858 6.663037655997976e-05
5911 7.47870417645905e-05
5934 5.434466680855229e-05
6000 3.4631041686461846e-05
6014 9.818910047034337e-05
6022 2.0770655001689466e-05
6030 0.0001391464957049546
6033 0.00011519040557349246
6172 0.00012230970742046953
6195 9.622649587425546e-05
6197 5.5304247721948624e-05
6202 0.00013196715204843822
6242 3.105201474962982e-05
6244 0.00020298083458234552
6246 0.00010128967145643295
6247 0.00018227567001855016
6302 8.509658347491132e-05
6306 0.00011425323385392718
6308 0.0001523982138465608
6577 0.00010897983139923425
6584 0.00019506105515172307
6586 5.24803957997587e-05
6589 5.9343481706634316e-05
6605 0.00010200632301179658
6614 8.484211069037113e-05
6615 0.00020298083458234552
6619 5.7716484755306535e-05
6620 0.0001281179340087181
6621 0.0001399262151792957
6622 0.00014576429866269
6638 9.282164663063054e-05
6643 0.0002059351589452662
6665 0.00012936752625714268
6682 6.698096388147314e-05
6721 0.00021605372159664503
6760 1.9892587507080337e-05
6789 4.7516165565500014e-05
6885 5.131853189681648e-05
6893 9.252359415714085e-05
6894 9.252359415714085e-05
6905 2.9805618738211806e-05
6929 5.904359505253569e-05
6943 0.00017065756051371745
6956 0.00014944388948364012
6960 3.259102983841739e-05
6972 6.133906307779394e-05
6973 0.00011913044365880717
6992 4.787143878550288e-05
6999 6.309390310328486e-05
7003 8.771718405598661e-05
7010 0.0001504088997800851
7014 0.00019268344080366
7015 0.00020908021320920737
7101 0.00011862016226846598
7102 0.00020019542348213994
7124 6.859058854884968e-05
7321 3.8200641252257444e-05
7346 8.070779096331723e-05
7406 6.698096388147314e-05
7408 8.691610145495967e-05
7444 9.886126874785542e-05
7482 2.5340342303404983e-05
7483 2.8590308184836374e-05
7547 0.00016508218077975113
7548 0.00021605372159664503
7695 0.00018617626542465564
7715 0.00014071861357331354
7816 0.00014071861357331354
7817 0.00019506105515172307
7884 0.00010982004923951138
7890 9.233159952796689e-06
7911 0.00010774605847492284
7912 0.00011761535496899039
7938 4.907474504580058e-05
7942 9.134928606937549e-05
7943 7.64676023536449e-05
7981 6.950834500520415e-05
7987 7.843020694973282e-05
7995 9.134928606937549e-05
8016 3.6571316885345003e-05
8047 9.312153328472917e-05
8054 2.9805618738211806e-05
8058 8.853165584237468e-05
8088 8.509658347491132e-05
8095 0.00015342417653056774
8144 1.8182537399726556e-05
8150 0.00012176521653240713
8170 0.00011425323385392718
8305 0.00016251677649793962
8307 0.00023397347506023475
8340 0.00026261715830791277
8349 4.919672615455441e-05
8434 0.0002059351589452662
8437 8.433711728522342e-05
8444 5.815485137703107e-05
8451 0.00022419450561242282
8550 0.00013542473142615584
8639 3.69498153124238e-05
8642 9.164022082905678e-05
8643 0.0002734912621014559
8666 0.0001128804268053397
8678 4.409901177660094e-05
8685 0.00012571095453322076
8693 8.484211069037113e-05
8694 8.88061998220748e-05
8756 9.372690041743856e-05
8757 9.818910047034337e-05
8813 4.431951634967444e-05
8814 9.988723143186235e-05
8866 3.8493910507496085e-05
8867 0.0002462203859023654
