130
68 3.241760820520544e-05
70 0.00011566583790554528
71 0.00019756065060853997
138 5.5304247721948624e-05
141 0.00012571095453322076
163 4.4209139343250144e-05
276 4.8109734749355606e-05
277 5.502814824397996e-05
377 0.00011913044365880717
412 6.391293797104737e-05
413 7.562007790453742e-05
509 1.4811799641107606e-05
855 9.464928935894339e-05
1356 0.00014488623116808087
1357 0.00023971321052336105
1395 0.00017370426675739054
1412 6.804811807694473e-05
1658 0.00010654275221462514
1722 8.117636599183342e-05
1874 0.00019506105515172307
1922 7.334292682143156e-06
1949 0.00012571095453322076
2063 0.00019756065060853997
2148 8.383730339089555e-05
2149 8.408656954820681e-05
2151 0.00011566583790554528
2219 0.00030726931367955075
2371 8.858094887998e-06
2503 0.00015342417653056774
2563 2.4450245822639586e-05
2564 4.692973938522239e-05
2586 9.502842032885344e-06
2618 4.846937791309118e-05
2620 0.00010347204034115494
2728 0.00010939812948263226
2772 0.00011067500849334801
2780 9.342327683396404e-05
2781 9.68719546813797e-05
2834 0.00014849761844045535
2955 4.7516165565500014e-05
3031 8.691610145495967e-05
3035 0.00018418695135817993
3226 8.164949036359771e-05
3307 8.408656954820681e-05
3478 7.865323446718271e-05
3586 6.228840662358072e-05
3657 4.716346370617082e-05
3682 0.0001239806629188251
3746 1.903006184883404e-05
3887 5.5861184383926875e-05
4220 4.3879500470736716e-05
4221 0.00019268344080366
4363 7.025520142447097e-05
4424 0.0002059351589452662
4425 0.00022883910672981793
4432 6.4078409870285e-05
4434 0.00013065000625947455
4546 7.625433537211054e-05
4569 0.00010422176939821458
4572 0.00013401212737453773
4676 1.811794967986411e-05
4699 3.676019862375966e-05
4703 0.00012069415303305452
4705 0.00014071861357331354
4759 5.0810908270240366e-05
4768 0.00012176521653240713
4769 0.00012936752625714268
4834 1.7286007534181456e-05
4839 3.088397517794058e-05
4846 4.681329625334851e-05
5065 0.0001287387249198448
5080 0.00010575674440844711
5161 5.502814824397996e-05
5165 0.00020019542348213994
5481 6.576478670658657e-05
5482 0.00013196715204843822
5611 0.00012122674224136485
5620 0.0002059351589452662
5642 9.852402568908913e-05
5685 0.0002059351589452662
5686 0.0002199543170027505
5738 9.19329029551259e-05
5744 0.00015890538922556517
5858 6.663037655997976e-05
5982 0.0001376235146469122
5984 3.088397517794058e-05
6022 2.0770655001689466e-05
6084 7.843020694973282e-05
6087 0.00010236864012694453
6106 7.217400943451535e-05
6133 0.00013614669170503938
6261 0.00014576429866269
6327 0.00010384546306881737
6352 0.00011519040557349246
6487 0.00012936752625714268
6490 2.724862948448243e-05
6502 0.0001423431449207802
6532 0.00030726931367955075
6562 0.0002734912621014559
6565 0.00011333374567896404
6568 3.9584588186023764e-05
6569 4.981125419104163e-05
6586 5.24803957997587e-05
6588 6.576478670658657e-05
6675 5.7716484755306535e-05
6833 2.7093186202753706e-05
6960 3.259102983841739e-05
6972 6.133906307779394e-05
6992 4.787143878550288e-05
7139 6.196989942762013e-05
7140 0.0001677901789526326
7346 8.070779096331723e-05
7406 6.698096388147314e-05
7482 2.5340342303404983e-05
7483 2.8590308184836374e-05
7698 0.0001504088997800851
7890 9.233159952796689e-06
7904 6.056183085252843e-05
7938 4.907474504580058e-05
7943 7.64676023536449e-05
7957 0.00011379132113009053
7995 9.134928606937549e-05
8031 5.5721352358276173e-05
8032 6.056183085252843e-05
8054 2.9805618738211806e-05
8144 1.8182537399726556e-05
8145 0.0001263016457352357
8349 4.919672615455441e-05
8437 8.433711728522342e-05
8738 8.853165584237468e-05
