431
11 0.00030726931367955075
68 3.241760820520544e-05
69 0.00010460100421098168
70 0.00011566583790554528
71 0.00019756065060853997
138 5.5304247721948624e-05
139 0.00010897983139923425
141 0.00012571095453322076
145 5.786216925096193e-05
158 1.722259642893919e-05
160 3.6009024944890365e-05
276 4.8109734749355606e-05
277 5.502814824397996e-05
278 5.558192042480493e-05
318 9.719791862251607e-05
330 6.358367031630664e-05
344 9.164022082905678e-05
349 0.00030726931367955075
377 0.00011913044365880717
380 0.0001423431449207802
384 0.00016920278300425065
385 0.0002059351589452662
394 0.00018227567001855016
395 0.00018418695135817993
412 6.391293797104737e-05
413 7.562007790453742e-05
416 0.00020019542348213994
430 2.1595466130645556e-05
436 6.181142310095298e-05
443 5.859719717528758e-05
463 2.104404381130732e-05
473 4.858985121920245e-05
484 0.0002734912621014559
487 0.0001786642827461757
509 1.4811799641107606e-05
511 4.409901177660094e-05
521 6.165346047478709e-05
522 0.00011110817958998604
528 0.00020908021320920737
575 8.825864993225359e-05
597 0.00011198624708459517
598 0.0002875104201589402
632 6.4078409870285e-05
643 0.00023397347506023475
723 6.212889280683989e-05
726 6.4078409870285e-05
785 9.134928606937549e-05
837 0.0001128804268053397
838 0.00011614595437539213
929 0.00023397347506023475
941 9.719791862251607e-05
1041 0.00010734164596720007
1070 0.00013130412920165632
1072 0.00015775871449691997
1073 0.00016920278300425065
1096 6.950834500520415e-05
1140 3.8493910507496085e-05
1173 9.077257605451787e-05
1183 0.00010310145735752775
1216 4.5550455969092306e-05
1234 2.8271279696782107e-05
1249 0.0001147195668623605
1306 4.5550455969092306e-05
1371 0.00011519040557349246
1372 0.00014849761844045535
1395 0.00017370426675739054
1412 6.804811807694473e-05
1443 0.00021605372159664503
1469 6.358367031630664e-05
1470 0.0002462203859023654
1520 0.00019506105515172307
1548 0.0001753021616311125
1554 0.00022883910672981793
1610 9.590694438493474e-05
1650 0.00016920278300425065
1658 0.00010654275221462514
1686 0.00017215710736717137
1777 4.871062309639001e-05
1785 0.00010734164596720007
1865 0.00022883910672981793
1866 0.0002537323685808453
1874 0.00019506105515172307
1918 0.0001376235146469122
1919 0.00014071861357331354
1920 0.00030726931367955075
1922 7.334292682143156e-06
1957 8.88061998220748e-05
1970 0.00012122674224136485
1973 0.0001275049519955334
1987 0.00012571095453322076
1989 0.00023971321052336105
1990 0.00030726931367955075
2029 0.00012122674224136485
2030 0.0001228603508781383
2040 4.7398314413738584e-05
2108 0.0001376235146469122
2148 8.383730339089555e-05
2149 8.408656954820681e-05
2151 0.00011566583790554528
2167 8.744869066327002e-05
2170 0.00020019542348213994
2182 0.00026261715830791277
2185 0.0002734912621014559
2235 0.00022883910672981793
2371 8.858094887998e-06
2417 8.63892700805903e-05
2455 0.00010128967145643295
2457 0.00030726931367955075
2479 0.00013542473142615584
2485 0.00013542473142615584
2486 0.0001504088997800851
2493 2.5565430128539482e-05
2495 0.00030726931367955075
2550 5.3403616896513294e-05
2563 2.4450245822639586e-05
2564 4.692973938522239e-05
2586 9.502842032885344e-06
2672 0.00019268344080366
2689 0.0001300045474523503
2772 0.00011067500849334801
2783 8.718166847460814e-05
2785 0.00010856509334268535
2817 0.0001275049519955334
2819 0.0001423431449207802
2830 8.285279662389543e-05
2903 8.718166847460814e-05
2955 4.7516165565500014e-05
2970 0.00017215710736717137
2971 0.0002199543170027505
2982 7.197869283035229e-05
3031 8.691610145495967e-05
3033 0.0001415241100530177
3035 0.00018418695135817993
3047 0.0001786642827461757
3050 5.1064059112276297e-05
3051 7.910237522724487e-05
3103 0.00012122674224136485
3134 0.0001228603508781383
3228 4.566391685271689e-05
3229 4.669713069773751e-05
3230 4.692973938522239e-05
3257 0.0001504088997800851
3345 0.00011110817958998604
3348 0.00030726931367955075
3420 0.0002875104201589402
3465 5.7716484755306535e-05
3507 9.134928606937549e-05
3545 6.071628875522179e-05
3560 0.00015447220461114937
3572 5.234992335902794e-05
3586 6.228840662358072e-05
3596 8.285279662389543e-05
3629 0.00030726931367955075
3647 8.094151528426567e-05
3657 4.716346370617082e-05
3719 2.489326185102742e-05
3720 0.00018617626542465564
3727 6.424444555902466e-05
3728 0.0002875104201589402
3731 5.3138049876864844e-05
3743 3.233112827567267e-05
3746 1.903006184883404e-05
3760 0.00010614816360120087
3805 0.00023397347506023475
3819 6.424444555902466e-05
3832 3.3290954653437934e-05
3837 0.0001239806629188251
3838 0.00014665847838343454
3868 0.00020298083458234552
3869 0.0001523982138465608
3875 3.285232498188492e-05
3887 5.5861184383926875e-05
3914 0.00012936752625714268
3932 4.895306850942043e-05
3951 9.920086195142229e-05
3954 0.00010774605847492284
3969 6.0101372993599195e-05
3970 6.663037655997976e-05
4005 9.222735356398462e-05
4027 0.00016378259903044513
4037 0.0001391464957049546
4038 0.00014488623116808087
4072 0.00014944388948364012
4074 0.00015663840245623315
4075 0.00015663840245623315
4108 9.654815662959692e-05
4220 4.3879500470736716e-05
4301 0.00011154523568104574
4329 3.676019862375966e-05
4345 5.131853189681648e-05
4348 8.212725328354177e-05
4363 7.025520142447097e-05
4371 0.00013263932032595027
4392 8.334256383691721e-05
4421 0.0002734912621014559
4423 0.0001128804268053397
4453 3.6854914742017664e-05
4457 0.00010058340652177312
4467 5.5861184383926875e-05
4481 9.282164663063054e-05
4486 0.00012571095453322076
4495 3.207260550754382e-05
4508 0.0002875104201589402
4519 0.00010128967145643295
4533 5.685140711216779e-05
4569 0.00010422176939821458
4572 0.00013401212737453773
4670 7.541048004377448e-05
4676 1.811794967986411e-05
4691 0.00019041645403432799
4692 0.00019268344080366
4699 3.676019862375966e-05
4703 0.00012069415303305452
4705 0.00014071861357331354
4706 0.0002537323685808453
4829 8.383730339089555e-05
4831 0.00013065000625947455
4832 0.0001347133110905388
4833 0.0001431761810607271
4834 1.7286007534181456e-05
4839 3.088397517794058e-05
4846 4.681329625334851e-05
4911 6.341986704442123e-05
4913 6.457822376461287e-05
4914 6.542281037332744e-05
5011 0.00010310145735752775
5012 0.00010774605847492284
5013 0.0002199543170027505
5043 0.00010422176939821458
5151 0.0001431761810607271
5161 5.502814824397996e-05
5162 5.6001418804450566e-05
5165 0.00020019542348213994
5177 6.196989942762013e-05
5222 2.3001954162320978e-05
5236 0.00010200632301179658
5252 0.0002537323685808453
5319 0.0001664173719040451
5334 9.719791862251607e-05
5335 9.852402568908913e-05
5359 0.00014071861357331354
5379 2.541525611908456e-05
5380 3.8298201700263376e-05
5395 3.215862746722012e-05
5411 8.164949036359771e-05
5427 3.490353872923123e-05
5434 7.159039254876493e-05
5448 9.954283828468142e-05
5455 8.908229930004346e-05
5469 1.1433598200043818e-05
5482 0.00013196715204843822
5607 0.00022883910672981793
5611 0.00012122674224136485
5616 0.00013687950893562258
5622 6.733409171295719e-05
5624 0.0001415241100530177
5674 0.00010236864012694453
5685 0.0002059351589452662
5686 0.0002199543170027505
5687 2.724862948448243e-05
5702 3.9886331735258645e-05
5787 0.00013687950893562258
5789 0.00022419450561242282
5834 6.804811807694473e-05
5840 0.00012230970742046953
5858 6.663037655997976e-05
5862 6.610917985376751e-05
5888 8.358930576913648e-05
5891 0.00010310145735752775
5892 0.00011712061541501202
5894 1.5848029138067838e-05
5896 1.6219082409210568e-05
5911 7.47870417645905e-05
5931 0.00014665847838343454
5962 0.0002462203859023654
5984 3.088397517794058e-05
5985 7.52017798211394e-05
5987 7.798719092134497e-05
5988 7.044371782011974e-05
6000 3.4631041686461846e-05
6022 2.0770655001689466e-05
6059 0.00014849761844045535
6064 0.00010498321344481378
6084 7.843020694973282e-05
6087 0.00010236864012694453
6159 7.101368253390731e-05
6166 0.0001786642827461757
6168 0.00021605372159664503
6197 5.5304247721948624e-05
6202 0.00013196715204843822
6229 7.458098891001271e-05
6242 3.105201474962982e-05
6244 0.00020298083458234552
6264 4.7398314413738584e-05
6328 9.920086195142229e-05
6352 0.00011519040557349246
6356 6.733409171295719e-05
6366 0.0001251273376474703
6371 0.0001664173719040451
6384 0.00015663840245623315
6441 0.00020019542348213994
6480 0.00014488623116808087
6487 0.00012936752625714268
6488 0.00017065756051371745
6490 2.724862948448243e-05
6491 7.604199766141655e-05
6528 0.00011913044365880717
6565 0.00011333374567896404
6568 3.9584588186023764e-05
6569 4.981125419104163e-05
6578 6.025437603138515e-05
6581 0.00017370426675739054
6586 5.24803957997587e-05
6588 6.576478670658657e-05
6619 5.7716484755306535e-05
6620 0.0001281179340087181
6621 0.0001399262151792957
6622 0.00014576429866269
6661 5.889434094657216e-05
6675 5.7716484755306535e-05
6686 0.00011333374567896404
6693 0.0001128804268053397
6698 0.00023397347506023475
6760 1.9892587507080337e-05
6762 7.139739654402146e-05
6789 4.7516165565500014e-05
6794 0.00014849761844045535
6796 8.260974660633398e-05
6841 0.00017065756051371745
6842 0.0002734912621014559
6885 5.131853189681648e-05
6893 9.252359415714085e-05
6894 9.252359415714085e-05
6960 3.259102983841739e-05
6967 0.00010536844412685977
6972 6.133906307779394e-05
6973 0.00011913044365880717
6975 0.0001440237055098346
6976 0.00030726931367955075
6992 4.787143878550288e-05
6995 7.843020694973282e-05
7067 3.508605365233e-05
7080 0.0001263016457352357
7085 0.00018418695135817993
7101 0.00011862016226846598
7124 6.859058854884968e-05
7139 6.196989942762013e-05
7147 0.00019756065060853997
7174 7.256700694753944e-05
7210 0.00022883910672981793
7251 7.689695691525318e-05
7303 0.00020298083458234552
7346 8.070779096331723e-05
7406 6.698096388147314e-05
7408 8.691610145495967e-05
7469 7.887728740211037e-05
7470 0.00030726931367955075
7502 9.68719546813797e-05
7503 3.173002815645075e-05
7512 0.00020908021320920737
7552 0.000126899584862824
7577 8.853165584237468e-05
7578 8.88061998220748e-05
7651 0.00011566583790554528
7677 6.988034244141115e-05
7678 8.260974660633398e-05
7679 8.260974660633398e-05
7694 6.804811807694473e-05
7720 0.0001677901789526326
7721 0.00016920278300425065
7724 9.920086195142229e-05
7808 4.7398314413738584e-05
7818 2.996997446737178e-05
7836 6.424444555902466e-05
7841 0.0001300045474523503
7866 5.91933076971794e-05
7890 9.233159952796689e-06
7904 6.056183085252843e-05
7938 4.907474504580058e-05
7943 7.64676023536449e-05
7958 9.496067334174995e-05
7995 9.134928606937549e-05
8009 2.7093186202753706e-05
8010 3.97855428110104e-05
8042 6.663037655997976e-05
8054 2.9805618738211806e-05
8061 7.865323446718271e-05
8098 0.0001300045474523503
8137 8.63892700805903e-05
8144 1.8182537399726556e-05
8145 0.0001263016457352357
8168 0.0001664173719040451
8213 0.0001376235146469122
8214 0.0002875104201589402
8227 0.00018617626542465564
8349 4.919672615455441e-05
8361 0.0002875104201589402
8397 0.00020908021320920737
8412 0.00017370426675739054
8413 0.00017695423263882194
8442 8.001326955199571e-05
8444 5.815485137703107e-05
8460 0.00020908021320920737
8513 4.3335009582674306e-05
8516 8.024367862190805e-05
8520 5.874554257904601e-05
8521 6.610917985376751e-05
8539 7.955569410086921e-05
8558 0.00017370426675739054
8626 0.0001263016457352357
8661 7.843020694973282e-05
8663 8.001326955199571e-05
8678 4.409901177660094e-05
8685 0.00012571095453322076
8695 4.476354154013861e-05
8696 4.787143878550288e-05
8738 8.853165584237468e-05
8746 0.00011811516886331826
8752 0.0002462203859023654
8753 0.00010614816360120087
8756 9.372690041743856e-05
8757 9.818910047034337e-05
8812 0.00018418695135817993
8813 4.431951634967444e-05
8814 9.988723143186235e-05
8815 0.0002734912621014559
8829 0.00011663084820199027
8847 0.00016007969731333051
8863 0.0001664173719040451
8866 3.8493910507496085e-05
8879 0.0001196461249524729
