108
37 0.012616128970217449
141 0.035850752857602024
297 0.011677044180474615
339 0.010865383054404399
443 0.004177745769809303
623 0.020498342915651797
1021 0.0146823530921617
1129 0.006177939126184987
1172 0.006471721582382906
1326 0.011413042099651213
1370 0.008212615155767718
1371 0.010587286204330705
1394 0.012384419402734916
1411 0.014554675879241554
1417 0.0045803719905762215
1496 0.004750479327220317
1510 0.00663919283706805
1593 0.0090474328023799
1609 0.006837781506868307
1657 0.007596072061893913
1658 0.012738048702671343
1685 0.01227411312684985
1776 0.0034728725842802224
1777 0.009178556131885254
1833 0.010587286204330705
1921 0.0005229057310660784
2029 0.008759451576207748
2041 0.005977264382557289
2211 0.012616128970217449
2492 0.0018227129064443508
2619 0.0073771425881629825
2710 0.0779953320911416
2713 0.0061967703693328055
2724 0.007512348592468594
2780 0.006906582880963647
2826 0.008530290124611508
3055 0.013737558595537745
3103 0.00779964903959375
3149 0.005421490265268354
3229 0.0033459026992088154
3464 0.004114954497114335
3512 0.004317816292461867
3544 0.004328828523092292
3548 0.018090102950339946
3557 0.011413042099651213
3656 0.003362566308395155
3929 0.011167691541519599
3970 0.004750479327220317
4003 0.009268804215162766
4038 0.010329808737359494
4113 0.0156818629850281
4158 0.008212615155767718
4192 0.013575931506831448
4221 0.003128432865561645
4316 0.005173737327331771
4332 0.017090593057473548
4393 0.005941991431316849
4568 0.004521582840799056
4655 0.010865383054404399
4706 0.020065348546645923
4872 0.011247565308772405
4885 0.0159841714721433
4918 0.014273132912582647
5172 0.005361586094127954
5271 0.014471721582382906
5293 0.009604520227511055
5380 0.0018120061002662527
5381 0.005461017176843956
5441 0.006122050159299658
5507 0.013737558595537745
5612 0.017285963629680698
5626 0.009604520227511055
5638 0.017090593057473548
5873 0.009361459195561288
5939 0.004220246065578102
5985 0.011009519471432257
5988 0.005560174763928212
6015 0.007000490107133601
6047 0.012384419402734916
6107 0.005145718176643207
6161 0.005672002766615571
6250 0.007769826059439804
6262 0.010392411437455147
6381 0.007890685405541739
6489 0.012167201434385998
6529 0.008493524111098315
6589 0.004688766233032796
7102 0.008457143089092551
7148 0.014085284145786466
7391 0.009314822846275498
7393 0.00376032167648873
7579 0.01266305364502929
7722 0.012063481617071055
7892 0.004942481538450449
7943 0.006512838699602195
7944 0.005451834177405466
8011 0.0028365500602537974
8082 0.0118648929472708
8098 0.0159841714721433
8207 0.0128644028401372
8445 0.004146208283776807
8627 0.009004802134339365
8631 0.009090593057473548
8691 0.011962768598606894
8739 0.006311952934937946
8741 0.014085284145786466
8830 0.016630625906818196
8867 0.0027444618435424404
