78
69 0.007517775399421523
70 0.008313015704953382
93 0.015785746432621376
141 0.009034967958065026
277 0.0039549262673415275
777 0.03445684084168054
1055 0.016695044280540236
1058 0.010540486768977167
1172 0.013047825770933278
1393 0.010413113646531748
1657 0.015314661415108696
1708 0.020663652132713504
1721 0.011668447963213216
1815 0.016446888057872075
1881 0.013649830980994766
1978 0.01352972808998826
1983 0.007714747974674896
2031 0.00792346183741665
2092 0.008489051491208809
2286 0.010476221207112044
2406 0.012373097910130896
2578 0.00943695483423517
2727 0.007862549435074345
2921 0.01125775357008024
3050 0.005685164258267792
3160 0.007572932048859469
3168 0.010000593304214156
3169 0.027696690716809965
3216 0.03931216335238991
3307 0.009034967958065026
3336 0.011338271480617343
3391 0.015026797259035935
3627 0.011115582271644745
3821 0.01323769443954919
3926 0.00798545239117706
4206 0.01887454931322676
4248 0.006967082192926913
4659 0.005989910717053275
5081 0.015201679131743235
5163 0.004024876164397286
5223 0.0016531727056016494
5456 0.006402431059370865
5612 0.00871268328108906
5890 0.05967261992865725
5939 0.008508560616084885
5960 0.014198875146962163
5985 0.0022196611837565034
5987 0.028038453605034774
6045 0.015026797259035935
6135 0.05749140824792234
6161 0.005717744724410858
6174 0.009484606927868398
6223 0.007436635673551393
6410 0.03800419782935809
6414 0.013785849812234489
6469 0.003356167974018038
6728 0.030950504541920894
6729 0.0068474388790794
6761 0.0057187980600999985
6834 0.001947213511604363
6930 0.008487040630777388
6974 0.008562020273284591
6996 0.016910564621032714
7111 0.014019226802517387
7393 0.007581293702598246
7484 0.008219252469137475
7716 0.0101135829368175
7840 0.015257942484095195
7988 0.005636854873677571
7996 0.0065653615923409216
8043 0.0047887896443753195
8235 0.0034576931942440093
8350 0.01060744895538844
8510 0.013380668366649444
8572 0.006824915490497383
8583 0.007743813492971874
8705 0.010880790638287285
8867 0.002766594600345202
