567
5 0.0023681080078155957
10 0.0013284234083624535
33 0.0018848559326951361
45 0.001290167691950046
47 0.0023681080078155957
49 0.0014056378736582715
54 0.0025308540882737116
62 0.002401204121408306
63 0.0021630721948614775
68 0.00026701083579001004
82 0.0013729185377349465
99 0.0016718717170035704
104 0.0025308540882737116
108 0.0020898917456492546
124 0.006361627945908333
139 0.0008976231584380551
141 0.001035430708687674
145 0.0014297624372400352
149 0.001246966764461759
163 0.00036413294808414535
207 0.0022526378261073705
223 0.004179783491298509
225 0.0007103062557574031
239 0.0015505418513480076
242 0.004736216015631191
243 0.0010393583446515243
244 0.0018848559326951361
246 0.001651175755079296
276 0.0019813029394004492
277 0.001812979139187983
302 0.0023681080078155957
303 0.0015013315815206275
318 0.0008005802687281545
321 0.0022526378261073705
334 0.0007620797330207387
340 0.0025308540882737116
358 0.004326144389722955
371 0.0008087442360366914
375 0.0006864592688674733
378 0.0013105366835987919
389 0.001696205301774688
401 0.0036042740478714184
403 0.0023681080078155957
404 0.0029436890403529282
405 0.009812296801176427
406 0.003870503075850138
412 0.0005264252340092182
423 0.0007115537661351393
443 0.0024132080463316217
459 0.0014494299705597616
480 0.0016993609735995246
486 0.001587056214826449
498 0.001318512257353421
521 0.0015234444725082325
543 0.0025308540882737116
549 0.0005590066683382055
575 0.0014539021962961995
577 0.0022526378261073705
645 0.0005223640065618133
651 0.001035430708687674
668 0.0014231075322702787
707 0.0007821529767298295
725 0.004761168644479347
751 0.000956647638995836
757 0.0008908199240144236
775 0.001338585501062512
783 0.0017795478436869688
785 0.022572222849822764
802 0.0014438935900706789
807 0.0011095795087235506
844 0.0019271456651911386
853 0.0025308540882737116
872 0.0027154698874854296
892 0.004861878926341398
909 0.0018848559326951361
918 0.0021004142923922247
930 0.0017795478436869688
949 0.0020898917456492546
974 0.0013597157071249001
975 0.0011933697709518823
977 0.0008553334259420521
988 0.0021849937573842305
990 0.0009010685119678546
991 0.0016272278356962181
1014 0.0014575010363005372
1101 0.001364850505567756
1115 0.0025308540882737116
1125 0.00040320678979293426
1129 0.0014274351030926496
1176 0.000852257692717535
1216 0.0072786981243302224
1219 0.0010306236904937666
1242 0.00203307738735216
1253 0.0007383224315097388
1256 0.0013597157071249001
1280 0.002028018557450906
1285 0.001974421563941029
1309 0.000682425252783878
1313 0.0011038041397059893
1326 0.001318512257353421
1336 0.002972366645133364
1340 0.0022526378261073705
1373 0.0008170777095296445
1377 0.0023681080078155957
1381 0.0009770266969838899
1388 0.002861464741851875
1390 0.000534673083567088
1397 0.0023681080078155957
1417 0.000529155729040691
1468 0.0015711395652280723
1496 0.0010976153713540473
1499 0.0008492053493255889
1520 0.0009151535087855412
1521 0.001974421563941029
1547 0.0014438935900706789
1555 0.0018466002162827284
1557 0.004056037114901812
1605 0.0025308540882737116
1622 0.0013707131408584566
1648 0.0028811191541259235
1655 0.0021630721948614775
1658 0.0014715860331182234
1673 0.0012309093743791135
1692 0.0010552560331660774
1710 0.0018848559326951361
1712 0.0007885956792170086
1721 0.0006686171660990937
1823 0.001486183322566682
1834 0.0022526378261073705
1847 0.0005360643543594327
1870 0.0023681080078155957
1894 0.0018975543335877352
1900 0.0009260514059477943
1901 0.001568383954116387
1905 0.0023681080078155957
1920 0.0015170740392829016
1921 6.0409626971589464e-05
1940 0.0006609349943423701
1959 0.0009646755310338144
1970 0.0023681080078155957
1972 0.003150621438588337
2012 0.001349011573529877
2019 0.0010761116966584447
2024 0.001035430708687674
2031 0.0009080492309054201
2057 0.0019271456651911386
2060 0.012438183616850973
2065 0.001696205301774688
2075 0.0006315972846423424
2117 0.0005531469843908683
2122 0.0009260514059477943
2145 0.0011095795087235506
2148 0.002077762036451809
2168 0.0023681080078155957
2177 0.001255242959150231
2183 0.0010814994449585592
2200 0.0014179890396083467
2211 0.0014575010363005372
2215 0.002764040803744661
2299 0.0018160984618108402
2318 0.0010119514297837048
2326 0.0016718717170035704
2354 0.0012388577771165602
2355 0.0018466002162827284
2372 0.0003733182739013171
2373 0.001414521755845577
2388 0.0013295154030777876
2401 0.0007269510981480998
2404 0.0013820204018723304
2410 0.0011397727774420056
2414 0.0021004142923922247
2440 0.0011792847741341958
2464 0.0037697118653902723
2490 0.0017221098522370202
2492 0.00021057219344320133
2499 0.0038169767675449995
2509 0.0023681080078155957
2574 0.0009897700283014806
2583 0.0023681080078155957
2584 0.0016272278356962181
2599 0.0012231153193542866
2611 0.000659037207252667
2619 0.00170451538543507
2674 0.000880826514326607
2681 0.001263693402255471
2713 0.0014317861296979679
2723 0.001533459221316572
2729 0.0018848559326951361
2738 0.0006245860806691247
2743 0.0018582206888151413
2756 0.001974421563941029
2767 0.001165677327904338
2771 0.0027347569566341517
2772 0.0009115856522113839
2825 0.0017498022952845648
2835 0.0032544556713924363
2860 0.001587056214826449
2887 0.001974421563941029
2918 0.0023681080078155957
2939 0.0013030690721353164
2954 0.000391371596598647
2975 0.0017994303255598667
2981 0.0011857192430759695
2998 0.001974421563941029
3030 0.0007158930648489839
3091 0.0025308540882737116
3130 0.003174112429652898
3184 0.0009010685119678546
3199 0.0023681080078155957
3202 0.002677171002125024
3229 0.0038654143937255263
3235 0.0021630721948614775
3240 0.0021630721948614775
3268 0.0025476160479767666
3293 0.0022526378261073705
3302 0.0008284651746044751
3306 0.0006925873454839363
3320 0.003875002009181672
3344 0.0018303070175710824
3362 0.0022526378261073705
3418 0.0009646755310338144
3429 0.001696205301774688
3464 0.00047538753432466895
3470 0.001486183322566682
3472 0.0012079670604003407
3476 0.0018116754834829134
3478 0.0010258735614249949
3481 0.0012079670604003407
3489 0.0020517471228499898
3541 0.0023585695482683917
3544 0.0015002871498702493
3549 0.0019271456651911386
3582 0.0009606415149502192
3600 0.001246966764461759
3602 0.0025308540882737116
3604 0.0017726709580037877
3640 0.0010119514297837048
3656 0.0003884665328552628
3686 0.0018848559326951361
3690 0.0009410580592478734
3733 0.0018595015964679989
3734 0.0018848559326951361
3762 0.0014575010363005372
3768 0.0021630721948614775
3782 0.0011213856899032447
3789 0.0013597157071249001
3819 0.000529155729040691
3825 0.0023681080078155957
3849 0.0019271456651911386
3869 0.001255242959150231
3880 0.0025308540882737116
3882 0.0009897700283014806
3901 0.0008553334259420521
3902 0.0009984960506978222
3926 0.0009151535087855412
3943 0.0006333693900450428
3946 0.001696205301774688
3954 0.004437305328689983
3970 0.0005488076856770236
3978 0.001533459221316572
3997 0.01775327213957681
4003 0.002141590622727072
4038 0.0011933697709518823
4086 0.0032544556713924363
4136 0.0010869604982030327
4144 0.0011397727774420056
4148 0.001318512257353421
4166 0.005061708176547423
4177 0.0025308540882737116
4221 0.0007228356898247792
4226 0.0017952463168761101
4248 0.001197668473090948
4250 0.0011154391926708881
4251 0.001418803165692492
4262 0.007592562264821134
4293 0.0009151535087855412
4296 0.023067418691263105
4316 0.0011954106578862687
4333 0.0006686171660990937
4337 0.001035430708687674
4349 0.0006764492433113902
4383 0.0030391077190861245
4403 0.0005725123573811269
4443 0.0014575010363005372
4449 0.0022526378261073705
4450 0.004736216015631191
4451 0.0016272278356962181
4458 0.0016569303492089502
4460 0.0022526378261073705
4485 0.002005862494892444
4500 0.0015340094355517676
4505 0.0018848559326951361
4531 0.0014056378736582715
4533 0.0018466002162827284
4534 0.0018730489470744523
4547 0.0018842291224664947
4572 0.0019271456651911386
4660 0.0010890295949293458
4663 0.0020898917456492546
4664 0.0023681080078155957
4677 0.0007461514211966218
4691 0.0017221098522370202
4798 0.001645462119262028
4804 0.0025308540882737116
4819 0.0014906063008946087
4835 0.00042713373145459834
4838 0.0027194314142498003
4854 0.0007030134179513014
4861 0.0016489294030247975
4886 0.001692352085414143
4909 0.0030879635361190844
4912 0.0031341840393708797
4913 0.0025308540882737116
4915 0.0005388614473633033
4924 0.0013489537000928621
4936 0.0009770266969838899
4951 0.0009410580592478734
4975 0.0010924968786921153
5004 0.0015013315815206275
5032 0.0017084147280203212
5035 0.0016066396705287948
5053 0.0034442197044740404
5066 0.0021207384777923413
5067 0.002617679905320216
5073 0.0040791471213747
5088 0.0025308540882737116
5096 0.006084055672352718
5122 0.0017498022952845648
5124 0.00586211694793897
5156 0.0013707131408584566
5157 0.0019271456651911386
5163 0.0018450448960638205
5169 0.0011933697709518823
5180 0.0011274216114919302
5181 0.000904543695769432
5220 0.0023180855529858968
5223 0.00018945787014288773
5234 0.0035378543224025877
5296 0.001696205301774688
5298 0.004662709311617352
5337 0.0015505418513480076
5366 0.0016489294030247975
5367 0.0022308783853417762
5371 0.0009187533645004433
5379 0.000852257692717535
5381 0.0012617877025979565
5386 0.0018975543335877352
5396 0.0005297554306614894
5398 0.010498813771707388
5410 0.0018466002162827284
5431 0.0005305279738703501
5432 0.002028018557450906
5434 0.001696205301774688
5435 0.0005896613478693096
5474 0.0010306236904937666
5510 0.0036801112314687745
5564 0.0013284234083624535
5586 0.0018116754834829134
5627 0.002637024514706842
5640 0.0018116754834829134
5642 0.0019271456651911386
5643 0.0008115028807219615
5665 0.001974421563941029
5675 0.001686338855473807
5693 0.001974421563941029
5703 0.0009855831472032118
5730 0.00150005067386777
5767 0.0015170740392829016
5780 0.002028018557450906
5807 0.0006515345360676582
5810 0.0025308540882737116
5848 0.0017795478436869688
5855 0.0011825145983273549
5885 0.001338585501062512
5901 0.0023681080078155957
5910 0.0005488076856770236
5912 0.0006159908652551113
5929 0.0024777155542331205
5939 0.0009751030650596355
5949 0.0032132793410575896
5956 0.001349011573529877
5976 0.0008615565152756643
5982 0.0013707131408584566
5985 0.0002543789156985272
5990 0.0010814994449585592
6031 0.001146093872201992
6038 0.001533459221316572
6040 0.0016489294030247975
6066 0.0016066396705287948
6073 0.005061708176547423
6093 0.001200602060704153
6096 0.0014438935900706789
6107 0.000594468366063217
6110 0.001393655454837229
6126 0.002028018557450906
6131 0.0032132793410575896
6154 0.0011862654930717613
6161 0.0006552683417993959
6169 0.0017795478436869688
6174 0.0010869604982030327
6202 0.0014179890396083467
6250 0.0008976231584380551
6258 0.0017795478436869688
6262 0.002401204121408306
6293 0.000729199738324624
6329 0.001634155419059289
6342 0.0025308540882737116
6385 0.002580335383900092
6388 0.0023619964833817213
6394 0.0012309093743791135
6409 0.0003623208401677609
6413 0.0020898917456492546
6423 0.0042921971127778125
6467 0.001587056214826449
6469 0.0011538766047455731
6471 0.00104029599518708
6488 0.0010655484232935818
6507 0.0007314610469633368
6517 0.0008087442360366914
6532 0.001696205301774688
6537 0.001235390493353791
6545 0.0025308540882737116
6547 0.0014715860331182234
6573 0.000956647638995836
6585 0.0032132793410575896
6599 0.0010655484232935818
6605 0.0023681080078155957
6624 0.0017231130305513287
6665 0.0012993952528618767
6707 0.0006515345360676582
6713 0.0004962911267945513
6756 0.001308839952660108
6761 0.002457708962981977
6770 0.010123416353094846
6775 0.008094069441179262
6792 0.005654567798085408
6796 0.004505275652214741
6797 0.0006804233472787877
6824 0.011032243721908443
6832 0.0009223857985378116
6834 0.003124179904015873
6857 0.006084055672352718
6858 0.0024159341208006813
6880 0.0017498022952845648
6920 0.0006092448035716554
6930 0.0004863184095269853
6932 0.0019709542801782595
6933 0.0023681080078155957
6960 0.0020898917456492546
6968 0.0008678776100356508
6973 0.0005052252589180219
6992 0.0023681080078155957
7000 0.0015590375169772864
7042 0.0017498022952845648
7056 0.03958197458659786
7085 0.0012723255891816665
7101 0.001263693402255471
7102 0.0009770266969838899
7109 0.0018116754834829134
7116 0.0025308540882737116
7120 0.0025308540882737116
7140 0.0010208424097947332
7160 0.0023681080078155957
7232 0.001486183322566682
7252 0.0006333693900450428
7269 0.0023681080078155957
7314 0.001974421563941029
7350 0.0011213856899032447
7391 0.0021522233933168895
7393 0.0008688358771924053
7407 0.0005516953328204146
7421 0.001974421563941029
7423 0.0011038041397059893
7425 0.0014307323709259374
7436 0.001568383954116387
7484 0.0016484083048085327
7503 0.0015957908689842068
7512 0.0014715860331182234
7541 0.001696205301774688
7570 0.004179783491298509
7583 0.0012993952528618767
7589 0.002028018557450906
7615 0.008455769422802385
7616 0.005274049029413684
7656 0.003623350966965827
7677 0.004179783491298509
7678 0.000575576351051623
7702 0.0009410580592478734
7718 0.0015013315815206275
7725 0.0008170777095296445
7768 0.001974421563941029
7798 0.003392410603549376
7800 0.0007745073889608925
7813 0.0014715860331182234
7838 0.006133836885266288
7840 0.0008742998465932552
7863 0.0007476572992586537
7864 0.0006298329687390788
7885 0.000904543695769432
7892 0.0005709890871592477
7896 0.0025308540882737116
7904 0.004023365427765159
7917 0.0025308540882737116
7932 0.0025308540882737116
7943 0.0007524074283274254
7958 0.0018745069388380164
7959 0.001564305953459659
8001 0.001349011573529877
8002 0.0018466002162827284
8005 0.0022526378261073705
8011 0.001310790231170886
8019 0.0010552560331660774
8025 0.0023867395419037646
8043 0.0005488076856770236
8045 0.0017498022952845648
8099 0.002141590622727072
8106 0.0042210241326643095
8129 0.0010981106935832364
8135 0.001002931247446222
8138 0.0007115537661351393
8147 0.018848559326951363
8155 0.0031010837026960152
8182 0.001568383954116387
8201 0.0016066396705287948
8205 0.001261782517953622
8210 0.001308839952660108
8273 0.0020898917456492546
8350 0.0028364959005783017
8445 0.0009579963687099831
8488 0.001035430708687674
8496 0.002527386804510942
8518 0.0016489294030247975
8535 0.0014438935900706789
8540 0.0013105366835987919
8549 0.004180966364511687
8567 0.0015170740392829016
8572 0.0007821529767298295
8573 0.010449458728246274
8590 0.0013820204018723304
8601 0.0006905342401290768
8605 0.002544651178363333
8631 0.0021004142923922247
8637 0.0017221098522370202
8639 0.000534673083567088
8640 0.00030434080782284736
8648 0.002028018557450906
8653 0.000904543695769432
8662 0.0006459981555785757
8667 0.0009297507982339994
8677 0.0011724233895877938
8679 0.0018161293574541016
8686 0.00517715354343837
8688 0.0011397727774420056
8697 0.0007885956792170086
8719 0.0007745073889608925
8724 0.0060529323359900765
8739 0.001458399476649248
8801 0.0009372534694190082
8812 0.0009812296801176427
8814 0.00036504207921284526
8820 0.003528430303144099
8842 0.0010502071461961123
8867 0.003487647906534987
8872 0.009837286540307811
8873 0.009442762012611619
8884 0.0009487771667938676
8901 0.0023681080078155957
