137
37 0.008433241290252306
141 0.005991101747593921
160 0.0017161092529885717
163 0.004213816575690323
277 0.002622517952675665
397 0.00648844554264872
458 0.005337013016138567
668 0.008234237165328563
745 0.011424193220236328
816 0.013702100879446387
882 0.006989413686380581
1057 0.0047604011043890756
1058 0.006989413686380581
1109 0.014825685619259822
1144 0.009455380553059629
1223 0.011150650319448192
1268 0.008038635179100653
1298 0.009540864246378775
1338 0.006668569142662477
1390 0.0030936699273774824
1478 0.007996503073935088
1520 0.005295166291475697
1558 0.005445052513936893
1568 0.004727690276529814
1605 0.014643765366375164
1657 0.005077588276667054
1721 0.003868683281920959
1921 0.0003495359164880203
1947 0.007262956587168716
2031 0.005254060255827083
2042 0.009296171783487465
2074 0.010124524510683951
2121 0.013702100879446387
2168 0.027404201758892775
2254 0.0070770629708092935
2299 0.005254060255827083
2390 0.0011512742527250703
2406 0.008204621074097493
2533 0.012092314806376969
2580 0.016127649220683226
2704 0.007805510815825277
2764 0.01233073148667011
2857 0.009540864246378775
2899 0.008133156039028073
2903 0.007215069728062157
2975 0.0026029192677216252
3020 0.011150650319448192
3050 0.007539683080483489
3168 0.00663140946375698
3213 0.003813252717900458
3414 0.007465034452887432
3464 0.0027506380328304373
3474 0.006047749199451805
3506 0.004353501804546921
3551 0.012092314806376969
3604 0.002564211198609757
3615 0.009814407147166911
3640 0.017565745139454043
3648 0.006420133841919154
3760 0.0050587830695930595
3872 0.008734734203513944
3928 0.007122160123412838
3943 0.0036647362568381615
4038 0.006904952364545116
4248 0.0023099416896335215
4293 0.005295166291475697
4321 0.009182860023755176
4393 0.0039719194059604605
4402 0.010124524510683951
4519 0.007215069728062157
4713 0.00404338444102988
4819 0.004312395768898306
4915 0.0031179042034603964
4984 0.013033979293305747
5017 0.003868683281920959
5032 0.003295017354221012
5052 0.0183174389500379
5057 0.00648844554264872
5172 0.0035839479238823223
5178 0.0029533462229890403
5360 0.006706333070403048
5380 0.0012112340242421474
5462 0.010684606599026267
5612 0.005777394261256917
5643 0.004695433780434023
5697 0.008433241290252306
5769 0.007996503073935088
5869 0.0034583805663982426
5890 0.05935351500925267
5912 0.003564182439604441
5927 0.014643765366375164
5985 0.001471860891902708
6015 0.009358943993494118
6110 0.008063824610341613
6135 0.006353774173567175
6242 0.01859234356697493
6243 0.0014798692804743364
6262 0.006946799089207986
6310 0.005467276897739876
6395 0.007996503073935088
6412 0.010482528733307551
6414 0.013712128690243932
6517 0.004679471996747059
6520 0.0125157439296263
6529 0.0056774893790764135
6666 0.006165365743335055
6728 0.004104665842992718
6729 0.01362164311774084
6761 0.009480360420486628
6823 0.0040677033060069956
6834 0.0012912004034167969
6920 0.0035251490773504333
6930 0.0028138851289208453
6974 0.0056774893790764135
7046 0.05712096610118164
7202 0.010684606599026267
7344 0.013033979293305747
7411 0.017029476875229068
7484 0.002725099749125794
7503 0.004616699786740406
7561 0.0070770629708092935
7661 0.0056774893790764135
7680 0.003936994982650525
7848 0.015036852017075407
7905 0.008658722511621392
7988 0.0037378075098182823
8046 0.006019252763595832
8062 0.0037484365003825253
8073 0.006594835001028074
8235 0.006878405712613752
8279 0.00859919975945
8292 0.011424193220236328
8350 0.0023446054732052884
8445 0.002771529601455085
8583 0.005134935150419852
8754 0.010117566139186119
8867 0.003669066635751926
