407
15 6.0101372993599195e-05
24 0.00014849761844045535
39 0.00022419450561242282
52 9.785646144837983e-05
58 3.9886331735258645e-05
68 3.241760820520544e-05
72 0.00013837905578907654
76 0.00026261715830791277
81 0.00020908021320920737
82 8.334256383691721e-05
90 0.0002462203859023654
102 0.00013687950893562258
103 0.00019268344080366
105 0.0002734912621014559
106 0.00030726931367955075
138 5.5304247721948624e-05
139 0.00010897983139923425
158 1.722259642893919e-05
160 3.6009024944890365e-05
240 0.00010347204034115494
250 0.00016251677649793962
290 5.516600244482883e-05
292 0.00014576429866269
295 6.969398876306011e-05
297 0.00016378259903044513
328 5.502814824397996e-05
338 0.0001391464957049546
393 0.00015139340654708521
412 6.391293797104737e-05
413 7.562007790453742e-05
430 2.1595466130645556e-05
457 0.00023971321052336105
463 2.104404381130732e-05
473 4.858985121920245e-05
482 0.00030726931367955075
490 0.0001523982138465608
505 0.00030726931367955075
509 1.4811799641107606e-05
521 6.165346047478709e-05
524 0.00013837905578907654
528 0.00020908021320920737
858 0.00010815385522706535
872 6.593667904531496e-05
977 0.00010384546306881737
1035 0.00015663840245623315
1055 0.00011614595437539213
1083 7.178415593526694e-05
1216 4.5550455969092306e-05
1220 0.0001251273376474703
1226 0.00011110817958998604
1234 2.8271279696782107e-05
1243 0.00012341728754011654
1254 8.96392359620217e-05
1265 6.576478670658657e-05
1266 0.00018617626542465564
1267 0.00021244233432427055
1268 0.0002462203859023654
1306 4.5550455969092306e-05
1318 0.00017370426675739054
1350 6.374802604546662e-05
1356 0.00014488623116808087
1361 0.0002875104201589402
1469 6.358367031630664e-05
1497 6.663037655997976e-05
1565 0.00015342417653056774
1638 7.33626397641186e-05
1639 0.00030726931367955075
1641 7.583058115843726e-05
1647 0.00014944388948364012
1667 0.0001376235146469122
1669 0.00019756065060853997
1671 7.64676023536449e-05
1703 0.00015663840245623315
1758 0.00017370426675739054
1777 4.871062309639001e-05
1778 0.0001287387249198448
1785 0.00010734164596720007
1922 7.334292682143156e-06
1985 9.496067334174995e-05
1987 0.00012571095453322076
1993 0.00014576429866269
2040 4.7398314413738584e-05
2042 8.383730339089555e-05
2076 7.66818067754729e-05
2087 0.0001753021616311125
2093 0.00011811516886331826
2148 8.383730339089555e-05
2149 8.408656954820681e-05
2264 0.00020019542348213994
2265 0.0002059351589452662
2266 0.0001347133110905388
2310 0.0001391464957049546
2312 0.00017065756051371745
2316 0.00012341728754011654
2333 0.00015890538922556517
2341 8.744869066327002e-05
2371 8.858094887998e-06
2384 3.364472337590274e-05
2385 0.00011712061541501202
2391 2.4157123570420575e-05
2392 0.0001281179340087181
2398 0.0001027336712532598
2403 0.0001431761810607271
2404 0.00012341728754011654
2411 0.00013837905578907654
2415 0.0001275049519955334
2439 5.502814824397996e-05
2445 0.00018825025618924418
2449 0.0002199543170027505
2455 0.00010128967145643295
2493 2.5565430128539482e-05
2550 5.3403616896513294e-05
2563 2.4450245822639586e-05
2571 6.593667904531496e-05
2586 9.502842032885344e-06
2587 0.00014944388948364012
2607 3.3290954653437934e-05
2638 0.00012176521653240713
2640 0.00016128300357362823
2667 8.358930576913648e-05
2675 0.00010694056199521868
2683 0.0002462203859023654
2685 7.754816608258265e-05
2714 8.691610145495967e-05
2744 7.52017798211394e-05
2955 4.7516165565500014e-05
2976 5.461691012835996e-05
3067 0.00010093525951244397
3113 6.165346047478709e-05
3185 0.00010939812948263226
3195 0.00019756065060853997
3228 4.566391685271689e-05
3229 4.669713069773751e-05
3307 8.408656954820681e-05
3308 0.00012571095453322076
3310 0.00022883910672981793
3372 6.542281037332744e-05
3383 0.00010815385522706535
3395 7.541048004377448e-05
3409 8.458895984833521e-05
3545 6.071628875522179e-05
3555 0.00023971321052336105
3560 0.00015447220461114937
3561 0.00022419450561242282
3572 5.234992335902794e-05
3576 5.3536945098705395e-05
3600 0.0001002340757964429
3605 5.380470086849468e-05
3610 0.00018418695135817993
3675 0.00011519040557349246
3676 0.00012936752625714268
3719 2.489326185102742e-05
3724 5.7716484755306535e-05
3731 5.3138049876864844e-05
3743 3.233112827567267e-05
3746 1.903006184883404e-05
3819 6.424444555902466e-05
3827 0.00013614669170503938
3828 0.0001753021616311125
3832 3.3290954653437934e-05
3872 9.164022082905678e-05
3873 0.0002875104201589402
3875 3.285232498188492e-05
3881 0.00020298083458234552
3887 5.5861184383926875e-05
3914 0.00012936752625714268
3926 0.00011110817958998604
3932 4.895306850942043e-05
3943 7.689695691525318e-05
3961 0.0002059351589452662
4015 8.798716495431228e-05
4189 4.981125419104163e-05
4220 4.3879500470736716e-05
4224 8.236790279729728e-05
4225 0.00010897983139923425
4247 4.846937791309118e-05
4250 8.612797493712278e-05
4314 3.1644758795232604e-05
4315 7.256700694753944e-05
4329 3.676019862375966e-05
4332 8.117636599183342e-05
4381 4.3226837668107787e-05
4382 6.14960082295629e-05
4383 0.00016920278300425065
4406 6.508321716976057e-05
4413 0.0001786642827461757
4414 0.00022419450561242282
4457 0.00010058340652177312
4461 9.19329029551259e-05
4467 5.5861184383926875e-05
4495 3.207260550754382e-05
4513 9.19329029551259e-05
4525 9.818910047034337e-05
4528 0.0002199543170027505
4529 0.00023971321052336105
4533 5.685140711216779e-05
4546 7.625433537211054e-05
4548 0.00023397347506023475
4577 3.9085797470059324e-05
4584 0.00030726931367955075
4619 0.00010856509334268535
4652 4.476354154013861e-05
4659 6.610917985376751e-05
4670 7.541048004377448e-05
4676 1.811794967986411e-05
4683 0.00017695423263882194
4759 5.0810908270240366e-05
4821 8.691610145495967e-05
4822 0.00017695423263882194
4834 1.7286007534181456e-05
4853 8.535239208071232e-05
4911 6.341986704442123e-05
4913 6.457822376461287e-05
4914 6.542281037332744e-05
4933 2.564069103539461e-05
4940 0.0002059351589452662
4992 0.00017695423263882194
5016 8.117636599183342e-05
5024 6.025437603138515e-05
5031 6.913916575845257e-05
5161 5.502814824397996e-05
5162 5.6001418804450566e-05
5217 7.159039254876493e-05
5219 0.00014071861357331354
5222 2.3001954162320978e-05
5277 0.00030726931367955075
5369 7.562007790453742e-05
5370 0.00011154523568104574
5378 0.00010347204034115494
5379 2.541525611908456e-05
5380 3.8298201700263376e-05
5412 0.00010856509334268535
5427 3.490353872923123e-05
5434 7.159039254876493e-05
5443 0.00011712061541501202
5447 0.00016251677649793962
5462 0.00010654275221462514
5469 1.1433598200043818e-05
5490 0.00015447220461114937
5704 0.00022883910672981793
5868 7.256700694753944e-05
5894 1.5848029138067838e-05
5896 1.6219082409210568e-05
5907 0.0001786642827461757
5912 0.00010498321344481378
5925 0.00010734164596720007
5927 0.0001475693727081854
5928 0.0001504088997800851
5964 0.0001440237055098346
5983 0.00021244233432427055
5984 3.088397517794058e-05
5985 7.52017798211394e-05
5986 0.00019506105515172307
5988 7.044371782011974e-05
5989 0.00013130412920165632
6000 3.4631041686461846e-05
6018 0.0001431761810607271
6022 2.0770655001689466e-05
6033 0.00011519040557349246
6109 0.00016920278300425065
6197 5.5304247721948624e-05
6229 7.458098891001271e-05
6230 0.0001239806629188251
6264 4.7398314413738584e-05
6265 0.0001275049519955334
6277 0.00011067500849334801
6278 0.00011566583790554528
6328 9.920086195142229e-05
6334 0.00014944388948364012
6356 6.733409171295719e-05
6362 0.00017695423263882194
6372 0.0001523982138465608
6377 0.00010694056199521868
6386 0.00013837905578907654
6408 4.3989132524856074e-05
6417 9.954283828468142e-05
6419 0.0002875104201589402
6429 5.815485137703107e-05
6467 4.669713069773751e-05
6468 4.669713069773751e-05
6470 0.0001263016457352357
6485 0.00019268344080366
6488 0.00017065756051371745
6490 2.724862948448243e-05
6500 0.0002199543170027505
6560 0.0001504088997800851
6566 7.082295263288685e-05
6589 5.9343481706634316e-05
6593 7.754816608258265e-05
6605 0.00010200632301179658
6613 0.00014944388948364012
6614 8.484211069037113e-05
6619 5.7716484755306535e-05
6638 9.282164663063054e-05
6687 6.196989942762013e-05
6689 7.376538112671329e-05
6704 0.00010694056199521868
6725 8.458895984833521e-05
6727 8.612797493712278e-05
6760 1.9892587507080337e-05
6762 7.139739654402146e-05
6763 7.27647006365303e-05
6789 4.7516165565500014e-05
6795 0.0002734912621014559
6834 0.00019506105515172307
6863 0.00020019542348213994
6885 5.131853189681648e-05
6893 9.252359415714085e-05
6894 9.252359415714085e-05
6905 2.9805618738211806e-05
6929 5.904359505253569e-05
6944 0.00014665847838343454
6945 0.00020019542348213994
6992 4.787143878550288e-05
7067 3.508605365233e-05
7073 5.516600244482883e-05
7165 6.628229345501092e-05
7167 0.00011243128604527755
7171 0.00012341728754011654
7251 7.689695691525318e-05
7289 0.00013542473142615584
7344 8.96392359620217e-05
7345 0.00011425323385392718
7392 5.274239335290522e-05
7444 9.886126874785542e-05
7447 0.00012176521653240713
7456 0.00019041645403432799
7482 2.5340342303404983e-05
7483 2.8590308184836374e-05
7571 0.00015890538922556517
7572 0.00018418695135817993
7579 0.00015775871449691997
7609 0.00018825025618924418
7615 0.00016007969731333051
7685 0.00016378259903044513
7688 0.0002734912621014559
7718 9.527405980765772e-05
7729 0.00021605372159664503
7745 0.00019041645403432799
7775 0.00010536844412685977
7784 7.082295263288685e-05
7792 0.000101646679848061
7808 4.7398314413738584e-05
7812 0.0001786642827461757
7818 2.996997446737178e-05
7820 0.00013614669170503938
7836 6.424444555902466e-05
7839 0.00010614816360120087
7843 0.00012571095453322076
7847 0.00015775871449691997
7858 4.509923582401553e-05
7863 7.64676023536449e-05
7886 7.910237522724487e-05
7890 9.233159952796689e-06
7893 5.131853189681648e-05
7894 6.374802604546662e-05
7897 0.00013542473142615584
7901 0.00019041645403432799
7902 7.376538112671329e-05
7903 8.141235399539764e-05
7938 4.907474504580058e-05
7943 7.64676023536449e-05
7960 9.954283828468142e-05
7961 0.0001523982138465608
8009 2.7093186202753706e-05
8010 3.97855428110104e-05
8016 3.6571316885345003e-05
8031 5.5721352358276173e-05
8032 6.056183085252843e-05
8054 2.9805618738211806e-05
8062 0.00018825025618924418
8068 0.00011379132113009053
8069 5.287392225192349e-05
8098 0.0001300045474523503
8099 0.00015447220461114937
8100 0.00019041645403432799
8142 0.00020298083458234552
8144 1.8182537399726556e-05
8149 0.00011811516886331826
8234 4.8109734749355606e-05
8269 0.00018227567001855016
8303 0.00022419450561242282
8304 0.0002537323685808453
8349 4.919672615455441e-05
8444 5.815485137703107e-05
8447 4.100899018649567e-05
8474 8.408656954820681e-05
8479 0.00019041645403432799
8489 0.00013837905578907654
8516 8.024367862190805e-05
8539 7.955569410086921e-05
8639 3.69498153124238e-05
8646 0.00023397347506023475
8661 7.843020694973282e-05
8663 8.001326955199571e-05
8680 0.00015663840245623315
8685 0.00012571095453322076
8695 4.476354154013861e-05
8696 4.787143878550288e-05
8699 0.0001664173719040451
8813 4.431951634967444e-05
8818 7.139739654402146e-05
8819 7.139739654402146e-05
8823 0.0001475693727081854
8866 3.8493910507496085e-05
8871 7.025520142447097e-05
8879 0.0001196461249524729
