178
68 0.00220538720858619
71 0.00672007831382942
93 0.003735558316116509
141 0.008552183410687506
150 0.007111919313436854
277 0.0037435943293919797
297 0.005571108864730255
377 0.004052253869798814
438 0.018231939937029592
456 0.005571108864730255
480 0.011696619423884768
523 0.004582309268850694
736 0.010451847799664717
780 0.009262132186834433
797 0.008630774308368295
881 0.006904447319839172
962 0.006332835410169966
1046 0.008932992804733276
1057 0.006795381729166086
1088 0.005855970003268058
1172 0.006175306853418803
1259 0.005855970003268058
1338 0.004759627594190395
1371 0.005051186166188313
1394 0.017725791129868676
1396 0.010451847799664717
1411 0.016202724420275268
1438 0.011414855533021843
1519 0.006635053906534946
1632 0.00626516836070267
1640 0.002579397478183179
1657 0.032616721639811656
1665 0.006137596774874618
1873 0.006635053906534946
1921 0.0002494779251269458
1983 0.0036512547666400267
1984 0.0032301126748918913
2062 0.00672007831382942
2092 0.0040177190263736345
2255 0.005290845822140433
2332 0.016215627810437824
2373 0.0029208254576811345
2492 0.0017392298725614035
2579 0.0030586565497990144
2580 0.005755477870740007
2587 0.01344015662765884
2619 0.0035196290974060028
2653 0.0045349456887674115
2666 0.008529937706273407
2724 0.0035841357788495196
2735 0.008932992804733276
2771 0.00752927996711998
2780 0.009885376260921251
2792 0.0073491250643866425
2832 0.004733105227948685
2833 0.005051186166188313
2942 0.004759627594190395
3023 0.004582309268850694
3024 0.008932992804733276
3051 0.0038706421905014
3256 0.005116198911603504
3306 0.0028602271290596145
3656 0.003208555637781636
3703 0.004466345036050232
3742 0.007958670266171038
3838 0.009977254651550905
3869 0.0051838659610708
3953 0.007226282761442363
3974 0.006890790473433056
4002 0.004296184224398552
4003 0.008844278831262181
4027 0.005571108864730255
4040 0.00626516836070267
4044 0.0049283438632440335
4113 0.0074818048592691306
4136 0.008977795870654056
4148 0.005445153673497715
4150 0.007784023355634112
4221 0.0029851458640855386
4226 0.0037069780817937997
4255 0.00977974375746746
4364 0.004779498893854086
4409 0.004655993067306368
4435 0.004444094869406248
4458 0.003421371446267336
4468 0.0019001331115631919
4493 0.002370659648306838
4512 0.019431199675808367
4546 0.006200155615287477
4567 0.0032951254203070833
4583 0.008630774308368295
4683 0.008375252210541528
4792 0.022445414577807393
4902 0.006477066558602789
4919 0.013808894639678344
5007 0.008932992804733276
5032 0.002351787195569959
5172 0.0025580086326946346
5223 0.0007824176163916203
5289 0.016750504421083057
5377 0.014698250128773285
5467 0.005254413311047951
5553 0.006554178719245106
5569 0.0059629498643376895
5612 0.008247120052328577
5621 0.007004939452367223
5623 0.0022903871196407423
5632 0.005328097109503625
5672 0.007226282761442363
5687 0.0074818048592691306
5790 0.007626036007701955
5807 0.002690688427577123
5866 0.004069794906780299
5874 0.01726154861673659
5985 0.0031515800013641954
5988 0.005305510270923865
5989 0.0023961618824920117
6015 0.01001978545868359
6033 0.005855970003268058
6039 0.0039672294625043404
6072 0.0074818048592691306
6303 0.005789166045255035
6328 0.0035323311712568716
6410 0.0035973439166720636
6414 0.013049201348985318
6458 0.010451847799664717
6467 0.006554178719245106
6481 0.0147850315897321
6482 0.004400470969479601
6489 0.005804962516405533
6511 0.008932992804733276
6548 0.01003922327920113
6582 0.005908597043289558
6589 0.002237006790569082
6623 0.004958211563671349
6655 0.005528051573090221
6662 0.004006613484853825
6761 0.002029955036600381
6827 0.004631066093417216
6851 0.008932992804733276
6869 0.005615314485149397
6895 0.0031472147752993865
6921 0.006397076296608287
6930 0.0020083836607183133
6932 0.004069794906780299
6969 0.0043790821239910556
6974 0.0283657770885917
6993 0.0032567195607358904
7003 0.008153908901466387
7134 0.012665670820339932
7224 0.005615314485149397
7347 0.002745297072767493
7393 0.001794046601378211
7579 0.0030207666137951547
7690 0.008630774308368295
7692 0.006809700817071874
7725 0.003374343823324715
7892 0.004716108338216077
7929 0.010451847799664717
7938 0.010451847799664717
7944 0.0052021318486693375
7958 0.0038706421905014
7959 0.0032301126748918913
7988 0.002667824444030606
8064 0.008375252210541528
8145 0.001236967735163077
8146 0.004296184224398552
8233 0.01786598560946655
8235 0.0016364654812452562
8354 0.007784023355634112
8445 0.001978152807145423
8505 0.00672007831382942
8631 0.004337115008336616
8697 0.0016283597803679452
8739 0.006022855853948421
8741 0.01344015662765884
8758 0.003339928486227863
8867 0.0013093806505450575
