298
138 5.5304247721948624e-05
141 0.00012571095453322076
145 5.786216925096193e-05
150 0.00020908021320920737
160 3.6009024944890365e-05
163 4.4209139343250144e-05
168 0.00014488623116808087
243 6.309390310328486e-05
276 4.8109734749355606e-05
277 5.502814824397996e-05
311 0.00012016732165868515
312 0.00021244233432427055
412 6.391293797104737e-05
413 7.562007790453742e-05
418 0.0002059351589452662
430 2.1595466130645556e-05
436 6.181142310095298e-05
437 0.00017695423263882194
438 0.0001786642827461757
463 2.104404381130732e-05
473 4.858985121920245e-05
509 1.4811799641107606e-05
511 4.409901177660094e-05
575 8.825864993225359e-05
773 0.00011110817958998604
775 0.00016251677649793962
881 0.00020298083458234552
918 0.0001275049519955334
921 0.0002734912621014559
941 9.719791862251607e-05
1043 0.00019506105515172307
1046 0.00026261715830791277
1055 0.00011614595437539213
1173 9.077257605451787e-05
1234 2.8271279696782107e-05
1239 0.00013196715204843822
1240 0.00014576429866269
1265 6.576478670658657e-05
1269 8.433711728522342e-05
1306 4.5550455969092306e-05
1312 0.00011243128604527755
1314 0.00013401212737453773
1334 9.886126874785542e-05
1339 0.0001399262151792957
1391 6.491430390704548e-05
1412 6.804811807694473e-05
1418 6.424444555902466e-05
1446 0.00023397347506023475
1447 0.00023971321052336105
1511 9.312153328472917e-05
1512 0.0001275049519955334
1520 0.00019506105515172307
1577 0.0002537323685808453
1594 0.000126899584862824
1647 0.00014944388948364012
1650 0.00016920278300425065
1658 0.00010654275221462514
1706 3.382257549850835e-05
1721 0.0001399262151792957
1739 0.00015775871449691997
1777 4.871062309639001e-05
1778 0.0001287387249198448
1824 0.0001804365299615294
1848 6.508321716976057e-05
1888 6.071628875522179e-05
1922 7.334292682143156e-06
1956 0.0001128804268053397
2026 8.535239208071232e-05
2040 4.7398314413738584e-05
2092 0.0001423431449207802
2214 0.00021605372159664503
2282 0.00030726931367955075
2288 0.00018418695135817993
2289 0.00019268344080366
2333 0.00015890538922556517
2370 0.00017215710736717137
2371 8.858094887998e-06
2384 3.364472337590274e-05
2434 0.00010536844412685977
2479 0.00013542473142615584
2493 2.5565430128539482e-05
2563 2.4450245822639586e-05
2564 4.692973938522239e-05
2580 8.992010952057247e-05
2586 9.502842032885344e-06
2590 8.771718405598661e-05
2606 0.00013196715204843822
2618 4.846937791309118e-05
2620 0.00010347204034115494
2656 0.00019041645403432799
2772 0.00011067500849334801
2783 8.718166847460814e-05
2785 0.00010856509334268535
2797 0.00010347204034115494
2943 0.0001399262151792957
3024 0.0001347133110905388
3047 0.0001786642827461757
3050 5.1064059112276297e-05
3052 0.00011379132113009053
3076 9.818910047034337e-05
3079 0.00011862016226846598
3103 0.00012122674224136485
3104 0.00010939812948263226
3337 0.00015775871449691997
3338 0.00016007969731333051
3368 0.00010058340652177312
3370 0.00011811516886331826
3572 5.234992335902794e-05
3586 6.228840662358072e-05
3627 6.491430390704548e-05
3642 0.00013542473142615584
3657 4.716346370617082e-05
3666 0.0001804365299615294
3667 0.00023971321052336105
3731 5.3138049876864844e-05
3745 0.00019506105515172307
3746 1.903006184883404e-05
3819 6.424444555902466e-05
3869 0.0001523982138465608
3875 3.285232498188492e-05
4002 0.0001263016457352357
4003 0.0001300045474523503
4005 9.222735356398462e-05
4010 0.00014071861357331354
4037 0.0001391464957049546
4038 0.00014488623116808087
4112 0.00016007969731333051
4113 0.0002199543170027505
4150 0.00022883910672981793
4170 0.00015775871449691997
4189 4.981125419104163e-05
4220 4.3879500470736716e-05
4224 8.236790279729728e-05
4227 0.0001753021616311125
4241 0.0002734912621014559
4329 3.676019862375966e-05
4331 0.00023971321052336105
4345 5.131853189681648e-05
4348 8.212725328354177e-05
4363 7.025520142447097e-05
4381 4.3226837668107787e-05
4382 6.14960082295629e-05
4390 8.825864993225359e-05
4392 8.334256383691721e-05
4402 6.950834500520415e-05
4424 0.0002059351589452662
4425 0.00022883910672981793
4467 5.5861184383926875e-05
4485 7.159039254876493e-05
4492 6.969398876306011e-05
4502 6.424444555902466e-05
4503 7.798719092134497e-05
4533 5.685140711216779e-05
4545 0.00018227567001855016
4563 4.728074758348793e-05
4641 0.0002875104201589402
4650 0.0001786642827461757
4670 7.541048004377448e-05
4676 1.811794967986411e-05
4791 0.0002199543170027505
4797 9.988723143186235e-05
4839 3.088397517794058e-05
4846 4.681329625334851e-05
4869 0.00013614669170503938
4871 0.00015775871449691997
4900 0.00014944388948364012
4901 0.00019041645403432799
4917 0.00020019542348213994
4918 0.00020298083458234552
4923 8.188778632745044e-05
4988 0.0002199543170027505
4989 0.0002462203859023654
5024 6.025437603138515e-05
5031 6.913916575845257e-05
5086 0.00017370426675739054
5160 0.00021244233432427055
5161 5.502814824397996e-05
5162 5.6001418804450566e-05
5165 0.00020019542348213994
5176 0.0001347133110905388
5222 2.3001954162320978e-05
5228 4.931901336427842e-05
5236 0.00010200632301179658
5254 5.9796800580258657e-05
5288 0.0002462203859023654
5376 0.00021605372159664503
5379 2.541525611908456e-05
5380 3.8298201700263376e-05
5427 3.490353872923123e-05
5469 1.1433598200043818e-05
5550 4.944160821510571e-05
5611 0.00012122674224136485
5685 0.0002059351589452662
5686 0.0002199543170027505
5722 0.00019268344080366
5768 0.0001677901789526326
5821 0.0002875104201589402
5826 0.0001391464957049546
5827 0.00017370426675739054
5872 0.00013130412920165632
5873 0.0002537323685808453
5894 1.5848029138067838e-05
5896 1.6219082409210568e-05
5934 5.434466680855229e-05
5938 5.91933076971794e-05
5984 3.088397517794058e-05
5985 7.52017798211394e-05
5987 7.798719092134497e-05
6022 2.0770655001689466e-05
6079 0.0001251273376474703
6084 7.843020694973282e-05
6087 0.00010236864012694453
6195 9.622649587425546e-05
6222 0.00010347204034115494
6227 0.00010536844412685977
6261 0.00014576429866269
6264 4.7398314413738584e-05
6408 4.3989132524856074e-05
6413 9.590694438493474e-05
6467 4.669713069773751e-05
6468 4.669713069773751e-05
6478 0.00016920278300425065
6490 2.724862948448243e-05
6491 7.604199766141655e-05
6566 7.082295263288685e-05
6568 3.9584588186023764e-05
6569 4.981125419104163e-05
6589 5.9343481706634316e-05
6661 5.889434094657216e-05
6670 0.00010734164596720007
6673 0.0002734912621014559
6675 5.7716484755306535e-05
6678 0.00012230970742046953
6686 0.00011333374567896404
6704 0.00010694056199521868
6748 0.00012016732165868515
6789 4.7516165565500014e-05
6833 2.7093186202753706e-05
6905 2.9805618738211806e-05
6919 7.3968006896828e-05
6920 9.403242760948e-05
6929 5.904359505253569e-05
6960 3.259102983841739e-05
6972 6.133906307779394e-05
6973 0.00011913044365880717
6992 4.787143878550288e-05
7067 3.508605365233e-05
7080 0.0001263016457352357
7087 0.0001376235146469122
7197 0.00011198624708459517
7251 7.689695691525318e-05
7344 8.96392359620217e-05
7345 0.00011425323385392718
7392 5.274239335290522e-05
7476 8.117636599183342e-05
7480 9.252359415714085e-05
7503 3.173002815645075e-05
7627 7.887728740211037e-05
7632 0.00016251677649793962
7694 6.804811807694473e-05
7720 0.0001677901789526326
7721 0.00016920278300425065
7818 2.996997446737178e-05
7858 4.509923582401553e-05
7863 7.64676023536449e-05
7890 9.233159952796689e-06
7904 6.056183085252843e-05
7938 4.907474504580058e-05
7995 9.134928606937549e-05
8009 2.7093186202753706e-05
8031 5.5721352358276173e-05
8032 6.056183085252843e-05
8054 2.9805618738211806e-05
8058 8.853165584237468e-05
8059 0.00011425323385392718
8060 0.0001147195668623605
8144 1.8182537399726556e-05
8149 0.00011811516886331826
8168 0.0001664173719040451
8358 0.00017370426675739054
8442 8.001326955199571e-05
8487 0.00012571095453322076
8516 8.024367862190805e-05
8520 5.874554257904601e-05
8633 5.949411993323993e-05
8638 6.491430390704548e-05
8661 7.843020694973282e-05
8663 8.001326955199571e-05
8678 4.409901177660094e-05
8690 0.0001677901789526326
8692 0.00023971321052336105
8695 4.476354154013861e-05
8696 4.787143878550288e-05
8738 8.853165584237468e-05
8740 0.00019756065060853997
8753 0.00010614816360120087
8829 0.00011663084820199027
8866 3.8493910507496085e-05
