438
15 6.0101372993599195e-05
44 0.00010575674440844711
52 9.785646144837983e-05
53 0.00010200632301179658
68 3.241760820520544e-05
77 8.691610145495967e-05
79 0.00013130412920165632
152 0.0001475693727081854
158 1.722259642893919e-05
204 0.00019506105515172307
205 0.00019756065060853997
206 0.00020019542348213994
225 4.311890533715833e-05
243 6.309390310328486e-05
245 0.00013196715204843822
290 5.516600244482883e-05
295 6.969398876306011e-05
330 6.358367031630664e-05
334 9.252359415714085e-05
344 9.164022082905678e-05
352 0.00019506105515172307
378 7.955569410086921e-05
395 0.00018418695135817993
430 2.1595466130645556e-05
436 6.181142310095298e-05
437 0.00017695423263882194
463 2.104404381130732e-05
480 6.877276232176413e-05
486 0.00019268344080366
488 0.00019506105515172307
509 1.4811799641107606e-05
621 0.00011110817958998604
624 0.0001300045474523503
626 0.00013263932032595027
632 6.4078409870285e-05
668 8.63892700805903e-05
706 6.525271795805037e-05
707 9.496067334174995e-05
722 0.00011663084820199027
765 7.499396958083494e-05
773 0.00011110817958998604
775 0.00016251677649793962
872 6.593667904531496e-05
891 5.757123449128065e-05
892 0.0001475693727081854
894 0.00021605372159664503
895 0.0002875104201589402
918 0.0001275049519955334
919 0.00016378259903044513
941 9.719791862251607e-05
947 0.0002875104201589402
1102 8.285279662389543e-05
1103 9.527405980765772e-05
1126 4.895306850942043e-05
1130 8.665197383001834e-05
1135 0.00010774605847492284
1139 0.0001415241100530177
1177 0.00010347204034115494
1208 0.00012571095453322076
1216 4.5550455969092306e-05
1234 2.8271279696782107e-05
1254 8.96392359620217e-05
1350 6.374802604546662e-05
1418 6.424444555902466e-05
1438 0.00014071861357331354
1439 0.0001677901789526326
1499 0.00017370426675739054
1508 0.00011198624708459517
1517 9.106007793564448e-05
1519 0.0001376235146469122
1539 0.00011198624708459517
1555 0.00015139340654708521
1621 0.00011198624708459517
1622 0.00011333374567896404
1623 0.0001664173719040451
1649 8.744869066327002e-05
1665 0.00013263932032595027
1671 7.64676023536449e-05
1693 0.0001281179340087181
1699 0.00013130412920165632
1706 3.382257549850835e-05
1713 4.787143878550288e-05
1719 0.0001504088997800851
1739 0.00015775871449691997
1740 0.00022883910672981793
1759 0.0001391464957049546
1765 0.00016920278300425065
1777 4.871062309639001e-05
1778 0.0001287387249198448
1848 6.508321716976057e-05
1881 8.408656954820681e-05
1884 0.00018617626542465564
1888 6.071628875522179e-05
1922 7.334292682143156e-06
1957 8.88061998220748e-05
1981 9.920086195142229e-05
2025 0.00012571095453322076
2026 8.535239208071232e-05
2044 0.00010536844412685977
2065 0.00016128300357362823
2073 0.00010939812948263226
2167 8.744869066327002e-05
2180 0.00022883910672981793
2196 0.00022883910672981793
2216 0.0001677901789526326
2226 0.0002462203859023654
2248 0.00020298083458234552
2266 0.0001347133110905388
2294 8.535239208071232e-05
2309 0.00023397347506023475
2315 0.0002734912621014559
2371 8.858094887998e-06
2391 2.4157123570420575e-05
2404 0.00012341728754011654
2439 5.502814824397996e-05
2448 8.825864993225359e-05
2489 0.00022419450561242282
2493 2.5565430128539482e-05
2563 2.4450245822639586e-05
2580 8.992010952057247e-05
2586 9.502842032885344e-06
2589 0.0001228603508781383
2593 0.00016920278300425065
2599 0.00012341728754011654
2607 3.3290954653437934e-05
2618 4.846937791309118e-05
2625 0.00016251677649793962
2667 8.358930576913648e-05
2699 0.00013065000625947455
2701 0.00017065756051371745
2718 8.88061998220748e-05
2776 9.222735356398462e-05
2790 0.00011425323385392718
2862 0.00012230970742046953
2940 7.910237522724487e-05
2955 4.7516165565500014e-05
2976 5.461691012835996e-05
2982 7.197869283035229e-05
3031 8.691610145495967e-05
3033 0.0001415241100530177
3034 0.00016128300357362823
3076 9.818910047034337e-05
3079 0.00011862016226846598
3081 0.00018825025618924418
3113 6.165346047478709e-05
3228 4.566391685271689e-05
3229 4.669713069773751e-05
3230 4.692973938522239e-05
3269 0.00010310145735752775
3367 0.00017065756051371745
3409 8.458895984833521e-05
3421 8.586807337437805e-05
3423 0.0002875104201589402
3465 5.7716484755306535e-05
3511 0.00016007969731333051
3576 5.3536945098705395e-05
3654 6.663037655997976e-05
3675 0.00011519040557349246
3676 0.00012936752625714268
3691 0.00011425323385392718
3719 2.489326185102742e-05
3743 3.233112827567267e-05
3746 1.903006184883404e-05
3766 5.131853189681648e-05
3768 0.00026261715830791277
3781 0.00022883910672981793
3819 6.424444555902466e-05
3832 3.3290954653437934e-05
3835 0.00011811516886331826
3840 0.00010774605847492284
3841 0.00015139340654708521
3875 3.285232498188492e-05
3882 0.00012016732165868515
3924 0.00019268344080366
3966 0.0002462203859023654
3996 7.417147870601431e-05
4046 9.312153328472917e-05
4048 0.00021244233432427055
4055 0.00019041645403432799
4099 0.0001147195668623605
4108 9.654815662959692e-05
4138 0.00016251677649793962
4139 0.00017215710736717137
4140 0.0002199543170027505
4203 0.00011614595437539213
4260 0.0002734912621014559
4266 0.00015342417653056774
4267 0.00011519040557349246
4314 3.1644758795232604e-05
4315 7.256700694753944e-05
4329 3.676019862375966e-05
4332 8.117636599183342e-05
4336 0.00012571095453322076
4345 5.131853189681648e-05
4348 8.212725328354177e-05
4363 7.025520142447097e-05
4381 4.3226837668107787e-05
4382 6.14960082295629e-05
4383 0.00016920278300425065
4398 6.325661252824365e-05
4402 6.950834500520415e-05
4406 6.508321716976057e-05
4411 0.0001504088997800851
4412 0.00019756065060853997
4432 6.4078409870285e-05
4435 0.00010856509334268535
4437 0.00022883910672981793
4451 0.00010200632301179658
4467 5.5861184383926875e-05
4485 7.159039254876493e-05
4492 6.969398876306011e-05
4495 3.207260550754382e-05
4502 6.424444555902466e-05
4503 7.798719092134497e-05
4513 9.19329029551259e-05
4546 7.625433537211054e-05
4563 4.728074758348793e-05
4564 0.0001664173719040451
4566 9.68719546813797e-05
4567 6.341986704442123e-05
4577 3.9085797470059324e-05
4652 4.476354154013861e-05
4658 8.334256383691721e-05
4699 3.676019862375966e-05
4723 9.106007793564448e-05
4726 0.0002059351589452662
4727 0.00022883910672981793
4834 1.7286007534181456e-05
4911 6.341986704442123e-05
4923 8.188778632745044e-05
4926 0.00010236864012694453
4927 0.00010236864012694453
4933 2.564069103539461e-05
4942 6.804811807694473e-05
4955 0.00023397347506023475
4972 4.681329625334851e-05
4974 0.00013263932032595027
5022 0.00020908021320920737
5057 0.00022419450561242282
5072 0.00016508218077975113
5140 0.0001504088997800851
5161 5.502814824397996e-05
5162 5.6001418804450566e-05
5163 0.00020019542348213994
5166 0.0001347133110905388
5192 8.001326955199571e-05
5207 0.0002462203859023654
5217 7.159039254876493e-05
5218 0.00020908021320920737
5222 2.3001954162320978e-05
5242 6.786862826996617e-05
5254 5.9796800580258657e-05
5289 0.0001300045474523503
5355 0.00015447220461114937
5369 7.562007790453742e-05
5370 0.00011154523568104574
5379 2.541525611908456e-05
5380 3.8298201700263376e-05
5412 0.00010856509334268535
5416 0.00013332088986277624
5427 3.490353872923123e-05
5434 7.159039254876493e-05
5439 8.024367862190805e-05
5440 8.586807337437805e-05
5448 9.954283828468142e-05
5455 8.908229930004346e-05
5462 0.00010654275221462514
5469 1.1433598200043818e-05
5547 0.00017695423263882194
5550 4.944160821510571e-05
5569 9.527405980765772e-05
5618 0.00014071861357331354
5622 6.733409171295719e-05
5687 2.724862948448243e-05
5691 8.383730339089555e-05
5702 3.9886331735258645e-05
5705 0.00011566583790554528
5713 0.0001786642827461757
5775 0.00014576429866269
5797 5.544288630052885e-05
5862 6.610917985376751e-05
5872 0.00013130412920165632
5888 8.358930576913648e-05
5891 0.00010310145735752775
5909 6.663037655997976e-05
5934 5.434466680855229e-05
5938 5.91933076971794e-05
5984 3.088397517794058e-05
6000 3.4631041686461846e-05
6005 0.00010897983139923425
6016 0.00026261715830791277
6022 2.0770655001689466e-05
6023 0.00016251677649793962
6024 0.0002199543170027505
6033 0.00011519040557349246
6047 0.0002059351589452662
6057 0.00011024565393173974
6079 0.0001251273376474703
6084 7.843020694973282e-05
6085 0.00011862016226846598
6087 0.00010236864012694453
6095 0.0001753021616311125
6195 9.622649587425546e-05
6197 5.5304247721948624e-05
6201 0.00017215710736717137
6211 7.356359438910525e-05
6218 9.464928935894339e-05
6242 3.105201474962982e-05
6264 4.7398314413738584e-05
6338 0.00016920278300425065
6344 0.0002462203859023654
6356 6.733409171295719e-05
6372 0.0001523982138465608
6380 0.00011067500849334801
6386 0.00013837905578907654
6387 9.558947467904783e-05
6429 5.815485137703107e-05
6449 0.00020298083458234552
6490 2.724862948448243e-05
6502 0.0001423431449207802
6516 9.818910047034337e-05
6540 6.040786096929821e-05
6553 0.00016508218077975113
6566 7.082295263288685e-05
6586 5.24803957997587e-05
6587 0.00017215710736717137
6589 5.9343481706634316e-05
6593 7.754816608258265e-05
6594 0.00016251677649793962
6619 5.7716484755306535e-05
6661 5.889434094657216e-05
6670 0.00010734164596720007
6675 5.7716484755306535e-05
6704 0.00010694056199521868
6712 6.025437603138515e-05
6717 0.00017215710736717137
6760 1.9892587507080337e-05
6815 7.178415593526694e-05
6822 8.535239208071232e-05
6885 5.131853189681648e-05
6898 0.0001263016457352357
6905 2.9805618738211806e-05
6908 8.935997200289977e-05
6929 5.904359505253569e-05
6977 0.00015342417653056774
6980 0.00011379132113009053
6982 0.0001147195668623605
6983 0.00013263932032595027
6992 4.787143878550288e-05
6999 6.309390310328486e-05
7010 0.0001504088997800851
7067 3.508605365233e-05
7069 0.0001664173719040451
7073 5.516600244482883e-05
7091 9.464928935894339e-05
7100 0.00015342417653056774
7108 0.0002199543170027505
7139 6.196989942762013e-05
7165 6.628229345501092e-05
7167 0.00011243128604527755
7171 0.00012341728754011654
7174 7.256700694753944e-05
7178 3.714017269315804e-05
7215 0.00015139340654708521
7236 0.00010536844412685977
7237 0.00010536844412685977
7289 0.00013542473142615584
7290 0.00016508218077975113
7346 8.070779096331723e-05
7349 0.00013614669170503938
7392 5.274239335290522e-05
7482 2.5340342303404983e-05
7483 2.8590308184836374e-05
7554 8.260974660633398e-05
7602 9.654815662959692e-05
7610 0.00013263932032595027
7620 0.0001027336712532598
7664 0.0001196461249524729
7677 6.988034244141115e-05
7678 8.260974660633398e-05
7679 8.260974660633398e-05
7710 0.00014488623116808087
7724 9.920086195142229e-05
7745 0.00019041645403432799
7780 0.0002734912621014559
7808 4.7398314413738584e-05
7814 0.0001275049519955334
7858 4.509923582401553e-05
7862 9.077257605451787e-05
7890 9.233159952796689e-06
7894 6.374802604546662e-05
7897 0.00013542473142615584
7901 0.00019041645403432799
7904 6.056183085252843e-05
7938 4.907474504580058e-05
8009 2.7093186202753706e-05
8016 3.6571316885345003e-05
8061 7.865323446718271e-05
8069 5.287392225192349e-05
8098 0.0001300045474523503
8109 8.285279662389543e-05
8120 0.00021605372159664503
8144 1.8182537399726556e-05
8148 0.0001753021616311125
8154 0.00018825025618924418
8204 5.1064059112276297e-05
8206 0.0001804365299615294
8213 0.0001376235146469122
8222 0.00026261715830791277
8233 0.00017215710736717137
8249 0.00023397347506023475
8252 0.0002875104201589402
8312 0.00030726931367955075
8349 4.919672615455441e-05
8350 0.00018825025618924418
8469 0.00021605372159664503
8513 4.3335009582674306e-05
8531 9.752607762356147e-05
8532 0.0001002340757964429
8550 0.00013542473142615584
8591 0.00011761535496899039
8600 8.383730339089555e-05
8607 0.0002537323685808453
8608 0.0001677901789526326
8633 5.949411993323993e-05
8638 6.491430390704548e-05
8639 3.69498153124238e-05
8695 4.476354154013861e-05
8699 0.0001664173719040451
8753 0.00010614816360120087
8763 6.542281037332744e-05
8813 4.431951634967444e-05
8866 3.8493910507496085e-05
8890 0.00010058340652177312
8891 0.00010058340652177312
8892 0.00010384546306881737
8898 0.0002537323685808453
8911 0.00019506105515172307
