422
35 0.00015139340654708521
37 0.00017695423263882194
44 0.00010575674440844711
52 9.785646144837983e-05
56 0.0001027336712532598
58 3.9886331735258645e-05
68 3.241760820520544e-05
69 0.00010460100421098168
102 0.00013687950893562258
158 1.722259642893919e-05
218 0.0002734912621014559
225 4.311890533715833e-05
320 0.00017370426675739054
328 5.502814824397996e-05
330 6.358367031630664e-05
370 0.0001347133110905388
375 8.334256383691721e-05
430 2.1595466130645556e-05
449 6.628229345501092e-05
463 2.104404381130732e-05
509 1.4811799641107606e-05
511 4.409901177660094e-05
522 0.00011110817958998604
706 6.525271795805037e-05
707 9.496067334174995e-05
712 0.00019506105515172307
722 0.00011663084820199027
753 9.752607762356147e-05
757 0.00010815385522706535
765 7.499396958083494e-05
891 5.757123449128065e-05
894 0.00021605372159664503
895 0.0002875104201589402
988 0.00013263932032595027
1011 8.56095506062492e-05
1126 4.895306850942043e-05
1130 8.665197383001834e-05
1140 3.8493910507496085e-05
1145 9.920086195142229e-05
1208 0.00012571095453322076
1234 2.8271279696782107e-05
1265 6.576478670658657e-05
1270 0.0002875104201589402
1350 6.374802604546662e-05
1365 6.733409171295719e-05
1401 0.00030726931367955075
1432 0.00015139340654708521
1508 0.00011198624708459517
1517 9.106007793564448e-05
1519 0.0001376235146469122
1583 8.88061998220748e-05
1586 0.00017695423263882194
1610 9.590694438493474e-05
1612 0.00020908021320920737
1621 0.00011198624708459517
1622 0.00011333374567896404
1638 7.33626397641186e-05
1641 7.583058115843726e-05
1651 0.0001753021616311125
1671 7.64676023536449e-05
1706 3.382257549850835e-05
1713 4.787143878550288e-05
1722 8.117636599183342e-05
1777 4.871062309639001e-05
1778 0.0001287387249198448
1782 0.00014665847838343454
1798 0.00010498321344481378
1800 0.00011333374567896404
1881 8.408656954820681e-05
1882 9.496067334174995e-05
1888 6.071628875522179e-05
1891 0.00020908021320920737
1922 7.334292682143156e-06
1926 0.00022883910672981793
1984 0.00010734164596720007
2025 0.00012571095453322076
2026 8.535239208071232e-05
2029 0.00012122674224136485
2030 0.0001228603508781383
2059 0.00014071861357331354
2123 0.00011243128604527755
2228 0.0002462203859023654
2371 8.858094887998e-06
2377 0.0001228603508781383
2417 8.63892700805903e-05
2431 0.0001391464957049546
2434 0.00010536844412685977
2439 5.502814824397996e-05
2448 8.825864993225359e-05
2493 2.5565430128539482e-05
2501 0.00017065756051371745
2502 0.00017695423263882194
2523 0.0001504088997800851
2524 0.00016920278300425065
2563 2.4450245822639586e-05
2586 9.502842032885344e-06
2599 0.00012341728754011654
2600 0.00014849761844045535
2607 3.3290954653437934e-05
2612 8.001326955199571e-05
2618 4.846937791309118e-05
2675 0.00010694056199521868
2797 0.00010347204034115494
2827 0.0001196461249524729
2830 8.285279662389543e-05
2903 8.718166847460814e-05
2940 7.910237522724487e-05
2958 6.950834500520415e-05
2963 8.509658347491132e-05
2976 5.461691012835996e-05
2982 7.197869283035229e-05
3113 6.165346047478709e-05
3134 0.0001228603508781383
3137 0.00011379132113009053
3226 8.164949036359771e-05
3228 4.566391685271689e-05
3229 4.669713069773751e-05
3230 4.692973938522239e-05
3247 0.00013263932032595027
3340 0.00017370426675739054
3372 6.542281037332744e-05
3375 0.00010236864012694453
3413 8.001326955199571e-05
3414 9.852402568908913e-05
3421 8.586807337437805e-05
3465 5.7716484755306535e-05
3471 0.0001804365299615294
3472 0.00030726931367955075
3513 6.056183085252843e-05
3576 5.3536945098705395e-05
3596 8.285279662389543e-05
3627 6.491430390704548e-05
3628 7.733012801189119e-05
3654 6.663037655997976e-05
3657 4.716346370617082e-05
3675 0.00011519040557349246
3676 0.00012936752625714268
3719 2.489326185102742e-05
3724 5.7716484755306535e-05
3740 0.00016378259903044513
3868 0.00020298083458234552
3875 3.285232498188492e-05
3914 0.00012936752625714268
3929 0.00015663840245623315
3932 4.895306850942043e-05
3943 7.689695691525318e-05
3951 9.920086195142229e-05
3954 0.00010774605847492284
3996 7.417147870601431e-05
4015 8.798716495431228e-05
4016 0.00017370426675739054
4017 0.00019506105515172307
4099 0.0001147195668623605
4108 9.654815662959692e-05
4112 0.00016007969731333051
4113 0.0002199543170027505
4189 4.981125419104163e-05
4203 0.00011614595437539213
4247 4.846937791309118e-05
4267 0.00011519040557349246
4290 5.656642719180506e-05
4291 7.843020694973282e-05
4296 9.527405980765772e-05
4314 3.1644758795232604e-05
4329 3.676019862375966e-05
4332 8.117636599183342e-05
4336 0.00012571095453322076
4363 7.025520142447097e-05
4366 0.00016007969731333051
4381 4.3226837668107787e-05
4382 6.14960082295629e-05
4388 0.0001415241100530177
4392 8.334256383691721e-05
4432 6.4078409870285e-05
4434 0.00013065000625947455
4467 5.5861184383926875e-05
4481 9.282164663063054e-05
4492 6.969398876306011e-05
4495 3.207260550754382e-05
4502 6.424444555902466e-05
4503 7.798719092134497e-05
4513 9.19329029551259e-05
4533 5.685140711216779e-05
4546 7.625433537211054e-05
4563 4.728074758348793e-05
4566 9.68719546813797e-05
4577 3.9085797470059324e-05
4652 4.476354154013861e-05
4658 8.334256383691721e-05
4670 7.541048004377448e-05
4676 1.811794967986411e-05
4688 0.0001804365299615294
4689 0.00019041645403432799
4759 5.0810908270240366e-05
4762 0.0001399262151792957
4763 0.00015890538922556517
4797 9.988723143186235e-05
4829 8.383730339089555e-05
4830 0.0002734912621014559
4834 1.7286007534181456e-05
4853 8.535239208071232e-05
4926 0.00010236864012694453
4927 0.00010236864012694453
4933 2.564069103539461e-05
4942 6.804811807694473e-05
4972 4.681329625334851e-05
5000 0.00013065000625947455
5004 0.0002462203859023654
5024 6.025437603138515e-05
5028 0.00018825025618924418
5031 6.913916575845257e-05
5080 0.00010575674440844711
5160 0.00021244233432427055
5161 5.502814824397996e-05
5162 5.6001418804450566e-05
5163 0.00020019542348213994
5166 0.0001347133110905388
5192 8.001326955199571e-05
5194 0.00011712061541501202
5197 0.0001391464957049546
5198 0.00010654275221462514
5206 0.0002875104201589402
5222 2.3001954162320978e-05
5228 4.931901336427842e-05
5229 0.0002537323685808453
5236 0.00010200632301179658
5242 6.786862826996617e-05
5254 5.9796800580258657e-05
5267 0.0001677901789526326
5378 0.00010347204034115494
5395 3.215862746722012e-05
5412 0.00010856509334268535
5416 0.00013332088986277624
5427 3.490353872923123e-05
5439 8.024367862190805e-05
5440 8.586807337437805e-05
5455 8.908229930004346e-05
5469 1.1433598200043818e-05
5471 0.00020298083458234552
5521 0.00021605372159664503
5539 0.0001391464957049546
5542 0.0002199543170027505
5550 4.944160821510571e-05
5618 0.00014071861357331354
5622 6.733409171295719e-05
5642 9.852402568908913e-05
5674 0.00010236864012694453
5687 2.724862948448243e-05
5699 8.260974660633398e-05
5702 3.9886331735258645e-05
5738 9.19329029551259e-05
5797 5.544288630052885e-05
5806 7.910237522724487e-05
5810 5.261121850249547e-05
5858 6.663037655997976e-05
5862 6.610917985376751e-05
5865 0.0001196461249524729
5868 7.256700694753944e-05
5894 1.5848029138067838e-05
5896 1.6219082409210568e-05
5909 6.663037655997976e-05
5911 7.47870417645905e-05
5934 5.434466680855229e-05
5938 5.91933076971794e-05
5984 3.088397517794058e-05
6022 2.0770655001689466e-05
6050 0.0001431761810607271
6053 0.00018227567001855016
6056 0.00019506105515172307
6057 0.00011024565393173974
6084 7.843020694973282e-05
6087 0.00010236864012694453
6134 0.00013332088986277624
6197 5.5304247721948624e-05
6229 7.458098891001271e-05
6242 3.105201474962982e-05
6264 4.7398314413738584e-05
6327 0.00010384546306881737
6372 0.0001523982138465608
6380 0.00011067500849334801
6384 0.00015663840245623315
6385 0.0002462203859023654
6386 0.00013837905578907654
6399 8.212725328354177e-05
6405 0.00014071861357331354
6408 4.3989132524856074e-05
6409 0.00010575674440844711
6429 5.815485137703107e-05
6467 4.669713069773751e-05
6468 4.669713069773751e-05
6490 2.724862948448243e-05
6536 7.499396958083494e-05
6560 0.0001504088997800851
6566 7.082295263288685e-05
6586 5.24803957997587e-05
6588 6.576478670658657e-05
6589 5.9343481706634316e-05
6667 0.00012069415303305452
6675 5.7716484755306535e-05
6678 0.00012230970742046953
6687 6.196989942762013e-05
6702 0.0001440237055098346
6704 0.00010694056199521868
6706 7.910237522724487e-05
6712 6.025437603138515e-05
6725 8.458895984833521e-05
6727 8.612797493712278e-05
6728 9.527405980765772e-05
6760 1.9892587507080337e-05
6789 4.7516165565500014e-05
6794 0.00014849761844045535
6796 8.260974660633398e-05
6833 2.7093186202753706e-05
6857 0.00014665847838343454
6943 0.00017065756051371745
6978 0.00013687950893562258
6980 0.00011379132113009053
6982 0.0001147195668623605
6998 0.00016251677649793962
6999 6.309390310328486e-05
7067 3.508605365233e-05
7073 5.516600244482883e-05
7124 6.859058854884968e-05
7174 7.256700694753944e-05
7178 3.714017269315804e-05
7181 0.0001263016457352357
7236 0.00010536844412685977
7237 0.00010536844412685977
7251 7.689695691525318e-05
7296 0.00018825025618924418
7297 0.00030726931367955075
7373 7.27647006365303e-05
7374 0.00010498321344481378
7390 0.00013065000625947455
7406 6.698096388147314e-05
7407 0.0001786642827461757
7482 2.5340342303404983e-05
7483 2.8590308184836374e-05
7503 3.173002815645075e-05
7520 9.558947467904783e-05
7523 8.935997200289977e-05
7538 0.00023971321052336105
7559 8.509658347491132e-05
7560 0.00014849761844045535
7577 8.853165584237468e-05
7578 8.88061998220748e-05
7610 0.00013263932032595027
7620 0.0001027336712532598
7694 6.804811807694473e-05
7702 0.0001677901789526326
7703 0.00017065756051371745
7738 0.00022419450561242282
7836 6.424444555902466e-05
7837 0.00018617626542465564
7858 4.509923582401553e-05
7862 9.077257605451787e-05
7866 5.91933076971794e-05
7884 0.00010982004923951138
7890 9.233159952796689e-06
7893 5.131853189681648e-05
7904 6.056183085252843e-05
7922 0.00010774605847492284
7958 9.496067334174995e-05
7977 0.00014849761844045535
7995 9.134928606937549e-05
8016 3.6571316885345003e-05
8026 0.00023971321052336105
8031 5.5721352358276173e-05
8032 6.056183085252843e-05
8042 6.663037655997976e-05
8047 9.312153328472917e-05
8053 0.00016007969731333051
8054 2.9805618738211806e-05
8061 7.865323446718271e-05
8069 5.287392225192349e-05
8109 8.285279662389543e-05
8114 0.0001804365299615294
8116 0.00015447220461114937
8128 0.00013332088986277624
8137 8.63892700805903e-05
8144 1.8182537399726556e-05
8148 0.0001753021616311125
8174 0.00016508218077975113
8204 5.1064059112276297e-05
8234 4.8109734749355606e-05
8346 0.0001399262151792957
8358 0.00017370426675739054
8442 8.001326955199571e-05
8444 5.815485137703107e-05
8447 4.100899018649567e-05
8474 8.408656954820681e-05
8475 0.0002875104201589402
8503 7.256700694753944e-05
8513 4.3335009582674306e-05
8531 9.752607762356147e-05
8532 0.0001002340757964429
8539 7.955569410086921e-05
8550 0.00013542473142615584
8552 0.0002462203859023654
8559 0.00011379132113009053
8582 0.00010774605847492284
8591 0.00011761535496899039
8600 8.383730339089555e-05
8639 3.69498153124238e-05
8687 0.00013837905578907654
8690 0.0001677901789526326
8691 0.0002462203859023654
8695 4.476354154013861e-05
8696 4.787143878550288e-05
8722 7.217400943451535e-05
8723 0.00010498321344481378
8753 0.00010614816360120087
8781 8.63892700805903e-05
8787 0.00026261715830791277
8818 7.139739654402146e-05
8819 7.139739654402146e-05
8866 3.8493910507496085e-05
8873 0.00013614669170503938
8890 0.00010058340652177312
8891 0.00010058340652177312
8892 0.00010384546306881737
8893 0.00020908021320920737
