240
56 0.0001027336712532598
97 8.612797493712278e-05
132 8.334256383691721e-05
136 0.00022419450561242282
145 5.786216925096193e-05
158 1.722259642893919e-05
238 0.00012176521653240713
240 0.00010347204034115494
287 0.00019041645403432799
318 9.719791862251607e-05
330 6.358367031630664e-05
331 0.00015890538922556517
362 0.00018227567001855016
371 9.818910047034337e-05
463 2.104404381130732e-05
493 0.0001300045474523503
511 4.409901177660094e-05
522 0.00011110817958998604
531 0.00026261715830791277
551 0.0001431761810607271
553 0.00018617626542465564
554 0.00019756065060853997
771 0.00026261715830791277
941 9.719791862251607e-05
1070 0.00013130412920165632
1119 0.0002875104201589402
1126 4.895306850942043e-05
1130 8.665197383001834e-05
1226 0.00011110817958998604
1227 0.00014488623116808087
1306 4.5550455969092306e-05
1310 8.285279662389543e-05
1334 9.886126874785542e-05
1339 0.0001399262151792957
1418 6.424444555902466e-05
1593 0.00018617626542465564
1658 0.00010654275221462514
1777 4.871062309639001e-05
1779 0.00011333374567896404
1850 0.00021244233432427055
1888 6.071628875522179e-05
1895 0.00011519040557349246
1918 0.0001376235146469122
1919 0.00014071861357331354
1922 7.334292682143156e-06
1929 4.2158123180710165e-05
1941 8.024367862190805e-05
1948 0.0001523982138465608
2040 4.7398314413738584e-05
2042 8.383730339089555e-05
2070 0.00016251677649793962
2278 0.00013837905578907654
2299 0.00010982004923951138
2300 0.00011024565393173974
2371 8.858094887998e-06
2373 4.532432364915004e-05
2384 3.364472337590274e-05
2389 8.070779096331723e-05
2391 2.4157123570420575e-05
2485 0.00013542473142615584
2486 0.0001504088997800851
2550 5.3403616896513294e-05
2559 7.604199766141655e-05
2563 2.4450245822639586e-05
2575 0.00012016732165868515
2586 9.502842032885344e-06
2607 3.3290954653437934e-05
2684 0.00021605372159664503
2732 0.00012069415303305452
2733 0.0001786642827461757
2828 0.00016128300357362823
2862 0.00012230970742046953
2863 0.0002462203859023654
2896 0.00011379132113009053
2957 0.0001523982138465608
3149 7.541048004377448e-05
3150 7.604199766141655e-05
3166 0.00023971321052336105
3214 8.001326955199571e-05
3321 0.00011761535496899039
3345 0.00011110817958998604
3413 8.001326955199571e-05
3459 0.0001423431449207802
3461 0.00016920278300425065
3462 0.00018418695135817993
3478 7.865323446718271e-05
3479 0.0001245506276326127
3513 6.056183085252843e-05
3526 0.00023397347506023475
3586 6.228840662358072e-05
3596 8.285279662389543e-05
3599 0.00023397347506023475
3625 0.0001431761810607271
3647 8.094151528426567e-05
3664 0.0001431761810607271
3731 5.3138049876864844e-05
3732 0.00010654275221462514
3733 0.0001128804268053397
3814 0.00014576429866269
3903 0.00018227567001855016
3904 0.00021605372159664503
3969 6.0101372993599195e-05
3970 6.663037655997976e-05
3993 0.00018617626542465564
4094 0.00010694056199521868
4096 0.00022883910672981793
4105 9.988723143186235e-05
4158 0.00011519040557349246
4189 4.981125419104163e-05
4190 0.00019756065060853997
4224 8.236790279729728e-05
4247 4.846937791309118e-05
4250 8.612797493712278e-05
4314 3.1644758795232604e-05
4329 3.676019862375966e-05
4332 8.117636599183342e-05
4337 0.00016920278300425065
4399 9.282164663063054e-05
4402 6.950834500520415e-05
4406 6.508321716976057e-05
4509 0.0001281179340087181
4563 4.728074758348793e-05
4577 3.9085797470059324e-05
4585 0.0002875104201589402
4646 0.00020019542348213994
4647 0.0002734912621014559
4652 4.476354154013861e-05
4659 6.610917985376751e-05
4661 0.0002059351589452662
4676 1.811794967986411e-05
4759 5.0810908270240366e-05
4785 0.0002734912621014559
4831 0.00013065000625947455
4832 0.0001347133110905388
4833 0.0001431761810607271
4834 1.7286007534181456e-05
4908 9.372690041743856e-05
4933 2.564069103539461e-05
5016 8.117636599183342e-05
5043 0.00010422176939821458
5110 0.00018418695135817993
5111 0.00014849761844045535
5177 6.196989942762013e-05
5180 0.00010982004923951138
5191 0.00014849761844045535
5217 7.159039254876493e-05
5254 5.9796800580258657e-05
5307 0.00013263932032595027
5379 2.541525611908456e-05
5395 3.215862746722012e-05
5427 3.490353872923123e-05
5469 1.1433598200043818e-05
5476 0.0002537323685808453
5509 8.935997200289977e-05
5550 4.944160821510571e-05
5702 3.9886331735258645e-05
5709 0.0002875104201589402
5796 0.00023971321052336105
5797 5.544288630052885e-05
5810 5.261121850249547e-05
5814 0.00018617626542465564
5840 0.00012230970742046953
5858 6.663037655997976e-05
5862 6.610917985376751e-05
5894 1.5848029138067838e-05
5896 1.6219082409210568e-05
5925 0.00010734164596720007
6000 3.4631041686461846e-05
6014 9.818910047034337e-05
6195 9.622649587425546e-05
6242 3.105201474962982e-05
6297 9.164022082905678e-05
6309 0.0001147195668623605
6356 6.733409171295719e-05
6429 5.815485137703107e-05
6434 0.00014576429866269
6566 7.082295263288685e-05
6567 0.0002875104201589402
6584 0.00019506105515172307
6589 5.9343481706634316e-05
6619 5.7716484755306535e-05
6620 0.0001281179340087181
6621 0.0001399262151792957
6622 0.00014576429866269
6661 5.889434094657216e-05
6682 6.698096388147314e-05
6760 1.9892587507080337e-05
6789 4.7516165565500014e-05
7003 8.771718405598661e-05
7034 0.0001786642827461757
7067 3.508605365233e-05
7069 0.0001664173719040451
7085 0.00018418695135817993
7101 0.00011862016226846598
7102 0.00020019542348213994
7321 3.8200641252257444e-05
7346 8.070779096331723e-05
7347 0.00015663840245623315
7406 6.698096388147314e-05
7408 8.691610145495967e-05
7414 0.00010460100421098168
7503 3.173002815645075e-05
7507 0.00017370426675739054
7547 0.00016508218077975113
7558 0.00013614669170503938
7677 6.988034244141115e-05
7678 8.260974660633398e-05
7679 8.260974660633398e-05
7724 9.920086195142229e-05
7792 0.000101646679848061
7836 6.424444555902466e-05
7866 5.91933076971794e-05
7890 9.233159952796689e-06
7911 0.00010774605847492284
7912 0.00011761535496899039
7960 9.954283828468142e-05
8047 9.312153328472917e-05
8054 2.9805618738211806e-05
8058 8.853165584237468e-05
8061 7.865323446718271e-05
8068 0.00011379132113009053
8088 8.509658347491132e-05
8089 0.00019268344080366
8186 9.252359415714085e-05
8188 0.0002462203859023654
8349 4.919672615455441e-05
8355 0.00016378259903044513
8412 0.00017370426675739054
8413 0.00017695423263882194
8495 0.00015342417653056774
8520 5.874554257904601e-05
8521 6.610917985376751e-05
8639 3.69498153124238e-05
8642 9.164022082905678e-05
8656 0.0002059351589452662
8685 0.00012571095453322076
8695 4.476354154013861e-05
8696 4.787143878550288e-05
8738 8.853165584237468e-05
8845 0.0001431761810607271
