342
21 0.00017695423263882194
35 0.00015139340654708521
37 0.00017695423263882194
39 0.00022419450561242282
40 0.00026261715830791277
50 0.00026261715830791277
56 0.0001027336712532598
81 0.00020908021320920737
97 8.612797493712278e-05
109 0.00011913044365880717
158 1.722259642893919e-05
196 8.935997200289977e-05
208 0.00013614669170503938
209 0.00013687950893562258
216 0.00013837905578907654
217 0.0001399262151792957
246 0.0001002340757964429
265 0.0002734912621014559
278 5.558192042480493e-05
281 0.00014665847838343454
344 9.164022082905678e-05
348 0.00030726931367955075
375 8.334256383691721e-05
378 7.955569410086921e-05
386 0.00012122674224136485
395 0.00018418695135817993
430 2.1595466130645556e-05
443 5.859719717528758e-05
458 0.00011198624708459517
463 2.104404381130732e-05
494 0.00010815385522706535
509 1.4811799641107606e-05
511 4.409901177660094e-05
527 0.0001431761810607271
549 6.786862826996617e-05
645 6.341986704442123e-05
653 0.00015775871449691997
654 0.00023397347506023475
864 0.00022883910672981793
891 5.757123449128065e-05
892 0.0001475693727081854
913 0.00015139340654708521
956 0.0001523982138465608
977 0.00010384546306881737
979 0.0001415241100530177
990 0.00010939812948263226
1057 9.988723143186235e-05
1083 7.178415593526694e-05
1126 4.895306850942043e-05
1130 8.665197383001834e-05
1177 0.00010347204034115494
1183 0.00010310145735752775
1216 4.5550455969092306e-05
1234 2.8271279696782107e-05
1254 8.96392359620217e-05
1265 6.576478670658657e-05
1269 8.433711728522342e-05
1306 4.5550455969092306e-05
1310 8.285279662389543e-05
1365 6.733409171295719e-05
1382 0.00011862016226846598
1385 0.00030726931367955075
1391 6.491430390704548e-05
1418 6.424444555902466e-05
1440 0.00010815385522706535
1441 0.00022883910672981793
1500 0.00010310145735752775
1517 9.106007793564448e-05
1518 0.00026261715830791277
1541 0.00014488623116808087
1543 0.0001664173719040451
1583 8.88061998220748e-05
1587 9.954283828468142e-05
1589 0.00015890538922556517
1610 9.590694438493474e-05
1612 0.00020908021320920737
1649 8.744869066327002e-05
1693 0.0001281179340087181
1706 3.382257549850835e-05
1713 4.787143878550288e-05
1717 0.0001251273376474703
1777 4.871062309639001e-05
1779 0.00011333374567896404
1848 6.508321716976057e-05
1922 7.334292682143156e-06
1929 4.2158123180710165e-05
1936 0.00011024565393173974
1941 8.024367862190805e-05
1949 0.00012571095453322076
1970 0.00012122674224136485
1972 0.00022883910672981793
2032 0.00011024565393173974
2065 0.00016128300357362823
2079 0.00017215710736717137
2148 8.383730339089555e-05
2149 8.408656954820681e-05
2333 0.00015890538922556517
2371 8.858094887998e-06
2373 4.532432364915004e-05
2374 8.586807337437805e-05
2384 3.364472337590274e-05
2391 2.4157123570420575e-05
2401 0.00022419450561242282
2448 8.825864993225359e-05
2575 0.00012016732165868515
2586 9.502842032885344e-06
2589 0.0001228603508781383
2607 3.3290954653437934e-05
2612 8.001326955199571e-05
2618 4.846937791309118e-05
2620 0.00010347204034115494
2633 0.0002199543170027505
2647 0.00018825025618924418
2739 7.583058115843726e-05
2827 0.0001196461249524729
2828 0.00016128300357362823
2862 0.00012230970742046953
2894 0.00013130412920165632
2896 0.00011379132113009053
2955 4.7516165565500014e-05
3050 5.1064059112276297e-05
3051 7.910237522724487e-05
3069 0.00013196715204843822
3070 0.0001399262151792957
3103 0.00012122674224136485
3137 0.00011379132113009053
3147 0.00012936752625714268
3149 7.541048004377448e-05
3150 7.604199766141655e-05
3228 4.566391685271689e-05
3229 4.669713069773751e-05
3230 4.692973938522239e-05
3321 0.00011761535496899039
3409 8.458895984833521e-05
3513 6.056183085252843e-05
3540 0.00013542473142615584
3542 0.0001431761810607271
3545 6.071628875522179e-05
3558 0.00016007969731333051
3647 8.094151528426567e-05
3649 0.0001347133110905388
3654 6.663037655997976e-05
3657 4.716346370617082e-05
3682 0.0001239806629188251
3727 6.424444555902466e-05
3743 3.233112827567267e-05
3746 1.903006184883404e-05
3748 0.0001523982138465608
3750 0.00022883910672981793
3869 0.0001523982138465608
3932 4.895306850942043e-05
3951 9.920086195142229e-05
3954 0.00010774605847492284
3969 6.0101372993599195e-05
3970 6.663037655997976e-05
3974 0.00010128967145643295
3996 7.417147870601431e-05
4056 0.00013401212737453773
4094 0.00010694056199521868
4120 0.0001431761810607271
4138 0.00016251677649793962
4139 0.00017215710736717137
4296 9.527405980765772e-05
4314 3.1644758795232604e-05
4329 3.676019862375966e-05
4357 0.00018825025618924418
4390 8.825864993225359e-05
4392 8.334256383691721e-05
4398 6.325661252824365e-05
4399 9.282164663063054e-05
4406 6.508321716976057e-05
4411 0.0001504088997800851
4453 3.6854914742017664e-05
4470 0.00015890538922556517
4495 3.207260550754382e-05
4516 0.00011663084820199027
4563 4.728074758348793e-05
4567 6.341986704442123e-05
4577 3.9085797470059324e-05
4659 6.610917985376751e-05
4676 1.811794967986411e-05
4751 0.00010856509334268535
4759 5.0810908270240366e-05
4797 9.988723143186235e-05
4829 8.383730339089555e-05
4839 3.088397517794058e-05
4843 0.00020298083458234552
4878 6.969398876306011e-05
4908 9.372690041743856e-05
4911 6.341986704442123e-05
4913 6.457822376461287e-05
4914 6.542281037332744e-05
4933 2.564069103539461e-05
5024 6.025437603138515e-05
5029 0.00016007969731333051
5043 0.00010422176939821458
5177 6.196989942762013e-05
5222 2.3001954162320978e-05
5228 4.931901336427842e-05
5236 0.00010200632301179658
5294 9.68719546813797e-05
5300 0.00019506105515172307
5324 0.00023397347506023475
5326 0.0002875104201589402
5369 7.562007790453742e-05
5370 0.00011154523568104574
5371 0.0001300045474523503
5379 2.541525611908456e-05
5380 3.8298201700263376e-05
5385 0.00011519040557349246
5395 3.215862746722012e-05
5427 3.490353872923123e-05
5434 7.159039254876493e-05
5455 8.908229930004346e-05
5469 1.1433598200043818e-05
5481 6.576478670658657e-05
5484 0.00012936752625714268
5550 4.944160821510571e-05
5588 6.913916575845257e-05
5681 0.00021605372159664503
5734 0.0001391464957049546
5797 5.544288630052885e-05
5826 0.0001391464957049546
5834 6.804811807694473e-05
5836 0.0001786642827461757
5854 7.178415593526694e-05
5862 6.610917985376751e-05
5894 1.5848029138067838e-05
5896 1.6219082409210568e-05
5934 5.434466680855229e-05
5938 5.91933076971794e-05
5984 3.088397517794058e-05
5996 0.0001431761810607271
6022 2.0770655001689466e-05
6046 0.00017370426675739054
6047 0.0002059351589452662
6064 0.00010498321344481378
6067 0.00016378259903044513
6069 0.0001786642827461757
6071 0.0002199543170027505
6079 0.0001251273376474703
6080 0.00014071861357331354
6197 5.5304247721948624e-05
6202 0.00013196715204843822
6328 9.920086195142229e-05
6408 4.3989132524856074e-05
6413 9.590694438493474e-05
6467 4.669713069773751e-05
6468 4.669713069773751e-05
6469 0.0001786642827461757
6478 0.00016920278300425065
6490 2.724862948448243e-05
6493 0.0001251273376474703
6495 0.00017215710736717137
6507 6.212889280683989e-05
6512 0.0001431761810607271
6540 6.040786096929821e-05
6566 7.082295263288685e-05
6578 6.025437603138515e-05
6586 5.24803957997587e-05
6588 6.576478670658657e-05
6589 5.9343481706634316e-05
6614 8.484211069037113e-05
6618 0.00019506105515172307
6667 0.00012069415303305452
6668 0.00017695423263882194
6670 0.00010734164596720007
6679 9.527405980765772e-05
6680 9.558947467904783e-05
6682 6.698096388147314e-05
6687 6.196989942762013e-05
6702 0.0001440237055098346
6703 0.0002875104201589402
6704 0.00010694056199521868
6706 7.910237522724487e-05
6709 0.00017370426675739054
6760 1.9892587507080337e-05
6767 0.0001786642827461757
6772 0.0002537323685808453
6836 0.00013614669170503938
6905 2.9805618738211806e-05
6924 0.0001677901789526326
6927 0.0002734912621014559
6929 5.904359505253569e-05
6978 0.00013687950893562258
7139 6.196989942762013e-05
7165 6.628229345501092e-05
7392 5.274239335290522e-05
7432 0.00018617626542465564
7476 8.117636599183342e-05
7480 9.252359415714085e-05
7482 2.5340342303404983e-05
7483 2.8590308184836374e-05
7494 0.00010694056199521868
7661 0.0002059351589452662
7694 6.804811807694473e-05
7715 0.00014071861357331354
7724 9.920086195142229e-05
7818 2.996997446737178e-05
7850 0.000126899584862824
7858 4.509923582401553e-05
7862 9.077257605451787e-05
7866 5.91933076971794e-05
7890 9.233159952796689e-06
7904 6.056183085252843e-05
7907 0.00019756065060853997
7977 0.00014849761844045535
7979 0.0001786642827461757
8009 2.7093186202753706e-05
8014 0.0001804365299615294
8042 6.663037655997976e-05
8071 0.00013687950893562258
8144 1.8182537399726556e-05
8189 0.00020298083458234552
8203 0.0002059351589452662
8244 0.00023971321052336105
8275 0.00016007969731333051
8278 0.0001804365299615294
8333 0.00020908021320920737
8348 0.00023971321052336105
8365 0.00026261715830791277
8427 0.00026261715830791277
8460 0.00020908021320920737
8503 7.256700694753944e-05
8513 4.3335009582674306e-05
8520 5.874554257904601e-05
8521 6.610917985376751e-05
8533 0.00013687950893562258
8539 7.955569410086921e-05
8547 0.00015775871449691997
8549 0.0002875104201589402
8582 0.00010774605847492284
8583 0.00015890538922556517
8633 5.949411993323993e-05
8638 6.491430390704548e-05
8683 0.00018617626542465564
8690 0.0001677901789526326
8695 4.476354154013861e-05
8696 4.787143878550288e-05
8722 7.217400943451535e-05
8733 0.00018825025618924418
8753 0.00010614816360120087
