683
8 0.0001475693727081854
10 0.00016128300357362823
15 6.0101372993599195e-05
56 0.0001027336712532598
58 3.9886331735258645e-05
82 8.334256383691721e-05
117 0.00017370426675739054
122 0.0001523982138465608
124 0.00015447220461114937
130 0.00011862016226846598
138 5.5304247721948624e-05
141 0.00012571095453322076
145 5.786216925096193e-05
153 0.00016007969731333051
158 1.722259642893919e-05
160 3.6009024944890365e-05
163 4.4209139343250144e-05
196 8.935997200289977e-05
225 4.311890533715833e-05
238 0.00012176521653240713
241 0.00023971321052336105
242 0.0002875104201589402
257 0.0002734912621014559
276 4.8109734749355606e-05
277 5.502814824397996e-05
278 5.558192042480493e-05
290 5.516600244482883e-05
303 0.00018227567001855016
339 0.0001523982138465608
367 0.00021244233432427055
370 0.0001347133110905388
401 0.00010939812948263226
404 0.00011913044365880717
405 0.00011913044365880717
406 0.00015663840245623315
412 6.391293797104737e-05
413 7.562007790453742e-05
430 2.1595466130645556e-05
443 5.859719717528758e-05
449 6.628229345501092e-05
461 0.00015890538922556517
463 2.104404381130732e-05
480 6.877276232176413e-05
509 1.4811799641107606e-05
511 4.409901177660094e-05
521 6.165346047478709e-05
522 0.00011110817958998604
524 0.00013837905578907654
526 0.00022883910672981793
535 8.236790279729728e-05
537 0.00017215710736717137
549 6.786862826996617e-05
551 0.0001431761810607271
553 0.00018617626542465564
555 0.0002734912621014559
578 0.0001440237055098346
602 0.00013401212737453773
645 6.341986704442123e-05
659 0.0001263016457352357
664 0.00017370426675739054
666 0.0002199543170027505
698 0.0002537323685808453
723 6.212889280683989e-05
725 0.00019268344080366
728 0.00017370426675739054
765 7.499396958083494e-05
772 0.00011712061541501202
779 0.00013401212737453773
780 0.00013614669170503938
785 9.134928606937549e-05
861 7.316251041712385e-05
872 6.593667904531496e-05
891 5.757123449128065e-05
892 0.0001475693727081854
897 0.00014488623116808087
911 0.00017065756051371745
917 0.00020298083458234552
949 0.0002537323685808453
958 0.0002199543170027505
963 0.00013614669170503938
965 0.0001391464957049546
969 0.00010536844412685977
974 0.00016508218077975113
988 0.00013263932032595027
1011 8.56095506062492e-05
1012 0.0002537323685808453
1057 9.988723143186235e-05
1096 6.950834500520415e-05
1097 0.0002875104201589402
1117 0.00030726931367955075
1140 3.8493910507496085e-05
1145 9.920086195142229e-05
1164 8.408656954820681e-05
1165 8.433711728522342e-05
1166 0.00019506105515172307
1216 4.5550455969092306e-05
1217 9.818910047034337e-05
1222 0.0001786642827461757
1234 2.8271279696782107e-05
1254 8.96392359620217e-05
1306 4.5550455969092306e-05
1312 0.00011243128604527755
1314 0.00013401212737453773
1350 6.374802604546662e-05
1364 0.00016378259903044513
1365 6.733409171295719e-05
1371 0.00011519040557349246
1398 0.0002875104201589402
1418 6.424444555902466e-05
1421 0.00017215710736717137
1429 0.0002734912621014559
1469 6.358367031630664e-05
1487 0.00018825025618924418
1488 0.00019506105515172307
1494 0.00014576429866269
1496 0.00019506105515172307
1497 6.663037655997976e-05
1517 9.106007793564448e-05
1521 0.00011110817958998604
1594 0.000126899584862824
1607 0.00019756065060853997
1608 0.00019506105515172307
1623 0.0001664173719040451
1667 0.0001376235146469122
1669 0.00019756065060853997
1706 3.382257549850835e-05
1713 4.787143878550288e-05
1719 0.0001504088997800851
1728 0.0002734912621014559
1812 0.0002734912621014559
1922 7.334292682143156e-06
1949 0.00012571095453322076
1953 0.0001281179340087181
1970 0.00012122674224136485
1973 0.0001275049519955334
1977 0.00026261715830791277
1979 0.00018825025618924418
1985 9.496067334174995e-05
2004 7.217400943451535e-05
2061 0.0001677901789526326
2075 0.00021244233432427055
2076 7.66818067754729e-05
2118 6.715720793434914e-05
2137 0.00015342417653056774
2138 0.00017370426675739054
2148 8.383730339089555e-05
2149 8.408656954820681e-05
2153 0.00015447220461114937
2167 8.744869066327002e-05
2177 0.0002462203859023654
2184 0.00013130412920165632
2191 0.00021244233432427055
2262 0.0001523982138465608
2263 0.00015342417653056774
2264 0.00020019542348213994
2265 0.0002059351589452662
2283 0.0002734912621014559
2284 0.00015447220461114937
2316 0.00012341728754011654
2317 0.00019041645403432799
2321 8.691610145495967e-05
2326 0.00011913044365880717
2327 0.00020298083458234552
2341 8.744869066327002e-05
2350 0.00016007969731333051
2355 0.0001504088997800851
2356 0.00022419450561242282
2371 8.858094887998e-06
2373 4.532432364915004e-05
2377 0.0001228603508781383
2384 3.364472337590274e-05
2389 8.070779096331723e-05
2390 0.00014576429866269
2391 2.4157123570420575e-05
2395 0.00017695423263882194
2402 8.825864993225359e-05
2411 0.00013837905578907654
2417 8.63892700805903e-05
2448 8.825864993225359e-05
2455 0.00010128967145643295
2458 0.00017065756051371745
2466 0.00010939812948263226
2479 0.00013542473142615584
2493 2.5565430128539482e-05
2506 0.00014488623116808087
2526 8.070779096331723e-05
2559 7.604199766141655e-05
2563 2.4450245822639586e-05
2564 4.692973938522239e-05
2571 6.593667904531496e-05
2582 7.458098891001271e-05
2586 9.502842032885344e-06
2587 0.00014944388948364012
2589 0.0001228603508781383
2607 3.3290954653437934e-05
2618 4.846937791309118e-05
2673 0.00014849761844045535
2678 0.0001664173719040451
2688 0.00023971321052336105
2699 0.00013065000625947455
2702 0.00021244233432427055
2705 0.00016378259903044513
2725 0.00010536844412685977
2730 0.00022883910672981793
2739 7.583058115843726e-05
2759 0.00015554326811050196
2762 0.00010200632301179658
2765 0.00012936752625714268
2772 0.00011067500849334801
2825 0.00011614595437539213
2832 0.0001196461249524729
2952 0.0002537323685808453
2953 0.0002875104201589402
2954 0.00030726931367955075
2958 6.950834500520415e-05
2963 8.509658347491132e-05
2976 5.461691012835996e-05
2982 7.197869283035229e-05
2985 0.00017065756051371745
3047 0.0001786642827461757
3048 0.00018227567001855016
3050 5.1064059112276297e-05
3100 0.00016920278300425065
3131 0.00019268344080366
3133 0.00030726931367955075
3175 0.00020019542348213994
3203 0.00016251677649793962
3249 0.00012016732165868515
3252 0.00030726931367955075
3257 0.0001504088997800851
3298 0.00030726931367955075
3307 8.408656954820681e-05
3321 0.00011761535496899039
3333 0.00016007969731333051
3362 0.0002537323685808453
3372 6.542281037332744e-05
3373 0.00022883910672981793
3387 0.00019041645403432799
3395 7.541048004377448e-05
3409 8.458895984833521e-05
3419 0.00011712061541501202
3434 0.00018617626542465564
3465 5.7716484755306535e-05
3490 0.0001245506276326127
3513 6.056183085252843e-05
3517 0.0001523982138465608
3540 0.00013542473142615584
3545 6.071628875522179e-05
3572 5.234992335902794e-05
3574 0.00021605372159664503
3575 0.0002875104201589402
3582 0.00010815385522706535
3596 8.285279662389543e-05
3601 0.00015139340654708521
3603 0.00030726931367955075
3605 5.380470086849468e-05
3627 6.491430390704548e-05
3628 7.733012801189119e-05
3654 6.663037655997976e-05
3657 4.716346370617082e-05
3707 0.00015663840245623315
3710 0.00017065756051371745
3719 2.489326185102742e-05
3724 5.7716484755306535e-05
3743 3.233112827567267e-05
3746 1.903006184883404e-05
3800 0.00015775871449691997
3819 6.424444555902466e-05
3829 0.00019506105515172307
3832 3.3290954653437934e-05
3840 0.00010774605847492284
3841 0.00015139340654708521
3869 0.0001523982138465608
3875 3.285232498188492e-05
3879 0.0002734912621014559
3887 5.5861184383926875e-05
3902 0.00012122674224136485
3932 4.895306850942043e-05
3943 7.689695691525318e-05
3957 0.00030726931367955075
3994 0.0001147195668623605
3996 7.417147870601431e-05
3997 0.0001347133110905388
4015 8.798716495431228e-05
4086 0.00019756065060853997
4091 0.00019041645403432799
4136 0.00013196715204843822
4137 0.00023397347506023475
4185 0.0002875104201589402
4189 4.981125419104163e-05
4203 0.00011614595437539213
4207 0.00015663840245623315
4209 0.0002734912621014559
4220 4.3879500470736716e-05
4247 4.846937791309118e-05
4250 8.612797493712278e-05
4261 0.00030726931367955075
4290 5.656642719180506e-05
4291 7.843020694973282e-05
4295 0.00012176521653240713
4298 0.00011614595437539213
4301 0.00011154523568104574
4308 7.955569410086921e-05
4314 3.1644758795232604e-05
4315 7.256700694753944e-05
4329 3.676019862375966e-05
4332 8.117636599183342e-05
4345 5.131853189681648e-05
4348 8.212725328354177e-05
4381 4.3226837668107787e-05
4382 6.14960082295629e-05
4386 0.00016007969731333051
4388 0.0001415241100530177
4392 8.334256383691721e-05
4402 6.950834500520415e-05
4406 6.508321716976057e-05
4432 6.4078409870285e-05
4435 0.00010856509334268535
4436 0.0001128804268053397
4444 0.00014665847838343454
4453 3.6854914742017664e-05
4467 5.5861184383926875e-05
4484 0.00012176521653240713
4485 7.159039254876493e-05
4492 6.969398876306011e-05
4495 3.207260550754382e-05
4502 6.424444555902466e-05
4503 7.798719092134497e-05
4533 5.685140711216779e-05
4563 4.728074758348793e-05
4565 0.00013837905578907654
4567 6.341986704442123e-05
4576 0.0001475693727081854
4609 0.00018825025618924418
4628 0.00011566583790554528
4632 0.00026261715830791277
4652 4.476354154013861e-05
4653 0.00020298083458234552
4670 7.541048004377448e-05
4676 1.811794967986411e-05
4699 3.676019862375966e-05
4733 0.0002199543170027505
4751 0.00010856509334268535
4754 0.00013542473142615584
4756 0.00014071861357331354
4759 5.0810908270240366e-05
4768 0.00012176521653240713
4769 0.00012936752625714268
4797 9.988723143186235e-05
4801 0.0001347133110905388
4803 0.00030726931367955075
4804 0.00021605372159664503
4821 8.691610145495967e-05
4829 8.383730339089555e-05
4834 1.7286007534181456e-05
4839 3.088397517794058e-05
4846 4.681329625334851e-05
4853 8.535239208071232e-05
4894 0.00014849761844045535
4896 0.00030726931367955075
4897 0.00026261715830791277
4908 9.372690041743856e-05
4923 8.188778632745044e-05
4997 0.00015342417653056774
4998 0.00018825025618924418
5052 0.00020908021320920737
5055 0.00013065000625947455
5056 0.00013614669170503938
5057 0.00022419450561242282
5065 0.0001287387249198448
5066 0.00015890538922556517
5079 0.0001415241100530177
5086 0.00017370426675739054
5087 0.00030726931367955075
5094 0.0002462203859023654
5095 0.0002462203859023654
5123 0.0001423431449207802
5131 0.00020298083458234552
5154 0.00016508218077975113
5155 0.0001664173719040451
5177 6.196989942762013e-05
5179 0.00013687950893562258
5180 0.00010982004923951138
5236 0.00010200632301179658
5242 6.786862826996617e-05
5245 0.0002734912621014559
5264 0.00011425323385392718
5294 9.68719546813797e-05
5360 0.00014488623116808087
5369 7.562007790453742e-05
5370 0.00011154523568104574
5371 0.0001300045474523503
5378 0.00010347204034115494
5379 2.541525611908456e-05
5380 3.8298201700263376e-05
5395 3.215862746722012e-05
5408 0.00010774605847492284
5411 8.164949036359771e-05
5427 3.490353872923123e-05
5434 7.159039254876493e-05
5448 9.954283828468142e-05
5455 8.908229930004346e-05
5457 0.0001423431449207802
5458 0.00017695423263882194
5469 1.1433598200043818e-05
5473 0.0001251273376474703
5499 0.00022419450561242282
5509 8.935997200289977e-05
5535 0.00014944388948364012
5539 0.0001391464957049546
5550 4.944160821510571e-05
5577 0.00018227567001855016
5587 0.0002875104201589402
5588 6.913916575845257e-05
5642 9.852402568908913e-05
5644 7.711306116076915e-05
5655 0.0002875104201589402
5656 0.00030726931367955075
5664 0.00023971321052336105
5665 0.00018418695135817993
5674 0.00010236864012694453
5676 9.312153328472917e-05
5687 2.724862948448243e-05
5694 0.00015775871449691997
5702 3.9886331735258645e-05
5728 0.00022419450561242282
5794 0.00021605372159664503
5806 7.910237522724487e-05
5808 0.00011913044365880717
5834 6.804811807694473e-05
5854 7.178415593526694e-05
5862 6.610917985376751e-05
5888 8.358930576913648e-05
5891 0.00010310145735752775
5894 1.5848029138067838e-05
5896 1.6219082409210568e-05
5900 0.0002875104201589402
5907 0.0001786642827461757
5911 7.47870417645905e-05
5933 0.00019756065060853997
5934 5.434466680855229e-05
5938 5.91933076971794e-05
6000 3.4631041686461846e-05
6005 0.00010897983139923425
6017 0.0002734912621014559
6022 2.0770655001689466e-05
6030 0.0001391464957049546
6032 0.00017215710736717137
6053 0.00018227567001855016
6082 0.00017370426675739054
6084 7.843020694973282e-05
6085 0.00011862016226846598
6090 0.00020298083458234552
6091 0.00030726931367955075
6095 0.0001753021616311125
6114 0.00010536844412685977
6130 0.00019506105515172307
6138 0.0002734912621014559
6153 0.0001440237055098346
6159 7.101368253390731e-05
6160 7.955569410086921e-05
6161 0.0002734912621014559
6195 9.622649587425546e-05
6197 5.5304247721948624e-05
6199 0.0001251273376474703
6211 7.356359438910525e-05
6218 9.464928935894339e-05
6229 7.458098891001271e-05
6230 0.0001239806629188251
6242 3.105201474962982e-05
6246 0.00010128967145643295
6261 0.00014576429866269
6264 4.7398314413738584e-05
6277 0.00011067500849334801
6292 8.853165584237468e-05
6293 0.0002734912621014559
6328 9.920086195142229e-05
6356 6.733409171295719e-05
6366 0.0001251273376474703
6371 0.0001664173719040451
6387 9.558947467904783e-05
6399 8.212725328354177e-05
6429 5.815485137703107e-05
6441 0.00020019542348213994
6450 0.00017695423263882194
6467 4.669713069773751e-05
6468 4.669713069773751e-05
6478 0.00016920278300425065
6506 8.88061998220748e-05
6507 6.212889280683989e-05
6513 0.0002462203859023654
6514 0.0002875104201589402
6536 7.499396958083494e-05
6556 0.00016378259903044513
6566 7.082295263288685e-05
6568 3.9584588186023764e-05
6569 4.981125419104163e-05
6577 0.00010897983139923425
6586 5.24803957997587e-05
6588 6.576478670658657e-05
6589 5.9343481706634316e-05
6590 8.691610145495967e-05
6593 7.754816608258265e-05
6595 7.66818067754729e-05
6602 0.0001300045474523503
6605 0.00010200632301179658
6608 0.00016251677649793962
6614 8.484211069037113e-05
6619 5.7716484755306535e-05
6623 0.00010460100421098168
6633 0.00011811516886331826
6636 0.0002462203859023654
6653 0.0001423431449207802
6661 5.889434094657216e-05
6665 0.00012936752625714268
6666 0.0002199543170027505
6675 5.7716484755306535e-05
6678 0.00012230970742046953
6687 6.196989942762013e-05
6689 7.376538112671329e-05
6690 0.0002462203859023654
6706 7.910237522724487e-05
6712 6.025437603138515e-05
6748 0.00012016732165868515
6752 0.00026261715830791277
6760 1.9892587507080337e-05
6762 7.139739654402146e-05
6763 7.27647006365303e-05
6776 0.00030726931367955075
6784 9.68719546813797e-05
6785 0.0001228603508781383
6789 4.7516165565500014e-05
6795 0.0002734912621014559
6815 7.178415593526694e-05
6816 0.00021244233432427055
6823 0.00012176521653240713
6833 2.7093186202753706e-05
6857 0.00014665847838343454
6872 0.00020298083458234552
6905 2.9805618738211806e-05
6908 8.935997200289977e-05
6919 7.3968006896828e-05
6929 5.904359505253569e-05
6931 0.0001196461249524729
6992 4.787143878550288e-05
7019 0.00023971321052336105
7025 0.00016007969731333051
7036 0.00016251677649793962
7121 0.00016920278300425065
7122 0.00030726931367955075
7124 6.859058854884968e-05
7165 6.628229345501092e-05
7178 3.714017269315804e-05
7180 0.0001275049519955334
7211 0.00010498321344481378
7232 0.00013401212737453773
7251 7.689695691525318e-05
7260 0.0001664173719040451
7321 3.8200641252257444e-05
7327 0.00011761535496899039
7346 8.070779096331723e-05
7349 0.00013614669170503938
7350 0.00018617626542465564
7369 9.372690041743856e-05
7373 7.27647006365303e-05
7374 0.00010498321344481378
7435 0.00019041645403432799
7444 9.886126874785542e-05
7447 0.00012176521653240713
7456 0.00019041645403432799
7482 2.5340342303404983e-05
7483 2.8590308184836374e-05
7502 9.68719546813797e-05
7503 3.173002815645075e-05
7504 0.00012571095453322076
7520 9.558947467904783e-05
7523 8.935997200289977e-05
7558 0.00013614669170503938
7565 0.00022419450561242282
7577 8.853165584237468e-05
7578 8.88061998220748e-05
7587 0.00013687950893562258
7594 0.00019268344080366
7597 0.0001786642827461757
7613 0.00023397347506023475
7615 0.00016007969731333051
7665 0.00010422176939821458
7671 9.134928606937549e-05
7674 0.00018825025618924418
7716 0.00020298083458234552
7724 9.920086195142229e-05
7769 0.00022883910672981793
7770 0.00023971321052336105
7775 0.00010536844412685977
7792 0.000101646679848061
7808 4.7398314413738584e-05
7836 6.424444555902466e-05
7858 4.509923582401553e-05
7862 9.077257605451787e-05
7863 7.64676023536449e-05
7866 5.91933076971794e-05
7886 7.910237522724487e-05
7890 9.233159952796689e-06
7891 6.932340577943291e-05
7893 5.131853189681648e-05
7894 6.374802604546662e-05
7902 7.376538112671329e-05
7903 8.141235399539764e-05
7938 4.907474504580058e-05
7942 9.134928606937549e-05
7943 7.64676023536449e-05
7965 0.0002875104201589402
7995 9.134928606937549e-05
8009 2.7093186202753706e-05
8010 3.97855428110104e-05
8016 3.6571316885345003e-05
8044 0.00021244233432427055
8047 9.312153328472917e-05
8068 0.00011379132113009053
8084 0.00011333374567896404
8095 0.00015342417653056774
8096 0.00013065000625947455
8098 0.0001300045474523503
8105 0.0001281179340087181
8109 8.285279662389543e-05
8116 0.00015447220461114937
8123 0.00020908021320920737
8137 8.63892700805903e-05
8144 1.8182537399726556e-05
8158 0.00010939812948263226
8170 0.00011425323385392718
8183 0.00019756065060853997
8204 5.1064059112276297e-05
8228 0.0002537323685808453
8234 4.8109734749355606e-05
8272 0.0002537323685808453
8275 0.00016007969731333051
8349 4.919672615455441e-05
8351 0.0001376235146469122
8442 8.001326955199571e-05
8444 5.815485137703107e-05
8447 4.100899018649567e-05
8453 0.00018418695135817993
8470 0.0002462203859023654
8471 0.0002734912621014559
8487 0.00012571095453322076
8496 0.00017695423263882194
8507 0.00022883910672981793
8516 8.024367862190805e-05
8539 7.955569410086921e-05
8547 0.00015775871449691997
8548 0.00016920278300425065
8550 0.00013542473142615584
8571 9.496067334174995e-05
8572 0.0002537323685808453
8613 0.00022419450561242282
8616 0.00030726931367955075
8630 0.0001275049519955334
8633 5.949411993323993e-05
8638 6.491430390704548e-05
8639 3.69498153124238e-05
8642 9.164022082905678e-05
8647 0.0002462203859023654
8658 0.00026261715830791277
8670 0.00010654275221462514
8678 4.409901177660094e-05
8722 7.217400943451535e-05
8753 0.00010614816360120087
8763 6.542281037332744e-05
8766 0.00021244233432427055
8777 0.0002462203859023654
8778 0.00030726931367955075
8781 8.63892700805903e-05
8799 0.00012069415303305452
8800 0.00011379132113009053
8803 0.0001281179340087181
8804 0.00013542473142615584
8806 0.00022883910672981793
8818 7.139739654402146e-05
8819 7.139739654402146e-05
8866 3.8493910507496085e-05
8871 7.025520142447097e-05
8872 0.00010422176939821458
