91
14 0.0001275049519955334
68 3.241760820520544e-05
77 8.691610145495967e-05
80 0.0001376235146469122
158 1.722259642893919e-05
330 6.358367031630664e-05
333 0.00020908021320920737
378 7.955569410086921e-05
430 2.1595466130645556e-05
436 6.181142310095298e-05
463 2.104404381130732e-05
509 1.4811799641107606e-05
891 5.757123449128065e-05
894 0.00021605372159664503
1286 0.00023971321052336105
1391 6.491430390704548e-05
1469 6.358367031630664e-05
1470 0.0002462203859023654
1706 3.382257549850835e-05
1713 4.787143878550288e-05
1918 0.0001376235146469122
1919 0.00014071861357331354
1922 7.334292682143156e-06
1953 0.0001281179340087181
2073 0.00010939812948263226
2319 0.0001228603508781383
2371 8.858094887998e-06
2445 0.00018825025618924418
2448 8.825864993225359e-05
2580 8.992010952057247e-05
2618 4.846937791309118e-05
2940 7.910237522724487e-05
3478 7.865323446718271e-05
3482 0.00014665847838343454
3485 0.0002734912621014559
3719 2.489326185102742e-05
3887 5.5861184383926875e-05
4281 0.00014576429866269
4296 9.527405980765772e-05
4577 3.9085797470059324e-05
4699 3.676019862375966e-05
4712 8.484211069037113e-05
4718 0.0001147195668623605
4723 9.106007793564448e-05
4834 1.7286007534181456e-05
5080 0.00010575674440844711
5222 2.3001954162320978e-05
5228 4.931901336427842e-05
5329 0.00014849761844045535
5379 2.541525611908456e-05
5797 5.544288630052885e-05
5984 3.088397517794058e-05
6000 3.4631041686461846e-05
6022 2.0770655001689466e-05
6051 0.0001677901789526326
6134 0.00013332088986277624
6490 2.724862948448243e-05
6493 0.0001251273376474703
6725 8.458895984833521e-05
6727 8.612797493712278e-05
6728 9.527405980765772e-05
6760 1.9892587507080337e-05
7139 6.196989942762013e-05
7165 6.628229345501092e-05
7173 0.00017215710736717137
7392 5.274239335290522e-05
7444 9.886126874785542e-05
7446 0.00015554326811050196
7482 2.5340342303404983e-05
7483 2.8590308184836374e-05
7491 0.0001147195668623605
7627 7.887728740211037e-05
7634 0.0001391464957049546
7677 6.988034244141115e-05
7678 8.260974660633398e-05
7679 8.260974660633398e-05
7710 0.00014488623116808087
7858 4.509923582401553e-05
7862 9.077257605451787e-05
7866 5.91933076971794e-05
8016 3.6571316885345003e-05
8144 1.8182537399726556e-05
8437 8.433711728522342e-05
8447 4.100899018649567e-05
8516 8.024367862190805e-05
8582 0.00010774605847492284
8585 0.0001431761810607271
8639 3.69498153124238e-05
8811 0.00011913044365880717
8866 3.8493910507496085e-05
8870 0.0002734912621014559
