38
82 0.018568723222865152
164 0.04020125887542875
386 0.02700931817137609
521 0.013736390993782564
872 0.014690692091296174
1460 0.03228065230424842
1468 0.02833288349294624
1499 0.022971004699257183
1507 0.024950535850447805
1564 0.03418290653101049
1940 0.017878291596961114
1984 0.02115723802054189
2075 0.017084706549575362
2388 0.017981695826627078
2928 0.027878370827856387
4329 0.02577034868535549
4802 0.030014125710972048
4886 0.022889061955226286
5372 0.028965013172383647
5594 0.04588235341300531
5702 0.023562602654202017
5897 0.003613611560772114
6338 0.03566575656141004
6388 0.021297334958491856
6470 0.03980640219584795
6517 0.021876531584792504
6756 0.035404120719455916
6764 0.016211975301818952
6921 0.020950424871392145
6930 0.026309825955409906
7009 0.04588235341300531
7074 0.012290985344707864
7666 0.023220610221922205
7950 0.05653157171981234
8003 0.06405732161141187
8758 0.021876531584792504
8830 0.025985352979403433
8873 0.023220610221922205
