286
68 3.241760820520544e-05
117 0.00017370426675739054
151 0.00011712061541501202
225 4.311890533715833e-05
278 5.558192042480493e-05
323 0.00018825025618924418
325 0.00022419450561242282
328 5.502814824397996e-05
430 2.1595466130645556e-05
449 6.628229345501092e-05
463 2.104404381130732e-05
473 4.858985121920245e-05
509 1.4811799641107606e-05
535 8.236790279729728e-05
632 6.4078409870285e-05
633 0.00010058340652177312
645 6.341986704442123e-05
651 0.00012571095453322076
773 0.00011110817958998604
800 0.00011154523568104574
802 0.0001753021616311125
804 0.00030726931367955075
855 9.464928935894339e-05
955 0.00020908021320920737
983 0.00010347204034115494
984 0.00014944388948364012
1055 0.00011614595437539213
1126 4.895306850942043e-05
1130 8.665197383001834e-05
1132 0.0001786642827461757
1140 3.8493910507496085e-05
1157 0.00013614669170503938
1177 0.00010347204034115494
1234 2.8271279696782107e-05
1244 0.00020019542348213994
1249 0.0001147195668623605
1265 6.576478670658657e-05
1269 8.433711728522342e-05
1298 0.00017370426675739054
1350 6.374802604546662e-05
1418 6.424444555902466e-05
1551 0.0002059351589452662
1583 8.88061998220748e-05
1586 0.00017695423263882194
1587 9.954283828468142e-05
1649 8.744869066327002e-05
1706 3.382257549850835e-05
1717 0.0001251273376474703
1718 0.00016128300357362823
1750 0.0001245506276326127
1793 0.00014665847838343454
1848 6.508321716976057e-05
1908 0.00022419450561242282
1922 7.334292682143156e-06
1929 4.2158123180710165e-05
1931 7.754816608258265e-05
1935 0.0002875104201589402
1936 0.00011024565393173974
2026 8.535239208071232e-05
2113 0.00016508218077975113
2124 0.00011663084820199027
2125 0.00019268344080366
2242 0.00013614669170503938
2243 0.00018227567001855016
2262 0.0001523982138465608
2263 0.00015342417653056774
2294 8.535239208071232e-05
2341 8.744869066327002e-05
2343 0.0001263016457352357
2364 0.0002199543170027505
2391 2.4157123570420575e-05
2398 0.0001027336712532598
2399 0.000126899584862824
2403 0.0001431761810607271
2411 0.00013837905578907654
2439 5.502814824397996e-05
2493 2.5565430128539482e-05
2515 0.0002734912621014559
2586 9.502842032885344e-06
2588 0.00019756065060853997
2607 3.3290954653437934e-05
2611 0.00026261715830791277
2618 4.846937791309118e-05
2739 7.583058115843726e-05
2830 8.285279662389543e-05
2901 0.0002734912621014559
2902 0.00030726931367955075
2955 4.7516165565500014e-05
2958 6.950834500520415e-05
2959 0.00023971321052336105
2976 5.461691012835996e-05
3050 5.1064059112276297e-05
3052 0.00011379132113009053
3212 7.356359438910525e-05
3213 0.0001300045474523503
3214 8.001326955199571e-05
3223 0.00013687950893562258
3226 8.164949036359771e-05
3228 4.566391685271689e-05
3229 4.669713069773751e-05
3230 4.692973938522239e-05
3235 0.0001287387249198448
3285 0.0002734912621014559
3286 0.00030726931367955075
3307 8.408656954820681e-05
3413 8.001326955199571e-05
3414 9.852402568908913e-05
3519 8.586807337437805e-05
3545 6.071628875522179e-05
3560 0.00015447220461114937
3564 0.00010774605847492284
3572 5.234992335902794e-05
3582 0.00010815385522706535
3583 0.00011663084820199027
3590 0.00022883910672981793
3657 4.716346370617082e-05
3704 0.00013130412920165632
3719 2.489326185102742e-05
3723 6.859058854884968e-05
3724 5.7716484755306535e-05
3743 3.233112827567267e-05
3746 1.903006184883404e-05
3766 5.131853189681648e-05
3767 0.00017065756051371745
3806 0.00018227567001855016
3832 3.3290954653437934e-05
3875 3.285232498188492e-05
3901 0.00010384546306881737
3914 0.00012936752625714268
4005 9.222735356398462e-05
4015 8.798716495431228e-05
4046 9.312153328472917e-05
4055 0.00019041645403432799
4061 0.00013130412920165632
4108 9.654815662959692e-05
4149 0.00023397347506023475
4189 4.981125419104163e-05
4203 0.00011614595437539213
4220 4.3879500470736716e-05
4224 8.236790279729728e-05
4225 0.00010897983139923425
4296 9.527405980765772e-05
4314 3.1644758795232604e-05
4321 0.00010200632301179658
4329 3.676019862375966e-05
4332 8.117636599183342e-05
4363 7.025520142447097e-05
4366 0.00016007969731333051
4375 7.541048004377448e-05
4376 0.00014488623116808087
4381 4.3226837668107787e-05
4382 6.14960082295629e-05
4461 9.19329029551259e-05
4467 5.5861184383926875e-05
4483 0.0002059351589452662
4485 7.159039254876493e-05
4490 0.00019756065060853997
4495 3.207260550754382e-05
4519 0.00010128967145643295
4533 5.685140711216779e-05
4546 7.625433537211054e-05
4563 4.728074758348793e-05
4577 3.9085797470059324e-05
4658 8.334256383691721e-05
4676 1.811794967986411e-05
4699 3.676019862375966e-05
4708 0.00017065756051371745
4710 0.00018227567001855016
4733 0.0002199543170027505
4779 0.00016251677649793962
4797 9.988723143186235e-05
4821 8.691610145495967e-05
4834 1.7286007534181456e-05
4972 4.681329625334851e-05
4977 0.00013401212737453773
5000 0.00013065000625947455
5004 0.0002462203859023654
5011 0.00010310145735752775
5012 0.00010774605847492284
5129 0.0002734912621014559
5161 5.502814824397996e-05
5162 5.6001418804450566e-05
5176 0.0001347133110905388
5192 8.001326955199571e-05
5222 2.3001954162320978e-05
5254 5.9796800580258657e-05
5411 8.164949036359771e-05
5427 3.490353872923123e-05
5558 9.68719546813797e-05
5563 0.00016128300357362823
5622 6.733409171295719e-05
5644 7.711306116076915e-05
5650 0.00019756065060853997
5687 2.724862948448243e-05
5797 5.544288630052885e-05
5810 5.261121850249547e-05
5811 0.00010310145735752775
5822 9.134928606937549e-05
5823 0.0001475693727081854
5841 0.00014488623116808087
5868 7.256700694753944e-05
5925 0.00010734164596720007
5941 0.00016251677649793962
5964 0.0001440237055098346
5984 3.088397517794058e-05
5994 0.00015890538922556517
6000 3.4631041686461846e-05
6018 0.0001431761810607271
6022 2.0770655001689466e-05
6033 0.00011519040557349246
6057 0.00011024565393173974
6090 0.00020298083458234552
6106 7.217400943451535e-05
6262 0.0001128804268053397
6264 4.7398314413738584e-05
6265 0.0001275049519955334
6280 0.0002875104201589402
6292 8.853165584237468e-05
6302 8.509658347491132e-05
6305 0.00017215710736717137
6334 0.00014944388948364012
6356 6.733409171295719e-05
6362 0.00017695423263882194
6363 0.00030726931367955075
6372 0.0001523982138465608
6475 8.691610145495967e-05
6476 0.00010774605847492284
6490 2.724862948448243e-05
6540 6.040786096929821e-05
6549 0.0002059351589452662
6578 6.025437603138515e-05
6586 5.24803957997587e-05
6588 6.576478670658657e-05
6605 0.00010200632301179658
6611 0.00013614669170503938
6619 5.7716484755306535e-05
6650 9.785646144837983e-05
6833 2.7093186202753706e-05
6885 5.131853189681648e-05
6898 0.0001263016457352357
6905 2.9805618738211806e-05
6929 5.904359505253569e-05
6960 3.259102983841739e-05
6962 0.00010460100421098168
7067 3.508605365233e-05
7139 6.196989942762013e-05
7140 0.0001677901789526326
7243 0.00013687950893562258
7244 0.00030726931367955075
7289 0.00013542473142615584
7310 0.0001347133110905388
7344 8.96392359620217e-05
7415 0.0001475693727081854
7416 0.00021244233432427055
7476 8.117636599183342e-05
7482 2.5340342303404983e-05
7559 8.509658347491132e-05
7709 0.0002875104201589402
7746 0.0002462203859023654
7818 2.996997446737178e-05
7831 0.00015139340654708521
7890 9.233159952796689e-06
7922 0.00010774605847492284
7938 4.907474504580058e-05
7995 9.134928606937549e-05
7998 0.00016251677649793962
8031 5.5721352358276173e-05
8032 6.056183085252843e-05
8054 2.9805618738211806e-05
8058 8.853165584237468e-05
8059 0.00011425323385392718
8060 0.0001147195668623605
8069 5.287392225192349e-05
8144 1.8182537399726556e-05
8155 0.00030726931367955075
8489 0.00013837905578907654
8513 4.3335009582674306e-05
8526 0.00010939812948263226
8633 5.949411993323993e-05
8638 6.491430390704548e-05
8661 7.843020694973282e-05
8663 8.001326955199571e-05
8695 4.476354154013861e-05
8800 0.00011379132113009053
8813 4.431951634967444e-05
8879 0.0001196461249524729
