29
328 0.014423848739716158
546 0.10430131965395902
708 0.025306975643616697
1247 0.06453870821064354
2283 0.04048989080866362
3248 0.031497975606535354
3423 0.07536155483695514
3667 0.1290774164212871
3885 0.036472752050663394
4046 0.024408797195103124
4761 0.03531073613055535
5431 0.05064981774068108
5790 0.05876533629464447
5823 0.023944259925008066
6115 0.027618928648781592
6589 0.017238111150855866
6691 0.06453870821064354
6979 0.0358785348127726
7212 0.027517952888828832
7420 0.06453870821064354
7884 0.042598515063224644
8087 0.03917188067877061
8235 0.01261041047312521
8421 0.05998276821106286
8697 0.01254794889577652
8786 0.05397923930941801
8801 0.02982671335033432
8841 0.07536155483695514
8867 0.010089933248317796
