45
56 0.01795220545507944
145 0.010111130438521033
265 0.047791257408787736
287 0.03327434192850845
462 0.039176890863096316
575 0.015422766435220468
639 0.022496461107561896
726 0.03359216404493999
892 0.025787024501477414
1219 0.021865388884593242
1657 0.018617823681112533
2502 0.026810122769419995
2517 0.03153039911798333
2574 0.020998650404356903
2771 0.019339915209661124
2939 0.013822752314219729
3068 0.023060612922660418
3212 0.022717657390104822
3225 0.014267848198438878
3398 0.03843593868879436
3695 0.024315168033775595
3819 0.011226401937686818
4221 0.007667727611670698
4364 0.012276752060684026
4382 0.007553677986238756
4568 0.01108231088431141
4677 0.00316602289307743
4708 0.043025805473762356
4835 0.0030206450812671594
5163 0.00978597341931889
5380 0.004441191422221207
5381 0.0066924230108381805
5703 0.0069699409495024515
5864 0.03712325653917449
6713 0.02105831369379233
6790 0.008303217010190904
6895 0.016168044531930183
7004 0.015328147927587308
7102 0.02072829188503076
7347 0.014103290844413394
7416 0.025787024501477414
7913 0.08221082693989351
7914 0.03289580947369694
8011 0.006952328579053425
8697 0.008365299263851014
