372
2 0.00014944388948364012
15 6.0101372993599195e-05
21 0.00017695423263882194
97 8.612797493712278e-05
129 0.0001786642827461757
148 0.00010614816360120087
158 1.722259642893919e-05
163 4.4209139343250144e-05
255 0.00016508218077975113
290 5.516600244482883e-05
292 0.00014576429866269
328 5.502814824397996e-05
329 0.00019756065060853997
371 9.818910047034337e-05
378 7.955569410086921e-05
412 6.391293797104737e-05
443 5.859719717528758e-05
462 0.00022419450561242282
463 2.104404381130732e-05
473 4.858985121920245e-05
480 6.877276232176413e-05
509 1.4811799641107606e-05
511 4.409901177660094e-05
530 0.00019756065060853997
544 0.00020019542348213994
549 6.786862826996617e-05
632 6.4078409870285e-05
639 0.0001287387249198448
668 8.63892700805903e-05
689 0.00020019542348213994
706 6.525271795805037e-05
708 9.654815662959692e-05
723 6.212889280683989e-05
725 0.00019268344080366
726 6.4078409870285e-05
753 9.752607762356147e-05
757 0.00010815385522706535
800 0.00011154523568104574
841 0.00014576429866269
846 0.00023397347506023475
913 0.00015139340654708521
998 0.0002059351589452662
1126 4.895306850942043e-05
1129 0.00017370426675739054
1140 3.8493910507496085e-05
1145 9.920086195142229e-05
1173 9.077257605451787e-05
1174 0.00018418695135817993
1183 0.00010310145735752775
1185 0.0002059351589452662
1196 0.00019268344080366
1226 0.00011110817958998604
1227 0.00014488623116808087
1234 2.8271279696782107e-05
1249 0.0001147195668623605
1254 8.96392359620217e-05
1350 6.374802604546662e-05
1356 0.00014488623116808087
1358 0.00023971321052336105
1391 6.491430390704548e-05
1394 0.00014488623116808087
1468 0.00015554326811050196
1489 0.0001677901789526326
1490 0.00018617626542465564
1497 6.663037655997976e-05
1593 0.00018617626542465564
1658 0.00010654275221462514
1659 0.0001786642827461757
1777 4.871062309639001e-05
1779 0.00011333374567896404
1826 0.0002537323685808453
1877 0.00016251677649793962
1922 7.334292682143156e-06
1956 0.0001128804268053397
2042 8.383730339089555e-05
2060 0.00023971321052336105
2124 0.00011663084820199027
2190 0.00023397347506023475
2278 0.00013837905578907654
2321 8.691610145495967e-05
2326 0.00011913044365880717
2353 0.00030726931367955075
2371 8.858094887998e-06
2373 4.532432364915004e-05
2374 8.586807337437805e-05
2384 3.364472337590274e-05
2391 2.4157123570420575e-05
2402 8.825864993225359e-05
2415 0.0001275049519955334
2417 8.63892700805903e-05
2493 2.5565430128539482e-05
2503 0.00015342417653056774
2518 0.0001804365299615294
2550 5.3403616896513294e-05
2563 2.4450245822639586e-05
2575 0.00012016732165868515
2576 0.0001786642827461757
2586 9.502842032885344e-06
2607 3.3290954653437934e-05
2618 4.846937791309118e-05
2638 0.00012176521653240713
2640 0.00016128300357362823
2705 0.00016378259903044513
2708 0.0001300045474523503
2709 0.00022419450561242282
2744 7.52017798211394e-05
2772 0.00011067500849334801
2773 0.00011067500849334801
2783 8.718166847460814e-05
2785 0.00010856509334268535
2916 0.00015890538922556517
2955 4.7516165565500014e-05
2976 5.461691012835996e-05
2982 7.197869283035229e-05
3020 0.00015663840245623315
3022 0.00023971321052336105
3040 0.00026261715830791277
3050 5.1064059112276297e-05
3056 0.00019268344080366
3076 9.818910047034337e-05
3085 0.00030726931367955075
3113 6.165346047478709e-05
3115 0.00019756065060853997
3149 7.541048004377448e-05
3150 7.604199766141655e-05
3214 8.001326955199571e-05
3226 8.164949036359771e-05
3269 0.00010310145735752775
3271 0.00020298083458234552
3307 8.408656954820681e-05
3308 0.00012571095453322076
3309 0.00019756065060853997
3340 0.00017370426675739054
3345 0.00011110817958998604
3368 0.00010058340652177312
3370 0.00011811516886331826
3409 8.458895984833521e-05
3436 0.00014665847838343454
3437 0.00019506105515172307
3459 0.0001423431449207802
3461 0.00016920278300425065
3462 0.00018418695135817993
3490 0.0001245506276326127
3492 0.00017370426675739054
3627 6.491430390704548e-05
3628 7.733012801189119e-05
3657 4.716346370617082e-05
3696 0.0001391464957049546
3723 6.859058854884968e-05
3727 6.424444555902466e-05
3743 3.233112827567267e-05
3832 3.3290954653437934e-05
3861 0.00022419450561242282
3872 9.164022082905678e-05
3884 8.433711728522342e-05
3885 0.0001391464957049546
3887 5.5861184383926875e-05
3901 0.00010384546306881737
3969 6.0101372993599195e-05
3970 6.663037655997976e-05
3994 0.0001147195668623605
4154 0.00012571095453322076
4158 0.00011519040557349246
4189 4.981125419104163e-05
4224 8.236790279729728e-05
4247 4.846937791309118e-05
4314 3.1644758795232604e-05
4329 3.676019862375966e-05
4337 0.00016920278300425065
4345 5.131853189681648e-05
4363 7.025520142447097e-05
4375 7.541048004377448e-05
4381 4.3226837668107787e-05
4390 8.825864993225359e-05
4392 8.334256383691721e-05
4402 6.950834500520415e-05
4423 0.0001128804268053397
4450 0.00019756065060853997
4451 0.00010200632301179658
4453 3.6854914742017664e-05
4467 5.5861184383926875e-05
4473 0.00016128300357362823
4486 0.00012571095453322076
4495 3.207260550754382e-05
4499 9.312153328472917e-05
4519 0.00010128967145643295
4532 0.00022419450561242282
4533 5.685140711216779e-05
4541 0.0001376235146469122
4551 0.00017065756051371745
4561 0.0001440237055098346
4577 3.9085797470059324e-05
4659 6.610917985376751e-05
4676 1.811794967986411e-05
4686 0.0001804365299615294
4699 3.676019862375966e-05
4703 0.00012069415303305452
4707 0.0002462203859023654
4751 0.00010856509334268535
4754 0.00013542473142615584
4755 0.0001376235146469122
4834 1.7286007534181456e-05
4900 0.00014944388948364012
4901 0.00019041645403432799
4933 2.564069103539461e-05
4935 0.00011862016226846598
5038 0.00016251677649793962
5080 0.00010575674440844711
5104 0.0002199543170027505
5131 0.00020298083458234552
5189 0.00023397347506023475
5192 8.001326955199571e-05
5222 2.3001954162320978e-05
5228 4.931901336427842e-05
5237 0.0001786642827461757
5254 5.9796800580258657e-05
5291 0.00011067500849334801
5334 9.719791862251607e-05
5335 9.852402568908913e-05
5360 0.00014488623116808087
5373 0.00016508218077975113
5379 2.541525611908456e-05
5380 3.8298201700263376e-05
5395 3.215862746722012e-05
5427 3.490353872923123e-05
5449 0.00016128300357362823
5469 1.1433598200043818e-05
5481 6.576478670658657e-05
5585 0.0002199543170027505
5588 6.913916575845257e-05
5644 7.711306116076915e-05
5649 0.00026261715830791277
5650 0.00019756065060853997
5702 3.9886331735258645e-05
5774 0.0001677901789526326
5810 5.261121850249547e-05
5818 0.00021244233432427055
5834 6.804811807694473e-05
5854 7.178415593526694e-05
5862 6.610917985376751e-05
5894 1.5848029138067838e-05
5896 1.6219082409210568e-05
5911 7.47870417645905e-05
5947 0.00015342417653056774
5948 0.00019506105515172307
5953 0.0001664173719040451
5994 0.00015890538922556517
6000 3.4631041686461846e-05
6014 9.818910047034337e-05
6022 2.0770655001689466e-05
6092 0.00014576429866269
6093 0.0002199543170027505
6106 7.217400943451535e-05
6159 7.101368253390731e-05
6160 7.955569410086921e-05
6173 0.00013196715204843822
6175 0.00015139340654708521
6177 0.00015447220461114937
6197 5.5304247721948624e-05
6214 0.0001664173719040451
6242 3.105201474962982e-05
6249 0.00010897983139923425
6251 0.0001228603508781383
6278 0.00011566583790554528
6309 0.0001147195668623605
6348 9.590694438493474e-05
6408 4.3989132524856074e-05
6413 9.590694438493474e-05
6417 9.954283828468142e-05
6467 4.669713069773751e-05
6468 4.669713069773751e-05
6516 9.818910047034337e-05
6536 7.499396958083494e-05
6540 6.040786096929821e-05
6547 0.0001475693727081854
6558 0.00016128300357362823
6578 6.025437603138515e-05
6586 5.24803957997587e-05
6588 6.576478670658657e-05
6589 5.9343481706634316e-05
6595 7.66818067754729e-05
6619 5.7716484755306535e-05
6686 0.00011333374567896404
6687 6.196989942762013e-05
6712 6.025437603138515e-05
6760 1.9892587507080337e-05
6789 4.7516165565500014e-05
6831 0.00011198624708459517
6833 2.7093186202753706e-05
6841 0.00017065756051371745
6843 0.0002199543170027505
6881 0.0001804365299615294
6934 0.00010200632301179658
6960 3.259102983841739e-05
7003 8.771718405598661e-05
7124 6.859058854884968e-05
7136 0.0001664173719040451
7137 0.00016920278300425065
7176 0.00018418695135817993
7195 0.00018418695135817993
7305 0.00016508218077975113
7321 3.8200641252257444e-05
7332 0.00023971321052336105
7346 8.070779096331723e-05
7350 0.00018617626542465564
7403 0.00018825025618924418
7414 0.00010460100421098168
7476 8.117636599183342e-05
7482 2.5340342303404983e-05
7483 2.8590308184836374e-05
7502 9.68719546813797e-05
7503 3.173002815645075e-05
7558 0.00013614669170503938
7577 8.853165584237468e-05
7578 8.88061998220748e-05
7701 0.00011425323385392718
7716 0.00020298083458234552
7724 9.920086195142229e-05
7799 9.403242760948e-05
7816 0.00014071861357331354
7817 0.00019506105515172307
7818 2.996997446737178e-05
7820 0.00013614669170503938
7827 0.00015775871449691997
7890 9.233159952796689e-06
7904 6.056183085252843e-05
7911 0.00010774605847492284
7912 0.00011761535496899039
7922 0.00010774605847492284
7938 4.907474504580058e-05
7943 7.64676023536449e-05
7957 0.00011379132113009053
7995 9.134928606937549e-05
7998 0.00016251677649793962
8009 2.7093186202753706e-05
8010 3.97855428110104e-05
8016 3.6571316885345003e-05
8018 0.0001281179340087181
8031 5.5721352358276173e-05
8032 6.056183085252843e-05
8033 0.00018617626542465564
8042 6.663037655997976e-05
8054 2.9805618738211806e-05
8058 8.853165584237468e-05
8059 0.00011425323385392718
8060 0.0001147195668623605
8061 7.865323446718271e-05
8068 0.00011379132113009053
8137 8.63892700805903e-05
8204 5.1064059112276297e-05
8421 0.00020019542348213994
8444 5.815485137703107e-05
8496 0.00017695423263882194
8520 5.874554257904601e-05
8521 6.610917985376751e-05
8539 7.955569410086921e-05
8550 0.00013542473142615584
8560 0.00017215710736717137
8577 0.0002537323685808453
8599 0.00023971321052336105
8626 0.0001263016457352357
8685 0.00012571095453322076
8689 0.0001523982138465608
8695 4.476354154013861e-05
8696 4.787143878550288e-05
8697 0.0001376235146469122
8719 0.00015554326811050196
8722 7.217400943451535e-05
8733 0.00018825025618924418
8781 8.63892700805903e-05
8865 0.00021605372159664503
8873 0.00013614669170503938
