52
160 3.6009024944890365e-05
319 0.0001523982138465608
430 2.1595466130645556e-05
521 6.165346047478709e-05
872 6.593667904531496e-05
878 0.0001440237055098346
1194 0.0001027336712532598
1234 2.8271279696782107e-05
1265 6.576478670658657e-05
1269 8.433711728522342e-05
1469 6.358367031630664e-05
1922 7.334292682143156e-06
1959 0.00015447220461114937
2586 9.502842032885344e-06
3576 5.3536945098705395e-05
3600 0.0001002340757964429
3702 0.00016007969731333051
3724 5.7716484755306535e-05
3746 1.903006184883404e-05
4189 4.981125419104163e-05
4220 4.3879500470736716e-05
4399 9.282164663063054e-05
4759 5.0810908270240366e-05
5171 7.52017798211394e-05
5369 7.562007790453742e-05
5371 0.0001300045474523503
5550 4.944160821510571e-05
5774 0.0001677901789526326
5934 5.434466680855229e-05
5938 5.91933076971794e-05
6507 6.212889280683989e-05
6577 0.00010897983139923425
6593 7.754816608258265e-05
6762 7.139739654402146e-05
6763 7.27647006365303e-05
6934 0.00010200632301179658
6960 3.259102983841739e-05
6968 0.0001287387249198448
6999 6.309390310328486e-05
7067 3.508605365233e-05
7073 5.516600244482883e-05
7075 0.00021605372159664503
7223 0.00016508218077975113
7585 0.00020908021320920737
7665 0.00010422176939821458
8031 5.5721352358276173e-05
8032 6.056183085252843e-05
8144 1.8182537399726556e-05
8150 0.00012176521653240713
8447 4.100899018649567e-05
8483 0.0001504088997800851
8486 0.00018418695135817993
