366
53 0.00010200632301179658
68 3.241760820520544e-05
69 0.00010460100421098168
74 0.00013614669170503938
97 8.612797493712278e-05
196 8.935997200289977e-05
201 0.00019756065060853997
225 4.311890533715833e-05
238 0.00012176521653240713
295 6.969398876306011e-05
310 8.408656954820681e-05
318 9.719791862251607e-05
328 5.502814824397996e-05
339 0.0001523982138465608
371 9.818910047034337e-05
378 7.955569410086921e-05
393 0.00015139340654708521
412 6.391293797104737e-05
413 7.562007790453742e-05
442 0.00023971321052336105
443 5.859719717528758e-05
463 2.104404381130732e-05
480 6.877276232176413e-05
509 1.4811799641107606e-05
511 4.409901177660094e-05
530 0.00019756065060853997
535 8.236790279729728e-05
544 0.00020019542348213994
578 0.0001440237055098346
632 6.4078409870285e-05
633 0.00010058340652177312
639 0.0001287387249198448
723 6.212889280683989e-05
726 6.4078409870285e-05
753 9.752607762356147e-05
757 0.00010815385522706535
773 0.00011110817958998604
814 0.00014488623116808087
841 0.00014576429866269
917 0.00020298083458234552
983 0.00010347204034115494
1038 0.00020908021320920737
1083 7.178415593526694e-05
1089 0.00017215710736717137
1126 4.895306850942043e-05
1129 0.00017370426675739054
1140 3.8493910507496085e-05
1183 0.00010310145735752775
1193 0.00015447220461114937
1196 0.00019268344080366
1197 0.00030726931367955075
1287 0.00015139340654708521
1306 4.5550455969092306e-05
1322 0.00023971321052336105
1334 9.886126874785542e-05
1339 0.0001399262151792957
1350 6.374802604546662e-05
1371 0.00011519040557349246
1372 0.00014849761844045535
1423 0.00015447220461114937
1489 0.0001677901789526326
1490 0.00018617626542465564
1638 7.33626397641186e-05
1641 7.583058115843726e-05
1658 0.00010654275221462514
1667 0.0001376235146469122
1671 7.64676023536449e-05
1706 3.382257549850835e-05
1713 4.787143878550288e-05
1777 4.871062309639001e-05
1779 0.00011333374567896404
1785 0.00010734164596720007
1848 6.508321716976057e-05
1877 0.00016251677649793962
1888 6.071628875522179e-05
1895 0.00011519040557349246
1922 7.334292682143156e-06
1929 4.2158123180710165e-05
1941 8.024367862190805e-05
1953 0.0001281179340087181
2020 0.00013065000625947455
2040 4.7398314413738584e-05
2042 8.383730339089555e-05
2053 0.00021605372159664503
2143 0.00022883910672981793
2242 0.00013614669170503938
2316 0.00012341728754011654
2317 0.00019041645403432799
2321 8.691610145495967e-05
2326 0.00011913044365880717
2341 8.744869066327002e-05
2371 8.858094887998e-06
2384 3.364472337590274e-05
2391 2.4157123570420575e-05
2448 8.825864993225359e-05
2462 0.00011712061541501202
2485 0.00013542473142615584
2486 0.0001504088997800851
2526 8.070779096331723e-05
2550 5.3403616896513294e-05
2563 2.4450245822639586e-05
2575 0.00012016732165868515
2576 0.0001786642827461757
2586 9.502842032885344e-06
2607 3.3290954653437934e-05
2618 4.846937791309118e-05
2653 0.00023397347506023475
2654 0.00013332088986277624
2732 0.00012069415303305452
2734 0.0001677901789526326
2776 9.222735356398462e-05
2777 0.00019756065060853997
2836 0.00019756065060853997
2838 0.00026261715830791277
2955 4.7516165565500014e-05
2958 6.950834500520415e-05
2965 0.00019268344080366
2976 5.461691012835996e-05
3069 0.00013196715204843822
3113 6.165346047478709e-05
3115 0.00019756065060853997
3122 0.00018825025618924418
3156 9.342327683396404e-05
3161 0.00010536844412685977
3190 0.0001753021616311125
3214 8.001326955199571e-05
3269 0.00010310145735752775
3288 0.0002199543170027505
3345 0.00011110817958998604
3413 8.001326955199571e-05
3414 9.852402568908913e-05
3421 8.586807337437805e-05
3436 0.00014665847838343454
3437 0.00019506105515172307
3459 0.0001423431449207802
3461 0.00016920278300425065
3462 0.00018418695135817993
3495 0.0001504088997800851
3509 0.00018825025618924418
3545 6.071628875522179e-05
3560 0.00015447220461114937
3561 0.00022419450561242282
3576 5.3536945098705395e-05
3642 0.00013542473142615584
3644 0.0001753021616311125
3647 8.094151528426567e-05
3654 6.663037655997976e-05
3675 0.00011519040557349246
3702 0.00016007969731333051
3719 2.489326185102742e-05
3724 5.7716484755306535e-05
3729 0.00012936752625714268
3731 5.3138049876864844e-05
3732 0.00010654275221462514
3733 0.0001128804268053397
3743 3.233112827567267e-05
3746 1.903006184883404e-05
3766 5.131853189681648e-05
3832 3.3290954653437934e-05
3847 0.0001677901789526326
3861 0.00022419450561242282
3872 9.164022082905678e-05
3875 3.285232498188492e-05
3884 8.433711728522342e-05
3887 5.5861184383926875e-05
3890 0.00016007969731333051
3891 8.334256383691721e-05
3892 0.00011110817958998604
3969 6.0101372993599195e-05
3970 6.663037655997976e-05
4015 8.798716495431228e-05
4059 0.00021244233432427055
4060 0.00026261715830791277
4120 0.0001431761810607271
4121 0.00015890538922556517
4158 0.00011519040557349246
4220 4.3879500470736716e-05
4224 8.236790279729728e-05
4247 4.846937791309118e-05
4286 0.0001228603508781383
4308 7.955569410086921e-05
4329 3.676019862375966e-05
4332 8.117636599183342e-05
4336 0.00012571095453322076
4337 0.00016920278300425065
4345 5.131853189681648e-05
4349 0.0001415241100530177
4372 0.00018825025618924418
4381 4.3226837668107787e-05
4390 8.825864993225359e-05
4392 8.334256383691721e-05
4406 6.508321716976057e-05
4432 6.4078409870285e-05
4434 0.00013065000625947455
4453 3.6854914742017664e-05
4461 9.19329029551259e-05
4486 0.00012571095453322076
4546 7.625433537211054e-05
4567 6.341986704442123e-05
4569 0.00010422176939821458
4572 0.00013401212737453773
4573 0.0002537323685808453
4576 0.0001475693727081854
4676 1.811794967986411e-05
4699 3.676019862375966e-05
4703 0.00012069415303305452
4707 0.0002462203859023654
4759 5.0810908270240366e-05
4776 0.0001664173719040451
4777 0.00016920278300425065
4834 1.7286007534181456e-05
4933 2.564069103539461e-05
4935 0.00011862016226846598
5010 0.00030726931367955075
5011 0.00010310145735752775
5012 0.00010774605847492284
5024 6.025437603138515e-05
5031 6.913916575845257e-05
5044 0.00010058340652177312
5055 0.00013065000625947455
5056 0.00013614669170503938
5065 0.0001287387249198448
5107 0.00014944388948364012
5111 0.00014849761844045535
5176 0.0001347133110905388
5177 6.196989942762013e-05
5194 0.00011712061541501202
5196 0.0002734912621014559
5222 2.3001954162320978e-05
5228 4.931901336427842e-05
5254 5.9796800580258657e-05
5379 2.541525611908456e-05
5394 0.00021605372159664503
5411 8.164949036359771e-05
5430 6.441104889224853e-05
5448 9.954283828468142e-05
5469 1.1433598200043818e-05
5482 0.00013196715204843822
5687 2.724862948448243e-05
5765 0.00015554326811050196
5766 0.00018418695135817993
5802 0.00030726931367955075
5840 0.00012230970742046953
5854 7.178415593526694e-05
5862 6.610917985376751e-05
5888 8.358930576913648e-05
5891 0.00010310145735752775
5894 1.5848029138067838e-05
5896 1.6219082409210568e-05
5988 7.044371782011974e-05
5989 0.00013130412920165632
6000 3.4631041686461846e-05
6011 0.0001786642827461757
6014 9.818910047034337e-05
6022 2.0770655001689466e-05
6040 0.00014488623116808087
6041 0.0001475693727081854
6063 0.00020298083458234552
6090 0.00020298083458234552
6106 7.217400943451535e-05
6109 0.00016920278300425065
6159 7.101368253390731e-05
6160 7.955569410086921e-05
6162 0.0001128804268053397
6164 0.0001300045474523503
6197 5.5304247721948624e-05
6254 8.141235399539764e-05
6277 0.00011067500849334801
6280 0.0002875104201589402
6294 0.00017065756051371745
6295 0.00020019542348213994
6309 0.0001147195668623605
6345 0.0001251273376474703
6408 4.3989132524856074e-05
6413 9.590694438493474e-05
6417 9.954283828468142e-05
6420 0.00013837905578907654
6558 0.00016128300357362823
6589 5.9343481706634316e-05
6590 8.691610145495967e-05
6591 0.0002199543170027505
6605 0.00010200632301179658
6613 0.00014944388948364012
6619 5.7716484755306535e-05
6620 0.0001281179340087181
6621 0.0001399262151792957
6622 0.00014576429866269
6638 9.282164663063054e-05
6650 9.785646144837983e-05
6664 0.00015775871449691997
6675 5.7716484755306535e-05
6684 0.0001251273376474703
6685 0.00019506105515172307
6740 0.00026261715830791277
6789 4.7516165565500014e-05
6833 2.7093186202753706e-05
6839 0.0002875104201589402
6840 0.00030726931367955075
6845 0.00023971321052336105
6848 0.00012122674224136485
6885 5.131853189681648e-05
6893 9.252359415714085e-05
6894 9.252359415714085e-05
6905 2.9805618738211806e-05
6929 5.904359505253569e-05
7003 8.771718405598661e-05
7058 0.00022883910672981793
7059 0.0002734912621014559
7101 0.00011862016226846598
7136 0.0001664173719040451
7137 0.00016920278300425065
7139 6.196989942762013e-05
7161 0.0001423431449207802
7195 0.00018418695135817993
7261 0.00017695423263882194
7262 0.00018418695135817993
7321 3.8200641252257444e-05
7392 5.274239335290522e-05
7414 0.00010460100421098168
7482 2.5340342303404983e-05
7483 2.8590308184836374e-05
7493 0.00026261715830791277
7547 0.00016508218077975113
7558 0.00013614669170503938
7594 0.00019268344080366
7724 9.920086195142229e-05
7727 0.00015342417653056774
7784 7.082295263288685e-05
7836 6.424444555902466e-05
7839 0.00010614816360120087
7858 4.509923582401553e-05
7862 9.077257605451787e-05
7884 0.00010982004923951138
7890 9.233159952796689e-06
7904 6.056183085252843e-05
7911 0.00010774605847492284
7912 0.00011761535496899039
7938 4.907474504580058e-05
7943 7.64676023536449e-05
7981 6.950834500520415e-05
7982 0.00023397347506023475
8009 2.7093186202753706e-05
8010 3.97855428110104e-05
8016 3.6571316885345003e-05
8031 5.5721352358276173e-05
8032 6.056183085252843e-05
8054 2.9805618738211806e-05
8058 8.853165584237468e-05
8059 0.00011425323385392718
8060 0.0001147195668623605
8061 7.865323446718271e-05
8068 0.00011379132113009053
8144 1.8182537399726556e-05
8170 0.00011425323385392718
8437 8.433711728522342e-05
8520 5.874554257904601e-05
8521 6.610917985376751e-05
8633 5.949411993323993e-05
8638 6.491430390704548e-05
8687 0.00013837905578907654
8695 4.476354154013861e-05
8696 4.787143878550288e-05
8772 0.00019756065060853997
8781 8.63892700805903e-05
8847 0.00016007969731333051
8866 3.8493910507496085e-05
