32
277 0.012260271428758735
872 0.014690692091296174
1194 0.08388431415792721
1417 0.014313662470550693
1468 0.01416644174647312
1931 0.02840810330460484
2041 0.01867895119549153
2075 0.017084706549575362
2372 0.010098259309030628
2465 0.04874780649746094
2939 0.017624009200630158
3050 0.017624009200630158
4005 0.06164476312216731
5017 0.018086094342980485
5172 0.01675495654414986
5372 0.028965013172383647
5381 0.00853283933881868
5717 0.035148641589913765
5912 0.016662552905150764
6310 0.02555951949693392
6454 0.05340810330460484
6660 0.05485790197904701
6930 0.013154912977704953
7378 0.044016512955582704
7484 0.012739841327163088
7904 0.03627734494034919
7961 0.04435628873965404
8350 0.010961030587234723
8448 0.009136803013551234
8653 0.024467906970563138
8822 0.08484957191769654
8872 0.015652858877372135
