328
17 0.00012016732165868515
53 0.00010200632301179658
68 3.241760820520544e-05
69 0.00010460100421098168
77 8.691610145495967e-05
80 0.0001376235146469122
82 8.334256383691721e-05
91 0.00015663840245623315
145 5.786216925096193e-05
146 0.000101646679848061
158 1.722259642893919e-05
160 3.6009024944890365e-05
163 4.4209139343250144e-05
168 0.00014488623116808087
328 5.502814824397996e-05
430 2.1595466130645556e-05
436 6.181142310095298e-05
443 5.859719717528758e-05
446 0.00010058340652177312
449 6.628229345501092e-05
463 2.104404381130732e-05
466 0.00013401212737453773
472 0.0002734912621014559
492 0.00018617626542465564
521 6.165346047478709e-05
529 0.0002199543170027505
549 6.786862826996617e-05
569 0.0001415241100530177
814 0.00014488623116808087
855 9.464928935894339e-05
872 6.593667904531496e-05
1055 0.00011614595437539213
1096 6.950834500520415e-05
1126 4.895306850942043e-05
1130 8.665197383001834e-05
1132 0.0001786642827461757
1135 0.00010774605847492284
1136 0.0001786642827461757
1216 4.5550455969092306e-05
1220 0.0001251273376474703
1234 2.8271279696782107e-05
1239 0.00013196715204843822
1240 0.00014576429866269
1306 4.5550455969092306e-05
1310 8.285279662389543e-05
1326 0.00015890538922556517
1327 0.00016007969731333051
1380 0.00015890538922556517
1391 6.491430390704548e-05
1394 0.00014488623116808087
1431 0.0001677901789526326
1461 0.00014488623116808087
1469 6.358367031630664e-05
1500 0.00010310145735752775
1508 0.00011198624708459517
1539 0.00011198624708459517
1559 0.00011425323385392718
1565 0.00015342417653056774
1610 9.590694438493474e-05
1647 0.00014944388948364012
1706 3.382257549850835e-05
1773 0.0001002340757964429
1777 4.871062309639001e-05
1797 0.0002199543170027505
1922 7.334292682143156e-06
1957 8.88061998220748e-05
1961 0.0001523982138465608
1985 9.496067334174995e-05
2040 4.7398314413738584e-05
2042 8.383730339089555e-05
2076 7.66818067754729e-05
2083 0.00010422176939821458
2085 0.0001147195668623605
2124 0.00011663084820199027
2167 8.744869066327002e-05
2170 0.00020019542348213994
2171 0.0002537323685808453
2242 0.00013614669170503938
2271 0.00015890538922556517
2319 0.0001228603508781383
2371 8.858094887998e-06
2373 4.532432364915004e-05
2384 3.364472337590274e-05
2415 0.0001275049519955334
2439 5.502814824397996e-05
2455 0.00010128967145643295
2459 0.0002462203859023654
2481 0.00020908021320920737
2493 2.5565430128539482e-05
2550 5.3403616896513294e-05
2563 2.4450245822639586e-05
2586 9.502842032885344e-06
2590 8.771718405598661e-05
2607 3.3290954653437934e-05
2612 8.001326955199571e-05
2618 4.846937791309118e-05
2685 7.754816608258265e-05
2725 0.00010536844412685977
2767 0.00017215710736717137
2830 8.285279662389543e-05
2929 0.0001251273376474703
2930 0.0001523982138465608
2940 7.910237522724487e-05
2945 0.0001196461249524729
2955 4.7516165565500014e-05
2976 5.461691012835996e-05
3050 5.1064059112276297e-05
3051 7.910237522724487e-05
3067 0.00010093525951244397
3145 0.00022883910672981793
3147 0.00012936752625714268
3156 9.342327683396404e-05
3161 0.00010536844412685977
3212 7.356359438910525e-05
3343 0.00011614595437539213
3368 0.00010058340652177312
3370 0.00011811516886331826
3435 0.00021244233432427055
3507 9.134928606937549e-05
3519 8.586807337437805e-05
3522 0.00016378259903044513
3545 6.071628875522179e-05
3550 0.00023397347506023475
3564 0.00010774605847492284
3600 0.0001002340757964429
3719 2.489326185102742e-05
3727 6.424444555902466e-05
3731 5.3138049876864844e-05
3732 0.00010654275221462514
3733 0.0001128804268053397
3743 3.233112827567267e-05
3746 1.903006184883404e-05
3766 5.131853189681648e-05
3796 0.0001399262151792957
3819 6.424444555902466e-05
3832 3.3290954653437934e-05
3847 0.0001677901789526326
3897 0.00017370426675739054
3898 0.0001753021616311125
3912 0.00013263932032595027
3926 0.00011110817958998604
3929 0.00015663840245623315
3969 6.0101372993599195e-05
3970 6.663037655997976e-05
4108 9.654815662959692e-05
4109 0.00017215710736717137
4136 0.00013196715204843822
4189 4.981125419104163e-05
4220 4.3879500470736716e-05
4230 0.00020298083458234552
4308 7.955569410086921e-05
4314 3.1644758795232604e-05
4326 0.00011024565393173974
4328 0.00011566583790554528
4329 3.676019862375966e-05
4363 7.025520142447097e-05
4366 0.00016007969731333051
4392 8.334256383691721e-05
4398 6.325661252824365e-05
4402 6.950834500520415e-05
4432 6.4078409870285e-05
4467 5.5861184383926875e-05
4486 0.00012571095453322076
4488 0.00020019542348213994
4495 3.207260550754382e-05
4499 9.312153328472917e-05
4577 3.9085797470059324e-05
4659 6.610917985376751e-05
4676 1.811794967986411e-05
4699 3.676019862375966e-05
4834 1.7286007534181456e-05
4839 3.088397517794058e-05
4846 4.681329625334851e-05
4847 0.00021605372159664503
4853 8.535239208071232e-05
4862 0.0002734912621014559
4911 6.341986704442123e-05
4913 6.457822376461287e-05
4914 6.542281037332744e-05
4933 2.564069103539461e-05
4972 4.681329625334851e-05
5024 6.025437603138515e-05
5031 6.913916575845257e-05
5079 0.0001415241100530177
5170 0.0001128804268053397
5171 7.52017798211394e-05
5222 2.3001954162320978e-05
5369 7.562007790453742e-05
5370 0.00011154523568104574
5371 0.0001300045474523503
5379 2.541525611908456e-05
5380 3.8298201700263376e-05
5395 3.215862746722012e-05
5416 0.00013332088986277624
5427 3.490353872923123e-05
5434 7.159039254876493e-05
5455 8.908229930004346e-05
5469 1.1433598200043818e-05
5535 0.00014944388948364012
5558 9.68719546813797e-05
5561 0.00016007969731333051
5622 6.733409171295719e-05
5625 0.0001347133110905388
5626 0.00016007969731333051
5687 2.724862948448243e-05
5699 8.260974660633398e-05
5700 0.00010575674440844711
5701 0.00010575674440844711
5726 0.00013614669170503938
5797 5.544288630052885e-05
5810 5.261121850249547e-05
5834 6.804811807694473e-05
5894 1.5848029138067838e-05
5896 1.6219082409210568e-05
5911 7.47870417645905e-05
5967 0.0002875104201589402
5968 0.00030726931367955075
5984 3.088397517794058e-05
5985 7.52017798211394e-05
5986 0.00019506105515172307
5988 7.044371782011974e-05
5989 0.00013130412920165632
5996 0.0001431761810607271
6022 2.0770655001689466e-05
6033 0.00011519040557349246
6035 9.818910047034337e-05
6036 0.00017370426675739054
6059 0.00014849761844045535
6081 0.00019041645403432799
6084 7.843020694973282e-05
6085 0.00011862016226846598
6106 7.217400943451535e-05
6120 0.0001504088997800851
6121 0.0001523982138465608
6159 7.101368253390731e-05
6160 7.955569410086921e-05
6211 7.356359438910525e-05
6222 0.00010347204034115494
6242 3.105201474962982e-05
6251 0.0001228603508781383
6292 8.853165584237468e-05
6309 0.0001147195668623605
6377 0.00010694056199521868
6387 9.558947467904783e-05
6467 4.669713069773751e-05
6468 4.669713069773751e-05
6490 2.724862948448243e-05
6516 9.818910047034337e-05
6528 0.00011913044365880717
6540 6.040786096929821e-05
6547 0.0001475693727081854
6549 0.0002059351589452662
6566 7.082295263288685e-05
6578 6.025437603138515e-05
6619 5.7716484755306535e-05
6661 5.889434094657216e-05
6675 5.7716484755306535e-05
6689 7.376538112671329e-05
6711 0.0002462203859023654
6760 1.9892587507080337e-05
6762 7.139739654402146e-05
6763 7.27647006365303e-05
6833 2.7093186202753706e-05
6905 2.9805618738211806e-05
6919 7.3968006896828e-05
6920 9.403242760948e-05
6929 5.904359505253569e-05
6960 3.259102983841739e-05
6967 0.00010536844412685977
6975 0.0001440237055098346
6989 0.00015775871449691997
7036 0.00016251677649793962
7061 0.0002537323685808453
7091 9.464928935894339e-05
7096 0.0002734912621014559
7124 6.859058854884968e-05
7139 6.196989942762013e-05
7142 0.00015139340654708521
7143 0.0001523982138465608
7197 0.00011198624708459517
7198 0.00022883910672981793
7321 3.8200641252257444e-05
7373 7.27647006365303e-05
7376 0.00013263932032595027
7450 0.00012936752625714268
7451 0.0001300045474523503
7503 3.173002815645075e-05
7504 0.00012571095453322076
7554 8.260974660633398e-05
7587 0.00013687950893562258
7661 0.0002059351589452662
7665 0.00010422176939821458
7671 9.134928606937549e-05
7672 0.0002537323685808453
7784 7.082295263288685e-05
7818 2.996997446737178e-05
7836 6.424444555902466e-05
7858 4.509923582401553e-05
7863 7.64676023536449e-05
7884 0.00010982004923951138
7890 9.233159952796689e-06
7891 6.932340577943291e-05
7892 0.0001002340757964429
8054 2.9805618738211806e-05
8068 0.00011379132113009053
8144 1.8182537399726556e-05
8149 0.00011811516886331826
8234 4.8109734749355606e-05
8503 7.256700694753944e-05
8513 4.3335009582674306e-05
8516 8.024367862190805e-05
8520 5.874554257904601e-05
8521 6.610917985376751e-05
8539 7.955569410086921e-05
8590 0.00013614669170503938
8608 0.0001677901789526326
8639 3.69498153124238e-05
8652 0.00010982004923951138
8656 0.0002059351589452662
8695 4.476354154013861e-05
8696 4.787143878550288e-05
8697 0.0001376235146469122
8756 9.372690041743856e-05
8757 9.818910047034337e-05
8829 0.00011663084820199027
8845 0.0001431761810607271
8871 7.025520142447097e-05
8872 0.00010422176939821458
