137
53 0.00010200632301179658
68 3.241760820520544e-05
287 0.00019041645403432799
371 9.818910047034337e-05
412 6.391293797104737e-05
413 7.562007790453742e-05
423 8.63892700805903e-05
430 2.1595466130645556e-05
443 5.859719717528758e-05
447 0.00019506105515172307
448 0.0002875104201589402
463 2.104404381130732e-05
524 0.00013837905578907654
528 0.00020908021320920737
575 8.825864993225359e-05
969 0.00010536844412685977
1126 4.895306850942043e-05
1129 0.00017370426675739054
1371 0.00011519040557349246
1372 0.00014849761844045535
1418 6.424444555902466e-05
1423 0.00015447220461114937
1504 0.0001239806629188251
1508 0.00011198624708459517
1509 0.00030726931367955075
1638 7.33626397641186e-05
1641 7.583058115843726e-05
1706 3.382257549850835e-05
1773 0.0001002340757964429
1777 4.871062309639001e-05
1779 0.00011333374567896404
1953 0.0001281179340087181
1961 0.0001523982138465608
2042 8.383730339089555e-05
2331 0.00019041645403432799
2371 8.858094887998e-06
2485 0.00013542473142615584
2486 0.0001504088997800851
2493 2.5565430128539482e-05
2550 5.3403616896513294e-05
2557 0.00012230970742046953
2575 0.00012016732165868515
2576 0.0001786642827461757
2607 3.3290954653437934e-05
2612 8.001326955199571e-05
2943 0.0001399262151792957
3226 8.164949036359771e-05
3321 0.00011761535496899039
3345 0.00011110817958998604
3596 8.285279662389543e-05
3657 4.716346370617082e-05
3660 0.0002199543170027505
3719 2.489326185102742e-05
3725 0.0002734912621014559
3743 3.233112827567267e-05
3875 3.285232498188492e-05
3890 0.00016007969731333051
3907 0.00018227567001855016
3932 4.895306850942043e-05
3943 7.689695691525318e-05
4108 9.654815662959692e-05
4158 0.00011519040557349246
4203 0.00011614595437539213
4212 0.0002875104201589402
4509 0.0001281179340087181
4519 0.00010128967145643295
4563 4.728074758348793e-05
4567 6.341986704442123e-05
4603 0.0002059351589452662
4652 4.476354154013861e-05
4655 0.00019756065060853997
4759 5.0810908270240366e-05
4831 0.00013065000625947455
4834 1.7286007534181456e-05
4933 2.564069103539461e-05
4972 4.681329625334851e-05
5043 0.00010422176939821458
5110 0.00018418695135817993
5242 6.786862826996617e-05
5359 0.00014071861357331354
5379 2.541525611908456e-05
5380 3.8298201700263376e-05
5395 3.215862746722012e-05
5484 0.00012936752625714268
5531 0.00020298083458234552
5773 0.0002875104201589402
5840 0.00012230970742046953
5911 7.47870417645905e-05
5934 5.434466680855229e-05
6000 3.4631041686461846e-05
6014 9.818910047034337e-05
6172 0.00012230970742046953
6297 9.164022082905678e-05
6536 7.499396958083494e-05
6589 5.9343481706634316e-05
6590 8.691610145495967e-05
6595 7.66818067754729e-05
6686 0.00011333374567896404
6833 2.7093186202753706e-05
6885 5.131853189681648e-05
6893 9.252359415714085e-05
6894 9.252359415714085e-05
6960 3.259102983841739e-05
6965 0.00013332088986277624
6999 6.309390310328486e-05
7003 8.771718405598661e-05
7009 0.00017370426675739054
7124 6.859058854884968e-05
7321 3.8200641252257444e-05
7422 0.00013401212737453773
7482 2.5340342303404983e-05
7494 0.00010694056199521868
7597 0.0001786642827461757
7685 0.00016378259903044513
7691 0.00020019542348213994
7692 0.0002537323685808453
7716 0.00020298083458234552
7886 7.910237522724487e-05
7890 9.233159952796689e-06
7893 5.131853189681648e-05
7911 0.00010774605847492284
7912 0.00011761535496899039
8016 3.6571316885345003e-05
8042 6.663037655997976e-05
8054 2.9805618738211806e-05
8144 1.8182537399726556e-05
8158 0.00010939812948263226
8170 0.00011425323385392718
8204 5.1064059112276297e-05
8349 4.919672615455441e-05
8496 0.00017695423263882194
8503 7.256700694753944e-05
8573 0.00019756065060853997
8678 4.409901177660094e-05
8717 9.106007793564448e-05
8718 9.403242760948e-05
8813 4.431951634967444e-05
