127
17 0.00578881713849839
53 0.024569739207598137
68 0.0015616525639177887
69 0.010077882697602906
79 0.006325310267271141
82 0.0040148590752140875
91 0.007545737528053783
94 0.007769481772152296
334 0.0044571366006942665
338 0.006703100376878678
339 0.007341475036759729
394 0.008780760925434157
446 0.004845401723902931
480 0.003312988420603037
490 0.014682950073519458
494 0.005210092744776251
521 0.005940060970284352
872 0.003176365857577551
878 0.00693805007299268
981 0.011271197890469254
1135 0.008606789663967124
1237 0.011023860103654796
1239 0.007021899619902127
1309 0.007982531064996282
1379 0.007654945020422901
1390 0.0031271150076734554
1430 0.008082951755815469
1460 0.048857203487511124
1468 0.015315072158349319
1499 0.01490011115627493
1507 0.010789420908301752
1568 0.004778800441681489
1593 0.006113130271878311
1758 0.006703100376878678
1772 0.009657146848625937
1921 0.0007066293663055114
1955 0.005437785749671283
1984 0.013723613851162306
2075 0.003693990605313592
2084 0.005526382593931659
2170 0.01222304253401348
2183 0.006325310267271141
2270 0.007654945020422901
2586 0.007199156449071356
2638 0.00724564386400064
2666 0.004026745367646185
2829 0.003991265532498141
2975 0.0026310589354807783
3146 0.0062320183459657055
3149 0.0036631690981542937
3342 0.005595095921045917
3418 0.005642048240965336
3506 0.008801133377840803
3521 0.007889894716536902
3549 0.011271197890469254
3814 0.007021899619902127
3819 0.003094845939578528
3898 0.02533447888307797
3970 0.003209783329202917
4005 0.004442865810606654
4046 0.004485941106127061
4109 0.008293319680303952
4221 0.0021138059902443547
4231 0.009778190258366829
4329 0.005571967283320106
4382 0.004164730565385693
4389 0.006817637128608074
4399 0.006094518171369811
4430 0.010233978829718373
4489 0.01928801744943601
4534 0.0027387012982899427
4770 0.0062320183459657055
4805 0.010407950091185407
4915 0.0031516112759302386
5171 0.005437785749671283
5172 0.01449077322737285
5223 0.003324217548561155
5371 0.005373465623726917
5380 0.0024486568922516927
5381 0.007379752941681021
5435 0.003448722045376179
5510 0.004304735516161312
5727 0.006558590899866545
5811 0.00506887761399178
5912 0.003602714141654219
5989 0.003393483314664363
5992 0.008016819558966756
6109 0.008692164081173783
6122 0.007341475036759729
6161 0.007664868603534556
6293 0.00426483306414726
6378 0.00515164480271021
6414 0.004620122639775883
6469 0.006748618845052487
6507 0.004278058663861246
6529 0.011477735285267994
6548 0.03554427701554995
6712 0.011861167995469624
6761 0.004791425401705404
6764 0.0035052919571500435
6823 0.01233503543064824
6921 0.004529821593814517
6922 0.013174887177557703
6930 0.005688611017385926
6955 0.013174887177557703
6968 0.005075911211127429
7000 0.003039420888953917
7009 0.009920508846055203
7062 0.01222304253401348
7074 0.0026575103448017003
7101 0.007390898709407675
7375 0.005057353503892867
7452 0.0062627055507856536
7666 0.005020672480415612
7904 0.003921875128686399
8011 0.0019165878785498633
8043 0.003209783329202917
8205 0.00245990753950598
8448 0.0019755249759029698
8514 0.002087576245409694
8639 0.009381345023020366
8697 0.0023061095267913607
8758 0.004730060883198379
8765 0.006201727116138685
8814 0.0021350028632881007
8872 0.003384401919431813
8880 0.005763709543656424
