158
17 0.004353378742366675
53 0.018477242900022988
68 0.0011744135135154103
69 0.011368343286930108
79 0.0047568390221348015
82 0.003019304589083765
91 0.011349280021869511
94 0.005842902958732419
334 0.0033519116712538185
338 0.005040949470416892
339 0.005521027974798984
375 0.003019304589083765
394 0.006603417769127314
446 0.0036438996704148056
480 0.0024914750317543166
490 0.011042055949597968
494 0.00391815917798214
521 0.00670067853355247
726 0.0023214097104226825
872 0.0023887304213489713
878 0.005217639282535146
981 0.008476307356653709
1135 0.012945171445804211
1237 0.008290301297463974
1239 0.0052806968686255834
1309 0.006003122955383382
1379 0.011513535193318998
1390 0.0023516921805674363
1430 0.0060786425805929335
1460 0.0367422058747543
1468 0.011517432314205787
1499 0.011205368145979113
1507 0.008113995398519612
1564 0.005558196183904146
1565 0.006129817894853179
1568 0.0035938133402889246
1593 0.004597272765436942
1758 0.005040949470416892
1772 0.007262488483722757
1784 0.003888734751462143
1921 0.0005314082632785351
1955 0.00408939172231377
1984 0.010320603912459458
2075 0.002778001064971604
2084 0.004156019430395759
2169 0.0072526081872879315
2170 0.009192125482896316
2183 0.0047568390221348015
2270 0.005756767596659499
2403 0.0044711173437297505
2414 0.00461920378936664
2586 0.005413999768610573
2638 0.005448959816423246
2666 0.003028243467538798
2684 0.002809387220032425
2739 0.006980466766025277
2829 0.003001561477691691
2975 0.0019786418823737563
3146 0.004686680463429494
3149 0.0027548222892623754
3342 0.004207694086965426
3418 0.004243003758449541
3506 0.006618738515855889
3521 0.005933457408777753
3529 0.006472585722902106
3549 0.008476307356653709
3814 0.0052806968686255834
3818 0.009907943609138922
3819 0.0023274247919594622
3898 0.019052352005566764
3970 0.007241584340274874
4005 0.003341179573017199
4046 0.003373573596071164
4109 0.006236846101041591
4221 0.001589650846321974
4231 0.007353517064218957
4329 0.004190300599244795
4382 0.003132012823562412
4389 0.005127084832489812
4399 0.004583275860582988
4430 0.007696284892267883
4489 0.021757824561863794
4534 0.002059592439770892
4770 0.004686680463429494
4805 0.00782711693849309
4915 0.002370114170923147
4992 0.009514000466829752
5168 0.02436611504899893
5171 0.00408939172231377
5172 0.01907068224537382
5223 0.002499919701153714
5282 0.008476307356653709
5371 0.004041020895892194
5380 0.004603674035229301
5381 0.008324721306164566
5435 0.002593551131685338
5510 0.0032373010995522065
5601 0.006603417769127314
5702 0.003831317504748296
5727 0.004932273644208581
5811 0.003811960807270241
5912 0.0027093581959594737
5913 0.01140988290512415
5954 0.006028909017922155
5976 0.0037894477623100363
5989 0.0025520098098085657
5992 0.006028909017922155
6109 0.006536790061045326
6122 0.011042055949597968
6161 0.005764230453877614
6178 0.005596163770303103
6293 0.003207293157996924
6310 0.004156019430395759
6338 0.005799310009985373
6378 0.0038742044248023942
6406 0.005097903594168171
6414 0.0034744824730021887
6469 0.008458634731264974
6507 0.0032172392390826445
6529 0.008631630194205606
6548 0.02673045222714122
6626 0.004279034084999562
6712 0.00891998406163366
6761 0.0050446308091126
6764 0.002636093545011212
6823 0.009276347783211075
6827 0.009864547288417161
6834 0.0009815222578818741
6921 0.003406573149819861
6922 0.009907943609138922
6930 0.006417030720831684
6955 0.009907943609138922
6968 0.00763450060210223
7000 0.002285743351449084
7009 0.007460545270407368
7062 0.009192125482896316
7074 0.005995602607174568
7101 0.005558196183904146
7174 0.006236846101041591
7375 0.0038032943017080505
7452 0.004709758239411976
7666 0.0037757089791743428
7680 0.0029927563486001965
7793 0.0036824195561216246
7904 0.0029493776374267637
8011 0.0014413364127305883
8043 0.0024138614467582916
8205 0.0018499304667016518
8448 0.0014856590265936967
8514 0.0015699252252064774
8639 0.007055076541702308
8664 0.00289869210669669
8697 0.0017342693595788687
8758 0.003557159607283334
8765 0.00466390047351893
8814 0.0016055915841800756
8872 0.002545180305263762
8880 0.004334497014538368
