36
1 0.035325597857308245
334 0.02011147002752291
496 0.033576982621818616
722 0.025351563882344812
838 0.02524616452179255
1554 0.03290775705238106
1585 0.03846380783602881
1980 0.021562880041733547
2416 0.018778077438005386
2438 0.02392248083660241
3102 0.02635055431353765
3512 0.01316407406238374
4268 0.025038460840755238
4383 0.01336713232541133
4928 0.06675434054717044
5223 0.004999839402307428
5441 0.03732957414207108
5623 0.014636132325509135
5703 0.008669926546942075
5811 0.011435882421810723
5939 0.012866603858469826
5988 0.016951752329049424
6407 0.06249494791357255
6707 0.01719415531768796
6834 0.005889133547291245
6973 0.013333017808519504
7141 0.0364718554835576
7238 0.022903501806306688
7291 0.035883229149003465
7385 0.060830362423311385
7484 0.006214556744957604
7579 0.019303435434495867
7580 0.034291357648696355
8532 0.021198839116614143
8592 0.0255655620361864
8893 0.022572457728519523
