79
276 4.8109734749355606e-05
318 9.719791862251607e-05
423 8.63892700805903e-05
443 5.859719717528758e-05
458 0.00011198624708459517
511 4.409901177660094e-05
549 6.786862826996617e-05
1126 4.895306850942043e-05
1130 8.665197383001834e-05
1234 2.8271279696782107e-05
1265 6.576478670658657e-05
1269 8.433711728522342e-05
1334 9.886126874785542e-05
1339 0.0001399262151792957
1777 4.871062309639001e-05
1778 0.0001287387249198448
1877 0.00016251677649793962
1888 6.071628875522179e-05
1895 0.00011519040557349246
1929 4.2158123180710165e-05
1941 8.024367862190805e-05
1953 0.0001281179340087181
2284 0.00015447220461114937
2391 2.4157123570420575e-05
2563 2.4450245822639586e-05
2564 4.692973938522239e-05
2575 0.00012016732165868515
2586 9.502842032885344e-06
2607 3.3290954653437934e-05
2940 7.910237522724487e-05
2976 5.461691012835996e-05
3066 0.0002875104201589402
3069 0.00013196715204843822
3872 9.164022082905678e-05
3890 0.00016007969731333051
4381 4.3226837668107787e-05
4577 3.9085797470059324e-05
4759 5.0810908270240366e-05
4834 1.7286007534181456e-05
4839 3.088397517794058e-05
4846 4.681329625334851e-05
5011 0.00010310145735752775
5012 0.00010774605847492284
5018 0.00010982004923951138
5111 0.00014849761844045535
5379 2.541525611908456e-05
5380 3.8298201700263376e-05
5411 8.164949036359771e-05
5469 1.1433598200043818e-05
5797 5.544288630052885e-05
5862 6.610917985376751e-05
5894 1.5848029138067838e-05
5896 1.6219082409210568e-05
6000 3.4631041686461846e-05
6014 9.818910047034337e-05
6327 0.00010384546306881737
6467 4.669713069773751e-05
6468 4.669713069773751e-05
6507 6.212889280683989e-05
6516 9.818910047034337e-05
6556 0.00016378259903044513
6568 3.9584588186023764e-05
6589 5.9343481706634316e-05
6619 5.7716484755306535e-05
6620 0.0001281179340087181
6621 0.0001399262151792957
6622 0.00014576429866269
6833 2.7093186202753706e-05
7003 8.771718405598661e-05
7085 0.00018418695135817993
7321 3.8200641252257444e-05
7911 0.00010774605847492284
7912 0.00011761535496899039
8018 0.0001281179340087181
8633 5.949411993323993e-05
8638 6.491430390704548e-05
8639 3.69498153124238e-05
8642 9.164022082905678e-05
8828 0.00016508218077975113
