68
163 4.4209139343250144e-05
276 4.8109734749355606e-05
371 9.818910047034337e-05
458 0.00011198624708459517
990 0.00010939812948263226
1126 4.895306850942043e-05
1129 0.00017370426675739054
1658 0.00010654275221462514
2284 0.00015447220461114937
2371 8.858094887998e-06
2373 4.532432364915004e-05
2391 2.4157123570420575e-05
2531 0.0002462203859023654
2563 2.4450245822639586e-05
2564 4.692973938522239e-05
2575 0.00012016732165868515
2576 0.0001786642827461757
2586 9.502842032885344e-06
2607 3.3290954653437934e-05
2776 9.222735356398462e-05
2777 0.00019756065060853997
2976 5.461691012835996e-05
3069 0.00013196715204843822
3307 8.408656954820681e-05
3513 6.056183085252843e-05
3627 6.491430390704548e-05
3628 7.733012801189119e-05
3654 6.663037655997976e-05
3872 9.164022082905678e-05
4381 4.3226837668107787e-05
4839 3.088397517794058e-05
4846 4.681329625334851e-05
5018 0.00010982004923951138
5024 6.025437603138515e-05
5031 6.913916575845257e-05
5177 6.196989942762013e-05
5180 0.00010982004923951138
5222 2.3001954162320978e-05
5254 5.9796800580258657e-05
5324 0.00023397347506023475
5379 2.541525611908456e-05
5380 3.8298201700263376e-05
5469 1.1433598200043818e-05
5481 6.576478670658657e-05
5894 1.5848029138067838e-05
5896 1.6219082409210568e-05
6000 3.4631041686461846e-05
6014 9.818910047034337e-05
6467 4.669713069773751e-05
6468 4.669713069773751e-05
6507 6.212889280683989e-05
6556 0.00016378259903044513
6568 3.9584588186023764e-05
6679 9.527405980765772e-05
6680 9.558947467904783e-05
6712 6.025437603138515e-05
7003 8.771718405598661e-05
7321 3.8200641252257444e-05
7559 8.509658347491132e-05
7911 0.00010774605847492284
7912 0.00011761535496899039
8018 0.0001281179340087181
8069 5.287392225192349e-05
8204 5.1064059112276297e-05
8633 5.949411993323993e-05
8638 6.491430390704548e-05
8639 3.69498153124238e-05
8642 9.164022082905678e-05
