43
44 0.018125078964770783
69 0.0537810086266309
94 0.08292427660662546
395 0.03156680981738653
521 0.010566454610601971
858 0.018535906880453968
878 0.02468344737507011
1135 0.030620309381421497
1431 0.025946500752838914
1468 0.0217945257638048
1499 0.05301001084443965
1564 0.026294543485392688
1571 0.02545020722194881
1772 0.017178578528805753
1956 0.015220016400275588
2170 0.04348582439985565
2713 0.014896082618588475
2789 0.019581246540503826
4221 0.007520271311446261
4231 0.03478779226534352
4489 0.03431041565524675
4660 0.01133009636263031
5168 0.038423489115729084
5172 0.012888428110884507
5372 0.022280779363372038
5380 0.0043557838948708
5381 0.006563722568322062
5702 0.018125078964770783
5712 0.03431041565524675
6122 0.026118709265395192
6250 0.01867746648903799
6338 0.0548703947098616
6548 0.02529112018414131
6626 0.0202431227867287
6764 0.012470750232168424
7074 0.018909208222627483
7252 0.013178955385168006
7346 0.019581246540503826
7666 0.01786200786301708
7864 0.013105370618763141
8359 0.02977023894888201
8448 0.0070283100104240265
8872 0.012040660674901641
