673
15 6.0101372993599195e-05
17 0.00012016732165868515
39 0.00022419450561242282
58 3.9886331735258645e-05
68 3.241760820520544e-05
74 0.00013614669170503938
81 0.00020908021320920737
92 0.00010774605847492284
93 0.00010982004923951138
94 0.00016128300357362823
102 0.00013687950893562258
109 0.00011913044365880717
112 0.00021244233432427055
132 8.334256383691721e-05
138 5.5304247721948624e-05
145 5.786216925096193e-05
146 0.000101646679848061
148 0.00010614816360120087
149 0.00015139340654708521
151 0.00011712061541501202
152 0.0001475693727081854
158 1.722259642893919e-05
160 3.6009024944890365e-05
163 4.4209139343250144e-05
164 0.0001804365299615294
168 0.00014488623116808087
196 8.935997200289977e-05
200 0.00016920278300425065
240 0.00010347204034115494
243 6.309390310328486e-05
246 0.0001002340757964429
276 4.8109734749355606e-05
290 5.516600244482883e-05
295 6.969398876306011e-05
297 0.00016378259903044513
328 5.502814824397996e-05
371 9.818910047034337e-05
375 8.334256383691721e-05
400 0.00015890538922556517
427 0.0001440237055098346
428 0.00030726931367955075
430 2.1595466130645556e-05
443 5.859719717528758e-05
449 6.628229345501092e-05
461 0.00015890538922556517
462 0.00022419450561242282
463 2.104404381130732e-05
473 4.858985121920245e-05
489 0.00019756065060853997
507 0.00018617626542465564
509 1.4811799641107606e-05
511 4.409901177660094e-05
521 6.165346047478709e-05
535 8.236790279729728e-05
569 0.0001415241100530177
615 0.00019268344080366
676 0.00022419450561242282
682 0.0001228603508781383
753 9.752607762356147e-05
757 0.00010815385522706535
773 0.00011110817958998604
774 0.00023971321052336105
779 0.00013401212737453773
780 0.00013614669170503938
849 0.00014576429866269
855 9.464928935894339e-05
977 0.00010384546306881737
981 0.00023397347506023475
1005 0.00018825025618924418
1006 0.00023397347506023475
1011 8.56095506062492e-05
1014 0.00017695423263882194
1021 0.0002059351589452662
1031 0.00021605372159664503
1055 0.00011614595437539213
1102 8.285279662389543e-05
1103 9.527405980765772e-05
1109 0.00016378259903044513
1126 4.895306850942043e-05
1127 0.00018418695135817993
1140 3.8493910507496085e-05
1164 8.408656954820681e-05
1165 8.433711728522342e-05
1167 0.00030726931367955075
1216 4.5550455969092306e-05
1217 9.818910047034337e-05
1234 2.8271279696782107e-05
1239 0.00013196715204843822
1240 0.00014576429866269
1243 0.00012341728754011654
1246 0.00014071861357331354
1247 0.0001431761810607271
1265 6.576478670658657e-05
1298 0.00017370426675739054
1326 0.00015890538922556517
1327 0.00016007969731333051
1382 0.00011862016226846598
1391 6.491430390704548e-05
1418 6.424444555902466e-05
1420 0.00017695423263882194
1461 0.00014488623116808087
1468 0.00015554326811050196
1469 6.358367031630664e-05
1494 0.00014576429866269
1495 0.00019041645403432799
1497 6.663037655997976e-05
1511 9.312153328472917e-05
1512 0.0001275049519955334
1531 0.0001664173719040451
1539 0.00011198624708459517
1573 0.0001347133110905388
1581 0.00016251677649793962
1583 8.88061998220748e-05
1587 9.954283828468142e-05
1588 0.00016251677649793962
1615 0.0002462203859023654
1633 0.00018418695135817993
1638 7.33626397641186e-05
1641 7.583058115843726e-05
1642 0.0001786642827461757
1671 7.64676023536449e-05
1682 0.00015447220461114937
1695 0.00014576429866269
1742 0.00015775871449691997
1746 0.00018418695135817993
1747 0.00023971321052336105
1749 0.00020019542348213994
1750 0.0001245506276326127
1773 0.0001002340757964429
1777 4.871062309639001e-05
1785 0.00010734164596720007
1808 0.00020019542348213994
1834 0.00014849761844045535
1848 6.508321716976057e-05
1888 6.071628875522179e-05
1900 0.0002734912621014559
1901 0.00011243128604527755
1929 4.2158123180710165e-05
1949 0.00012571095453322076
1956 0.0001128804268053397
1957 8.88061998220748e-05
1984 0.00010734164596720007
1985 9.496067334174995e-05
1995 0.0002537323685808453
2004 7.217400943451535e-05
2006 0.00016920278300425065
2040 4.7398314413738584e-05
2042 8.383730339089555e-05
2044 0.00010536844412685977
2065 0.00016128300357362823
2076 7.66818067754729e-05
2081 0.00019756065060853997
2093 0.00011811516886331826
2113 0.00016508218077975113
2144 0.0001263016457352357
2145 0.00023971321052336105
2259 0.00016378259903044513
2271 0.00015890538922556517
2316 0.00012341728754011654
2321 8.691610145495967e-05
2326 0.00011913044365880717
2341 8.744869066327002e-05
2343 0.0001263016457352357
2355 0.0001504088997800851
2358 0.0001804365299615294
2364 0.0002199543170027505
2371 8.858094887998e-06
2373 4.532432364915004e-05
2374 8.586807337437805e-05
2384 3.364472337590274e-05
2403 0.0001431761810607271
2411 0.00013837905578907654
2416 0.0002537323685808453
2439 5.502814824397996e-05
2441 0.0001431761810607271
2448 8.825864993225359e-05
2493 2.5565430128539482e-05
2496 0.00026261715830791277
2500 0.00015447220461114937
2506 0.00014488623116808087
2526 8.070779096331723e-05
2550 5.3403616896513294e-05
2557 0.00012230970742046953
2559 7.604199766141655e-05
2563 2.4450245822639586e-05
2564 4.692973938522239e-05
2571 6.593667904531496e-05
2586 9.502842032885344e-06
2590 8.771718405598661e-05
2595 0.0002734912621014559
2607 3.3290954653437934e-05
2618 4.846937791309118e-05
2626 0.0001287387249198448
2661 0.00018227567001855016
2667 8.358930576913648e-05
2672 0.00019268344080366
2675 0.00010694056199521868
2678 0.0001664173719040451
2714 8.691610145495967e-05
2718 8.88061998220748e-05
2744 7.52017798211394e-05
2762 0.00010200632301179658
2763 0.00023397347506023475
2783 8.718166847460814e-05
2785 0.00010856509334268535
2797 0.00010347204034115494
2807 0.00019506105515172307
2810 0.00020298083458234552
2825 0.00011614595437539213
2826 0.00021244233432427055
2843 7.33626397641186e-05
2848 0.00030726931367955075
2862 0.00012230970742046953
2896 0.00011379132113009053
2897 0.00013332088986277624
2903 8.718166847460814e-05
2929 0.0001251273376474703
2955 4.7516165565500014e-05
2976 5.461691012835996e-05
3067 0.00010093525951244397
3097 0.00012230970742046953
3104 0.00010939812948263226
3113 6.165346047478709e-05
3149 7.541048004377448e-05
3150 7.604199766141655e-05
3156 9.342327683396404e-05
3161 0.00010536844412685977
3202 0.00019756065060853997
3212 7.356359438910525e-05
3214 8.001326955199571e-05
3247 0.00013263932032595027
3275 0.00018825025618924418
3307 8.408656954820681e-05
3308 0.00012571095453322076
3345 0.00011110817958998604
3368 0.00010058340652177312
3370 0.00011811516886331826
3372 6.542281037332744e-05
3375 0.00010236864012694453
3383 0.00010815385522706535
3391 0.00021605372159664503
3421 8.586807337437805e-05
3436 0.00014665847838343454
3455 0.00022883910672981793
3459 0.0001423431449207802
3461 0.00016920278300425065
3465 5.7716484755306535e-05
3513 6.056183085252843e-05
3519 8.586807337437805e-05
3545 6.071628875522179e-05
3572 5.234992335902794e-05
3576 5.3536945098705395e-05
3582 0.00010815385522706535
3583 0.00011663084820199027
3586 6.228840662358072e-05
3605 5.380470086849468e-05
3681 0.0001287387249198448
3691 0.00011425323385392718
3723 6.859058854884968e-05
3724 5.7716484755306535e-05
3729 0.00012936752625714268
3731 5.3138049876864844e-05
3743 3.233112827567267e-05
3746 1.903006184883404e-05
3766 5.131853189681648e-05
3782 0.00013614669170503938
3786 0.00010058340652177312
3806 0.00018227567001855016
3819 6.424444555902466e-05
3827 0.00013614669170503938
3832 3.3290954653437934e-05
3835 0.00011811516886331826
3852 0.0001786642827461757
3862 0.0002462203859023654
3872 9.164022082905678e-05
3875 3.285232498188492e-05
3876 0.0002875104201589402
3889 0.0002734912621014559
3891 8.334256383691721e-05
3894 0.0002537323685808453
3902 0.00012122674224136485
3912 0.00013263932032595027
3986 0.0001504088997800851
4005 9.222735356398462e-05
4015 8.798716495431228e-05
4085 0.00019506105515172307
4105 9.988723143186235e-05
4184 0.00023971321052336105
4189 4.981125419104163e-05
4220 4.3879500470736716e-05
4247 4.846937791309118e-05
4250 8.612797493712278e-05
4290 5.656642719180506e-05
4298 0.00011614595437539213
4300 0.00020298083458234552
4301 0.00011154523568104574
4314 3.1644758795232604e-05
4315 7.256700694753944e-05
4321 0.00010200632301179658
4329 3.676019862375966e-05
4332 8.117636599183342e-05
4334 0.00017065756051371745
4375 7.541048004377448e-05
4381 4.3226837668107787e-05
4382 6.14960082295629e-05
4387 0.00026261715830791277
4390 8.825864993225359e-05
4392 8.334256383691721e-05
4399 9.282164663063054e-05
4432 6.4078409870285e-05
4453 3.6854914742017664e-05
4467 5.5861184383926875e-05
4485 7.159039254876493e-05
4492 6.969398876306011e-05
4495 3.207260550754382e-05
4501 0.0002537323685808453
4502 6.424444555902466e-05
4503 7.798719092134497e-05
4525 9.818910047034337e-05
4533 5.685140711216779e-05
4541 0.0001376235146469122
4563 4.728074758348793e-05
4564 0.0001664173719040451
4567 6.341986704442123e-05
4568 0.00022419450561242282
4577 3.9085797470059324e-05
4584 0.00030726931367955075
4586 0.00016920278300425065
4619 0.00010856509334268535
4652 4.476354154013861e-05
4653 0.00020298083458234552
4654 0.0001523982138465608
4655 0.00019756065060853997
4658 8.334256383691721e-05
4659 6.610917985376751e-05
4670 7.541048004377448e-05
4676 1.811794967986411e-05
4699 3.676019862375966e-05
4712 8.484211069037113e-05
4718 0.0001147195668623605
4759 5.0810908270240366e-05
4796 0.0002537323685808453
4797 9.988723143186235e-05
4818 9.048676041112919e-05
4829 8.383730339089555e-05
4834 1.7286007534181456e-05
4839 3.088397517794058e-05
4846 4.681329625334851e-05
4908 9.372690041743856e-05
4911 6.341986704442123e-05
4913 6.457822376461287e-05
4914 6.542281037332744e-05
4923 8.188778632745044e-05
4933 2.564069103539461e-05
4942 6.804811807694473e-05
4972 4.681329625334851e-05
4973 0.00014576429866269
4974 0.00013263932032595027
4976 0.00021605372159664503
5000 0.00013065000625947455
5002 0.00014665847838343454
5003 0.00018227567001855016
5018 0.00010982004923951138
5024 6.025437603138515e-05
5031 6.913916575845257e-05
5108 0.00030726931367955075
5154 0.00016508218077975113
5155 0.0001664173719040451
5170 0.0001128804268053397
5171 7.52017798211394e-05
5177 6.196989942762013e-05
5180 0.00010982004923951138
5192 8.001326955199571e-05
5222 2.3001954162320978e-05
5286 0.0002875104201589402
5327 0.00014944388948364012
5329 0.00014849761844045535
5357 0.00021244233432427055
5367 0.00021605372159664503
5369 7.562007790453742e-05
5371 0.0001300045474523503
5379 2.541525611908456e-05
5380 3.8298201700263376e-05
5395 3.215862746722012e-05
5407 0.0002462203859023654
5416 0.00013332088986277624
5427 3.490353872923123e-05
5430 6.441104889224853e-05
5434 7.159039254876493e-05
5448 9.954283828468142e-05
5469 1.1433598200043818e-05
5507 0.00019268344080366
5509 8.935997200289977e-05
5533 0.00030726931367955075
5550 4.944160821510571e-05
5557 0.0001786642827461757
5558 9.68719546813797e-05
5569 9.527405980765772e-05
5570 0.0001347133110905388
5573 0.0002199543170027505
5588 6.913916575845257e-05
5593 0.0002059351589452662
5633 0.0002537323685808453
5669 0.0001300045474523503
5679 0.0002462203859023654
5687 2.724862948448243e-05
5691 8.383730339089555e-05
5699 8.260974660633398e-05
5700 0.00010575674440844711
5701 0.00010575674440844711
5713 0.0001786642827461757
5714 0.00026261715830791277
5738 9.19329029551259e-05
5807 0.00022883910672981793
5808 0.00011913044365880717
5810 5.261121850249547e-05
5811 0.00010310145735752775
5834 6.804811807694473e-05
5894 1.5848029138067838e-05
5896 1.6219082409210568e-05
5911 7.47870417645905e-05
5912 0.00010498321344481378
5923 0.00021605372159664503
5925 0.00010734164596720007
5926 0.00030726931367955075
5927 0.0001475693727081854
5928 0.0001504088997800851
5934 5.434466680855229e-05
5938 5.91933076971794e-05
5964 0.0001440237055098346
5975 0.00010460100421098168
5984 3.088397517794058e-05
5985 7.52017798211394e-05
5986 0.00019506105515172307
6000 3.4631041686461846e-05
6022 2.0770655001689466e-05
6033 0.00011519040557349246
6040 0.00014488623116808087
6041 0.0001475693727081854
6042 0.00019756065060853997
6047 0.0002059351589452662
6050 0.0001431761810607271
6053 0.00018227567001855016
6058 0.00017695423263882194
6064 0.00010498321344481378
6067 0.00016378259903044513
6068 0.00023397347506023475
6077 0.0002462203859023654
6092 0.00014576429866269
6106 7.217400943451535e-05
6115 0.00019506105515172307
6153 0.0001440237055098346
6159 7.101368253390731e-05
6160 7.955569410086921e-05
6166 0.0001786642827461757
6167 0.00030726931367955075
6172 0.00012230970742046953
6173 0.00013196715204843822
6197 5.5304247721948624e-05
6198 0.00023397347506023475
6208 0.0001228603508781383
6222 0.00010347204034115494
6229 7.458098891001271e-05
6238 0.00017215710736717137
6254 8.141235399539764e-05
6255 0.00018227567001855016
6262 0.0001128804268053397
6277 0.00011067500849334801
6302 8.509658347491132e-05
6306 0.00011425323385392718
6308 0.0001523982138465608
6318 0.00019041645403432799
6334 0.00014944388948364012
6345 0.0001251273376474703
6351 0.00022419450561242282
6356 6.733409171295719e-05
6362 0.00017695423263882194
6363 0.00030726931367955075
6370 0.00030726931367955075
6377 0.00010694056199521868
6408 4.3989132524856074e-05
6413 9.590694438493474e-05
6416 0.00023971321052336105
6452 8.63892700805903e-05
6465 0.00015663840245623315
6475 8.691610145495967e-05
6476 0.00010774605847492284
6481 0.00012936752625714268
6490 2.724862948448243e-05
6495 0.00017215710736717137
6517 0.0001391464957049546
6528 0.00011913044365880717
6536 7.499396958083494e-05
6540 6.040786096929821e-05
6547 0.0001475693727081854
6558 0.00016128300357362823
6568 3.9584588186023764e-05
6572 0.00011614595437539213
6573 0.0001504088997800851
6578 6.025437603138515e-05
6579 0.00016920278300425065
6586 5.24803957997587e-05
6588 6.576478670658657e-05
6590 8.691610145495967e-05
6605 0.00010200632301179658
6606 0.00014944388948364012
6614 8.484211069037113e-05
6619 5.7716484755306535e-05
6638 9.282164663063054e-05
6661 5.889434094657216e-05
6665 0.00012936752625714268
6667 0.00012069415303305452
6675 5.7716484755306535e-05
6686 0.00011333374567896404
6687 6.196989942762013e-05
6689 7.376538112671329e-05
6693 0.0001128804268053397
6702 0.0001440237055098346
6704 0.00010694056199521868
6711 0.0002462203859023654
6712 6.025437603138515e-05
6730 0.00013065000625947455
6760 1.9892587507080337e-05
6762 7.139739654402146e-05
6763 7.27647006365303e-05
6789 4.7516165565500014e-05
6805 0.0001664173719040451
6826 0.00013614669170503938
6833 2.7093186202753706e-05
6851 0.0001275049519955334
6874 0.00020298083458234552
6875 0.0002734912621014559
6885 5.131853189681648e-05
6905 2.9805618738211806e-05
6908 8.935997200289977e-05
6919 7.3968006896828e-05
6920 9.403242760948e-05
6931 0.0001196461249524729
6960 3.259102983841739e-05
6962 0.00010460100421098168
6967 0.00010536844412685977
6992 4.787143878550288e-05
6995 7.843020694973282e-05
7039 0.0001753021616311125
7062 0.00030726931367955075
7067 3.508605365233e-05
7073 5.516600244482883e-05
7074 0.0002537323685808453
7090 0.00019756065060853997
7091 9.464928935894339e-05
7098 0.00030726931367955075
7124 6.859058854884968e-05
7139 6.196989942762013e-05
7161 0.0001423431449207802
7162 0.00015447220461114937
7174 7.256700694753944e-05
7175 0.00019041645403432799
7178 3.714017269315804e-05
7182 0.00030726931367955075
7251 7.689695691525318e-05
7252 0.00018418695135817993
7321 3.8200641252257444e-05
7323 0.00030726931367955075
7327 0.00011761535496899039
7335 0.000126899584862824
7336 0.00023971321052336105
7341 0.00014071861357331354
7343 0.0002734912621014559
7355 0.00017215710736717137
7364 0.00023397347506023475
7373 7.27647006365303e-05
7376 0.00013263932032595027
7389 0.0001300045474523503
7390 0.00013065000625947455
7424 0.00017370426675739054
7432 0.00018617626542465564
7456 0.00019041645403432799
7482 2.5340342303404983e-05
7483 2.8590308184836374e-05
7502 9.68719546813797e-05
7503 3.173002815645075e-05
7504 0.00012571095453322076
7507 0.00017370426675739054
7508 0.0002875104201589402
7509 0.0002875104201589402
7510 0.0002462203859023654
7540 0.0002059351589452662
7559 8.509658347491132e-05
7577 8.853165584237468e-05
7578 8.88061998220748e-05
7610 0.00013263932032595027
7627 7.887728740211037e-05
7634 0.0001391464957049546
7660 0.00011913044365880717
7671 9.134928606937549e-05
7685 0.00016378259903044513
7690 0.00030726931367955075
7694 6.804811807694473e-05
7701 0.00011425323385392718
7729 0.00021605372159664503
7784 7.082295263288685e-05
7818 2.996997446737178e-05
7820 0.00013614669170503938
7836 6.424444555902466e-05
7839 0.00010614816360120087
7843 0.00012571095453322076
7847 0.00015775871449691997
7850 0.000126899584862824
7877 8.853165584237468e-05
7886 7.910237522724487e-05
7890 9.233159952796689e-06
7894 6.374802604546662e-05
7902 7.376538112671329e-05
7903 8.141235399539764e-05
7904 6.056183085252843e-05
7938 4.907474504580058e-05
7942 9.134928606937549e-05
7991 0.00016007969731333051
7992 0.00022419450561242282
8008 0.0002537323685808453
8009 2.7093186202753706e-05
8010 3.97855428110104e-05
8016 3.6571316885345003e-05
8028 0.00019268344080366
8047 9.312153328472917e-05
8048 0.0002537323685808453
8054 2.9805618738211806e-05
8069 5.287392225192349e-05
8137 8.63892700805903e-05
8143 0.0002462203859023654
8144 1.8182537399726556e-05
8153 0.00030726931367955075
8174 0.00016508218077975113
8204 5.1064059112276297e-05
8349 4.919672615455441e-05
8358 0.00017370426675739054
8474 8.408656954820681e-05
8516 8.024367862190805e-05
8517 0.00020019542348213994
8519 0.00014488623116808087
8526 0.00010939812948263226
8530 0.0001147195668623605
8535 0.00012341728754011654
8539 7.955569410086921e-05
8562 0.00013614669170503938
8563 0.0001376235146469122
8564 0.00014071861357331354
8590 0.00013614669170503938
8608 0.0001677901789526326
8624 0.0001677901789526326
8633 5.949411993323993e-05
8638 6.491430390704548e-05
8639 3.69498153124238e-05
8652 0.00010982004923951138
8653 0.0002537323685808453
8661 7.843020694973282e-05
8663 8.001326955199571e-05
8666 0.0001128804268053397
8667 0.00030726931367955075
8670 0.00010654275221462514
8678 4.409901177660094e-05
8685 0.00012571095453322076
8695 4.476354154013861e-05
8696 4.787143878550288e-05
8746 0.00011811516886331826
8756 9.372690041743856e-05
8757 9.818910047034337e-05
8813 4.431951634967444e-05
8818 7.139739654402146e-05
8819 7.139739654402146e-05
8863 0.0001664173719040451
8866 3.8493910507496085e-05
8871 7.025520142447097e-05
