771
14 0.0001275049519955334
15 6.0101372993599195e-05
44 0.00010575674440844711
51 0.00022883910672981793
52 9.785646144837983e-05
53 0.00010200632301179658
58 3.9886331735258645e-05
62 0.00014576429866269
68 3.241760820520544e-05
69 0.00010460100421098168
70 0.00011566583790554528
74 0.00013614669170503938
77 8.691610145495967e-05
79 0.00013130412920165632
92 0.00010774605847492284
109 0.00011913044365880717
110 0.0002199543170027505
130 0.00011862016226846598
132 8.334256383691721e-05
134 0.0001376235146469122
148 0.00010614816360120087
158 1.722259642893919e-05
160 3.6009024944890365e-05
210 0.00015342417653056774
225 4.311890533715833e-05
243 6.309390310328486e-05
244 0.00022883910672981793
267 0.00021605372159664503
276 4.8109734749355606e-05
277 5.502814824397996e-05
278 5.558192042480493e-05
290 5.516600244482883e-05
318 9.719791862251607e-05
328 5.502814824397996e-05
330 6.358367031630664e-05
334 9.252359415714085e-05
365 0.00021605372159664503
368 0.00023397347506023475
377 0.00011913044365880717
378 7.955569410086921e-05
380 0.0001423431449207802
381 0.00022883910672981793
389 0.0002059351589452662
412 6.391293797104737e-05
413 7.562007790453742e-05
430 2.1595466130645556e-05
443 5.859719717528758e-05
446 0.00010058340652177312
449 6.628229345501092e-05
463 2.104404381130732e-05
473 4.858985121920245e-05
480 6.877276232176413e-05
481 0.00022419450561242282
493 0.0001300045474523503
496 0.00015447220461114937
509 1.4811799641107606e-05
526 0.00022883910672981793
535 8.236790279729728e-05
575 8.825864993225359e-05
602 0.00013401212737453773
619 0.00017695423263882194
620 0.00018418695135817993
632 6.4078409870285e-05
639 0.0001287387249198448
671 0.00014576429866269
672 0.00015775871449691997
698 0.0002537323685808453
706 6.525271795805037e-05
708 9.654815662959692e-05
709 0.00017370426675739054
722 0.00011663084820199027
723 6.212889280683989e-05
726 6.4078409870285e-05
728 0.00017370426675739054
743 0.0002875104201589402
765 7.499396958083494e-05
773 0.00011110817958998604
785 9.134928606937549e-05
861 7.316251041712385e-05
872 6.593667904531496e-05
891 5.757123449128065e-05
897 0.00014488623116808087
899 0.00030726931367955075
900 0.00020019542348213994
903 0.00022883910672981793
933 0.0002734912621014559
963 0.00013614669170503938
965 0.0001391464957049546
969 0.00010536844412685977
983 0.00010347204034115494
984 0.00014944388948364012
1011 8.56095506062492e-05
1015 0.0002462203859023654
1057 9.988723143186235e-05
1072 0.00015775871449691997
1073 0.00016920278300425065
1074 0.00017215710736717137
1102 8.285279662389543e-05
1103 9.527405980765772e-05
1126 4.895306850942043e-05
1130 8.665197383001834e-05
1196 0.00019268344080366
1208 0.00012571095453322076
1216 4.5550455969092306e-05
1217 9.818910047034337e-05
1226 0.00011110817958998604
1227 0.00014488623116808087
1234 2.8271279696782107e-05
1254 8.96392359620217e-05
1265 6.576478670658657e-05
1269 8.433711728522342e-05
1306 4.5550455969092306e-05
1310 8.285279662389543e-05
1331 0.00020019542348213994
1343 0.000126899584862824
1349 0.00015663840245623315
1365 6.733409171295719e-05
1391 6.491430390704548e-05
1418 6.424444555902466e-05
1420 0.00017695423263882194
1428 0.00030726931367955075
1474 0.0001239806629188251
1479 0.0001677901789526326
1497 6.663037655997976e-05
1508 0.00011198624708459517
1541 0.00014488623116808087
1563 0.00018825025618924418
1566 0.00016920278300425065
1569 9.920086195142229e-05
1613 0.00019268344080366
1614 0.00021605372159664503
1621 0.00011198624708459517
1622 0.00011333374567896404
1623 0.0001664173719040451
1638 7.33626397641186e-05
1641 7.583058115843726e-05
1651 0.0001753021616311125
1654 0.00021244233432427055
1671 7.64676023536449e-05
1674 0.00014944388948364012
1703 0.00015663840245623315
1706 3.382257549850835e-05
1713 4.787143878550288e-05
1721 0.0001399262151792957
1759 0.0001391464957049546
1760 0.00026261715830791277
1765 0.00016920278300425065
1777 4.871062309639001e-05
1778 0.0001287387249198448
1782 0.00014665847838343454
1785 0.00010734164596720007
1798 0.00010498321344481378
1800 0.00011333374567896404
1824 0.0001804365299615294
1888 6.071628875522179e-05
1895 0.00011519040557349246
1922 7.334292682143156e-06
1929 4.2158123180710165e-05
1931 7.754816608258265e-05
1936 0.00011024565393173974
1946 0.00015342417653056774
1947 0.00021244233432427055
1956 0.0001128804268053397
1981 9.920086195142229e-05
1983 0.0002875104201589402
2004 7.217400943451535e-05
2025 0.00012571095453322076
2026 8.535239208071232e-05
2029 0.00012122674224136485
2030 0.0001228603508781383
2032 0.00011024565393173974
2038 0.00021605372159664503
2040 4.7398314413738584e-05
2054 0.00015447220461114937
2076 7.66818067754729e-05
2095 0.00020908021320920737
2123 0.00011243128604527755
2124 0.00011663084820199027
2125 0.00019268344080366
2148 8.383730339089555e-05
2149 8.408656954820681e-05
2196 0.00022883910672981793
2277 0.00023397347506023475
2294 8.535239208071232e-05
2304 0.00016920278300425065
2341 8.744869066327002e-05
2371 8.858094887998e-06
2373 4.532432364915004e-05
2374 8.586807337437805e-05
2384 3.364472337590274e-05
2389 8.070779096331723e-05
2390 0.00014576429866269
2391 2.4157123570420575e-05
2394 0.0001523982138465608
2398 0.0001027336712532598
2399 0.000126899584862824
2402 8.825864993225359e-05
2403 0.0001431761810607271
2404 0.00012341728754011654
2411 0.00013837905578907654
2431 0.0001391464957049546
2439 5.502814824397996e-05
2440 0.0001275049519955334
2448 8.825864993225359e-05
2458 0.00017065756051371745
2481 0.00020908021320920737
2482 0.0002462203859023654
2483 0.00026261715830791277
2491 0.00020908021320920737
2493 2.5565430128539482e-05
2499 0.00020019542348213994
2526 8.070779096331723e-05
2530 0.0002462203859023654
2559 7.604199766141655e-05
2563 2.4450245822639586e-05
2564 4.692973938522239e-05
2579 0.00013130412920165632
2586 9.502842032885344e-06
2590 8.771718405598661e-05
2599 0.00012341728754011654
2600 0.00014849761844045535
2607 3.3290954653437934e-05
2618 4.846937791309118e-05
2661 0.00018227567001855016
2667 8.358930576913648e-05
2689 0.0001300045474523503
2725 0.00010536844412685977
2732 0.00012069415303305452
2739 7.583058115843726e-05
2744 7.52017798211394e-05
2762 0.00010200632301179658
2764 0.00017215710736717137
2776 9.222735356398462e-05
2780 9.342327683396404e-05
2781 9.68719546813797e-05
2783 8.718166847460814e-05
2784 0.00021244233432427055
2785 0.00010856509334268535
2790 0.00011425323385392718
2791 0.00015663840245623315
2796 0.00022883910672981793
2817 0.0001275049519955334
2819 0.0001423431449207802
2825 0.00011614595437539213
2828 0.00016128300357362823
2830 8.285279662389543e-05
2832 0.0001196461249524729
2833 0.0001391464957049546
2940 7.910237522724487e-05
2955 4.7516165565500014e-05
2958 6.950834500520415e-05
2963 8.509658347491132e-05
2976 5.461691012835996e-05
2977 0.00015890538922556517
2989 0.0001523982138465608
3050 5.1064059112276297e-05
3052 0.00011379132113009053
3076 9.818910047034337e-05
3079 0.00011862016226846598
3097 0.00012230970742046953
3104 0.00010939812948263226
3120 0.00020298083458234552
3149 7.541048004377448e-05
3150 7.604199766141655e-05
3187 0.00019756065060853997
3214 8.001326955199571e-05
3226 8.164949036359771e-05
3228 4.566391685271689e-05
3229 4.669713069773751e-05
3230 4.692973938522239e-05
3269 0.00010310145735752775
3345 0.00011110817958998604
3367 0.00017065756051371745
3372 6.542281037332744e-05
3375 0.00010236864012694453
3409 8.458895984833521e-05
3421 8.586807337437805e-05
3431 0.0002537323685808453
3450 0.00011198624708459517
3465 5.7716484755306535e-05
3478 7.865323446718271e-05
3479 0.0001245506276326127
3507 9.134928606937549e-05
3532 0.0002734912621014559
3540 0.00013542473142615584
3541 0.00026261715830791277
3545 6.071628875522179e-05
3560 0.00015447220461114937
3572 5.234992335902794e-05
3576 5.3536945098705395e-05
3582 0.00010815385522706535
3583 0.00011663084820199027
3586 6.228840662358072e-05
3596 8.285279662389543e-05
3605 5.380470086849468e-05
3627 6.491430390704548e-05
3654 6.663037655997976e-05
3657 4.716346370617082e-05
3691 0.00011425323385392718
3719 2.489326185102742e-05
3723 6.859058854884968e-05
3731 5.3138049876864844e-05
3740 0.00016378259903044513
3743 3.233112827567267e-05
3746 1.903006184883404e-05
3756 0.00014576429866269
3757 0.00017370426675739054
3759 0.00030726931367955075
3760 0.00010614816360120087
3766 5.131853189681648e-05
3785 0.00030726931367955075
3786 0.00010058340652177312
3806 0.00018227567001855016
3819 6.424444555902466e-05
3825 0.0002875104201589402
3832 3.3290954653437934e-05
3875 3.285232498188492e-05
3887 5.5861184383926875e-05
3902 0.00012122674224136485
3914 0.00012936752625714268
3924 0.00019268344080366
3928 0.00014944388948364012
3932 4.895306850942043e-05
3943 7.689695691525318e-05
3958 0.0002537323685808453
3996 7.417147870601431e-05
4015 8.798716495431228e-05
4016 0.00017370426675739054
4017 0.00019506105515172307
4099 0.0001147195668623605
4108 9.654815662959692e-05
4138 0.00016251677649793962
4139 0.00017215710736717137
4189 4.981125419104163e-05
4224 8.236790279729728e-05
4225 0.00010897983139923425
4227 0.0001753021616311125
4247 4.846937791309118e-05
4249 0.00013542473142615584
4266 0.00015342417653056774
4267 0.00011519040557349246
4290 5.656642719180506e-05
4291 7.843020694973282e-05
4292 0.00011110817958998604
4326 0.00011024565393173974
4328 0.00011566583790554528
4329 3.676019862375966e-05
4332 8.117636599183342e-05
4352 0.0002059351589452662
4363 7.025520142447097e-05
4371 0.00013263932032595027
4381 4.3226837668107787e-05
4382 6.14960082295629e-05
4398 6.325661252824365e-05
4406 6.508321716976057e-05
4408 0.00013687950893562258
4413 0.0001786642827461757
4432 6.4078409870285e-05
4434 0.00013065000625947455
4451 0.00010200632301179658
4453 3.6854914742017664e-05
4457 0.00010058340652177312
4460 0.00011862016226846598
4467 5.5861184383926875e-05
4490 0.00019756065060853997
4492 6.969398876306011e-05
4495 3.207260550754382e-05
4511 0.00019041645403432799
4513 9.19329029551259e-05
4530 0.00017065756051371745
4533 5.685140711216779e-05
4554 0.00022419450561242282
4563 4.728074758348793e-05
4564 0.0001664173719040451
4566 9.68719546813797e-05
4567 6.341986704442123e-05
4577 3.9085797470059324e-05
4588 0.00016508218077975113
4589 0.00020298083458234552
4606 0.00017215710736717137
4628 0.00011566583790554528
4629 0.00015890538922556517
4652 4.476354154013861e-05
4658 8.334256383691721e-05
4659 6.610917985376751e-05
4676 1.811794967986411e-05
4683 0.00017695423263882194
4688 0.0001804365299615294
4751 0.00010856509334268535
4759 5.0810908270240366e-05
4768 0.00012176521653240713
4769 0.00012936752625714268
4797 9.988723143186235e-05
4818 9.048676041112919e-05
4834 1.7286007534181456e-05
4837 0.00016508218077975113
4839 3.088397517794058e-05
4846 4.681329625334851e-05
4853 8.535239208071232e-05
4911 6.341986704442123e-05
4913 6.457822376461287e-05
4914 6.542281037332744e-05
4926 0.00010236864012694453
4927 0.00010236864012694453
4933 2.564069103539461e-05
4942 6.804811807694473e-05
4972 4.681329625334851e-05
4974 0.00013263932032595027
4985 0.0002875104201589402
5000 0.00013065000625947455
5002 0.00014665847838343454
5003 0.00018227567001855016
5004 0.0002462203859023654
5011 0.00010310145735752775
5012 0.00010774605847492284
5016 8.117636599183342e-05
5017 0.00021605372159664503
5018 0.00010982004923951138
5024 6.025437603138515e-05
5044 0.00010058340652177312
5079 0.0001415241100530177
5080 0.00010575674440844711
5096 0.00021244233432427055
5097 0.00023397347506023475
5149 0.0001376235146469122
5161 5.502814824397996e-05
5162 5.6001418804450566e-05
5163 0.00020019542348213994
5166 0.0001347133110905388
5171 7.52017798211394e-05
5192 8.001326955199571e-05
5194 0.00011712061541501202
5197 0.0001391464957049546
5204 0.00022419450561242282
5205 0.00022883910672981793
5217 7.159039254876493e-05
5222 2.3001954162320978e-05
5242 6.786862826996617e-05
5254 5.9796800580258657e-05
5267 0.0001677901789526326
5289 0.0001300045474523503
5291 0.00011067500849334801
5292 0.0001347133110905388
5312 0.0002734912621014559
5334 9.719791862251607e-05
5335 9.852402568908913e-05
5356 0.00030726931367955075
5379 2.541525611908456e-05
5380 3.8298201700263376e-05
5395 3.215862746722012e-05
5411 8.164949036359771e-05
5416 0.00013332088986277624
5427 3.490353872923123e-05
5430 6.441104889224853e-05
5439 8.024367862190805e-05
5440 8.586807337437805e-05
5443 0.00011712061541501202
5447 0.00016251677649793962
5448 9.954283828468142e-05
5455 8.908229930004346e-05
5469 1.1433598200043818e-05
5471 0.00020298083458234552
5481 6.576478670658657e-05
5507 0.00019268344080366
5539 0.0001391464957049546
5550 4.944160821510571e-05
5569 9.527405980765772e-05
5618 0.00014071861357331354
5622 6.733409171295719e-05
5623 0.00022419450561242282
5624 0.0001415241100530177
5642 9.852402568908913e-05
5674 0.00010236864012694453
5687 2.724862948448243e-05
5702 3.9886331735258645e-05
5704 0.00022883910672981793
5781 0.00018617626542465564
5797 5.544288630052885e-05
5806 7.910237522724487e-05
5834 6.804811807694473e-05
5854 7.178415593526694e-05
5862 6.610917985376751e-05
5865 0.0001196461249524729
5868 7.256700694753944e-05
5888 8.358930576913648e-05
5891 0.00010310145735752775
5892 0.00011712061541501202
5894 1.5848029138067838e-05
5896 1.6219082409210568e-05
5909 6.663037655997976e-05
5912 0.00010498321344481378
5933 0.00019756065060853997
5934 5.434466680855229e-05
5938 5.91933076971794e-05
5964 0.0001440237055098346
5984 3.088397517794058e-05
5985 7.52017798211394e-05
5987 7.798719092134497e-05
5988 7.044371782011974e-05
6000 3.4631041686461846e-05
6016 0.00026261715830791277
6022 2.0770655001689466e-05
6030 0.0001391464957049546
6033 0.00011519040557349246
6035 9.818910047034337e-05
6038 0.00011663084820199027
6053 0.00018227567001855016
6057 0.00011024565393173974
6084 7.843020694973282e-05
6085 0.00011862016226846598
6087 0.00010236864012694453
6090 0.00020298083458234552
6094 0.00011761535496899039
6095 0.0001753021616311125
6106 7.217400943451535e-05
6108 0.0001804365299615294
6159 7.101368253390731e-05
6160 7.955569410086921e-05
6173 0.00013196715204843822
6197 5.5304247721948624e-05
6201 0.00017215710736717137
6211 7.356359438910525e-05
6223 0.00020298083458234552
6242 3.105201474962982e-05
6264 4.7398314413738584e-05
6294 0.00017065756051371745
6297 9.164022082905678e-05
6299 0.0001431761810607271
6302 8.509658347491132e-05
6304 0.00020019542348213994
6305 0.00017215710736717137
6308 0.0001523982138465608
6309 0.0001147195668623605
6334 0.00014944388948364012
6338 0.00016920278300425065
6339 0.00019756065060853997
6340 0.00019756065060853997
6344 0.0002462203859023654
6350 0.00023397347506023475
6356 6.733409171295719e-05
6362 0.00017695423263882194
6380 0.00011067500849334801
6386 0.00013837905578907654
6387 9.558947467904783e-05
6399 8.212725328354177e-05
6405 0.00014071861357331354
6407 0.00030726931367955075
6429 5.815485137703107e-05
6461 0.00014849761844045535
6462 0.0001786642827461757
6467 4.669713069773751e-05
6468 4.669713069773751e-05
6470 0.0001263016457352357
6481 0.00012936752625714268
6485 0.00019268344080366
6490 2.724862948448243e-05
6491 7.604199766141655e-05
6497 0.0001664173719040451
6507 6.212889280683989e-05
6512 0.0001431761810607271
6516 9.818910047034337e-05
6517 0.0001391464957049546
6523 0.00020298083458234552
6536 7.499396958083494e-05
6540 6.040786096929821e-05
6541 0.00016920278300425065
6543 0.00021605372159664503
6565 0.00011333374567896404
6568 3.9584588186023764e-05
6569 4.981125419104163e-05
6572 0.00011614595437539213
6586 5.24803957997587e-05
6588 6.576478670658657e-05
6589 5.9343481706634316e-05
6590 8.691610145495967e-05
6614 8.484211069037113e-05
6619 5.7716484755306535e-05
6650 9.785646144837983e-05
6661 5.889434094657216e-05
6667 0.00012069415303305452
6675 5.7716484755306535e-05
6687 6.196989942762013e-05
6689 7.376538112671329e-05
6706 7.910237522724487e-05
6712 6.025437603138515e-05
6725 8.458895984833521e-05
6727 8.612797493712278e-05
6728 9.527405980765772e-05
6732 0.00018227567001855016
6760 1.9892587507080337e-05
6789 4.7516165565500014e-05
6794 0.00014849761844045535
6796 8.260974660633398e-05
6812 0.0002734912621014559
6831 0.00011198624708459517
6833 2.7093186202753706e-05
6848 0.00012122674224136485
6885 5.131853189681648e-05
6887 0.00020019542348213994
6893 9.252359415714085e-05
6894 9.252359415714085e-05
6898 0.0001263016457352357
6904 0.0002734912621014559
6905 2.9805618738211806e-05
6919 7.3968006896828e-05
6920 9.403242760948e-05
6931 0.0001196461249524729
6934 0.00010200632301179658
6960 3.259102983841739e-05
6965 0.00013332088986277624
6967 0.00010536844412685977
6968 0.0001287387249198448
6978 0.00013687950893562258
6980 0.00011379132113009053
6982 0.0001147195668623605
6983 0.00013263932032595027
6992 4.787143878550288e-05
6995 7.843020694973282e-05
6996 0.00018617626542465564
6998 0.00016251677649793962
6999 6.309390310328486e-05
7067 3.508605365233e-05
7073 5.516600244482883e-05
7087 0.0001376235146469122
7152 0.00022883910672981793
7165 6.628229345501092e-05
7174 7.256700694753944e-05
7178 3.714017269315804e-05
7236 0.00010536844412685977
7237 0.00010536844412685977
7305 0.00016508218077975113
7311 0.0001475693727081854
7321 3.8200641252257444e-05
7327 0.00011761535496899039
7328 0.00026261715830791277
7339 0.0001504088997800851
7346 8.070779096331723e-05
7373 7.27647006365303e-05
7376 0.00013263932032595027
7444 9.886126874785542e-05
7446 0.00015554326811050196
7450 0.00012936752625714268
7451 0.0001300045474523503
7469 7.887728740211037e-05
7476 8.117636599183342e-05
7480 9.252359415714085e-05
7482 2.5340342303404983e-05
7483 2.8590308184836374e-05
7494 0.00010694056199521868
7496 0.00018227567001855016
7502 9.68719546813797e-05
7503 3.173002815645075e-05
7507 0.00017370426675739054
7523 8.935997200289977e-05
7559 8.509658347491132e-05
7560 0.00014849761844045535
7577 8.853165584237468e-05
7578 8.88061998220748e-05
7590 0.0001239806629188251
7602 9.654815662959692e-05
7606 0.00020908021320920737
7615 0.00016007969731333051
7620 0.0001027336712532598
7650 0.00017215710736717137
7651 0.00011566583790554528
7652 0.00016251677649793962
7664 0.0001196461249524729
7671 9.134928606937549e-05
7677 6.988034244141115e-05
7694 6.804811807694473e-05
7701 0.00011425323385392718
7720 0.0001677901789526326
7721 0.00016920278300425065
7808 4.7398314413738584e-05
7818 2.996997446737178e-05
7827 0.00015775871449691997
7836 6.424444555902466e-05
7839 0.00010614816360120087
7850 0.000126899584862824
7858 4.509923582401553e-05
7862 9.077257605451787e-05
7863 7.64676023536449e-05
7866 5.91933076971794e-05
7877 8.853165584237468e-05
7890 9.233159952796689e-06
7893 5.131853189681648e-05
7904 6.056183085252843e-05
7922 0.00010774605847492284
7923 0.00030726931367955075
7938 4.907474504580058e-05
7942 9.134928606937549e-05
7943 7.64676023536449e-05
7957 0.00011379132113009053
7958 9.496067334174995e-05
7960 9.954283828468142e-05
7981 6.950834500520415e-05
7989 0.00011862016226846598
8009 2.7093186202753706e-05
8010 3.97855428110104e-05
8016 3.6571316885345003e-05
8031 5.5721352358276173e-05
8032 6.056183085252843e-05
8042 6.663037655997976e-05
8054 2.9805618738211806e-05
8061 7.865323446718271e-05
8069 5.287392225192349e-05
8079 0.00015775871449691997
8109 8.285279662389543e-05
8116 0.00015447220461114937
8137 8.63892700805903e-05
8144 1.8182537399726556e-05
8145 0.0001263016457352357
8162 0.00013332088986277624
8166 0.0001376235146469122
8181 0.00019041645403432799
8191 0.0002462203859023654
8192 0.00026261715830791277
8204 5.1064059112276297e-05
8233 0.00017215710736717137
8256 0.0002462203859023654
8295 0.00021244233432427055
8301 0.00014488623116808087
8346 0.0001399262151792957
8349 4.919672615455441e-05
8426 0.00015663840245623315
8442 8.001326955199571e-05
8444 5.815485137703107e-05
8447 4.100899018649567e-05
8461 0.00026261715830791277
8474 8.408656954820681e-05
8501 0.00019268344080366
8510 0.00019268344080366
8513 4.3335009582674306e-05
8526 0.00010939812948263226
8531 9.752607762356147e-05
8532 0.0001002340757964429
8547 0.00015775871449691997
8550 0.00013542473142615584
8573 0.00019756065060853997
8591 0.00011761535496899039
8600 8.383730339089555e-05
8633 5.949411993323993e-05
8638 6.491430390704548e-05
8639 3.69498153124238e-05
8652 0.00010982004923951138
8661 7.843020694973282e-05
8663 8.001326955199571e-05
8678 4.409901177660094e-05
8695 4.476354154013861e-05
8696 4.787143878550288e-05
8722 7.217400943451535e-05
8723 0.00010498321344481378
8738 8.853165584237468e-05
8763 6.542281037332744e-05
8764 0.0001287387249198448
8765 0.00015663840245623315
8795 0.0002462203859023654
8800 0.00011379132113009053
8803 0.0001281179340087181
8804 0.00013542473142615584
8811 0.00011913044365880717
8813 4.431951634967444e-05
8818 7.139739654402146e-05
8819 7.139739654402146e-05
8823 0.0001475693727081854
8845 0.0001431761810607271
8866 3.8493910507496085e-05
8873 0.00013614669170503938
8890 0.00010058340652177312
8891 0.00010058340652177312
8892 0.00010384546306881737
