153
265 0.010551316570771319
276 0.0018560777319751392
287 0.007346283282917449
362 0.007032211130758957
367 0.008196043651506056
378 0.0030692655663504174
423 0.003332905519299657
443 0.0022606849403729997
493 0.005015586696516649
530 0.007621907005295706
549 0.013091887773635031
569 0.005460012419015124
575 0.0034050263558278956
697 0.011092176902408981
726 0.007416451802129609
814 0.005589723342726999
855 0.007303155556423407
881 0.015662036344570245
941 0.011249712347582638
979 0.005460012419015124
1038 0.008066332727794182
1138 0.005460012419015124
1193 0.003963473931640915
1226 0.005589723342726999
1239 0.005623599262692179
1268 0.003253733286778836
1311 0.004337608749937287
1338 0.005398365496441054
1520 0.00428656318833747
1534 0.010551316570771319
1592 0.01436539287848079
1640 0.002925550386510792
1657 0.004110428604920949
1721 0.003131791228221729
1777 0.009933502307235123
1778 0.017489702882959784
1879 0.011854476725160849
1940 0.009287424206213566
1947 0.005879536284850865
2041 0.00970335127038521
2084 0.004425890821979899
2283 0.005959551028114992
2299 0.004253286873764781
2403 0.004761449638777136
2530 0.009499203805895586
2574 0.02781639404213512
2575 0.020678650491349582
2606 0.0012843679128633717
2724 0.004065123697223265
2776 0.007621907005295706
2939 0.009155329454872808
3068 0.010182608303512393
3213 0.006173837733743599
3306 0.006488134266784581
3320 0.009075221155702532
3461 0.007105948530320777
3512 0.009345922710956422
3541 0.011047498923058008
3544 0.002342439676997994
3627 0.0059668060678958815
3663 0.016571248384587012
3890 0.0061758885820623445
3993 0.01436539287848079
4158 0.01333216746066188
4329 0.008924796081508394
4338 0.006527858017895592
4349 0.0031684765422637412
4373 0.00726271118250452
4547 0.005883797721525966
4620 0.004188450700735981
4660 0.002550497882496866
4687 0.00696125694812619
4818 0.011854476725160849
4819 0.006981974102025829
5017 0.003131791228221729
5019 0.00423686700788972
5112 0.005729050976369428
5218 0.002761963542833736
5255 0.0023069657435985506
5295 0.0037373283987898525
5336 0.003801065441303733
5362 0.005959551028114992
5367 0.005224697863506064
5379 0.007983920549959937
5380 0.001961045563058715
5381 0.00147754793745778
5435 0.002761963542833736
5532 0.007831018172285122
5691 0.007621907005295706
5703 0.004616454395125001
5863 0.010201991529987464
5866 0.004615957859638262
5912 0.005770581092692905
5976 0.004035515798823675
5983 0.005309527110533686
6015 0.022728863984200005
6034 0.004444055820220626
6037 0.013403051301661164
6046 0.006527858017895592
6077 0.009499203805895586
6103 0.011854476725160849
6252 0.004739962974138392
6259 0.008196043651506056
6325 0.009789016748019451
6432 0.006269911308007091
6469 0.001801579345360332
6482 0.004991010363652188
6517 0.003788143997366667
6556 0.010131792704935578
6557 0.018956240552718533
6585 0.007525472396156519
6602 0.008335371285148486
6622 0.005398365496441054
6623 0.005623599262692179
6683 0.0025841313857648857
6713 0.0023246190441199325
6761 0.0046047464899506485
6790 0.001833177781470719
6823 0.006585805352582755
6834 0.001045257469432645
6852 0.004919152087377461
6930 0.0022779070091263984
6932 0.004615957859638262
6991 0.010131792704935578
7000 0.002434168244400323
7004 0.010152409666324061
7102 0.004576376130461337
7103 0.007723556770878056
7138 0.006527858017895592
7409 0.0033532307193359337
7415 0.004035515798823675
7455 0.005765558195143726
7559 0.005252551153572774
7560 0.003283033558131643
7597 0.04052717081974231
7913 0.018150442311405064
7988 0.0030258441746148002
8019 0.004942800986518163
8034 0.01436539287848079
8043 0.0025706056965477905
8047 0.011854476725160849
8062 0.003034448595547759
8070 0.0020398804983079747
8129 0.0051435314738400946
8145 0.0007014838671271129
8167 0.005309527110533686
8350 0.0037960279089990384
8352 0.005309527110533686
8639 0.005008798930039734
8686 0.004849939509956984
8814 0.0017098507779580024
8829 0.006368884827312303
8877 0.00882863255054605
