97
151 0.00011712061541501202
219 0.00018825025618924418
225 4.311890533715833e-05
226 0.00011712061541501202
261 0.00020298083458234552
330 6.358367031630664e-05
331 0.00015890538922556517
334 9.252359415714085e-05
463 2.104404381130732e-05
476 0.00015554326811050196
545 0.0001300045474523503
546 0.00013263932032595027
706 6.525271795805037e-05
708 9.654815662959692e-05
747 0.00030726931367955075
999 0.0002537323685808453
1140 3.8493910507496085e-05
1144 0.0001523982138465608
1334 9.886126874785542e-05
1336 0.00017065756051371745
1338 0.0002875104201589402
1695 0.00014576429866269
1696 0.00026261715830791277
1922 7.334292682143156e-06
2266 0.0001347133110905388
2267 0.00019506105515172307
2268 0.0002734912621014559
2294 8.535239208071232e-05
2316 0.00012341728754011654
2563 2.4450245822639586e-05
2607 3.3290954653437934e-05
2612 8.001326955199571e-05
2618 4.846937791309118e-05
2667 8.358930576913648e-05
2945 0.0001196461249524729
3014 0.0001263016457352357
3050 5.1064059112276297e-05
3051 7.910237522724487e-05
3245 0.0002875104201589402
3249 0.00012016732165868515
3498 0.00019756065060853997
3719 2.489326185102742e-05
3727 6.424444555902466e-05
3875 3.285232498188492e-05
3884 8.433711728522342e-05
3885 0.0001391464957049546
4046 9.312153328472917e-05
4047 0.00016508218077975113
4154 0.00012571095453322076
4308 7.955569410086921e-05
4381 4.3226837668107787e-05
4676 1.811794967986411e-05
4821 8.691610145495967e-05
4825 0.0002462203859023654
4834 1.7286007534181456e-05
4933 2.564069103539461e-05
4972 4.681329625334851e-05
5016 8.117636599183342e-05
5140 0.0001504088997800851
5275 0.00017065756051371745
5411 8.164949036359771e-05
5412 0.00010856509334268535
5430 6.441104889224853e-05
5483 0.00020019542348213994
5687 2.724862948448243e-05
6242 3.105201474962982e-05
6246 0.00010128967145643295
6277 0.00011067500849334801
6327 0.00010384546306881737
6578 6.025437603138515e-05
6739 0.00020019542348213994
7103 0.0002059351589452662
7165 6.628229345501092e-05
7167 0.00011243128604527755
7171 0.00012341728754011654
7211 0.00010498321344481378
7503 3.173002815645075e-05
7529 0.0002462203859023654
7531 0.00030726931367955075
7704 0.00014576429866269
7706 0.00021605372159664503
7743 0.00026261715830791277
7744 0.00026261715830791277
7951 0.00020019542348213994
8016 3.6571316885345003e-05
8437 8.433711728522342e-05
8503 7.256700694753944e-05
8639 3.69498153124238e-05
8693 8.484211069037113e-05
8694 8.88061998220748e-05
8731 0.00021244233432427055
8732 0.0002875104201589402
8754 0.00017695423263882194
8800 0.00011379132113009053
8803 0.0001281179340087181
8804 0.00013542473142615584
8861 0.00015775871449691997
