349
15 6.0101372993599195e-05
17 0.00012016732165868515
53 0.00010200632301179658
68 3.241760820520544e-05
77 8.691610145495967e-05
80 0.0001376235146469122
82 8.334256383691721e-05
85 0.0002734912621014559
92 0.00010774605847492284
93 0.00010982004923951138
132 8.334256383691721e-05
134 0.0001376235146469122
145 5.786216925096193e-05
146 0.000101646679848061
158 1.722259642893919e-05
160 3.6009024944890365e-05
290 5.516600244482883e-05
292 0.00014576429866269
295 6.969398876306011e-05
344 9.164022082905678e-05
401 0.00010939812948263226
430 2.1595466130645556e-05
436 6.181142310095298e-05
463 2.104404381130732e-05
473 4.858985121920245e-05
480 6.877276232176413e-05
521 6.165346047478709e-05
692 0.00015342417653056774
814 0.00014488623116808087
855 9.464928935894339e-05
891 5.757123449128065e-05
959 0.00019506105515172307
977 0.00010384546306881737
996 0.0002462203859023654
1226 0.00011110817958998604
1234 2.8271279696782107e-05
1254 8.96392359620217e-05
1365 6.733409171295719e-05
1382 0.00011862016226846598
1384 0.00016251677649793962
1405 0.00030726931367955075
1412 6.804811807694473e-05
1431 0.0001677901789526326
1461 0.00014488623116808087
1469 6.358367031630664e-05
1494 0.00014576429866269
1495 0.00019041645403432799
1503 0.00015663840245623315
1504 0.0001239806629188251
1508 0.00011198624708459517
1511 9.312153328472917e-05
1512 0.0001275049519955334
1531 0.0001664173719040451
1559 0.00011425323385392718
1565 0.00015342417653056774
1573 0.0001347133110905388
1610 9.590694438493474e-05
1611 0.0001786642827461757
1706 3.382257549850835e-05
1742 0.00015775871449691997
1773 0.0001002340757964429
1777 4.871062309639001e-05
1848 6.508321716976057e-05
1922 7.334292682143156e-06
1956 0.0001128804268053397
1959 0.00015447220461114937
1961 0.0001523982138465608
1985 9.496067334174995e-05
2004 7.217400943451535e-05
2009 0.00012176521653240713
2010 0.00020908021320920737
2029 0.00012122674224136485
2030 0.0001228603508781383
2076 7.66818067754729e-05
2078 0.0002875104201589402
2083 0.00010422176939821458
2085 0.0001147195668623605
2095 0.00020908021320920737
2123 0.00011243128604527755
2124 0.00011663084820199027
2125 0.00019268344080366
2162 0.0001263016457352357
2163 0.00023971321052336105
2242 0.00013614669170503938
2299 0.00010982004923951138
2300 0.00011024565393173974
2319 0.0001228603508781383
2370 0.00017215710736717137
2371 8.858094887998e-06
2384 3.364472337590274e-05
2391 2.4157123570420575e-05
2417 8.63892700805903e-05
2493 2.5565430128539482e-05
2550 5.3403616896513294e-05
2571 6.593667904531496e-05
2582 7.458098891001271e-05
2586 9.502842032885344e-06
2590 8.771718405598661e-05
2607 3.3290954653437934e-05
2612 8.001326955199571e-05
2618 4.846937791309118e-05
2638 0.00012176521653240713
2640 0.00016128300357362823
2654 0.00013332088986277624
2667 8.358930576913648e-05
2712 0.00026261715830791277
2725 0.00010536844412685977
2917 0.0002199543170027505
2955 4.7516165565500014e-05
2976 5.461691012835996e-05
2982 7.197869283035229e-05
3149 7.541048004377448e-05
3150 7.604199766141655e-05
3185 0.00010939812948263226
3212 7.356359438910525e-05
3226 8.164949036359771e-05
3333 0.00016007969731333051
3335 0.00022419450561242282
3409 8.458895984833521e-05
3419 0.00011712061541501202
3507 9.134928606937549e-05
3519 8.586807337437805e-05
3570 0.0002875104201589402
3576 5.3536945098705395e-05
3586 6.228840662358072e-05
3639 0.00016920278300425065
3743 3.233112827567267e-05
3746 1.903006184883404e-05
3760 0.00010614816360120087
3766 5.131853189681648e-05
3775 0.00021605372159664503
3779 0.0002875104201589402
3786 0.00010058340652177312
3787 0.00030726931367955075
3819 6.424444555902466e-05
3832 3.3290954653437934e-05
3840 0.00010774605847492284
3847 0.0001677901789526326
3857 0.00020908021320920737
3882 0.00012016732165868515
3884 8.433711728522342e-05
3887 5.5861184383926875e-05
3897 0.00017370426675739054
3898 0.0001753021616311125
3912 0.00013263932032595027
3969 6.0101372993599195e-05
3970 6.663037655997976e-05
4005 9.222735356398462e-05
4136 0.00013196715204843822
4220 4.3879500470736716e-05
4229 0.0002537323685808453
4230 0.00020298083458234552
4247 4.846937791309118e-05
4250 8.612797493712278e-05
4308 7.955569410086921e-05
4390 8.825864993225359e-05
4402 6.950834500520415e-05
4435 0.00010856509334268535
4436 0.0001128804268053397
4444 0.00014665847838343454
4470 0.00015890538922556517
4484 0.00012176521653240713
4486 0.00012571095453322076
4488 0.00020019542348213994
4495 3.207260550754382e-05
4502 6.424444555902466e-05
4503 7.798719092134497e-05
4567 6.341986704442123e-05
4619 0.00010856509334268535
4659 6.610917985376751e-05
4676 1.811794967986411e-05
4679 0.00012122674224136485
4699 3.676019862375966e-05
4712 8.484211069037113e-05
4723 9.106007793564448e-05
4829 8.383730339089555e-05
4834 1.7286007534181456e-05
4835 0.0001440237055098346
4911 6.341986704442123e-05
4913 6.457822376461287e-05
4914 6.542281037332744e-05
4933 2.564069103539461e-05
4942 6.804811807694473e-05
4972 4.681329625334851e-05
5018 0.00010982004923951138
5044 0.00010058340652177312
5192 8.001326955199571e-05
5222 2.3001954162320978e-05
5228 4.931901336427842e-05
5289 0.0001300045474523503
5307 0.00013263932032595027
5369 7.562007790453742e-05
5370 0.00011154523568104574
5379 2.541525611908456e-05
5395 3.215862746722012e-05
5413 0.00030726931367955075
5455 8.908229930004346e-05
5469 1.1433598200043818e-05
5481 6.576478670658657e-05
5490 0.00015447220461114937
5535 0.00014944388948364012
5557 0.0001786642827461757
5636 0.00010310145735752775
5637 0.00023971321052336105
5676 9.312153328472917e-05
5687 2.724862948448243e-05
5699 8.260974660633398e-05
5700 0.00010575674440844711
5701 0.00010575674440844711
5713 0.0001786642827461757
5729 9.106007793564448e-05
5738 9.19329029551259e-05
5767 0.0002537323685808453
5854 7.178415593526694e-05
5894 1.5848029138067838e-05
5896 1.6219082409210568e-05
5912 0.00010498321344481378
5967 0.0002875104201589402
5968 0.00030726931367955075
5975 0.00010460100421098168
5996 0.0001431761810607271
6000 3.4631041686461846e-05
6004 0.0002059351589452662
6022 2.0770655001689466e-05
6084 7.843020694973282e-05
6085 0.00011862016226846598
6106 7.217400943451535e-05
6114 0.00010536844412685977
6120 0.0001504088997800851
6121 0.0001523982138465608
6153 0.0001440237055098346
6154 0.00030726931367955075
6208 0.0001228603508781383
6297 9.164022082905678e-05
6299 0.0001431761810607271
6336 0.00015890538922556517
6337 0.00016007969731333051
6371 0.0001664173719040451
6404 0.00023971321052336105
6408 4.3989132524856074e-05
6413 9.590694438493474e-05
6431 0.00016251677649793962
6463 0.00023397347506023475
6467 4.669713069773751e-05
6468 4.669713069773751e-05
6506 8.88061998220748e-05
6540 6.040786096929821e-05
6578 6.025437603138515e-05
6581 0.00017370426675739054
6589 5.9343481706634316e-05
6614 8.484211069037113e-05
6675 5.7716484755306535e-05
6689 7.376538112671329e-05
6724 0.00012936752625714268
6746 0.00019268344080366
6747 0.00022883910672981793
6757 0.0001287387249198448
6760 1.9892587507080337e-05
6762 7.139739654402146e-05
6763 7.27647006365303e-05
6885 5.131853189681648e-05
6888 0.00019506105515172307
6905 2.9805618738211806e-05
6919 7.3968006896828e-05
6920 9.403242760948e-05
6929 5.904359505253569e-05
6960 3.259102983841739e-05
6967 0.00010536844412685977
6975 0.0001440237055098346
7067 3.508605365233e-05
7073 5.516600244482883e-05
7124 6.859058854884968e-05
7136 0.0001664173719040451
7137 0.00016920278300425065
7139 6.196989942762013e-05
7165 6.628229345501092e-05
7178 3.714017269315804e-05
7180 0.0001275049519955334
7197 0.00011198624708459517
7198 0.00022883910672981793
7199 0.00021605372159664503
7202 0.00021605372159664503
7203 0.00026261715830791277
7321 3.8200641252257444e-05
7369 9.372690041743856e-05
7370 0.00019756065060853997
7469 7.887728740211037e-05
7482 2.5340342303404983e-05
7494 0.00010694056199521868
7503 3.173002815645075e-05
7504 0.00012571095453322076
7587 0.00013687950893562258
7588 0.0002462203859023654
7671 9.134928606937549e-05
7672 0.0002537323685808453
7673 0.0002734912621014559
7784 7.082295263288685e-05
7808 4.7398314413738584e-05
7814 0.0001275049519955334
7818 2.996997446737178e-05
7836 6.424444555902466e-05
7890 9.233159952796689e-06
7891 6.932340577943291e-05
7892 0.0001002340757964429
7893 5.131853189681648e-05
7894 6.374802604546662e-05
7902 7.376538112671329e-05
7903 8.141235399539764e-05
7938 4.907474504580058e-05
7943 7.64676023536449e-05
7957 0.00011379132113009053
7960 9.954283828468142e-05
8007 0.00019756065060853997
8009 2.7093186202753706e-05
8010 3.97855428110104e-05
8054 2.9805618738211806e-05
8055 0.00016508218077975113
8144 1.8182537399726556e-05
8186 9.252359415714085e-05
8234 4.8109734749355606e-05
8247 0.00016378259903044513
8269 0.00018227567001855016
8275 0.00016007969731333051
8277 0.0002875104201589402
8349 4.919672615455441e-05
8444 5.815485137703107e-05
8503 7.256700694753944e-05
8516 8.024367862190805e-05
8519 0.00014488623116808087
8520 5.874554257904601e-05
8521 6.610917985376751e-05
8569 0.00016508218077975113
8633 5.949411993323993e-05
8638 6.491430390704548e-05
8661 7.843020694973282e-05
8666 0.0001128804268053397
8678 4.409901177660094e-05
8690 0.0001677901789526326
8695 4.476354154013861e-05
8696 4.787143878550288e-05
8700 0.00016508218077975113
8738 8.853165584237468e-05
8739 0.0002875104201589402
8756 9.372690041743856e-05
8757 9.818910047034337e-05
8841 0.0001275049519955334
8844 0.0001523982138465608
8871 7.025520142447097e-05
8872 0.00010422176939821458
