480
17 0.00012016732165868515
24 0.00014849761844045535
53 0.00010200632301179658
58 3.9886331735258645e-05
68 3.241760820520544e-05
69 0.00010460100421098168
76 0.00026261715830791277
82 8.334256383691721e-05
84 0.00020908021320920737
91 0.00015663840245623315
132 8.334256383691721e-05
138 5.5304247721948624e-05
139 0.00010897983139923425
145 5.786216925096193e-05
146 0.000101646679848061
148 0.00010614816360120087
158 1.722259642893919e-05
160 3.6009024944890365e-05
163 4.4209139343250144e-05
164 0.0001804365299615294
225 4.311890533715833e-05
228 0.0002734912621014559
240 0.00010347204034115494
276 4.8109734749355606e-05
277 5.502814824397996e-05
328 5.502814824397996e-05
330 6.358367031630664e-05
334 9.252359415714085e-05
338 0.0001391464957049546
344 9.164022082905678e-05
354 0.00021244233432427055
375 8.334256383691721e-05
386 0.00012122674224136485
393 0.00015139340654708521
396 0.0002199543170027505
401 0.00010939812948263226
404 0.00011913044365880717
405 0.00011913044365880717
406 0.00015663840245623315
410 0.0002734912621014559
423 8.63892700805903e-05
430 2.1595466130645556e-05
436 6.181142310095298e-05
443 5.859719717528758e-05
446 0.00010058340652177312
449 6.628229345501092e-05
473 4.858985121920245e-05
490 0.0001523982138465608
496 0.00015447220461114937
509 1.4811799641107606e-05
510 0.00019041645403432799
513 0.00019268344080366
521 6.165346047478709e-05
522 0.00011110817958998604
723 6.212889280683989e-05
726 6.4078409870285e-05
765 7.499396958083494e-05
800 0.00011154523568104574
814 0.00014488623116808087
855 9.464928935894339e-05
856 0.00026261715830791277
858 0.00010815385522706535
872 6.593667904531496e-05
891 5.757123449128065e-05
960 0.00012069415303305452
961 0.0001251273376474703
977 0.00010384546306881737
1126 4.895306850942043e-05
1135 0.00010774605847492284
1136 0.0001786642827461757
1140 3.8493910507496085e-05
1145 9.920086195142229e-05
1146 0.0001504088997800851
1164 8.408656954820681e-05
1165 8.433711728522342e-05
1234 2.8271279696782107e-05
1243 0.00012341728754011654
1254 8.96392359620217e-05
1265 6.576478670658657e-05
1306 4.5550455969092306e-05
1310 8.285279662389543e-05
1350 6.374802604546662e-05
1356 0.00014488623116808087
1359 0.00016920278300425065
1380 0.00015890538922556517
1382 0.00011862016226846598
1384 0.00016251677649793962
1418 6.424444555902466e-05
1431 0.0001677901789526326
1461 0.00014488623116808087
1469 6.358367031630664e-05
1500 0.00010310145735752775
1508 0.00011198624708459517
1539 0.00011198624708459517
1559 0.00011425323385392718
1565 0.00015342417653056774
1569 9.920086195142229e-05
1572 0.00014849761844045535
1666 0.0001804365299615294
1706 3.382257549850835e-05
1742 0.00015775871449691997
1773 0.0001002340757964429
1777 4.871062309639001e-05
1797 0.0002199543170027505
1881 8.408656954820681e-05
1882 9.496067334174995e-05
1888 6.071628875522179e-05
1900 0.0002734912621014559
1922 7.334292682143156e-06
1929 4.2158123180710165e-05
1936 0.00011024565393173974
1956 0.0001128804268053397
1957 8.88061998220748e-05
1985 9.496067334174995e-05
2004 7.217400943451535e-05
2009 0.00012176521653240713
2010 0.00020908021320920737
2063 0.00019756065060853997
2076 7.66818067754729e-05
2081 0.00019756065060853997
2083 0.00010422176939821458
2085 0.0001147195668623605
2087 0.0001753021616311125
2157 0.00023397347506023475
2158 0.00023971321052336105
2167 8.744869066327002e-05
2172 0.00019268344080366
2184 0.00013130412920165632
2214 0.00021605372159664503
2341 8.744869066327002e-05
2343 0.0001263016457352357
2384 3.364472337590274e-05
2391 2.4157123570420575e-05
2417 8.63892700805903e-05
2434 0.00010536844412685977
2455 0.00010128967145643295
2469 0.00011110817958998604
2493 2.5565430128539482e-05
2498 0.0002199543170027505
2499 0.00020019542348213994
2523 0.0001504088997800851
2524 0.00016920278300425065
2550 5.3403616896513294e-05
2563 2.4450245822639586e-05
2564 4.692973938522239e-05
2571 6.593667904531496e-05
2582 7.458098891001271e-05
2586 9.502842032885344e-06
2590 8.771718405598661e-05
2607 3.3290954653437934e-05
2612 8.001326955199571e-05
2618 4.846937791309118e-05
2667 8.358930576913648e-05
2680 0.00022883910672981793
2681 0.0002537323685808453
2685 7.754816608258265e-05
2688 0.00023971321052336105
2712 0.00026261715830791277
2725 0.00010536844412685977
2767 0.00017215710736717137
2783 8.718166847460814e-05
2786 0.0001399262151792957
2828 0.00016128300357362823
2830 8.285279662389543e-05
2896 0.00011379132113009053
2897 0.00013332088986277624
2929 0.0001251273376474703
2930 0.0001523982138465608
2955 4.7516165565500014e-05
2976 5.461691012835996e-05
2982 7.197869283035229e-05
3067 0.00010093525951244397
3103 0.00012122674224136485
3113 6.165346047478709e-05
3145 0.00022883910672981793
3147 0.00012936752625714268
3149 7.541048004377448e-05
3150 7.604199766141655e-05
3185 0.00010939812948263226
3212 7.356359438910525e-05
3307 8.408656954820681e-05
3333 0.00016007969731333051
3335 0.00022419450561242282
3343 0.00011614595437539213
3372 6.542281037332744e-05
3383 0.00010815385522706535
3409 8.458895984833521e-05
3413 8.001326955199571e-05
3414 9.852402568908913e-05
3419 0.00011712061541501202
3421 8.586807337437805e-05
3435 0.00021244233432427055
3465 5.7716484755306535e-05
3507 9.134928606937549e-05
3519 8.586807337437805e-05
3530 0.0001786642827461757
3531 0.00023971321052336105
3545 6.071628875522179e-05
3557 0.00015775871449691997
3576 5.3536945098705395e-05
3600 0.0001002340757964429
3639 0.00016920278300425065
3664 0.0001431761810607271
3719 2.489326185102742e-05
3729 0.00012936752625714268
3730 0.0002199543170027505
3743 3.233112827567267e-05
3746 1.903006184883404e-05
3756 0.00014576429866269
3757 0.00017370426675739054
3766 5.131853189681648e-05
3796 0.0001399262151792957
3804 0.00023971321052336105
3819 6.424444555902466e-05
3872 9.164022082905678e-05
3881 0.00020298083458234552
3882 0.00012016732165868515
3912 0.00013263932032595027
3926 0.00011110817958998604
3932 4.895306850942043e-05
3943 7.689695691525318e-05
3951 9.920086195142229e-05
3954 0.00010774605847492284
3969 6.0101372993599195e-05
3970 6.663037655997976e-05
4005 9.222735356398462e-05
4046 9.312153328472917e-05
4047 0.00016508218077975113
4189 4.981125419104163e-05
4220 4.3879500470736716e-05
4230 0.00020298083458234552
4247 4.846937791309118e-05
4250 8.612797493712278e-05
4290 5.656642719180506e-05
4291 7.843020694973282e-05
4308 7.955569410086921e-05
4314 3.1644758795232604e-05
4329 3.676019862375966e-05
4390 8.825864993225359e-05
4392 8.334256383691721e-05
4399 9.282164663063054e-05
4432 6.4078409870285e-05
4435 0.00010856509334268535
4436 0.0001128804268053397
4444 0.00014665847838343454
4453 3.6854914742017664e-05
4461 9.19329029551259e-05
4486 0.00012571095453322076
4488 0.00020019542348213994
4495 3.207260550754382e-05
4509 0.0001281179340087181
4563 4.728074758348793e-05
4658 8.334256383691721e-05
4670 7.541048004377448e-05
4676 1.811794967986411e-05
4759 5.0810908270240366e-05
4768 0.00012176521653240713
4769 0.00012936752625714268
4801 0.0001347133110905388
4829 8.383730339089555e-05
4834 1.7286007534181456e-05
4839 3.088397517794058e-05
4844 0.00010734164596720007
4846 4.681329625334851e-05
4911 6.341986704442123e-05
4913 6.457822376461287e-05
4914 6.542281037332744e-05
4933 2.564069103539461e-05
4940 0.0002059351589452662
4972 4.681329625334851e-05
4991 0.00026261715830791277
5000 0.00013065000625947455
5016 8.117636599183342e-05
5167 0.00022419450561242282
5168 0.00014488623116808087
5170 0.0001128804268053397
5171 7.52017798211394e-05
5185 0.00015447220461114937
5186 0.00016007969731333051
5194 0.00011712061541501202
5217 7.159039254876493e-05
5264 0.00011425323385392718
5327 0.00014944388948364012
5366 0.00013542473142615584
5379 2.541525611908456e-05
5380 3.8298201700263376e-05
5395 3.215862746722012e-05
5434 7.159039254876493e-05
5455 8.908229930004346e-05
5457 0.0001423431449207802
5462 0.00010654275221462514
5463 0.00030726931367955075
5469 1.1433598200043818e-05
5481 6.576478670658657e-05
5588 6.913916575845257e-05
5593 0.0002059351589452662
5644 7.711306116076915e-05
5650 0.00019756065060853997
5676 9.312153328472917e-05
5687 2.724862948448243e-05
5694 0.00015775871449691997
5699 8.260974660633398e-05
5700 0.00010575674440844711
5701 0.00010575674440844711
5726 0.00013614669170503938
5728 0.00022419450561242282
5729 9.106007793564448e-05
5731 0.0001415241100530177
5806 7.910237522724487e-05
5810 5.261121850249547e-05
5820 0.00019756065060853997
5826 0.0001391464957049546
5828 0.00018227567001855016
5834 6.804811807694473e-05
5854 7.178415593526694e-05
5894 1.5848029138067838e-05
5896 1.6219082409210568e-05
5945 0.0001753021616311125
5955 0.00016378259903044513
5975 0.00010460100421098168
5979 0.0002875104201589402
5996 0.0001431761810607271
6022 2.0770655001689466e-05
6032 0.00017215710736717137
6040 0.00014488623116808087
6041 0.0001475693727081854
6084 7.843020694973282e-05
6085 0.00011862016226846598
6094 0.00011761535496899039
6101 0.0002059351589452662
6106 7.217400943451535e-05
6108 0.0001804365299615294
6120 0.0001504088997800851
6121 0.0001523982138465608
6125 0.0002462203859023654
6208 0.0001228603508781383
6218 9.464928935894339e-05
6222 0.00010347204034115494
6242 3.105201474962982e-05
6251 0.0001228603508781383
6262 0.0001128804268053397
6294 0.00017065756051371745
6297 9.164022082905678e-05
6299 0.0001431761810607271
6309 0.0001147195668623605
6325 0.00015890538922556517
6377 0.00010694056199521868
6386 0.00013837905578907654
6408 4.3989132524856074e-05
6409 0.00010575674440844711
6413 9.590694438493474e-05
6463 0.00023397347506023475
6467 4.669713069773751e-05
6468 4.669713069773751e-05
6481 0.00012936752625714268
6506 8.88061998220748e-05
6516 9.818910047034337e-05
6528 0.00011913044365880717
6540 6.040786096929821e-05
6547 0.0001475693727081854
6566 7.082295263288685e-05
6568 3.9584588186023764e-05
6569 4.981125419104163e-05
6572 0.00011614595437539213
6573 0.0001504088997800851
6593 7.754816608258265e-05
6595 7.66818067754729e-05
6613 0.00014944388948364012
6614 8.484211069037113e-05
6619 5.7716484755306535e-05
6623 0.00010460100421098168
6624 0.00011663084820199027
6625 0.00011811516886331826
6638 9.282164663063054e-05
6675 5.7716484755306535e-05
6689 7.376538112671329e-05
6705 0.00016508218077975113
6757 0.0001287387249198448
6760 1.9892587507080337e-05
6762 7.139739654402146e-05
6763 7.27647006365303e-05
6789 4.7516165565500014e-05
6805 0.0001664173719040451
6826 0.00013614669170503938
6831 0.00011198624708459517
6833 2.7093186202753706e-05
6885 5.131853189681648e-05
6888 0.00019506105515172307
6905 2.9805618738211806e-05
6919 7.3968006896828e-05
6920 9.403242760948e-05
6929 5.904359505253569e-05
6934 0.00010200632301179658
6960 3.259102983841739e-05
6967 0.00010536844412685977
6975 0.0001440237055098346
6989 0.00015775871449691997
6992 4.787143878550288e-05
6995 7.843020694973282e-05
7010 0.0001504088997800851
7067 3.508605365233e-05
7073 5.516600244482883e-05
7091 9.464928935894339e-05
7096 0.0002734912621014559
7129 0.0002462203859023654
7174 7.256700694753944e-05
7178 3.714017269315804e-05
7180 0.0001275049519955334
7251 7.689695691525318e-05
7321 3.8200641252257444e-05
7335 0.000126899584862824
7339 0.0001504088997800851
7346 8.070779096331723e-05
7349 0.00013614669170503938
7369 9.372690041743856e-05
7373 7.27647006365303e-05
7374 0.00010498321344481378
7386 0.00023397347506023475
7482 2.5340342303404983e-05
7483 2.8590308184836374e-05
7503 3.173002815645075e-05
7504 0.00012571095453322076
7554 8.260974660633398e-05
7579 0.00015775871449691997
7580 0.0001804365299615294
7671 9.134928606937549e-05
7694 6.804811807694473e-05
7784 7.082295263288685e-05
7792 0.000101646679848061
7818 2.996997446737178e-05
7836 6.424444555902466e-05
7858 4.509923582401553e-05
7863 7.64676023536449e-05
7866 5.91933076971794e-05
7875 0.00030726931367955075
7890 9.233159952796689e-06
7891 6.932340577943291e-05
7892 0.0001002340757964429
7893 5.131853189681648e-05
7894 6.374802604546662e-05
7902 7.376538112671329e-05
7903 8.141235399539764e-05
7915 0.00018617626542465564
7960 9.954283828468142e-05
7995 9.134928606937549e-05
7998 0.00016251677649793962
8018 0.0001281179340087181
8054 2.9805618738211806e-05
8061 7.865323446718271e-05
8105 0.0001281179340087181
8125 0.00021605372159664503
8176 0.0002059351589452662
8186 9.252359415714085e-05
8234 4.8109734749355606e-05
8249 0.00023397347506023475
8250 0.0002875104201589402
8345 0.0002875104201589402
8367 0.0001786642827461757
8444 5.815485137703107e-05
8447 4.100899018649567e-05
8483 0.0001504088997800851
8486 0.00018418695135817993
8503 7.256700694753944e-05
8513 4.3335009582674306e-05
8516 8.024367862190805e-05
8517 0.00020019542348213994
8520 5.874554257904601e-05
8521 6.610917985376751e-05
8539 7.955569410086921e-05
8639 3.69498153124238e-05
8652 0.00010982004923951138
8666 0.0001128804268053397
8695 4.476354154013861e-05
8696 4.787143878550288e-05
8746 0.00011811516886331826
8756 9.372690041743856e-05
8757 9.818910047034337e-05
8841 0.0001275049519955334
8844 0.0001523982138465608
8871 7.025520142447097e-05
