90
77 8.691610145495967e-05
80 0.0001376235146469122
94 0.00016128300357362823
158 1.722259642893919e-05
163 4.4209139343250144e-05
171 0.00015139340654708521
276 4.8109734749355606e-05
277 5.502814824397996e-05
511 4.409901177660094e-05
521 6.165346047478709e-05
524 0.00013837905578907654
569 0.0001415241100530177
872 6.593667904531496e-05
891 5.757123449128065e-05
1126 4.895306850942043e-05
1135 0.00010774605847492284
1136 0.0001786642827461757
1469 6.358367031630664e-05
1508 0.00011198624708459517
1773 0.0001002340757964429
2319 0.0001228603508781383
2384 3.364472337590274e-05
2455 0.00010128967145643295
2563 2.4450245822639586e-05
2564 4.692973938522239e-05
2571 6.593667904531496e-05
2579 0.00013130412920165632
2586 9.502842032885344e-06
2955 4.7516165565500014e-05
3076 9.818910047034337e-05
3079 0.00011862016226846598
3134 0.0001228603508781383
3149 7.541048004377448e-05
3150 7.604199766141655e-05
3185 0.00010939812948263226
3419 0.00011712061541501202
3465 5.7716484755306535e-05
3926 0.00011110817958998604
3969 6.0101372993599195e-05
3970 6.663037655997976e-05
4005 9.222735356398462e-05
4314 3.1644758795232604e-05
4390 8.825864993225359e-05
4839 3.088397517794058e-05
4846 4.681329625334851e-05
4972 4.681329625334851e-05
5171 7.52017798211394e-05
5192 8.001326955199571e-05
5469 1.1433598200043818e-05
5588 6.913916575845257e-05
5593 0.0002059351589452662
5810 5.261121850249547e-05
5894 1.5848029138067838e-05
5896 1.6219082409210568e-05
6022 2.0770655001689466e-05
6084 7.843020694973282e-05
6085 0.00011862016226846598
6159 7.101368253390731e-05
6160 7.955569410086921e-05
6242 3.105201474962982e-05
6408 4.3989132524856074e-05
6413 9.590694438493474e-05
6467 4.669713069773751e-05
6468 4.669713069773751e-05
6528 0.00011913044365880717
6568 3.9584588186023764e-05
6569 4.981125419104163e-05
6675 5.7716484755306535e-05
6760 1.9892587507080337e-05
6833 2.7093186202753706e-05
6999 6.309390310328486e-05
7178 3.714017269315804e-05
7327 0.00011761535496899039
7373 7.27647006365303e-05
7858 4.509923582401553e-05
7863 7.64676023536449e-05
7886 7.910237522724487e-05
7890 9.233159952796689e-06
7894 6.374802604546662e-05
7902 7.376538112671329e-05
7903 8.141235399539764e-05
8109 8.285279662389543e-05
8116 0.00015447220461114937
8162 0.00013332088986277624
8234 4.8109734749355606e-05
8447 4.100899018649567e-05
8520 5.874554257904601e-05
8521 6.610917985376751e-05
8590 0.00013614669170503938
8608 0.0001677901789526326
