141
68 3.241760820520544e-05
143 0.00018617626542465564
145 5.786216925096193e-05
146 0.000101646679848061
158 1.722259642893919e-05
160 3.6009024944890365e-05
225 4.311890533715833e-05
344 9.164022082905678e-05
354 0.00021244233432427055
423 8.63892700805903e-05
430 2.1595466130645556e-05
511 4.409901177660094e-05
521 6.165346047478709e-05
1350 6.374802604546662e-05
1461 0.00014488623116808087
1469 6.358367031630664e-05
1500 0.00010310145735752775
1508 0.00011198624708459517
1566 0.00016920278300425065
1638 7.33626397641186e-05
1641 7.583058115843726e-05
1922 7.334292682143156e-06
1985 9.496067334174995e-05
2076 7.66818067754729e-05
2371 8.858094887998e-06
2384 3.364472337590274e-05
2391 2.4157123570420575e-05
2455 0.00010128967145643295
2493 2.5565430128539482e-05
2500 0.00015447220461114937
2504 0.00018418695135817993
2571 6.593667904531496e-05
2586 9.502842032885344e-06
2590 8.771718405598661e-05
2607 3.3290954653437934e-05
2612 8.001326955199571e-05
2874 0.0002059351589452662
2929 0.0001251273376474703
2930 0.0001523982138465608
2955 4.7516165565500014e-05
3100 0.00016920278300425065
3134 0.0001228603508781383
3212 7.356359438910525e-05
3214 8.001326955199571e-05
3226 8.164949036359771e-05
3269 0.00010310145735752775
3519 8.586807337437805e-05
3576 5.3536945098705395e-05
3743 3.233112827567267e-05
3746 1.903006184883404e-05
3766 5.131853189681648e-05
3782 0.00013614669170503938
3796 0.0001399262151792957
3907 0.00018227567001855016
3926 0.00011110817958998604
4099 0.0001147195668623605
4423 0.0001128804268053397
4467 5.5861184383926875e-05
4492 6.969398876306011e-05
4495 3.207260550754382e-05
4658 8.334256383691721e-05
4676 1.811794967986411e-05
4801 0.0001347133110905388
4834 1.7286007534181456e-05
4836 0.00018617626542465564
4911 6.341986704442123e-05
4913 6.457822376461287e-05
4914 6.542281037332744e-05
4972 4.681329625334851e-05
5369 7.562007790453742e-05
5371 0.0001300045474523503
5465 0.00026261715830791277
5469 1.1433598200043818e-05
5687 2.724862948448243e-05
5699 8.260974660633398e-05
5700 0.00010575674440844711
5701 0.00010575674440844711
5834 6.804811807694473e-05
5862 6.610917985376751e-05
5865 0.0001196461249524729
5894 1.5848029138067838e-05
5896 1.6219082409210568e-05
5907 0.0001786642827461757
5996 0.0001431761810607271
6022 2.0770655001689466e-05
6023 0.00016251677649793962
6084 7.843020694973282e-05
6085 0.00011862016226846598
6242 3.105201474962982e-05
6387 9.558947467904783e-05
6408 4.3989132524856074e-05
6414 0.00026261715830791277
6415 0.0002734912621014559
6467 4.669713069773751e-05
6468 4.669713069773751e-05
6540 6.040786096929821e-05
6600 0.00013065000625947455
6675 5.7716484755306535e-05
6689 7.376538112671329e-05
6760 1.9892587507080337e-05
6762 7.139739654402146e-05
6763 7.27647006365303e-05
6905 2.9805618738211806e-05
6919 7.3968006896828e-05
6920 9.403242760948e-05
6960 3.259102983841739e-05
6965 0.00013332088986277624
6992 4.787143878550288e-05
6995 7.843020694973282e-05
7067 3.508605365233e-05
7073 5.516600244482883e-05
7161 0.0001423431449207802
7162 0.00015447220461114937
7178 3.714017269315804e-05
7373 7.27647006365303e-05
7374 0.00010498321344481378
7375 0.00019268344080366
7468 0.00015775871449691997
7784 7.082295263288685e-05
7808 4.7398314413738584e-05
7818 2.996997446737178e-05
7858 4.509923582401553e-05
7863 7.64676023536449e-05
7890 9.233159952796689e-06
7891 6.932340577943291e-05
7894 6.374802604546662e-05
7902 7.376538112671329e-05
7903 8.141235399539764e-05
8009 2.7093186202753706e-05
8010 3.97855428110104e-05
8016 3.6571316885345003e-05
8109 8.285279662389543e-05
8116 0.00015447220461114937
8186 9.252359415714085e-05
8437 8.433711728522342e-05
8503 7.256700694753944e-05
8539 7.955569410086921e-05
8756 9.372690041743856e-05
8757 9.818910047034337e-05
8866 3.8493910507496085e-05
8871 7.025520142447097e-05
