303
15 6.0101372993599195e-05
138 5.5304247721948624e-05
139 0.00010897983139923425
158 1.722259642893919e-05
163 4.4209139343250144e-05
243 6.309390310328486e-05
290 5.516600244482883e-05
292 0.00014576429866269
295 6.969398876306011e-05
371 9.818910047034337e-05
412 6.391293797104737e-05
413 7.562007790453742e-05
423 8.63892700805903e-05
449 6.628229345501092e-05
463 2.104404381130732e-05
473 4.858985121920245e-05
480 6.877276232176413e-05
487 0.0001786642827461757
494 0.00010815385522706535
509 1.4811799641107606e-05
549 6.786862826996617e-05
575 8.825864993225359e-05
692 0.00015342417653056774
693 0.00019506105515172307
723 6.212889280683989e-05
726 6.4078409870285e-05
751 0.00011614595437539213
773 0.00011110817958998604
830 0.00021605372159664503
861 7.316251041712385e-05
884 0.00012936752625714268
886 0.0001677901789526326
909 0.00022883910672981793
941 9.719791862251607e-05
1070 0.00013130412920165632
1083 7.178415593526694e-05
1126 4.895306850942043e-05
1129 0.00017370426675739054
1135 0.00010774605847492284
1139 0.0001415241100530177
1140 3.8493910507496085e-05
1144 0.0001523982138465608
1145 9.920086195142229e-05
1174 0.00018418695135817993
1216 4.5550455969092306e-05
1234 2.8271279696782107e-05
1265 6.576478670658657e-05
1306 4.5550455969092306e-05
1312 0.00011243128604527755
1334 9.886126874785542e-05
1339 0.0001399262151792957
1365 6.733409171295719e-05
1576 0.0001376235146469122
1593 0.00018617626542465564
1594 0.000126899584862824
1658 0.00010654275221462514
1706 3.382257549850835e-05
1713 4.787143878550288e-05
1777 4.871062309639001e-05
1779 0.00011333374567896404
1834 0.00014849761844045535
1877 0.00016251677649793962
1922 7.334292682143156e-06
1948 0.0001523982138465608
1949 0.00012571095453322076
2042 8.383730339089555e-05
2118 6.715720793434914e-05
2126 0.0001300045474523503
2128 0.0002734912621014559
2167 8.744869066327002e-05
2170 0.00020019542348213994
2228 0.0002462203859023654
2371 8.858094887998e-06
2377 0.0001228603508781383
2384 3.364472337590274e-05
2389 8.070779096331723e-05
2455 0.00010128967145643295
2462 0.00011712061541501202
2503 0.00015342417653056774
2532 0.00015554326811050196
2550 5.3403616896513294e-05
2563 2.4450245822639586e-05
2575 0.00012016732165868515
2576 0.0001786642827461757
2582 7.458098891001271e-05
2586 9.502842032885344e-06
2587 0.00014944388948364012
2597 0.0002462203859023654
2598 0.0002537323685808453
2604 0.00020019542348213994
2607 3.3290954653437934e-05
2612 8.001326955199571e-05
2613 0.00015554326811050196
2616 0.00019506105515172307
2638 0.00012176521653240713
2640 0.00016128300357362823
2673 0.00014849761844045535
2772 0.00011067500849334801
2778 0.00030726931367955075
2780 9.342327683396404e-05
2781 9.68719546813797e-05
2817 0.0001275049519955334
2819 0.0001423431449207802
2827 0.0001196461249524729
2830 8.285279662389543e-05
2836 0.00019756065060853997
2838 0.00026261715830791277
2896 0.00011379132113009053
2955 4.7516165565500014e-05
3069 0.00013196715204843822
3103 0.00012122674224136485
3173 0.0002734912621014559
3284 0.00019756065060853997
3308 0.00012571095453322076
3340 0.00017370426675739054
3354 0.00016508218077975113
3368 0.00010058340652177312
3370 0.00011811516886331826
3372 6.542281037332744e-05
3375 0.00010236864012694453
3413 8.001326955199571e-05
3465 5.7716484755306535e-05
3572 5.234992335902794e-05
3605 5.380470086849468e-05
3627 6.491430390704548e-05
3628 7.733012801189119e-05
3642 0.00013542473142615584
3657 4.716346370617082e-05
3664 0.0001431761810607271
3696 0.0001391464957049546
3723 6.859058854884968e-05
3746 1.903006184883404e-05
3766 5.131853189681648e-05
3786 0.00010058340652177312
3832 3.3290954653437934e-05
3875 3.285232498188492e-05
3890 0.00016007969731333051
3891 8.334256383691721e-05
3926 0.00011110817958998604
3932 4.895306850942043e-05
3951 9.920086195142229e-05
3954 0.00010774605847492284
3969 6.0101372993599195e-05
3970 6.663037655997976e-05
3993 0.00018617626542465564
4082 0.0002734912621014559
4108 9.654815662959692e-05
4158 0.00011519040557349246
4220 4.3879500470736716e-05
4243 0.00014665847838343454
4247 4.846937791309118e-05
4363 7.025520142447097e-05
4388 0.0001415241100530177
4399 9.282164663063054e-05
4431 0.00013196715204843822
4432 6.4078409870285e-05
4453 3.6854914742017664e-05
4467 5.5861184383926875e-05
4481 9.282164663063054e-05
4486 0.00012571095453322076
4495 3.207260550754382e-05
4499 9.312153328472917e-05
4502 6.424444555902466e-05
4503 7.798719092134497e-05
4516 0.00011663084820199027
4519 0.00010128967145643295
4533 5.685140711216779e-05
4543 0.0002537323685808453
4551 0.00017065756051371745
4652 4.476354154013861e-05
4654 0.0001523982138465608
4676 1.811794967986411e-05
4679 0.00012122674224136485
4759 5.0810908270240366e-05
4760 0.0001347133110905388
4864 0.00016920278300425065
4933 2.564069103539461e-05
4944 0.0002875104201589402
4946 0.00021605372159664503
4972 4.681329625334851e-05
5022 0.00020908021320920737
5044 0.00010058340652177312
5055 0.00013065000625947455
5056 0.00013614669170503938
5161 5.502814824397996e-05
5162 5.6001418804450566e-05
5164 0.00019506105515172307
5177 6.196989942762013e-05
5217 7.159039254876493e-05
5219 0.00014071861357331354
5222 2.3001954162320978e-05
5242 6.786862826996617e-05
5378 0.00010347204034115494
5385 0.00011519040557349246
5427 3.490353872923123e-05
5469 1.1433598200043818e-05
5481 6.576478670658657e-05
5483 0.00020019542348213994
5509 8.935997200289977e-05
5580 0.0001431761810607271
5581 0.00014488623116808087
5588 6.913916575845257e-05
5595 0.00019268344080366
5764 0.0002875104201589402
5834 6.804811807694473e-05
5862 6.610917985376751e-05
5863 0.00021244233432427055
5894 1.5848029138067838e-05
5896 1.6219082409210568e-05
5988 7.044371782011974e-05
6000 3.4631041686461846e-05
6011 0.0001786642827461757
6014 9.818910047034337e-05
6197 5.5304247721948624e-05
6254 8.141235399539764e-05
6258 0.00021244233432427055
6302 8.509658347491132e-05
6306 0.00011425323385392718
6321 0.00020298083458234552
6328 9.920086195142229e-05
6400 0.00016920278300425065
6401 0.00019756065060853997
6408 4.3989132524856074e-05
6429 5.815485137703107e-05
6434 0.00014576429866269
6452 8.63892700805903e-05
6478 0.00016920278300425065
6506 8.88061998220748e-05
6589 5.9343481706634316e-05
6595 7.66818067754729e-05
6682 6.698096388147314e-05
6687 6.196989942762013e-05
6689 7.376538112671329e-05
6712 6.025437603138515e-05
6760 1.9892587507080337e-05
6885 5.131853189681648e-05
6893 9.252359415714085e-05
6894 9.252359415714085e-05
6977 0.00015342417653056774
6992 4.787143878550288e-05
6995 7.843020694973282e-05
7003 8.771718405598661e-05
7014 0.00019268344080366
7015 0.00020908021320920737
7034 0.0001786642827461757
7103 0.0002059351589452662
7165 6.628229345501092e-05
7167 0.00011243128604527755
7171 0.00012341728754011654
7233 0.00017370426675739054
7321 3.8200641252257444e-05
7339 0.0001504088997800851
7346 8.070779096331723e-05
7444 9.886126874785542e-05
7447 0.00012176521653240713
7476 8.117636599183342e-05
7480 9.252359415714085e-05
7482 2.5340342303404983e-05
7483 2.8590308184836374e-05
7494 0.00010694056199521868
7538 0.00023971321052336105
7560 0.00014849761844045535
7577 8.853165584237468e-05
7578 8.88061998220748e-05
7627 7.887728740211037e-05
7632 0.00016251677649793962
7710 0.00014488623116808087
7715 0.00014071861357331354
7716 0.00020298083458234552
7775 0.00010536844412685977
7818 2.996997446737178e-05
7827 0.00015775871449691997
7858 4.509923582401553e-05
7861 0.00013263932032595027
7863 7.64676023536449e-05
7890 9.233159952796689e-06
7911 0.00010774605847492284
7912 0.00011761535496899039
7938 4.907474504580058e-05
7942 9.134928606937549e-05
8009 2.7093186202753706e-05
8010 3.97855428110104e-05
8016 3.6571316885345003e-05
8137 8.63892700805903e-05
8144 1.8182537399726556e-05
8158 0.00010939812948263226
8349 4.919672615455441e-05
8474 8.408656954820681e-05
8496 0.00017695423263882194
8503 7.256700694753944e-05
8520 5.874554257904601e-05
8521 6.610917985376751e-05
8539 7.955569410086921e-05
8559 0.00011379132113009053
8678 4.409901177660094e-05
8679 0.0002462203859023654
8695 4.476354154013861e-05
8696 4.787143878550288e-05
8717 9.106007793564448e-05
8718 9.403242760948e-05
8813 4.431951634967444e-05
8814 9.988723143186235e-05
8866 3.8493910507496085e-05
