224
15 6.0101372993599195e-05
44 0.00010575674440844711
58 3.9886331735258645e-05
68 3.241760820520544e-05
69 0.00010460100421098168
92 0.00010774605847492284
93 0.00010982004923951138
196 8.935997200289977e-05
200 0.00016920278300425065
208 0.00013614669170503938
209 0.00013687950893562258
213 0.00021244233432427055
243 6.309390310328486e-05
278 5.558192042480493e-05
281 0.00014665847838343454
303 0.00018227567001855016
310 8.408656954820681e-05
311 0.00012016732165868515
375 8.334256383691721e-05
397 0.00013614669170503938
398 0.0002734912621014559
412 6.391293797104737e-05
430 2.1595466130645556e-05
458 0.00011198624708459517
463 2.104404381130732e-05
509 1.4811799641107606e-05
549 6.786862826996617e-05
550 0.0001804365299615294
765 7.499396958083494e-05
855 9.464928935894339e-05
956 0.0001523982138465608
1111 9.886126874785542e-05
1234 2.8271279696782107e-05
1265 6.576478670658657e-05
1269 8.433711728522342e-05
1306 4.5550455969092306e-05
1310 8.285279662389543e-05
1350 6.374802604546662e-05
1389 0.00017370426675739054
1485 0.00022419450561242282
1569 9.920086195142229e-05
1583 8.88061998220748e-05
1587 9.954283828468142e-05
1589 0.00015890538922556517
1693 0.0001281179340087181
1722 8.117636599183342e-05
1848 6.508321716976057e-05
1922 7.334292682143156e-06
1929 4.2158123180710165e-05
1931 7.754816608258265e-05
1932 0.0001275049519955334
1934 0.00021605372159664503
2040 4.7398314413738584e-05
2188 0.0002199543170027505
2371 8.858094887998e-06
2384 3.364472337590274e-05
2398 0.0001027336712532598
2399 0.000126899584862824
2400 0.0002199543170027505
2439 5.502814824397996e-05
2523 0.0001504088997800851
2526 8.070779096331723e-05
2563 2.4450245822639586e-05
2586 9.502842032885344e-06
2587 0.00014944388948364012
2607 3.3290954653437934e-05
2633 0.0002199543170027505
2660 0.00015775871449691997
2714 8.691610145495967e-05
2817 0.0001275049519955334
2821 0.0002875104201589402
2873 0.00018418695135817993
2894 0.00013130412920165632
3060 0.0002875104201589402
3069 0.00013196715204843822
3070 0.0001399262151792957
3104 0.00010939812948263226
3122 0.00018825025618924418
3228 4.566391685271689e-05
3229 4.669713069773751e-05
3230 4.692973938522239e-05
3330 0.00020019542348213994
3372 6.542281037332744e-05
3387 0.00019041645403432799
3596 8.285279662389543e-05
3605 5.380470086849468e-05
3610 0.00018418695135817993
3627 6.491430390704548e-05
3628 7.733012801189119e-05
3657 4.716346370617082e-05
3714 0.00022883910672981793
3715 0.0002462203859023654
3719 2.489326185102742e-05
3724 5.7716484755306535e-05
3731 5.3138049876864844e-05
3746 1.903006184883404e-05
3932 4.895306850942043e-05
3939 0.00018418695135817993
4046 9.312153328472917e-05
4056 0.00013401212737453773
4094 0.00010694056199521868
4143 0.0001376235146469122
4144 0.00013837905578907654
4213 0.00019506105515172307
4290 5.656642719180506e-05
4296 9.527405980765772e-05
4314 3.1644758795232604e-05
4315 7.256700694753944e-05
4345 5.131853189681648e-05
4348 8.212725328354177e-05
4381 4.3226837668107787e-05
4382 6.14960082295629e-05
4386 0.00016007969731333051
4390 8.825864993225359e-05
4398 6.325661252824365e-05
4402 6.950834500520415e-05
4403 0.0002537323685808453
4406 6.508321716976057e-05
4408 0.00013687950893562258
4423 0.0001128804268053397
4492 6.969398876306011e-05
4495 3.207260550754382e-05
4676 1.811794967986411e-05
4681 0.0002059351589452662
4699 3.676019862375966e-05
4821 8.691610145495967e-05
4822 0.00017695423263882194
4878 6.969398876306011e-05
4888 0.00019756065060853997
4933 2.564069103539461e-05
4942 6.804811807694473e-05
5016 8.117636599183342e-05
5024 6.025437603138515e-05
5029 0.00016007969731333051
5043 0.00010422176939821458
5161 5.502814824397996e-05
5162 5.6001418804450566e-05
5222 2.3001954162320978e-05
5236 0.00010200632301179658
5254 5.9796800580258657e-05
5379 2.541525611908456e-05
5380 3.8298201700263376e-05
5395 3.215862746722012e-05
5427 3.490353872923123e-05
5439 8.024367862190805e-05
5440 8.586807337437805e-05
5448 9.954283828468142e-05
5451 0.00019506105515172307
5469 1.1433598200043818e-05
5550 4.944160821510571e-05
5588 6.913916575845257e-05
5594 0.0001677901789526326
5622 6.733409171295719e-05
5734 0.0001391464957049546
5735 0.0001504088997800851
5868 7.256700694753944e-05
5888 8.358930576913648e-05
5891 0.00010310145735752775
5893 0.0002462203859023654
5909 6.663037655997976e-05
5934 5.434466680855229e-05
5938 5.91933076971794e-05
5984 3.088397517794058e-05
5985 7.52017798211394e-05
5987 7.798719092134497e-05
5988 7.044371782011974e-05
5989 0.00013130412920165632
6000 3.4631041686461846e-05
6022 2.0770655001689466e-05
6084 7.843020694973282e-05
6087 0.00010236864012694453
6193 0.00010694056199521868
6218 9.464928935894339e-05
6227 0.00010536844412685977
6264 4.7398314413738584e-05
6388 0.0001664173719040451
6408 4.3989132524856074e-05
6413 9.590694438493474e-05
6465 0.00015663840245623315
6490 2.724862948448243e-05
6491 7.604199766141655e-05
6507 6.212889280683989e-05
6566 7.082295263288685e-05
6589 5.9343481706634316e-05
6602 0.0001300045474523503
6661 5.889434094657216e-05
6675 5.7716484755306535e-05
6706 7.910237522724487e-05
6712 6.025437603138515e-05
6724 0.00012936752625714268
6789 4.7516165565500014e-05
6796 8.260974660633398e-05
6836 0.00013614669170503938
6978 0.00013687950893562258
7003 8.771718405598661e-05
7091 9.464928935894339e-05
7165 6.628229345501092e-05
7178 3.714017269315804e-05
7384 0.0001399262151792957
7392 5.274239335290522e-05
7444 9.886126874785542e-05
7447 0.00012176521653240713
7775 0.00010536844412685977
7818 2.996997446737178e-05
7866 5.91933076971794e-05
7890 9.233159952796689e-06
7891 6.932340577943291e-05
7904 6.056183085252843e-05
7958 9.496067334174995e-05
8016 3.6571316885345003e-05
8043 0.00020908021320920737
8105 0.0001281179340087181
8204 5.1064059112276297e-05
8234 4.8109734749355606e-05
8240 0.0002734912621014559
8442 8.001326955199571e-05
8468 0.00016508218077975113
8513 4.3335009582674306e-05
8533 0.00013687950893562258
8559 0.00011379132113009053
8582 0.00010774605847492284
8583 0.00015890538922556517
8600 8.383730339089555e-05
8866 3.8493910507496085e-05
