216
14 0.0001275049519955334
58 3.9886331735258645e-05
68 3.241760820520544e-05
69 0.00010460100421098168
125 0.00015554326811050196
129 0.0001786642827461757
132 8.334256383691721e-05
137 0.00015342417653056774
145 5.786216925096193e-05
158 1.722259642893919e-05
225 4.311890533715833e-05
226 0.00011712061541501202
290 5.516600244482883e-05
311 0.00012016732165868515
328 5.502814824397996e-05
375 8.334256383691721e-05
463 2.104404381130732e-05
509 1.4811799641107606e-05
545 0.0001300045474523503
546 0.00013263932032595027
695 0.00011519040557349246
696 0.00017215710736717137
800 0.00011154523568104574
910 0.0002462203859023654
914 0.00018227567001855016
941 9.719791862251607e-05
1140 3.8493910507496085e-05
1145 9.920086195142229e-05
1152 0.0001677901789526326
1153 0.00017695423263882194
1234 2.8271279696782107e-05
1246 0.00014071861357331354
1247 0.0001431761810607271
1254 8.96392359620217e-05
1382 0.00011862016226846598
1383 0.0002462203859023654
1408 0.00019041645403432799
1436 0.00018825025618924418
1487 0.00018825025618924418
1488 0.00019506105515172307
1531 0.0001664173719040451
1532 0.00018825025618924418
1638 7.33626397641186e-05
1641 7.583058115843726e-05
1717 0.0001251273376474703
1718 0.00016128300357362823
1722 8.117636599183342e-05
1828 0.00016128300357362823
1918 0.0001376235146469122
1922 7.334292682143156e-06
1956 0.0001128804268053397
1981 9.920086195142229e-05
2124 0.00011663084820199027
2255 0.00014849761844045535
2371 8.858094887998e-06
2391 2.4157123570420575e-05
2392 0.0001281179340087181
2435 0.0002462203859023654
2550 5.3403616896513294e-05
2563 2.4450245822639586e-05
2571 6.593667904531496e-05
2578 0.0002875104201589402
2658 0.0002875104201589402
2714 8.691610145495967e-05
2732 0.00012069415303305452
2776 9.222735356398462e-05
2801 0.00021605372159664503
2802 0.0002199543170027505
2834 0.00014849761844045535
2843 7.33626397641186e-05
2852 0.0002059351589452662
2874 0.0002059351589452662
2887 0.0002875104201589402
3014 0.0001263016457352357
3047 0.0001786642827461757
3064 0.00016128300357362823
3206 0.0001753021616311125
3249 0.00012016732165868515
3303 0.00010058340652177312
3305 0.0002199543170027505
3409 8.458895984833521e-05
3530 0.0001786642827461757
3572 5.234992335902794e-05
3719 2.489326185102742e-05
3724 5.7716484755306535e-05
3766 5.131853189681648e-05
3832 3.3290954653437934e-05
3840 0.00010774605847492284
3875 3.285232498188492e-05
3887 5.5861184383926875e-05
4132 0.00018825025618924418
4163 0.00017695423263882194
4198 0.00013332088986277624
4219 0.0002734912621014559
4308 7.955569410086921e-05
4314 3.1644758795232604e-05
4329 3.676019862375966e-05
4345 5.131853189681648e-05
4348 8.212725328354177e-05
4375 7.541048004377448e-05
4457 0.00010058340652177312
4471 0.00017065756051371745
4492 6.969398876306011e-05
4565 0.00013837905578907654
4577 3.9085797470059324e-05
4659 6.610917985376751e-05
4676 1.811794967986411e-05
4699 3.676019862375966e-05
4700 0.00017065756051371745
4759 5.0810908270240366e-05
4760 0.0001347133110905388
4806 0.00020908021320920737
4807 0.00026261715830791277
4821 8.691610145495967e-05
4823 0.0001786642827461757
4834 1.7286007534181456e-05
5016 8.117636599183342e-05
5024 6.025437603138515e-05
5031 6.913916575845257e-05
5192 8.001326955199571e-05
5242 6.786862826996617e-05
5250 0.00023397347506023475
5251 0.00023971321052336105
5362 0.00017370426675739054
5363 0.00021244233432427055
5369 7.562007790453742e-05
5395 3.215862746722012e-05
5405 0.00019506105515172307
5427 3.490353872923123e-05
5430 6.441104889224853e-05
5588 6.913916575845257e-05
5644 7.711306116076915e-05
5652 0.00014576429866269
5687 2.724862948448243e-05
5711 0.00020019542348213994
5716 0.00015775871449691997
5738 9.19329029551259e-05
5739 0.0001281179340087181
5744 0.00015890538922556517
5810 5.261121850249547e-05
5822 9.134928606937549e-05
5975 0.00010460100421098168
6022 2.0770655001689466e-05
6033 0.00011519040557349246
6195 9.622649587425546e-05
6196 0.0001753021616311125
6208 0.0001228603508781383
6209 0.0001804365299615294
6214 0.0001664173719040451
6242 3.105201474962982e-05
6246 0.00010128967145643295
6251 0.0001228603508781383
6264 4.7398314413738584e-05
6353 0.0002875104201589402
6577 0.00010897983139923425
6593 7.754816608258265e-05
6619 5.7716484755306535e-05
6650 9.785646144837983e-05
6661 5.889434094657216e-05
6682 6.698096388147314e-05
6702 0.0001440237055098346
6725 8.458895984833521e-05
6727 8.612797493712278e-05
6728 9.527405980765772e-05
6730 0.00013065000625947455
6756 0.00017695423263882194
6760 1.9892587507080337e-05
6784 9.68719546813797e-05
6787 0.0001753021616311125
6833 2.7093186202753706e-05
7156 0.0001475693727081854
7157 0.00014849761844045535
7161 0.0001423431449207802
7174 7.256700694753944e-05
7211 0.00010498321344481378
7243 0.00013687950893562258
7332 0.00023971321052336105
7359 0.00016378259903044513
7361 0.00019506105515172307
7476 8.117636599183342e-05
7480 9.252359415714085e-05
7600 0.00022883910672981793
7704 0.00014576429866269
7706 0.00021605372159664503
7818 2.996997446737178e-05
7890 9.233159952796689e-06
7938 4.907474504580058e-05
7942 9.134928606937549e-05
7943 7.64676023536449e-05
8009 2.7093186202753706e-05
8010 3.97855428110104e-05
8016 3.6571316885345003e-05
8061 7.865323446718271e-05
8084 0.00011333374567896404
8086 0.00014944388948364012
8144 1.8182537399726556e-05
8150 0.00012176521653240713
8174 0.00016508218077975113
8193 0.00023397347506023475
8194 0.00030726931367955075
8213 0.0001376235146469122
8223 0.00023971321052336105
8234 4.8109734749355606e-05
8437 8.433711728522342e-05
8447 4.100899018649567e-05
8633 5.949411993323993e-05
8638 6.491430390704548e-05
8693 8.484211069037113e-05
8694 8.88061998220748e-05
8695 4.476354154013861e-05
8696 4.787143878550288e-05
8824 0.00011712061541501202
8845 0.0001431761810607271
8866 3.8493910507496085e-05
8874 0.0001786642827461757
8875 0.0001804365299615294
