218
52 9.785646144837983e-05
58 3.9886331735258645e-05
62 0.00014576429866269
68 3.241760820520544e-05
72 0.00013837905578907654
77 8.691610145495967e-05
80 0.0001376235146469122
109 0.00011913044365880717
158 1.722259642893919e-05
160 3.6009024944890365e-05
238 0.00012176521653240713
239 0.00018825025618924418
276 4.8109734749355606e-05
277 5.502814824397996e-05
328 5.502814824397996e-05
329 0.00019756065060853997
393 0.00015139340654708521
443 5.859719717528758e-05
463 2.104404381130732e-05
509 1.4811799641107606e-05
524 0.00013837905578907654
723 6.212889280683989e-05
725 0.00019268344080366
726 6.4078409870285e-05
814 0.00014488623116808087
941 9.719791862251607e-05
945 0.00023397347506023475
955 0.00020908021320920737
1041 0.00010734164596720007
1126 4.895306850942043e-05
1130 8.665197383001834e-05
1132 0.0001786642827461757
1135 0.00010774605847492284
1139 0.0001415241100530177
1177 0.00010347204034115494
1179 0.0002734912621014559
1216 4.5550455969092306e-05
1334 9.886126874785542e-05
1339 0.0001399262151792957
1511 9.312153328472917e-05
1555 0.00015139340654708521
1593 0.00018617626542465564
1671 7.64676023536449e-05
1706 3.382257549850835e-05
1712 0.0001677901789526326
1777 4.871062309639001e-05
1779 0.00011333374567896404
1785 0.00010734164596720007
1877 0.00016251677649793962
1922 7.334292682143156e-06
2040 4.7398314413738584e-05
2042 8.383730339089555e-05
2054 0.00015447220461114937
2148 8.383730339089555e-05
2149 8.408656954820681e-05
2151 0.00011566583790554528
2167 8.744869066327002e-05
2184 0.00013130412920165632
2242 0.00013614669170503938
2299 0.00010982004923951138
2300 0.00011024565393173974
2319 0.0001228603508781383
2402 8.825864993225359e-05
2485 0.00013542473142615584
2486 0.0001504088997800851
2550 5.3403616896513294e-05
2563 2.4450245822639586e-05
2564 4.692973938522239e-05
2575 0.00012016732165868515
2582 7.458098891001271e-05
2586 9.502842032885344e-06
2607 3.3290954653437934e-05
2718 8.88061998220748e-05
2721 0.0001475693727081854
2722 0.00014944388948364012
2725 0.00010536844412685977
2726 0.0002059351589452662
2780 9.342327683396404e-05
2781 9.68719546813797e-05
3020 0.00015663840245623315
3022 0.00023971321052336105
3192 0.0002537323685808453
3214 8.001326955199571e-05
3321 0.00011761535496899039
3490 0.0001245506276326127
3492 0.00017370426675739054
3586 6.228840662358072e-05
3696 0.0001391464957049546
3719 2.489326185102742e-05
3731 5.3138049876864844e-05
3732 0.00010654275221462514
3733 0.0001128804268053397
3743 3.233112827567267e-05
3746 1.903006184883404e-05
3819 6.424444555902466e-05
3832 3.3290954653437934e-05
3847 0.0001677901789526326
3887 5.5861184383926875e-05
3890 0.00016007969731333051
3929 0.00015663840245623315
3930 0.00020908021320920737
3996 7.417147870601431e-05
4105 9.988723143186235e-05
4158 0.00011519040557349246
4189 4.981125419104163e-05
4190 0.00019756065060853997
4220 4.3879500470736716e-05
4247 4.846937791309118e-05
4249 0.00013542473142615584
4290 5.656642719180506e-05
4291 7.843020694973282e-05
4292 0.00011110817958998604
4308 7.955569410086921e-05
4372 0.00018825025618924418
4398 6.325661252824365e-05
4406 6.508321716976057e-05
4411 0.0001504088997800851
4412 0.00019756065060853997
4453 3.6854914742017664e-05
4467 5.5861184383926875e-05
4468 0.0002875104201589402
4676 1.811794967986411e-05
4686 0.0001804365299615294
4759 5.0810908270240366e-05
4839 3.088397517794058e-05
4846 4.681329625334851e-05
4933 2.564069103539461e-05
4981 0.00016508218077975113
5024 6.025437603138515e-05
5031 6.913916575845257e-05
5044 0.00010058340652177312
5109 0.00020298083458234552
5191 0.00014849761844045535
5222 2.3001954162320978e-05
5228 4.931901336427842e-05
5242 6.786862826996617e-05
5379 2.541525611908456e-05
5380 3.8298201700263376e-05
5395 3.215862746722012e-05
5404 0.0002875104201589402
5434 7.159039254876493e-05
5469 1.1433598200043818e-05
5550 4.944160821510571e-05
5797 5.544288630052885e-05
5806 7.910237522724487e-05
5840 0.00012230970742046953
5858 6.663037655997976e-05
5862 6.610917985376751e-05
5894 1.5848029138067838e-05
5896 1.6219082409210568e-05
6000 3.4631041686461846e-05
6014 9.818910047034337e-05
6022 2.0770655001689466e-05
6033 0.00011519040557349246
6064 0.00010498321344481378
6067 0.00016378259903044513
6069 0.0001786642827461757
6159 7.101368253390731e-05
6173 0.00013196715204843822
6242 3.105201474962982e-05
6251 0.0001228603508781383
6328 9.920086195142229e-05
6352 0.00011519040557349246
6480 0.00014488623116808087
6506 8.88061998220748e-05
6568 3.9584588186023764e-05
6569 4.981125419104163e-05
6589 5.9343481706634316e-05
6613 0.00014944388948364012
6619 5.7716484755306535e-05
6620 0.0001281179340087181
6621 0.0001399262151792957
6622 0.00014576429866269
6666 0.0002199543170027505
6667 0.00012069415303305452
6668 0.00017695423263882194
6760 1.9892587507080337e-05
6905 2.9805618738211806e-05
6929 5.904359505253569e-05
6960 3.259102983841739e-05
6961 0.0001423431449207802
7003 8.771718405598661e-05
7091 9.464928935894339e-05
7094 0.0002059351589452662
7139 6.196989942762013e-05
7142 0.00015139340654708521
7143 0.0001523982138465608
7215 0.00015139340654708521
7321 3.8200641252257444e-05
7406 6.698096388147314e-05
7408 8.691610145495967e-05
7414 0.00010460100421098168
7450 0.00012936752625714268
7451 0.0001300045474523503
7482 2.5340342303404983e-05
7483 2.8590308184836374e-05
7558 0.00013614669170503938
7784 7.082295263288685e-05
7884 0.00010982004923951138
7886 7.910237522724487e-05
7911 0.00010774605847492284
7912 0.00011761535496899039
7938 4.907474504580058e-05
7943 7.64676023536449e-05
8009 2.7093186202753706e-05
8010 3.97855428110104e-05
8042 6.663037655997976e-05
8068 0.00011379132113009053
8088 8.509658347491132e-05
8089 0.00019268344080366
8346 0.0001399262151792957
8349 4.919672615455441e-05
8399 0.0002537323685808453
8447 4.100899018649567e-05
8458 0.00022419450561242282
8624 0.0001677901789526326
8695 4.476354154013861e-05
8696 4.787143878550288e-05
