224
15 6.0101372993599195e-05
58 3.9886331735258645e-05
132 8.334256383691721e-05
137 0.00015342417653056774
158 1.722259642893919e-05
225 4.311890533715833e-05
226 0.00011712061541501202
290 5.516600244482883e-05
295 6.969398876306011e-05
311 0.00012016732165868515
443 5.859719717528758e-05
463 2.104404381130732e-05
545 0.0001300045474523503
546 0.00013263932032595027
621 0.00011110817958998604
730 0.00023971321052336105
753 9.752607762356147e-05
757 0.00010815385522706535
825 0.00018617626542465564
941 9.719791862251607e-05
1011 8.56095506062492e-05
1140 3.8493910507496085e-05
1152 0.0001677901789526326
1153 0.00017695423263882194
1194 0.0001027336712532598
1234 2.8271279696782107e-05
1246 0.00014071861357331354
1247 0.0001431761810607271
1382 0.00011862016226846598
1383 0.0002462203859023654
1418 6.424444555902466e-05
1487 0.00018825025618924418
1488 0.00019506105515172307
1559 0.00011425323385392718
1576 0.0001376235146469122
1604 0.0001804365299615294
1671 7.64676023536449e-05
1848 6.508321716976057e-05
1922 7.334292682143156e-06
1956 0.0001128804268053397
1984 0.00010734164596720007
2073 0.00010939812948263226
2371 8.858094887998e-06
2493 2.5565430128539482e-05
2578 0.0002875104201589402
2580 8.992010952057247e-05
2586 9.502842032885344e-06
2607 3.3290954653437934e-05
2612 8.001326955199571e-05
2626 0.0001287387249198448
2732 0.00012069415303305452
2767 0.00017215710736717137
2783 8.718166847460814e-05
2785 0.00010856509334268535
2786 0.0001399262151792957
2797 0.00010347204034115494
2801 0.00021605372159664503
2802 0.0002199543170027505
2810 0.00020298083458234552
2830 8.285279662389543e-05
2831 0.00020908021320920737
2843 7.33626397641186e-05
2853 0.0002734912621014559
2945 0.0001196461249524729
2958 6.950834500520415e-05
2961 0.00020908021320920737
3014 0.0001263016457352357
3050 5.1064059112276297e-05
3051 7.910237522724487e-05
3103 0.00012122674224136485
3112 0.0001440237055098346
3214 8.001326955199571e-05
3226 8.164949036359771e-05
3249 0.00012016732165868515
3395 7.541048004377448e-05
3401 0.0001504088997800851
3572 5.234992335902794e-05
3586 6.228840662358072e-05
3596 8.285279662389543e-05
3627 6.491430390704548e-05
3628 7.733012801189119e-05
3719 2.489326185102742e-05
3724 5.7716484755306535e-05
3727 6.424444555902466e-05
3832 3.3290954653437934e-05
3875 3.285232498188492e-05
3887 5.5861184383926875e-05
3891 8.334256383691721e-05
3892 0.00011110817958998604
4132 0.00018825025618924418
4163 0.00017695423263882194
4189 4.981125419104163e-05
4224 8.236790279729728e-05
4225 0.00010897983139923425
4308 7.955569410086921e-05
4375 7.541048004377448e-05
4398 6.325661252824365e-05
4453 3.6854914742017664e-05
4492 6.969398876306011e-05
4533 5.685140711216779e-05
4563 4.728074758348793e-05
4564 0.0001664173719040451
4565 0.00013837905578907654
4566 9.68719546813797e-05
4659 6.610917985376751e-05
4676 1.811794967986411e-05
4679 0.00012122674224136485
4759 5.0810908270240366e-05
4760 0.0001347133110905388
4818 9.048676041112919e-05
4834 1.7286007534181456e-05
4878 6.969398876306011e-05
4885 0.0001027336712532598
4893 0.00016378259903044513
4981 0.00016508218077975113
5016 8.117636599183342e-05
5242 6.786862826996617e-05
5250 0.00023397347506023475
5251 0.00023971321052336105
5395 3.215862746722012e-05
5427 3.490353872923123e-05
5430 6.441104889224853e-05
5527 0.00030726931367955075
5570 0.0001347133110905388
5644 7.711306116076915e-05
5652 0.00014576429866269
5687 2.724862948448243e-05
5738 9.19329029551259e-05
5739 0.0001281179340087181
5797 5.544288630052885e-05
5822 9.134928606937549e-05
5854 7.178415593526694e-05
5988 7.044371782011974e-05
5989 0.00013130412920165632
6022 2.0770655001689466e-05
6030 0.0001391464957049546
6195 9.622649587425546e-05
6196 0.0001753021616311125
6197 5.5304247721948624e-05
6199 0.0001251273376474703
6208 0.0001228603508781383
6209 0.0001804365299615294
6242 3.105201474962982e-05
6246 0.00010128967145643295
6345 0.0001251273376474703
6408 4.3989132524856074e-05
6417 9.954283828468142e-05
6420 0.00013837905578907654
6528 0.00011913044365880717
6536 7.499396958083494e-05
6577 0.00010897983139923425
6578 6.025437603138515e-05
6619 5.7716484755306535e-05
6684 0.0001251273376474703
6760 1.9892587507080337e-05
6784 9.68719546813797e-05
6787 0.0001753021616311125
6833 2.7093186202753706e-05
6905 2.9805618738211806e-05
6908 8.935997200289977e-05
6930 0.0001391464957049546
6956 0.00014944388948364012
6957 0.0001664173719040451
6992 4.787143878550288e-05
6999 6.309390310328486e-05
7003 8.771718405598661e-05
7009 0.00017370426675739054
7165 6.628229345501092e-05
7167 0.00011243128604527755
7171 0.00012341728754011654
7189 0.00016920278300425065
7211 0.00010498321344481378
7358 0.00019506105515172307
7392 5.274239335290522e-05
7476 8.117636599183342e-05
7480 9.252359415714085e-05
7503 3.173002815645075e-05
7540 0.0002059351589452662
7718 9.527405980765772e-05
7818 2.996997446737178e-05
7890 9.233159952796689e-06
7938 4.907474504580058e-05
7942 9.134928606937549e-05
7943 7.64676023536449e-05
7981 6.950834500520415e-05
7987 7.843020694973282e-05
7995 9.134928606937549e-05
7997 0.00022883910672981793
8009 2.7093186202753706e-05
8024 0.00014488623116808087
8031 5.5721352358276173e-05
8032 6.056183085252843e-05
8069 5.287392225192349e-05
8084 0.00011333374567896404
8086 0.00014944388948364012
8096 0.00013065000625947455
8144 1.8182537399726556e-05
8150 0.00012176521653240713
8204 5.1064059112276297e-05
8213 0.0001376235146469122
8223 0.00023971321052336105
8234 4.8109734749355606e-05
8503 7.256700694753944e-05
8531 9.752607762356147e-05
8532 0.0001002340757964429
8633 5.949411993323993e-05
8638 6.491430390704548e-05
8639 3.69498153124238e-05
8648 0.00016128300357362823
8651 0.0002734912621014559
8693 8.484211069037113e-05
8694 8.88061998220748e-05
8695 4.476354154013861e-05
8696 4.787143878550288e-05
8697 0.0001376235146469122
8746 0.00011811516886331826
8762 0.00018825025618924418
8763 6.542281037332744e-05
8767 0.0001239806629188251
8813 4.431951634967444e-05
8866 3.8493910507496085e-05
8873 0.00013614669170503938
8874 0.0001786642827461757
8875 0.0001804365299615294
