397
15 6.0101372993599195e-05
32 0.00015775871449691997
34 0.00030726931367955075
58 3.9886331735258645e-05
68 3.241760820520544e-05
74 0.00013614669170503938
243 6.309390310328486e-05
318 9.719791862251607e-05
323 0.00018825025618924418
325 0.00022419450561242282
328 5.502814824397996e-05
423 8.63892700805903e-05
436 6.181142310095298e-05
463 2.104404381130732e-05
509 1.4811799641107606e-05
515 0.00022883910672981793
575 8.825864993225359e-05
619 0.00017695423263882194
620 0.00018418695135817993
645 6.341986704442123e-05
659 0.0001263016457352357
664 0.00017370426675739054
665 0.00020019542348213994
698 0.0002537323685808453
722 0.00011663084820199027
723 6.212889280683989e-05
726 6.4078409870285e-05
765 7.499396958083494e-05
773 0.00011110817958998604
775 0.00016251677649793962
891 5.757123449128065e-05
892 0.0001475693727081854
969 0.00010536844412685977
983 0.00010347204034115494
984 0.00014944388948364012
990 0.00010939812948263226
1011 8.56095506062492e-05
1026 0.00023397347506023475
1027 0.0002462203859023654
1028 0.0002734912621014559
1140 3.8493910507496085e-05
1144 0.0001523982138465608
1145 9.920086195142229e-05
1164 8.408656954820681e-05
1165 8.433711728522342e-05
1208 0.00012571095453322076
1226 0.00011110817958998604
1227 0.00014488623116808087
1234 2.8271279696782107e-05
1254 8.96392359620217e-05
1306 4.5550455969092306e-05
1312 0.00011243128604527755
1314 0.00013401212737453773
1350 6.374802604546662e-05
1497 6.663037655997976e-05
1517 9.106007793564448e-05
1581 0.00016251677649793962
1717 0.0001251273376474703
1718 0.00016128300357362823
1721 0.0001399262151792957
1758 0.00017370426675739054
1798 0.00010498321344481378
1800 0.00011333374567896404
1888 6.071628875522179e-05
1895 0.00011519040557349246
1901 0.00011243128604527755
1904 0.00017215710736717137
1911 0.00016920278300425065
1922 7.334292682143156e-06
1949 0.00012571095453322076
2029 0.00012122674224136485
2030 0.0001228603508781383
2040 4.7398314413738584e-05
2061 0.0001677901789526326
2242 0.00013614669170503938
2278 0.00013837905578907654
2294 8.535239208071232e-05
2371 8.858094887998e-06
2373 4.532432364915004e-05
2374 8.586807337437805e-05
2384 3.364472337590274e-05
2385 0.00011712061541501202
2391 2.4157123570420575e-05
2415 0.0001275049519955334
2439 5.502814824397996e-05
2448 8.825864993225359e-05
2462 0.00011712061541501202
2493 2.5565430128539482e-05
2549 0.0002462203859023654
2586 9.502842032885344e-06
2607 3.3290954653437934e-05
2612 8.001326955199571e-05
2618 4.846937791309118e-05
2625 0.00016251677649793962
2648 0.00023397347506023475
2714 8.691610145495967e-05
2744 7.52017798211394e-05
2783 8.718166847460814e-05
2785 0.00010856509334268535
2807 0.00019506105515172307
2808 0.00023971321052336105
2843 7.33626397641186e-05
2849 0.00026261715830791277
2877 0.00014944388948364012
2885 0.00023397347506023475
2920 0.0001399262151792957
2922 0.00015663840245623315
2955 4.7516165565500014e-05
2958 6.950834500520415e-05
2963 8.509658347491132e-05
2969 0.00023397347506023475
3031 8.691610145495967e-05
3033 0.0001415241100530177
3034 0.00016128300357362823
3050 5.1064059112276297e-05
3051 7.910237522724487e-05
3097 0.00012230970742046953
3190 0.0001753021616311125
3214 8.001326955199571e-05
3345 0.00011110817958998604
3409 8.458895984833521e-05
3413 8.001326955199571e-05
3414 9.852402568908913e-05
3415 0.00015663840245623315
3450 0.00011198624708459517
3454 0.00023971321052336105
3478 7.865323446718271e-05
3479 0.0001245506276326127
3509 0.00018825025618924418
3510 0.0002462203859023654
3572 5.234992335902794e-05
3574 0.00021605372159664503
3582 0.00010815385522706535
3596 8.285279662389543e-05
3627 6.491430390704548e-05
3628 7.733012801189119e-05
3647 8.094151528426567e-05
3657 4.716346370617082e-05
3691 0.00011425323385392718
3719 2.489326185102742e-05
3723 6.859058854884968e-05
3724 5.7716484755306535e-05
3727 6.424444555902466e-05
3731 5.3138049876864844e-05
3746 1.903006184883404e-05
3766 5.131853189681648e-05
3782 0.00013614669170503938
3819 6.424444555902466e-05
3827 0.00013614669170503938
3828 0.0001753021616311125
3832 3.3290954653437934e-05
3840 0.00010774605847492284
3841 0.00015139340654708521
3865 0.0002537323685808453
3875 3.285232498188492e-05
3887 5.5861184383926875e-05
3908 0.0002059351589452662
3928 0.00014944388948364012
3932 4.895306850942043e-05
3943 7.689695691525318e-05
3996 7.417147870601431e-05
4072 0.00014944388948364012
4074 0.00015663840245623315
4075 0.00015663840245623315
4128 0.00016128300357362823
4129 0.00026261715830791277
4134 0.00021605372159664503
4158 0.00011519040557349246
4189 4.981125419104163e-05
4224 8.236790279729728e-05
4225 0.00010897983139923425
4267 0.00011519040557349246
4290 5.656642719180506e-05
4298 0.00011614595437539213
4308 7.955569410086921e-05
4381 4.3226837668107787e-05
4382 6.14960082295629e-05
4390 8.825864993225359e-05
4453 3.6854914742017664e-05
4457 0.00010058340652177312
4467 5.5861184383926875e-05
4490 0.00019756065060853997
4495 3.207260550754382e-05
4513 9.19329029551259e-05
4563 4.728074758348793e-05
4567 6.341986704442123e-05
4577 3.9085797470059324e-05
4652 4.476354154013861e-05
4676 1.811794967986411e-05
4699 3.676019862375966e-05
4723 9.106007793564448e-05
4779 0.00016251677649793962
4797 9.988723143186235e-05
4834 1.7286007534181456e-05
4851 0.0001399262151792957
4852 0.00015663840245623315
4908 9.372690041743856e-05
4926 0.00010236864012694453
4927 0.00010236864012694453
4933 2.564069103539461e-05
4942 6.804811807694473e-05
5222 2.3001954162320978e-05
5236 0.00010200632301179658
5242 6.786862826996617e-05
5254 5.9796800580258657e-05
5273 0.00014665847838343454
5274 0.0002462203859023654
5360 0.00014488623116808087
5361 0.00015447220461114937
5379 2.541525611908456e-05
5395 3.215862746722012e-05
5427 3.490353872923123e-05
5439 8.024367862190805e-05
5440 8.586807337437805e-05
5443 0.00011712061541501202
5445 0.0002059351589452662
5446 0.0002199543170027505
5455 8.908229930004346e-05
5469 1.1433598200043818e-05
5481 6.576478670658657e-05
5539 0.0001391464957049546
5545 0.00019756065060853997
5546 0.0002059351589452662
5550 4.944160821510571e-05
5618 0.00014071861357331354
5622 6.733409171295719e-05
5676 9.312153328472917e-05
5687 2.724862948448243e-05
5702 3.9886331735258645e-05
5774 0.0001677901789526326
5803 0.0002875104201589402
5826 0.0001391464957049546
5828 0.00018227567001855016
5829 0.00023397347506023475
5834 6.804811807694473e-05
5858 6.663037655997976e-05
5862 6.610917985376751e-05
5863 0.00021244233432427055
5868 7.256700694753944e-05
5869 0.00015554326811050196
5870 0.00015890538922556517
5888 8.358930576913648e-05
5909 6.663037655997976e-05
5911 7.47870417645905e-05
5934 5.434466680855229e-05
5938 5.91933076971794e-05
5984 3.088397517794058e-05
5985 7.52017798211394e-05
5987 7.798719092134497e-05
5996 0.0001431761810607271
6022 2.0770655001689466e-05
6033 0.00011519040557349246
6084 7.843020694973282e-05
6087 0.00010236864012694453
6088 0.00023397347506023475
6173 0.00013196715204843822
6197 5.5304247721948624e-05
6202 0.00013196715204843822
6242 3.105201474962982e-05
6302 8.509658347491132e-05
6306 0.00011425323385392718
6334 0.00014944388948364012
6399 8.212725328354177e-05
6429 5.815485137703107e-05
6431 0.00016251677649793962
6475 8.691610145495967e-05
6490 2.724862948448243e-05
6491 7.604199766141655e-05
6523 0.00020298083458234552
6540 6.040786096929821e-05
6543 0.00021605372159664503
6553 0.00016508218077975113
6568 3.9584588186023764e-05
6578 6.025437603138515e-05
6586 5.24803957997587e-05
6588 6.576478670658657e-05
6590 8.691610145495967e-05
6617 0.0002199543170027505
6619 5.7716484755306535e-05
6650 9.785646144837983e-05
6661 5.889434094657216e-05
6675 5.7716484755306535e-05
6679 9.527405980765772e-05
6680 9.558947467904783e-05
6687 6.196989942762013e-05
6725 8.458895984833521e-05
6727 8.612797493712278e-05
6728 9.527405980765772e-05
6757 0.0001287387249198448
6789 4.7516165565500014e-05
6796 8.260974660633398e-05
6831 0.00011198624708459517
6833 2.7093186202753706e-05
6934 0.00010200632301179658
6960 3.259102983841739e-05
6968 0.0001287387249198448
6980 0.00011379132113009053
6982 0.0001147195668623605
6983 0.00013263932032595027
7036 0.00016251677649793962
7067 3.508605365233e-05
7077 0.00018825025618924418
7101 0.00011862016226846598
7124 6.859058854884968e-05
7139 6.196989942762013e-05
7161 0.0001423431449207802
7162 0.00015447220461114937
7165 6.628229345501092e-05
7167 0.00011243128604527755
7171 0.00012341728754011654
7178 3.714017269315804e-05
7236 0.00010536844412685977
7237 0.00010536844412685977
7260 0.0001664173719040451
7264 0.00017695423263882194
7310 0.0001347133110905388
7335 0.000126899584862824
7341 0.00014071861357331354
7369 9.372690041743856e-05
7392 5.274239335290522e-05
7397 0.00019268344080366
7406 6.698096388147314e-05
7407 0.0001786642827461757
7435 0.00019041645403432799
7468 0.00015775871449691997
7503 3.173002815645075e-05
7532 0.00018227567001855016
7533 0.00030726931367955075
7559 8.509658347491132e-05
7560 0.00014849761844045535
7577 8.853165584237468e-05
7578 8.88061998220748e-05
7602 9.654815662959692e-05
7620 0.0001027336712532598
7740 0.00021244233432427055
7741 0.0002875104201589402
7763 0.00017370426675739054
7773 0.00023397347506023475
7808 4.7398314413738584e-05
7836 6.424444555902466e-05
7841 0.0001300045474523503
7842 0.0002734912621014559
7858 4.509923582401553e-05
7862 9.077257605451787e-05
7863 7.64676023536449e-05
7877 8.853165584237468e-05
7890 9.233159952796689e-06
7893 5.131853189681648e-05
7904 6.056183085252843e-05
7922 0.00010774605847492284
7938 4.907474504580058e-05
7942 9.134928606937549e-05
7943 7.64676023536449e-05
7957 0.00011379132113009053
7958 9.496067334174995e-05
7972 0.0002537323685808453
7991 0.00016007969731333051
8009 2.7093186202753706e-05
8010 3.97855428110104e-05
8031 5.5721352358276173e-05
8032 6.056183085252843e-05
8042 6.663037655997976e-05
8069 5.287392225192349e-05
8109 8.285279662389543e-05
8121 0.0002875104201589402
8137 8.63892700805903e-05
8144 1.8182537399726556e-05
8204 5.1064059112276297e-05
8266 0.0002537323685808453
8349 4.919672615455441e-05
8421 0.00020019542348213994
8442 8.001326955199571e-05
8444 5.815485137703107e-05
8447 4.100899018649567e-05
8501 0.00019268344080366
8503 7.256700694753944e-05
8554 0.00026261715830791277
8555 0.00030726931367955075
8559 0.00011379132113009053
8571 9.496067334174995e-05
8591 0.00011761535496899039
8633 5.949411993323993e-05
8638 6.491430390704548e-05
8678 4.409901177660094e-05
8687 0.00013837905578907654
8763 6.542281037332744e-05
8764 0.0001287387249198448
8765 0.00015663840245623315
8813 4.431951634967444e-05
8818 7.139739654402146e-05
8819 7.139739654402146e-05
8865 0.00021605372159664503
8866 3.8493910507496085e-05
8873 0.00013614669170503938
8890 0.00010058340652177312
8891 0.00010058340652177312
8892 0.00010384546306881737
