72
53 0.02901320268131269
442 0.02272685247004461
726 0.0060751786038721264
814 0.027472895578083762
1253 0.008498562456314227
1311 0.010659442779101207
1338 0.013266196060403013
1580 0.015407973533506786
1592 0.01765109444111203
1657 0.010101159656773821
1894 0.010921030792244307
1935 0.010452226253613452
1952 0.012146670509422294
2122 0.010659442779101207
2150 0.010966105823555526
2299 0.010452226253613452
2464 0.021695894884852525
2501 0.016776767247629585
2574 0.034178654381559634
2606 0.0031562658284195627
2766 0.03264391789055811
2986 0.026682644343944045
3068 0.025023218277780455
3123 0.018493448122469745
3213 0.00758593891752538
3268 0.009774895616705182
3320 0.011150936632804706
3582 0.011057597012512098
3611 0.02592929923242739
3618 0.018268030047257636
3627 0.007331554264276322
3819 0.006090920200234337
3890 0.0303538353714128
4107 0.020141341313807435
4190 0.01873043104492881
4218 0.024055987965877587
4221 0.004160150087183038
4333 0.0076962103587151
4433 0.0060751786038721264
4756 0.013047880452481718
5032 0.00655498133233329
5057 0.012907865068886285
5112 0.014078838037673808
5178 0.0058752738691377725
5181 0.01041187530662261
5380 0.004819165160282587
5381 0.007261990926654196
5440 0.007607783658281324
5863 0.006267712881455064
5910 0.006317126764920634
6015 0.018618324753014896
6259 0.020141341313807435
6414 0.009092794557005728
6469 0.004427285412534432
6507 0.025258750621733952
6623 0.013819696060445674
6834 0.00513732926465832
6895 0.008772024160940844
7004 0.00831633557773354
7211 0.021695894884852525
7400 0.0248983416472353
7415 0.009917065420513498
7484 0.002710604537694274
7559 0.012907865068886285
7632 0.023343788076190215
7913 0.044603746531218826
8033 0.005741776984656738
8063 0.017847726416580258
8350 0.004664268334993499
8445 0.016540724536343643
8686 0.01191846837021344
8812 0.033883739804913486
