44
132 8.334256383691721e-05
225 4.311890533715833e-05
226 0.00011712061541501202
290 5.516600244482883e-05
545 0.0001300045474523503
546 0.00013263932032595027
695 0.00011519040557349246
1382 0.00011862016226846598
1383 0.0002462203859023654
1487 0.00018825025618924418
1488 0.00019506105515172307
1722 8.117636599183342e-05
2371 8.858094887998e-06
2391 2.4157123570420575e-05
3719 2.489326185102742e-05
3724 5.7716484755306535e-05
4577 3.9085797470059324e-05
4821 8.691610145495967e-05
4823 0.0001786642827461757
5177 6.196989942762013e-05
5334 9.719791862251607e-05
5335 9.852402568908913e-05
5430 6.441104889224853e-05
5644 7.711306116076915e-05
5652 0.00014576429866269
5687 2.724862948448243e-05
5738 9.19329029551259e-05
5739 0.0001281179340087181
6208 0.0001228603508781383
6209 0.0001804365299615294
6577 0.00010897983139923425
6784 9.68719546813797e-05
6787 0.0001753021616311125
6956 0.00014944388948364012
6999 6.309390310328486e-05
7563 0.00017695423263882194
7890 9.233159952796689e-06
8144 1.8182537399726556e-05
8150 0.00012176521653240713
8193 0.00023397347506023475
8695 4.476354154013861e-05
8696 4.787143878550288e-05
8868 0.00023397347506023475
8869 0.0002462203859023654
