332
15 6.0101372993599195e-05
52 9.785646144837983e-05
77 8.691610145495967e-05
79 0.00013130412920165632
158 1.722259642893919e-05
196 8.935997200289977e-05
201 0.00019756065060853997
216 0.00013837905578907654
217 0.0001399262151792957
240 0.00010347204034115494
276 4.8109734749355606e-05
277 5.502814824397996e-05
295 6.969398876306011e-05
310 8.408656954820681e-05
330 6.358367031630664e-05
334 9.252359415714085e-05
339 0.0001523982138465608
362 0.00018227567001855016
371 9.818910047034337e-05
423 8.63892700805903e-05
430 2.1595466130645556e-05
443 5.859719717528758e-05
463 2.104404381130732e-05
509 1.4811799641107606e-05
564 0.00021244233432427055
785 9.134928606937549e-05
786 0.00023971321052336105
884 0.00012936752625714268
888 0.00020908021320920737
941 9.719791862251607e-05
945 0.00023397347506023475
955 0.00020908021320920737
1005 0.00018825025618924418
1006 0.00023397347506023475
1070 0.00013130412920165632
1111 9.886126874785542e-05
1126 4.895306850942043e-05
1183 0.00010310145735752775
1234 2.8271279696782107e-05
1243 0.00012341728754011654
1265 6.576478670658657e-05
1269 8.433711728522342e-05
1334 9.886126874785542e-05
1339 0.0001399262151792957
1423 0.00015447220461114937
1536 0.0001475693727081854
1537 0.00019268344080366
1593 0.00018617626542465564
1658 0.00010654275221462514
1671 7.64676023536449e-05
1703 0.00015663840245623315
1706 3.382257549850835e-05
1712 0.0001677901789526326
1713 4.787143878550288e-05
1777 4.871062309639001e-05
1779 0.00011333374567896404
1848 6.508321716976057e-05
1877 0.00016251677649793962
1922 7.334292682143156e-06
1948 0.0001523982138465608
2042 8.383730339089555e-05
2148 8.383730339089555e-05
2149 8.408656954820681e-05
2151 0.00011566583790554528
2234 0.00016251677649793962
2243 0.00018227567001855016
2321 8.691610145495967e-05
2326 0.00011913044365880717
2341 8.744869066327002e-05
2343 0.0001263016457352357
2371 8.858094887998e-06
2384 3.364472337590274e-05
2389 8.070779096331723e-05
2391 2.4157123570420575e-05
2392 0.0001281179340087181
2485 0.00013542473142615584
2486 0.0001504088997800851
2493 2.5565430128539482e-05
2550 5.3403616896513294e-05
2559 7.604199766141655e-05
2563 2.4450245822639586e-05
2564 4.692973938522239e-05
2575 0.00012016732165868515
2582 7.458098891001271e-05
2586 9.502842032885344e-06
2607 3.3290954653437934e-05
2612 8.001326955199571e-05
2613 0.00015554326811050196
2625 0.00016251677649793962
2654 0.00013332088986277624
2662 0.00018418695135817993
2691 0.00016920278300425065
2759 0.00015554326811050196
2780 9.342327683396404e-05
2781 9.68719546813797e-05
2797 0.00010347204034115494
2843 7.33626397641186e-05
2844 0.0002199543170027505
2862 0.00012230970742046953
3031 8.691610145495967e-05
3076 9.818910047034337e-05
3079 0.00011862016226846598
3113 6.165346047478709e-05
3115 0.00019756065060853997
3124 0.00019506105515172307
3321 0.00011761535496899039
3372 6.542281037332744e-05
3373 0.00022883910672981793
3383 0.00010815385522706535
3413 8.001326955199571e-05
3414 9.852402568908913e-05
3478 7.865323446718271e-05
3479 0.0001245506276326127
3507 9.134928606937549e-05
3540 0.00013542473142615584
3542 0.0001431761810607271
3605 5.380470086849468e-05
3612 0.0002734912621014559
3642 0.00013542473142615584
3644 0.0001753021616311125
3654 6.663037655997976e-05
3655 0.00030726931367955075
3664 0.0001431761810607271
3696 0.0001391464957049546
3719 2.489326185102742e-05
3724 5.7716484755306535e-05
3746 1.903006184883404e-05
3819 6.424444555902466e-05
3827 0.00013614669170503938
3832 3.3290954653437934e-05
3890 0.00016007969731333051
3914 0.00012936752625714268
3969 6.0101372993599195e-05
3970 6.663037655997976e-05
3993 0.00018617626542465564
3996 7.417147870601431e-05
4105 9.988723143186235e-05
4107 0.00021244233432427055
4138 0.00016251677649793962
4158 0.00011519040557349246
4189 4.981125419104163e-05
4190 0.00019756065060853997
4220 4.3879500470736716e-05
4301 0.00011154523568104574
4329 3.676019862375966e-05
4332 8.117636599183342e-05
4336 0.00012571095453322076
4337 0.00016920278300425065
4363 7.025520142447097e-05
4366 0.00016007969731333051
4375 7.541048004377448e-05
4381 4.3226837668107787e-05
4390 8.825864993225359e-05
4402 6.950834500520415e-05
4406 6.508321716976057e-05
4411 0.0001504088997800851
4432 6.4078409870285e-05
4434 0.00013065000625947455
4461 9.19329029551259e-05
4465 0.00017370426675739054
4467 5.5861184383926875e-05
4485 7.159039254876493e-05
4518 0.00015139340654708521
4533 5.685140711216779e-05
4551 0.00017065756051371745
4567 6.341986704442123e-05
4628 0.00011566583790554528
4652 4.476354154013861e-05
4655 0.00019756065060853997
4676 1.811794967986411e-05
4679 0.00012122674224136485
4686 0.0001804365299615294
4759 5.0810908270240366e-05
4839 3.088397517794058e-05
4846 4.681329625334851e-05
4923 8.188778632745044e-05
4933 2.564069103539461e-05
5018 0.00010982004923951138
5044 0.00010058340652177312
5109 0.00020298083458234552
5161 5.502814824397996e-05
5162 5.6001418804450566e-05
5177 6.196989942762013e-05
5191 0.00014849761844045535
5192 8.001326955199571e-05
5217 7.159039254876493e-05
5222 2.3001954162320978e-05
5228 4.931901336427842e-05
5242 6.786862826996617e-05
5307 0.00013263932032595027
5373 0.00016508218077975113
5376 0.00021605372159664503
5379 2.541525611908456e-05
5395 3.215862746722012e-05
5396 0.00022419450561242282
5427 3.490353872923123e-05
5469 1.1433598200043818e-05
5499 0.00022419450561242282
5500 0.00023971321052336105
5531 0.00020298083458234552
5669 0.0001300045474523503
5687 2.724862948448243e-05
5716 0.00015775871449691997
5762 0.0001391464957049546
5770 0.00013263932032595027
5772 0.00022883910672981793
5808 0.00011913044365880717
5817 0.00017695423263882194
5840 0.00012230970742046953
5858 6.663037655997976e-05
5862 6.610917985376751e-05
5894 1.5848029138067838e-05
5896 1.6219082409210568e-05
5911 7.47870417645905e-05
5934 5.434466680855229e-05
6000 3.4631041686461846e-05
6014 9.818910047034337e-05
6022 2.0770655001689466e-05
6057 0.00011024565393173974
6064 0.00010498321344481378
6075 0.00016920278300425065
6114 0.00010536844412685977
6136 0.00023971321052336105
6211 7.356359438910525e-05
6218 9.464928935894339e-05
6222 0.00010347204034115494
6242 3.105201474962982e-05
6252 0.00026261715830791277
6308 0.0001523982138465608
6352 0.00011519040557349246
6408 4.3989132524856074e-05
6413 9.590694438493474e-05
6455 0.00016128300357362823
6461 0.00014849761844045535
6467 4.669713069773751e-05
6468 4.669713069773751e-05
6470 0.0001263016457352357
6505 0.00013196715204843822
6506 8.88061998220748e-05
6535 0.00026261715830791277
6540 6.040786096929821e-05
6553 0.00016508218077975113
6568 3.9584588186023764e-05
6569 4.981125419104163e-05
6586 5.24803957997587e-05
6587 0.00017215710736717137
6589 5.9343481706634316e-05
6593 7.754816608258265e-05
6619 5.7716484755306535e-05
6620 0.0001281179340087181
6621 0.0001399262151792957
6622 0.00014576429866269
6665 0.00012936752625714268
6760 1.9892587507080337e-05
6789 4.7516165565500014e-05
6833 2.7093186202753706e-05
6905 2.9805618738211806e-05
6919 7.3968006896828e-05
6929 5.904359505253569e-05
6934 0.00010200632301179658
7003 8.771718405598661e-05
7091 9.464928935894339e-05
7094 0.0002059351589452662
7124 6.859058854884968e-05
7221 0.00021605372159664503
7229 0.0001664173719040451
7231 0.0001804365299615294
7321 3.8200641252257444e-05
7346 8.070779096331723e-05
7347 0.00015663840245623315
7406 6.698096388147314e-05
7408 8.691610145495967e-05
7450 0.00012936752625714268
7451 0.0001300045474523503
7476 8.117636599183342e-05
7480 9.252359415714085e-05
7482 2.5340342303404983e-05
7483 2.8590308184836374e-05
7503 3.173002815645075e-05
7518 0.00019756065060853997
7520 9.558947467904783e-05
7547 0.00016508218077975113
7557 0.0002875104201589402
7587 0.00013687950893562258
7661 0.0002059351589452662
7671 9.134928606937549e-05
7674 0.00018825025618924418
7685 0.00016378259903044513
7691 0.00020019542348213994
7772 0.0002875104201589402
7784 7.082295263288685e-05
7816 0.00014071861357331354
7817 0.00019506105515172307
7818 2.996997446737178e-05
7866 5.91933076971794e-05
7884 0.00010982004923951138
7890 9.233159952796689e-06
7911 0.00010774605847492284
7912 0.00011761535496899039
7960 9.954283828468142e-05
7961 0.0001523982138465608
7981 6.950834500520415e-05
7987 7.843020694973282e-05
7995 9.134928606937549e-05
8031 5.5721352358276173e-05
8033 0.00018617626542465564
8054 2.9805618738211806e-05
8058 8.853165584237468e-05
8079 0.00015775871449691997
8105 0.0001281179340087181
8144 1.8182537399726556e-05
8154 0.00018825025618924418
8170 0.00011425323385392718
8230 0.0002875104201589402
8271 0.0002875104201589402
8349 4.919672615455441e-05
8398 0.00030726931367955075
8412 0.00017370426675739054
8413 0.00017695423263882194
8495 0.00015342417653056774
8503 7.256700694753944e-05
8520 5.874554257904601e-05
8521 6.610917985376751e-05
8522 0.0001523982138465608
8523 0.00016007969731333051
8633 5.949411993323993e-05
8638 6.491430390704548e-05
8685 0.00012571095453322076
8693 8.484211069037113e-05
8694 8.88061998220748e-05
8813 4.431951634967444e-05
8866 3.8493910507496085e-05
