319
15 6.0101372993599195e-05
58 3.9886331735258645e-05
68 3.241760820520544e-05
84 0.00020908021320920737
145 5.786216925096193e-05
158 1.722259642893919e-05
160 3.6009024944890365e-05
196 8.935997200289977e-05
201 0.00019756065060853997
219 0.00018825025618924418
225 4.311890533715833e-05
232 0.0001245506276326127
238 0.00012176521653240713
239 0.00018825025618924418
278 5.558192042480493e-05
295 6.969398876306011e-05
318 9.719791862251607e-05
330 6.358367031630664e-05
334 9.252359415714085e-05
367 0.00021244233432427055
371 9.818910047034337e-05
412 6.391293797104737e-05
423 8.63892700805903e-05
443 5.859719717528758e-05
463 2.104404381130732e-05
473 4.858985121920245e-05
492 0.00018617626542465564
509 1.4811799641107606e-05
511 4.409901177660094e-05
526 0.00022883910672981793
530 0.00019756065060853997
544 0.00020019542348213994
564 0.00021244233432427055
706 6.525271795805037e-05
707 9.496067334174995e-05
814 0.00014488623116808087
861 7.316251041712385e-05
911 0.00017065756051371745
941 9.719791862251607e-05
983 0.00010347204034115494
1021 0.0002059351589452662
1083 7.178415593526694e-05
1089 0.00017215710736717137
1126 4.895306850942043e-05
1129 0.00017370426675739054
1140 3.8493910507496085e-05
1173 9.077257605451787e-05
1183 0.00010310145735752775
1234 2.8271279696782107e-05
1265 6.576478670658657e-05
1269 8.433711728522342e-05
1306 4.5550455969092306e-05
1310 8.285279662389543e-05
1312 0.00011243128604527755
1331 0.00020019542348213994
1334 9.886126874785542e-05
1339 0.0001399262151792957
1371 0.00011519040557349246
1372 0.00014849761844045535
1444 0.0002875104201589402
1573 0.0001347133110905388
1593 0.00018617626542465564
1629 0.00015447220461114937
1658 0.00010654275221462514
1706 3.382257549850835e-05
1713 4.787143878550288e-05
1749 0.00020019542348213994
1777 4.871062309639001e-05
1779 0.00011333374567896404
1844 0.00018617626542465564
1848 6.508321716976057e-05
1888 6.071628875522179e-05
1895 0.00011519040557349246
1901 0.00011243128604527755
1902 0.00019041645403432799
1922 7.334292682143156e-06
1953 0.0001281179340087181
1960 0.00011712061541501202
2042 8.383730339089555e-05
2053 0.00021605372159664503
2108 0.0001376235146469122
2118 6.715720793434914e-05
2148 8.383730339089555e-05
2149 8.408656954820681e-05
2151 0.00011566583790554528
2235 0.00022883910672981793
2321 8.691610145495967e-05
2341 8.744869066327002e-05
2343 0.0001263016457352357
2371 8.858094887998e-06
2391 2.4157123570420575e-05
2479 0.00013542473142615584
2485 0.00013542473142615584
2486 0.0001504088997800851
2493 2.5565430128539482e-05
2550 5.3403616896513294e-05
2559 7.604199766141655e-05
2563 2.4450245822639586e-05
2575 0.00012016732165868515
2586 9.502842032885344e-06
2607 3.3290954653437934e-05
2612 8.001326955199571e-05
2617 0.00022883910672981793
2654 0.00013332088986277624
2682 0.00015342417653056774
2708 0.0001300045474523503
2718 8.88061998220748e-05
2725 0.00010536844412685977
2739 7.583058115843726e-05
2759 0.00015554326811050196
2767 0.00017215710736717137
2783 8.718166847460814e-05
2785 0.00010856509334268535
2797 0.00010347204034115494
2825 0.00011614595437539213
2862 0.00012230970742046953
2896 0.00011379132113009053
2913 0.00016378259903044513
2940 7.910237522724487e-05
3031 8.691610145495967e-05
3050 5.1064059112276297e-05
3056 0.00019268344080366
3113 6.165346047478709e-05
3212 7.356359438910525e-05
3214 8.001326955199571e-05
3226 8.164949036359771e-05
3321 0.00011761535496899039
3413 8.001326955199571e-05
3414 9.852402568908913e-05
3459 0.0001423431449207802
3461 0.00016920278300425065
3462 0.00018418695135817993
3465 5.7716484755306535e-05
3509 0.00018825025618924418
3576 5.3536945098705395e-05
3586 6.228840662358072e-05
3627 6.491430390704548e-05
3642 0.00013542473142615584
3644 0.0001753021616311125
3654 6.663037655997976e-05
3657 4.716346370617082e-05
3719 2.489326185102742e-05
3724 5.7716484755306535e-05
3743 3.233112827567267e-05
3746 1.903006184883404e-05
3810 0.0002734912621014559
3832 3.3290954653437934e-05
3837 0.0001239806629188251
3838 0.00014665847838343454
3890 0.00016007969731333051
3902 0.00012122674224136485
4059 0.00021244233432427055
4060 0.00026261715830791277
4099 0.0001147195668623605
4158 0.00011519040557349246
4189 4.981125419104163e-05
4203 0.00011614595437539213
4220 4.3879500470736716e-05
4224 8.236790279729728e-05
4243 0.00014665847838343454
4244 0.0002537323685808453
4290 5.656642719180506e-05
4291 7.843020694973282e-05
4308 7.955569410086921e-05
4329 3.676019862375966e-05
4332 8.117636599183342e-05
4336 0.00012571095453322076
4372 0.00018825025618924418
4381 4.3226837668107787e-05
4382 6.14960082295629e-05
4383 0.00016920278300425065
4392 8.334256383691721e-05
4399 9.282164663063054e-05
4406 6.508321716976057e-05
4432 6.4078409870285e-05
4467 5.5861184383926875e-05
4481 9.282164663063054e-05
4502 6.424444555902466e-05
4503 7.798719092134497e-05
4546 7.625433537211054e-05
4547 0.0002875104201589402
4551 0.00017065756051371745
4577 3.9085797470059324e-05
4603 0.0002059351589452662
4652 4.476354154013861e-05
4655 0.00019756065060853997
4676 1.811794967986411e-05
4679 0.00012122674224136485
4759 5.0810908270240366e-05
4776 0.0001664173719040451
4777 0.00016920278300425065
4818 9.048676041112919e-05
4834 1.7286007534181456e-05
4869 0.00013614669170503938
4871 0.00015775871449691997
4933 2.564069103539461e-05
5024 6.025437603138515e-05
5031 6.913916575845257e-05
5038 0.00016251677649793962
5107 0.00014944388948364012
5111 0.00014849761844045535
5176 0.0001347133110905388
5192 8.001326955199571e-05
5222 2.3001954162320978e-05
5228 4.931901336427842e-05
5254 5.9796800580258657e-05
5304 0.0002875104201589402
5309 0.00019506105515172307
5376 0.00021605372159664503
5378 0.00010347204034115494
5379 2.541525611908456e-05
5380 3.8298201700263376e-05
5411 8.164949036359771e-05
5425 0.00020019542348213994
5430 6.441104889224853e-05
5438 0.0001753021616311125
5449 0.00016128300357362823
5469 1.1433598200043818e-05
5483 0.00020019542348213994
5636 0.00010310145735752775
5669 0.0001300045474523503
5687 2.724862948448243e-05
5770 0.00013263932032595027
5775 0.00014576429866269
5785 0.00030726931367955075
5794 0.00021605372159664503
5806 7.910237522724487e-05
5840 0.00012230970742046953
5862 6.610917985376751e-05
5894 1.5848029138067838e-05
5896 1.6219082409210568e-05
6000 3.4631041686461846e-05
6014 9.818910047034337e-05
6022 2.0770655001689466e-05
6033 0.00011519040557349246
6114 0.00010536844412685977
6136 0.00023971321052336105
6211 7.356359438910525e-05
6254 8.141235399539764e-05
6262 0.0001128804268053397
6352 0.00011519040557349246
6371 0.0001664173719040451
6467 4.669713069773751e-05
6468 4.669713069773751e-05
6536 7.499396958083494e-05
6540 6.040786096929821e-05
6541 0.00016920278300425065
6558 0.00016128300357362823
6586 5.24803957997587e-05
6588 6.576478670658657e-05
6589 5.9343481706634316e-05
6619 5.7716484755306535e-05
6620 0.0001281179340087181
6621 0.0001399262151792957
6622 0.00014576429866269
6638 9.282164663063054e-05
6644 0.00030726931367955075
6650 9.785646144837983e-05
6687 6.196989942762013e-05
6706 7.910237522724487e-05
6760 1.9892587507080337e-05
6833 2.7093186202753706e-05
6839 0.0002875104201589402
6840 0.00030726931367955075
6845 0.00023971321052336105
6905 2.9805618738211806e-05
6929 5.904359505253569e-05
6975 0.0001440237055098346
7003 8.771718405598661e-05
7058 0.00022883910672981793
7059 0.0002734912621014559
7067 3.508605365233e-05
7073 5.516600244482883e-05
7087 0.0001376235146469122
7091 9.464928935894339e-05
7103 0.0002059351589452662
7139 6.196989942762013e-05
7261 0.00017695423263882194
7262 0.00018418695135817993
7321 3.8200641252257444e-05
7450 0.00012936752625714268
7451 0.0001300045474523503
7482 2.5340342303404983e-05
7483 2.8590308184836374e-05
7554 8.260974660633398e-05
7708 0.00026261715830791277
7784 7.082295263288685e-05
7792 0.000101646679848061
7816 0.00014071861357331354
7817 0.00019506105515172307
7858 4.509923582401553e-05
7863 7.64676023536449e-05
7911 0.00010774605847492284
7912 0.00011761535496899039
7974 0.00026261715830791277
7977 0.00014849761844045535
8009 2.7093186202753706e-05
8016 3.6571316885345003e-05
8031 5.5721352358276173e-05
8032 6.056183085252843e-05
8054 2.9805618738211806e-05
8058 8.853165584237468e-05
8059 0.00011425323385392718
8060 0.0001147195668623605
8102 0.00020908021320920737
8125 0.00021605372159664503
8144 1.8182537399726556e-05
8204 5.1064059112276297e-05
8346 0.0001399262151792957
8503 7.256700694753944e-05
8530 0.0001147195668623605
8604 0.00015447220461114937
8639 3.69498153124238e-05
8644 0.0002734912621014559
8645 0.0002875104201589402
8678 4.409901177660094e-05
8800 0.00011379132113009053
8813 4.431951634967444e-05
8814 9.988723143186235e-05
