432
58 3.9886331735258645e-05
68 3.241760820520544e-05
69 0.00010460100421098168
77 8.691610145495967e-05
80 0.0001376235146469122
97 8.612797493712278e-05
129 0.0001786642827461757
145 5.786216925096193e-05
158 1.722259642893919e-05
160 3.6009024944890365e-05
161 8.88061998220748e-05
225 4.311890533715833e-05
232 0.0001245506276326127
278 5.558192042480493e-05
290 5.516600244482883e-05
295 6.969398876306011e-05
330 6.358367031630664e-05
334 9.252359415714085e-05
378 7.955569410086921e-05
430 2.1595466130645556e-05
436 6.181142310095298e-05
443 5.859719717528758e-05
446 0.00010058340652177312
463 2.104404381130732e-05
498 0.00016007969731333051
509 1.4811799641107606e-05
511 4.409901177660094e-05
535 8.236790279729728e-05
549 6.786862826996617e-05
617 0.00022419450561242282
632 6.4078409870285e-05
636 0.0002059351589452662
645 6.341986704442123e-05
653 0.00015775871449691997
706 6.525271795805037e-05
707 9.496067334174995e-05
722 0.00011663084820199027
723 6.212889280683989e-05
725 0.00019268344080366
732 0.00011614595437539213
738 0.00020298083458234552
751 0.00011614595437539213
753 9.752607762356147e-05
757 0.00010815385522706535
765 7.499396958083494e-05
800 0.00011154523568104574
821 0.00011243128604527755
829 0.00015890538922556517
847 0.00016508218077975113
859 0.00017065756051371745
861 7.316251041712385e-05
872 6.593667904531496e-05
914 0.00018227567001855016
934 0.00023397347506023475
941 9.719791862251607e-05
990 0.00010939812948263226
1096 6.950834500520415e-05
1102 8.285279662389543e-05
1103 9.527405980765772e-05
1140 3.8493910507496085e-05
1164 8.408656954820681e-05
1165 8.433711728522342e-05
1208 0.00012571095453322076
1234 2.8271279696782107e-05
1258 0.00015890538922556517
1259 0.0002462203859023654
1265 6.576478670658657e-05
1269 8.433711728522342e-05
1306 4.5550455969092306e-05
1310 8.285279662389543e-05
1350 6.374802604546662e-05
1438 0.00014071861357331354
1439 0.0001677901789526326
1508 0.00011198624708459517
1517 9.106007793564448e-05
1519 0.0001376235146469122
1583 8.88061998220748e-05
1586 0.00017695423263882194
1610 9.590694438493474e-05
1621 0.00011198624708459517
1622 0.00011333374567896404
1638 7.33626397641186e-05
1641 7.583058115843726e-05
1706 3.382257549850835e-05
1713 4.787143878550288e-05
1722 8.117636599183342e-05
1777 4.871062309639001e-05
1778 0.0001287387249198448
1834 0.00014849761844045535
1888 6.071628875522179e-05
1891 0.00020908021320920737
1922 7.334292682143156e-06
1929 4.2158123180710165e-05
1936 0.00011024565393173974
1957 8.88061998220748e-05
1970 0.00012122674224136485
1973 0.0001275049519955334
2032 0.00011024565393173974
2040 4.7398314413738584e-05
2073 0.00010939812948263226
2137 0.00015342417653056774
2138 0.00017370426675739054
2304 0.00016920278300425065
2305 0.0002462203859023654
2319 0.0001228603508781383
2371 8.858094887998e-06
2439 5.502814824397996e-05
2448 8.825864993225359e-05
2463 0.00017370426675739054
2493 2.5565430128539482e-05
2500 0.00015447220461114937
2579 0.00013130412920165632
2580 8.992010952057247e-05
2586 9.502842032885344e-06
2599 0.00012341728754011654
2618 4.846937791309118e-05
2625 0.00016251677649793962
2667 8.358930576913648e-05
2682 0.00015342417653056774
2699 0.00013065000625947455
2701 0.00017065756051371745
2702 0.00021244233432427055
2714 8.691610145495967e-05
2739 7.583058115843726e-05
2762 0.00010200632301179658
2765 0.00012936752625714268
2780 9.342327683396404e-05
2781 9.68719546813797e-05
2830 8.285279662389543e-05
2832 0.0001196461249524729
2833 0.0001391464957049546
2839 0.0001391464957049546
2843 7.33626397641186e-05
2850 9.252359415714085e-05
2862 0.00012230970742046953
2903 8.718166847460814e-05
2904 0.00015139340654708521
2958 6.950834500520415e-05
2963 8.509658347491132e-05
2976 5.461691012835996e-05
3050 5.1064059112276297e-05
3051 7.910237522724487e-05
3086 0.00018418695135817993
3087 0.00020019542348213994
3088 0.0002537323685808453
3097 0.00012230970742046953
3113 6.165346047478709e-05
3137 0.00011379132113009053
3147 0.00012936752625714268
3204 0.00017065756051371745
3212 7.356359438910525e-05
3213 0.0001300045474523503
3247 0.00013263932032595027
3249 0.00012016732165868515
3255 0.00021605372159664503
3361 0.00022883910672981793
3367 0.00017065756051371745
3368 0.00010058340652177312
3369 0.00018617626542465564
3413 8.001326955199571e-05
3415 0.00015663840245623315
3513 6.056183085252843e-05
3519 8.586807337437805e-05
3545 6.071628875522179e-05
3558 0.00016007969731333051
3631 0.00020019542348213994
3724 5.7716484755306535e-05
3727 6.424444555902466e-05
3740 0.00016378259903044513
3743 3.233112827567267e-05
3760 0.00010614816360120087
3766 5.131853189681648e-05
3786 0.00010058340652177312
3806 0.00018227567001855016
3819 6.424444555902466e-05
3832 3.3290954653437934e-05
3840 0.00010774605847492284
3841 0.00015139340654708521
3872 9.164022082905678e-05
3901 0.00010384546306881737
3928 0.00014944388948364012
3932 4.895306850942043e-05
3943 7.689695691525318e-05
3996 7.417147870601431e-05
4001 0.0001677901789526326
4015 8.798716495431228e-05
4016 0.00017370426675739054
4017 0.00019506105515172307
4046 9.312153328472917e-05
4048 0.00021244233432427055
4099 0.0001147195668623605
4108 9.654815662959692e-05
4143 0.0001376235146469122
4247 4.846937791309118e-05
4267 0.00011519040557349246
4269 0.00026261715830791277
4290 5.656642719180506e-05
4291 7.843020694973282e-05
4314 3.1644758795232604e-05
4315 7.256700694753944e-05
4329 3.676019862375966e-05
4332 8.117636599183342e-05
4336 0.00012571095453322076
4363 7.025520142447097e-05
4371 0.00013263932032595027
4381 4.3226837668107787e-05
4382 6.14960082295629e-05
4402 6.950834500520415e-05
4453 3.6854914742017664e-05
4460 0.00011862016226846598
4461 9.19329029551259e-05
4467 5.5861184383926875e-05
4492 6.969398876306011e-05
4495 3.207260550754382e-05
4499 9.312153328472917e-05
4502 6.424444555902466e-05
4513 9.19329029551259e-05
4533 5.685140711216779e-05
4563 4.728074758348793e-05
4569 0.00010422176939821458
4570 0.00015775871449691997
4577 3.9085797470059324e-05
4652 4.476354154013861e-05
4676 1.811794967986411e-05
4688 0.0001804365299615294
4699 3.676019862375966e-05
4723 9.106007793564448e-05
4726 0.0002059351589452662
4727 0.00022883910672981793
4853 8.535239208071232e-05
4926 0.00010236864012694453
4927 0.00010236864012694453
4933 2.564069103539461e-05
4942 6.804811807694473e-05
4955 0.00023397347506023475
4972 4.681329625334851e-05
5149 0.0001376235146469122
5166 0.0001347133110905388
5182 0.00019756065060853997
5183 0.00020908021320920737
5217 7.159039254876493e-05
5218 0.00020908021320920737
5222 2.3001954162320978e-05
5228 4.931901336427842e-05
5242 6.786862826996617e-05
5254 5.9796800580258657e-05
5267 0.0001677901789526326
5273 0.00014665847838343454
5274 0.0002462203859023654
5291 0.00011067500849334801
5292 0.0001347133110905388
5379 2.541525611908456e-05
5380 3.8298201700263376e-05
5385 0.00011519040557349246
5427 3.490353872923123e-05
5439 8.024367862190805e-05
5440 8.586807337437805e-05
5448 9.954283828468142e-05
5457 0.0001423431449207802
5458 0.00017695423263882194
5462 0.00010654275221462514
5469 1.1433598200043818e-05
5481 6.576478670658657e-05
5507 0.00019268344080366
5550 4.944160821510571e-05
5554 0.0001440237055098346
5555 0.0001440237055098346
5569 9.527405980765772e-05
5580 0.0001431761810607271
5588 6.913916575845257e-05
5622 6.733409171295719e-05
5668 0.00023397347506023475
5676 9.312153328472917e-05
5687 2.724862948448243e-05
5691 8.383730339089555e-05
5699 8.260974660633398e-05
5702 3.9886331735258645e-05
5762 0.0001391464957049546
5763 0.00030726931367955075
5797 5.544288630052885e-05
5806 7.910237522724487e-05
5858 6.663037655997976e-05
5868 7.256700694753944e-05
5888 8.358930576913648e-05
5891 0.00010310145735752775
5892 0.00011712061541501202
5894 1.5848029138067838e-05
5896 1.6219082409210568e-05
5909 6.663037655997976e-05
5925 0.00010734164596720007
5934 5.434466680855229e-05
5938 5.91933076971794e-05
5984 3.088397517794058e-05
5988 7.044371782011974e-05
6022 2.0770655001689466e-05
6050 0.0001431761810607271
6057 0.00011024565393173974
6162 0.0001128804268053397
6164 0.0001300045474523503
6166 0.0001786642827461757
6197 5.5304247721948624e-05
6205 0.0002462203859023654
6211 7.356359438910525e-05
6214 0.0001664173719040451
6229 7.458098891001271e-05
6242 3.105201474962982e-05
6246 0.00010128967145643295
6264 4.7398314413738584e-05
6294 0.00017065756051371745
6295 0.00020019542348213994
6297 9.164022082905678e-05
6327 0.00010384546306881737
6372 0.0001523982138465608
6386 0.00013837905578907654
6399 8.212725328354177e-05
6429 5.815485137703107e-05
6431 0.00016251677649793962
6452 8.63892700805903e-05
6487 0.00012936752625714268
6490 2.724862948448243e-05
6493 0.0001251273376474703
6502 0.0001423431449207802
6540 6.040786096929821e-05
6552 0.00020908021320920737
6553 0.00016508218077975113
6578 6.025437603138515e-05
6586 5.24803957997587e-05
6588 6.576478670658657e-05
6589 5.9343481706634316e-05
6593 7.754816608258265e-05
6661 5.889434094657216e-05
6679 9.527405980765772e-05
6680 9.558947467904783e-05
6702 0.0001440237055098346
6706 7.910237522724487e-05
6725 8.458895984833521e-05
6727 8.612797493712278e-05
6760 1.9892587507080337e-05
6789 4.7516165565500014e-05
6794 0.00014849761844045535
6815 7.178415593526694e-05
6822 8.535239208071232e-05
6826 0.00013614669170503938
6831 0.00011198624708459517
6833 2.7093186202753706e-05
6956 0.00014944388948364012
6960 3.259102983841739e-05
6967 0.00010536844412685977
6972 6.133906307779394e-05
6977 0.00015342417653056774
6980 0.00011379132113009053
6982 0.0001147195668623605
6999 6.309390310328486e-05
7091 9.464928935894339e-05
7100 0.00015342417653056774
7139 6.196989942762013e-05
7178 3.714017269315804e-05
7236 0.00010536844412685977
7237 0.00010536844412685977
7289 0.00013542473142615584
7290 0.00016508218077975113
7321 3.8200641252257444e-05
7369 9.372690041743856e-05
7373 7.27647006365303e-05
7384 0.0001399262151792957
7389 0.0001300045474523503
7390 0.00013065000625947455
7392 5.274239335290522e-05
7406 6.698096388147314e-05
7422 0.00013401212737453773
7450 0.00012936752625714268
7451 0.0001300045474523503
7476 8.117636599183342e-05
7480 9.252359415714085e-05
7482 2.5340342303404983e-05
7483 2.8590308184836374e-05
7503 3.173002815645075e-05
7523 8.935997200289977e-05
7554 8.260974660633398e-05
7563 0.00017695423263882194
7577 8.853165584237468e-05
7578 8.88061998220748e-05
7579 0.00015775871449691997
7580 0.0001804365299615294
7614 0.00014665847838343454
7620 0.0001027336712532598
7725 0.00018418695135817993
7799 9.403242760948e-05
7808 4.7398314413738584e-05
7818 2.996997446737178e-05
7858 4.509923582401553e-05
7862 9.077257605451787e-05
7877 8.853165584237468e-05
7890 9.233159952796689e-06
7893 5.131853189681648e-05
7938 4.907474504580058e-05
7940 0.0002537323685808453
7981 6.950834500520415e-05
7987 7.843020694973282e-05
8009 2.7093186202753706e-05
8010 3.97855428110104e-05
8016 3.6571316885345003e-05
8069 5.287392225192349e-05
8098 0.0001300045474523503
8123 0.00020908021320920737
8137 8.63892700805903e-05
8144 1.8182537399726556e-05
8174 0.00016508218077975113
8349 4.919672615455441e-05
8358 0.00017370426675739054
8444 5.815485137703107e-05
8447 4.100899018649567e-05
8474 8.408656954820681e-05
8487 0.00012571095453322076
8531 9.752607762356147e-05
8532 0.0001002340757964429
8568 0.00022883910672981793
8591 0.00011761535496899039
8639 3.69498153124238e-05
8722 7.217400943451535e-05
8723 0.00010498321344481378
8737 0.0002537323685808453
8753 0.00010614816360120087
8779 0.0001475693727081854
8811 0.00011913044365880717
8818 7.139739654402146e-05
8819 7.139739654402146e-05
8845 0.0001431761810607271
8866 3.8493910507496085e-05
8890 0.00010058340652177312
8891 0.00010058340652177312
8892 0.00010384546306881737
