68
58 3.9886331735258645e-05
97 8.612797493712278e-05
132 8.334256383691721e-05
135 0.00015775871449691997
158 1.722259642893919e-05
163 4.4209139343250144e-05
196 8.935997200289977e-05
276 4.8109734749355606e-05
463 2.104404381130732e-05
509 1.4811799641107606e-05
575 8.825864993225359e-05
924 0.0002734912621014559
1011 8.56095506062492e-05
1140 3.8493910507496085e-05
1216 4.5550455969092306e-05
1220 0.0001251273376474703
1365 6.733409171295719e-05
1848 6.508321716976057e-05
1881 8.408656954820681e-05
1882 9.496067334174995e-05
2371 8.858094887998e-06
2379 0.00010939812948263226
2382 0.00011154523568104574
2439 5.502814824397996e-05
2441 0.0001431761810607271
2563 2.4450245822639586e-05
2564 4.692973938522239e-05
2744 7.52017798211394e-05
2794 0.00012341728754011654
3325 0.00018617626542465564
4189 4.981125419104163e-05
4246 0.00017695423263882194
4525 9.818910047034337e-05
4614 0.0001523982138465608
4644 0.00015139340654708521
4839 3.088397517794058e-05
4846 4.681329625334851e-05
4864 0.00016920278300425065
5161 5.502814824397996e-05
5162 5.6001418804450566e-05
5242 6.786862826996617e-05
5243 0.0002875104201589402
5427 3.490353872923123e-05
5911 7.47870417645905e-05
6141 0.00010982004923951138
6193 0.00010694056199521868
6197 5.5304247721948624e-05
6202 0.00013196715204843822
6211 7.356359438910525e-05
6490 2.724862948448243e-05
6568 3.9584588186023764e-05
6661 5.889434094657216e-05
6760 1.9892587507080337e-05
6780 0.0001523982138465608
6833 2.7093186202753706e-05
6941 0.00022883910672981793
6992 4.787143878550288e-05
6995 7.843020694973282e-05
7025 0.00016007969731333051
7026 0.00021605372159664503
7080 0.0001263016457352357
7124 6.859058854884968e-05
7482 2.5340342303404983e-05
7494 0.00010694056199521868
7602 9.654815662959692e-05
7866 5.91933076971794e-05
7890 9.233159952796689e-06
8678 4.409901177660094e-05
