453
20 0.0002462203859023654
29 0.00021244233432427055
56 0.0001027336712532598
58 3.9886331735258645e-05
145 5.786216925096193e-05
151 0.00011712061541501202
158 1.722259642893919e-05
160 3.6009024944890365e-05
163 4.4209139343250144e-05
240 0.00010347204034115494
243 6.309390310328486e-05
246 0.0001002340757964429
290 5.516600244482883e-05
295 6.969398876306011e-05
296 0.00023397347506023475
377 0.00011913044365880717
386 0.00012122674224136485
422 0.0002734912621014559
430 2.1595466130645556e-05
449 6.628229345501092e-05
463 2.104404381130732e-05
473 4.858985121920245e-05
474 0.00014488623116808087
488 0.00019506105515172307
494 0.00010815385522706535
509 1.4811799641107606e-05
511 4.409901177660094e-05
521 6.165346047478709e-05
527 0.0001431761810607271
535 8.236790279729728e-05
537 0.00017215710736717137
607 0.00018825025618924418
632 6.4078409870285e-05
645 6.341986704442123e-05
706 6.525271795805037e-05
708 9.654815662959692e-05
723 6.212889280683989e-05
726 6.4078409870285e-05
732 0.00011614595437539213
733 0.00026261715830791277
807 0.0001347133110905388
891 5.757123449128065e-05
896 0.00030726931367955075
1055 0.00011614595437539213
1070 0.00013130412920165632
1083 7.178415593526694e-05
1096 6.950834500520415e-05
1102 8.285279662389543e-05
1103 9.527405980765772e-05
1140 3.8493910507496085e-05
1157 0.00013614669170503938
1173 9.077257605451787e-05
1234 2.8271279696782107e-05
1239 0.00013196715204843822
1243 0.00012341728754011654
1265 6.576478670658657e-05
1269 8.433711728522342e-05
1306 4.5550455969092306e-05
1310 8.285279662389543e-05
1332 0.00018418695135817993
1350 6.374802604546662e-05
1356 0.00014488623116808087
1358 0.00023971321052336105
1371 0.00011519040557349246
1381 0.00014665847838343454
1412 6.804811807694473e-05
1464 0.00022883910672981793
1465 0.0002462203859023654
1476 0.00018825025618924418
1511 9.312153328472917e-05
1512 0.0001275049519955334
1517 9.106007793564448e-05
1529 0.00022883910672981793
1565 0.00015342417653056774
1578 0.00010856509334268535
1608 0.00019506105515172307
1610 9.590694438493474e-05
1634 0.00018617626542465564
1635 0.0002734912621014559
1647 0.00014944388948364012
1650 0.00016920278300425065
1651 0.0001753021616311125
1653 0.00023971321052336105
1671 7.64676023536449e-05
1691 0.0002875104201589402
1706 3.382257549850835e-05
1707 0.00015554326811050196
1712 0.0001677901789526326
1722 8.117636599183342e-05
1750 0.0001245506276326127
1772 0.0002875104201589402
1777 4.871062309639001e-05
1778 0.0001287387249198448
1779 0.00011333374567896404
1785 0.00010734164596720007
1848 6.508321716976057e-05
1922 7.334292682143156e-06
1929 4.2158123180710165e-05
1931 7.754816608258265e-05
1941 8.024367862190805e-05
1948 0.0001523982138465608
1961 0.0001523982138465608
1981 9.920086195142229e-05
1984 0.00010734164596720007
2000 0.00017695423263882194
2002 0.00018617626542465564
2026 8.535239208071232e-05
2040 4.7398314413738584e-05
2083 0.00010422176939821458
2085 0.0001147195668623605
2118 6.715720793434914e-05
2167 8.744869066327002e-05
2184 0.00013130412920165632
2216 0.0001677901789526326
2222 0.00026261715830791277
2234 0.00016251677649793962
2287 0.00014576429866269
2292 0.00018418695135817993
2294 8.535239208071232e-05
2371 8.858094887998e-06
2384 3.364472337590274e-05
2389 8.070779096331723e-05
2390 0.00014576429866269
2391 2.4157123570420575e-05
2415 0.0001275049519955334
2417 8.63892700805903e-05
2434 0.00010536844412685977
2439 5.502814824397996e-05
2469 0.00011110817958998604
2493 2.5565430128539482e-05
2503 0.00015342417653056774
2563 2.4450245822639586e-05
2582 7.458098891001271e-05
2586 9.502842032885344e-06
2607 3.3290954653437934e-05
2610 0.00030726931367955075
2612 8.001326955199571e-05
2613 0.00015554326811050196
2667 8.358930576913648e-05
2714 8.691610145495967e-05
2725 0.00010536844412685977
2726 0.0002059351589452662
2728 0.00010939812948263226
2776 9.222735356398462e-05
2780 9.342327683396404e-05
2781 9.68719546813797e-05
2790 0.00011425323385392718
2791 0.00015663840245623315
2797 0.00010347204034115494
2825 0.00011614595437539213
2843 7.33626397641186e-05
2850 9.252359415714085e-05
2877 0.00014944388948364012
2913 0.00016378259903044513
2932 0.0002059351589452662
2955 4.7516165565500014e-05
2982 7.197869283035229e-05
2986 0.00020908021320920737
3149 7.541048004377448e-05
3150 7.604199766141655e-05
3185 0.00010939812948263226
3228 4.566391685271689e-05
3229 4.669713069773751e-05
3230 4.692973938522239e-05
3235 0.0001287387249198448
3307 8.408656954820681e-05
3368 0.00010058340652177312
3370 0.00011811516886331826
3372 6.542281037332744e-05
3383 0.00010815385522706535
3395 7.541048004377448e-05
3401 0.0001504088997800851
3440 0.00019756065060853997
3478 7.865323446718271e-05
3487 0.00014849761844045535
3507 9.134928606937549e-05
3513 6.056183085252843e-05
3519 8.586807337437805e-05
3545 6.071628875522179e-05
3576 5.3536945098705395e-05
3586 6.228840662358072e-05
3639 0.00016920278300425065
3657 4.716346370617082e-05
3731 5.3138049876864844e-05
3746 1.903006184883404e-05
3814 0.00014576429866269
3853 0.0002537323685808453
3884 8.433711728522342e-05
3887 5.5861184383926875e-05
3902 0.00012122674224136485
3919 0.0002875104201589402
3932 4.895306850942043e-05
3951 9.920086195142229e-05
3954 0.00010774605847492284
3974 0.00010128967145643295
3996 7.417147870601431e-05
4005 9.222735356398462e-05
4042 0.00012571095453322076
4044 0.00014488623116808087
4061 0.00013130412920165632
4105 9.988723143186235e-05
4107 0.00021244233432427055
4112 0.00016007969731333051
4114 0.00021605372159664503
4136 0.00013196715204843822
4138 0.00016251677649793962
4139 0.00017215710736717137
4140 0.0002199543170027505
4154 0.00012571095453322076
4158 0.00011519040557349246
4189 4.981125419104163e-05
4220 4.3879500470736716e-05
4290 5.656642719180506e-05
4292 0.00011110817958998604
4298 0.00011614595437539213
4314 3.1644758795232604e-05
4321 0.00010200632301179658
4326 0.00011024565393173974
4329 3.676019862375966e-05
4332 8.117636599183342e-05
4334 0.00017065756051371745
4340 0.00012936752625714268
4363 7.025520142447097e-05
4381 4.3226837668107787e-05
4382 6.14960082295629e-05
4384 0.0001753021616311125
4398 6.325661252824365e-05
4406 6.508321716976057e-05
4411 0.0001504088997800851
4412 0.00019756065060853997
4419 0.0002059351589452662
4420 0.00023397347506023475
4444 0.00014665847838343454
4453 3.6854914742017664e-05
4461 9.19329029551259e-05
4465 0.00017370426675739054
4492 6.969398876306011e-05
4493 0.00017695423263882194
4532 0.00022419450561242282
4569 0.00010422176939821458
4572 0.00013401212737453773
4577 3.9085797470059324e-05
4652 4.476354154013861e-05
4658 8.334256383691721e-05
4659 6.610917985376751e-05
4676 1.811794967986411e-05
4683 0.00017695423263882194
4688 0.0001804365299615294
4699 3.676019862375966e-05
4801 0.0001347133110905388
4821 8.691610145495967e-05
4829 8.383730339089555e-05
4834 1.7286007534181456e-05
4837 0.00016508218077975113
4839 3.088397517794058e-05
4844 0.00010734164596720007
4933 2.564069103539461e-05
4947 0.00016251677649793962
4972 4.681329625334851e-05
4977 0.00013401212737453773
5111 0.00014849761844045535
5125 0.00023397347506023475
5222 2.3001954162320978e-05
5241 0.0002462203859023654
5267 0.0001677901789526326
5275 0.00017065756051371745
5276 0.00021244233432427055
5348 0.0001664173719040451
5354 0.00026261715830791277
5362 0.00017370426675739054
5369 7.562007790453742e-05
5370 0.00011154523568104574
5378 0.00010347204034115494
5379 2.541525611908456e-05
5395 3.215862746722012e-05
5412 0.00010856509334268535
5423 0.0002875104201589402
5430 6.441104889224853e-05
5439 8.024367862190805e-05
5440 8.586807337437805e-05
5469 1.1433598200043818e-05
5481 6.576478670658657e-05
5482 0.00013196715204843822
5501 0.0002875104201589402
5511 0.0002875104201589402
5569 9.527405980765772e-05
5636 0.00010310145735752775
5687 2.724862948448243e-05
5688 0.00018617626542465564
5689 0.00019041645403432799
5690 0.00019756065060853997
5729 9.106007793564448e-05
5733 0.0001804365299615294
5738 9.19329029551259e-05
5744 0.00015890538922556517
5751 0.00023397347506023475
5810 5.261121850249547e-05
5811 0.00010310145735752775
5854 7.178415593526694e-05
5862 6.610917985376751e-05
5894 1.5848029138067838e-05
5896 1.6219082409210568e-05
5904 0.00022419450561242282
5909 6.663037655997976e-05
5984 3.088397517794058e-05
5985 7.52017798211394e-05
5986 0.00019506105515172307
6022 2.0770655001689466e-05
6023 0.00016251677649793962
6035 9.818910047034337e-05
6036 0.00017370426675739054
6057 0.00011024565393173974
6170 0.0002875104201589402
6193 0.00010694056199521868
6222 0.00010347204034115494
6262 0.0001128804268053397
6264 4.7398314413738584e-05
6278 0.00011566583790554528
6284 0.00016920278300425065
6321 0.00020298083458234552
6345 0.0001251273376474703
6356 6.733409171295719e-05
6366 0.0001251273376474703
6408 4.3989132524856074e-05
6409 0.00010575674440844711
6410 0.00016007969731333051
6429 5.815485137703107e-05
6434 0.00014576429866269
6450 0.00017695423263882194
6455 0.00016128300357362823
6490 2.724862948448243e-05
6505 0.00013196715204843822
6507 6.212889280683989e-05
6519 0.00026261715830791277
6540 6.040786096929821e-05
6543 0.00021605372159664503
6545 0.0001677901789526326
6546 0.0001786642827461757
6560 0.0001504088997800851
6566 7.082295263288685e-05
6572 0.00011614595437539213
6586 5.24803957997587e-05
6588 6.576478670658657e-05
6589 5.9343481706634316e-05
6611 0.00013614669170503938
6618 0.00019506105515172307
6619 5.7716484755306535e-05
6623 0.00010460100421098168
6624 0.00011663084820199027
6625 0.00011811516886331826
6661 5.889434094657216e-05
6686 0.00011333374567896404
6691 0.0001804365299615294
6760 1.9892587507080337e-05
6884 0.00030726931367955075
6885 5.131853189681648e-05
6898 0.0001263016457352357
6905 2.9805618738211806e-05
6908 8.935997200289977e-05
6960 3.259102983841739e-05
6962 0.00010460100421098168
6972 6.133906307779394e-05
6973 0.00011913044365880717
6978 0.00013687950893562258
6992 4.787143878550288e-05
6998 0.00016251677649793962
6999 6.309390310328486e-05
7030 0.0002059351589452662
7032 0.0002537323685808453
7064 0.00020908021320920737
7067 3.508605365233e-05
7073 5.516600244482883e-05
7174 7.256700694753944e-05
7178 3.714017269315804e-05
7213 0.0002875104201589402
7215 0.00015139340654708521
7229 0.0001664173719040451
7231 0.0001804365299615294
7254 0.00023397347506023475
7296 0.00018825025618924418
7321 3.8200641252257444e-05
7339 0.0001504088997800851
7344 8.96392359620217e-05
7443 0.00014576429866269
7450 0.00012936752625714268
7451 0.0001300045474523503
7476 8.117636599183342e-05
7480 9.252359415714085e-05
7482 2.5340342303404983e-05
7483 2.8590308184836374e-05
7490 0.0002734912621014559
7503 3.173002815645075e-05
7523 8.935997200289977e-05
7559 8.509658347491132e-05
7587 0.00013687950893562258
7650 0.00017215710736717137
7660 0.00011913044365880717
7694 6.804811807694473e-05
7698 0.0001504088997800851
7702 0.0001677901789526326
7703 0.00017065756051371745
7818 2.996997446737178e-05
7850 0.000126899584862824
7866 5.91933076971794e-05
7886 7.910237522724487e-05
7890 9.233159952796689e-06
7891 6.932340577943291e-05
7892 0.0001002340757964429
7893 5.131853189681648e-05
7904 6.056183085252843e-05
7906 0.00018418695135817993
7938 4.907474504580058e-05
7943 7.64676023536449e-05
7981 6.950834500520415e-05
7984 0.0002537323685808453
7985 0.0002875104201589402
8009 2.7093186202753706e-05
8010 3.97855428110104e-05
8042 6.663037655997976e-05
8054 2.9805618738211806e-05
8069 5.287392225192349e-05
8071 0.00013687950893562258
8130 0.00019756065060853997
8144 1.8182537399726556e-05
8149 0.00011811516886331826
8168 0.0001664173719040451
8186 9.252359415714085e-05
8204 5.1064059112276297e-05
8234 4.8109734749355606e-05
8322 0.0002199543170027505
8323 0.0002734912621014559
8427 0.00026261715830791277
8429 0.00016128300357362823
8447 4.100899018649567e-05
8501 0.00019268344080366
8503 7.256700694753944e-05
8513 4.3335009582674306e-05
8516 8.024367862190805e-05
8529 0.0002875104201589402
8539 7.955569410086921e-05
8600 8.383730339089555e-05
8603 0.0001376235146469122
8678 4.409901177660094e-05
8700 0.00016508218077975113
8738 8.853165584237468e-05
8751 0.00015554326811050196
8753 0.00010614816360120087
8781 8.63892700805903e-05
8811 0.00011913044365880717
8813 4.431951634967444e-05
8866 3.8493910507496085e-05
8882 0.0001147195668623605
8883 0.00011519040557349246
