140
97 8.612797493712278e-05
219 0.00018825025618924418
243 6.309390310328486e-05
276 4.8109734749355606e-05
295 6.969398876306011e-05
317 0.00021244233432427055
344 9.164022082905678e-05
463 2.104404381130732e-05
511 4.409901177660094e-05
723 6.212889280683989e-05
726 6.4078409870285e-05
1041 0.00010734164596720007
1126 4.895306850942043e-05
1130 8.665197383001834e-05
1194 0.0001027336712532598
1216 4.5550455969092306e-05
1220 0.0001251273376474703
1343 0.000126899584862824
1349 0.00015663840245623315
1365 6.733409171295719e-05
1474 0.0001239806629188251
1647 0.00014944388948364012
1706 3.382257549850835e-05
1713 4.787143878550288e-05
1881 8.408656954820681e-05
1882 9.496067334174995e-05
1916 0.00014071861357331354
1929 4.2158123180710165e-05
1931 7.754816608258265e-05
1941 8.024367862190805e-05
1996 0.00022883910672981793
2126 0.0001300045474523503
2162 0.0001263016457352357
2280 0.00018418695135817993
2371 8.858094887998e-06
2379 0.00010939812948263226
2382 0.00011154523568104574
2391 2.4157123570420575e-05
2563 2.4450245822639586e-05
2564 4.692973938522239e-05
2586 9.502842032885344e-06
2882 0.0002462203859023654
2884 0.0002875104201589402
2958 6.950834500520415e-05
2968 0.00019756065060853997
3023 0.00019506105515172307
3278 0.0001753021616311125
3564 0.00010774605847492284
3657 4.716346370617082e-05
3691 0.00011425323385392718
3746 1.903006184883404e-05
3766 5.131853189681648e-05
3773 0.0002734912621014559
3814 0.00014576429866269
3829 0.00019506105515172307
3884 8.433711728522342e-05
3885 0.0001391464957049546
4154 0.00012571095453322076
4189 4.981125419104163e-05
4314 3.1644758795232604e-05
4315 7.256700694753944e-05
4319 0.00015890538922556517
4326 0.00011024565393173974
4328 0.00011566583790554528
4392 8.334256383691721e-05
4451 0.00010200632301179658
4453 3.6854914742017664e-05
4614 0.0001523982138465608
4834 1.7286007534181456e-05
4839 3.088397517794058e-05
4846 4.681329625334851e-05
4864 0.00016920278300425065
5080 0.00010575674440844711
5177 6.196989942762013e-05
5222 2.3001954162320978e-05
5228 4.931901336427842e-05
5294 9.68719546813797e-05
5300 0.00019506105515172307
5395 3.215862746722012e-05
5427 3.490353872923123e-05
5469 1.1433598200043818e-05
5702 3.9886331735258645e-05
5797 5.544288630052885e-05
5894 1.5848029138067838e-05
5896 1.6219082409210568e-05
6141 0.00010982004923951138
6242 3.105201474962982e-05
6276 0.00026261715830791277
6297 9.164022082905678e-05
6302 8.509658347491132e-05
6306 0.00011425323385392718
6356 6.733409171295719e-05
6467 4.669713069773751e-05
6468 4.669713069773751e-05
6483 0.00010734164596720007
6507 6.212889280683989e-05
6566 7.082295263288685e-05
6568 3.9584588186023764e-05
6661 5.889434094657216e-05
6663 0.00030726931367955075
6780 0.0001523982138465608
6781 0.00018617626542465564
6789 4.7516165565500014e-05
6806 0.00019041645403432799
6831 0.00011198624708459517
6833 2.7093186202753706e-05
6999 6.309390310328486e-05
7001 0.00015775871449691997
7002 0.00023971321052336105
7025 0.00016007969731333051
7026 0.00021605372159664503
7178 3.714017269315804e-05
7180 0.0001275049519955334
7218 0.0002734912621014559
7227 0.0001504088997800851
7346 8.070779096331723e-05
7349 0.00013614669170503938
7422 0.00013401212737453773
7602 9.654815662959692e-05
7808 4.7398314413738584e-05
7858 4.509923582401553e-05
7863 7.64676023536449e-05
7890 9.233159952796689e-06
7894 6.374802604546662e-05
7897 0.00013542473142615584
7898 0.00017695423263882194
8009 2.7093186202753706e-05
8010 3.97855428110104e-05
8137 8.63892700805903e-05
8144 1.8182537399726556e-05
8149 0.00011811516886331826
8317 0.0002734912621014559
8530 0.0001147195668623605
8585 0.0001431761810607271
8722 7.217400943451535e-05
8746 0.00011811516886331826
8750 0.00020019542348213994
8811 0.00011913044365880717
8813 4.431951634967444e-05
8814 9.988723143186235e-05
