231
158 1.722259642893919e-05
243 6.309390310328486e-05
330 6.358367031630664e-05
334 9.252359415714085e-05
378 7.955569410086921e-05
430 2.1595466130645556e-05
443 5.859719717528758e-05
446 0.00010058340652177312
463 2.104404381130732e-05
498 0.00016007969731333051
502 0.0002462203859023654
509 1.4811799641107606e-05
576 0.00022419450561242282
722 0.00011663084820199027
723 6.212889280683989e-05
726 6.4078409870285e-05
745 0.00023971321052336105
765 7.499396958083494e-05
773 0.00011110817958998604
847 0.00016508218077975113
969 0.00010536844412685977
1208 0.00012571095453322076
1306 4.5550455969092306e-05
1310 8.285279662389543e-05
1365 6.733409171295719e-05
1412 6.804811807694473e-05
1517 9.106007793564448e-05
1519 0.0001376235146469122
1559 0.00011425323385392718
1583 8.88061998220748e-05
1586 0.00017695423263882194
1659 0.0001786642827461757
1678 0.00015663840245623315
1680 0.00030726931367955075
1689 0.00018227567001855016
1706 3.382257549850835e-05
1713 4.787143878550288e-05
1777 4.871062309639001e-05
1888 6.071628875522179e-05
1916 0.00014071861357331354
1922 7.334292682143156e-06
1957 8.88061998220748e-05
1996 0.00022883910672981793
2040 4.7398314413738584e-05
2059 0.00014071861357331354
2137 0.00015342417653056774
2138 0.00017370426675739054
2371 8.858094887998e-06
2373 4.532432364915004e-05
2402 8.825864993225359e-05
2417 8.63892700805903e-05
2439 5.502814824397996e-05
2440 0.0001275049519955334
2448 8.825864993225359e-05
2550 5.3403616896513294e-05
2582 7.458098891001271e-05
2586 9.502842032885344e-06
2599 0.00012341728754011654
2600 0.00014849761844045535
2607 3.3290954653437934e-05
2618 4.846937791309118e-05
2626 0.0001287387249198448
2699 0.00013065000625947455
2702 0.00021244233432427055
2955 4.7516165565500014e-05
2958 6.950834500520415e-05
2968 0.00019756065060853997
2976 5.461691012835996e-05
2982 7.197869283035229e-05
3031 8.691610145495967e-05
3033 0.0001415241100530177
3034 0.00016128300357362823
3050 5.1064059112276297e-05
3051 7.910237522724487e-05
3572 5.234992335902794e-05
3576 5.3536945098705395e-05
3657 4.716346370617082e-05
3719 2.489326185102742e-05
3727 6.424444555902466e-05
3731 5.3138049876864844e-05
3739 0.00018825025618924418
3872 9.164022082905678e-05
3875 3.285232498188492e-05
3996 7.417147870601431e-05
4001 0.0001677901789526326
4189 4.981125419104163e-05
4267 0.00011519040557349246
4314 3.1644758795232604e-05
4315 7.256700694753944e-05
4329 3.676019862375966e-05
4345 5.131853189681648e-05
4349 0.0001415241100530177
4381 4.3226837668107787e-05
4382 6.14960082295629e-05
4398 6.325661252824365e-05
4453 3.6854914742017664e-05
4460 0.00011862016226846598
4513 9.19329029551259e-05
4563 4.728074758348793e-05
4567 6.341986704442123e-05
4577 3.9085797470059324e-05
4853 8.535239208071232e-05
4926 0.00010236864012694453
4927 0.00010236864012694453
5016 8.117636599183342e-05
5080 0.00010575674440844711
5217 7.159039254876493e-05
5222 2.3001954162320978e-05
5228 4.931901336427842e-05
5242 6.786862826996617e-05
5366 0.00013542473142615584
5379 2.541525611908456e-05
5380 3.8298201700263376e-05
5427 3.490353872923123e-05
5439 8.024367862190805e-05
5440 8.586807337437805e-05
5448 9.954283828468142e-05
5457 0.0001423431449207802
5458 0.00017695423263882194
5469 1.1433598200043818e-05
5494 0.00023397347506023475
5550 4.944160821510571e-05
5622 6.733409171295719e-05
5674 0.00010236864012694453
5702 3.9886331735258645e-05
5831 0.00013401212737453773
5832 0.00013542473142615584
5859 0.0002734912621014559
5888 8.358930576913648e-05
5891 0.00010310145735752775
5892 0.00011712061541501202
5894 1.5848029138067838e-05
5896 1.6219082409210568e-05
5909 6.663037655997976e-05
5934 5.434466680855229e-05
5938 5.91933076971794e-05
5975 0.00010460100421098168
5984 3.088397517794058e-05
5985 7.52017798211394e-05
5986 0.00019506105515172307
6000 3.4631041686461846e-05
6197 5.5304247721948624e-05
6242 3.105201474962982e-05
6264 4.7398314413738584e-05
6327 0.00010384546306881737
6334 0.00014944388948364012
6490 2.724862948448243e-05
6502 0.0001423431449207802
6505 0.00013196715204843822
6507 6.212889280683989e-05
6540 6.040786096929821e-05
6545 0.0001677901789526326
6546 0.0001786642827461757
6566 7.082295263288685e-05
6578 6.025437603138515e-05
6590 8.691610145495967e-05
6661 5.889434094657216e-05
6667 0.00012069415303305452
6682 6.698096388147314e-05
6760 1.9892587507080337e-05
6789 4.7516165565500014e-05
6794 0.00014849761844045535
6796 8.260974660633398e-05
6831 0.00011198624708459517
6978 0.00013687950893562258
6980 0.00011379132113009053
6982 0.0001147195668623605
6983 0.00013263932032595027
7067 3.508605365233e-05
7073 5.516600244482883e-05
7076 0.00023971321052336105
7178 3.714017269315804e-05
7236 0.00010536844412685977
7237 0.00010536844412685977
7482 2.5340342303404983e-05
7483 2.8590308184836374e-05
7551 0.00022883910672981793
7577 8.853165584237468e-05
7578 8.88061998220748e-05
7602 9.654815662959692e-05
7620 0.0001027336712532598
7694 6.804811807694473e-05
7792 0.000101646679848061
7799 9.403242760948e-05
7858 4.509923582401553e-05
7862 9.077257605451787e-05
7866 5.91933076971794e-05
7874 0.00030726931367955075
7904 6.056183085252843e-05
7938 4.907474504580058e-05
7942 9.134928606937549e-05
7958 9.496067334174995e-05
8009 2.7093186202753706e-05
8010 3.97855428110104e-05
8054 2.9805618738211806e-05
8058 8.853165584237468e-05
8069 5.287392225192349e-05
8071 0.00013687950893562258
8088 8.509658347491132e-05
8090 9.558947467904783e-05
8109 8.285279662389543e-05
8114 0.0001804365299615294
8115 0.0002537323685808453
8123 0.00020908021320920737
8137 8.63892700805903e-05
8144 1.8182537399726556e-05
8349 4.919672615455441e-05
8426 0.00015663840245623315
8442 8.001326955199571e-05
8516 8.024367862190805e-05
8531 9.752607762356147e-05
8532 0.0001002340757964429
8539 7.955569410086921e-05
8540 0.0002537323685808453
8550 0.00013542473142615584
8552 0.0002462203859023654
8585 0.0001431761810607271
8591 0.00011761535496899039
8600 8.383730339089555e-05
8630 0.0001275049519955334
8633 5.949411993323993e-05
8638 6.491430390704548e-05
8717 9.106007793564448e-05
8763 6.542281037332744e-05
8813 4.431951634967444e-05
8814 9.988723143186235e-05
8863 0.0001664173719040451
8866 3.8493910507496085e-05
8890 0.00010058340652177312
8891 0.00010058340652177312
8892 0.00010384546306881737
