199
44 0.00010575674440844711
52 9.785646144837983e-05
58 3.9886331735258645e-05
97 8.612797493712278e-05
99 0.00020298083458234552
145 5.786216925096193e-05
158 1.722259642893919e-05
225 4.311890533715833e-05
226 0.00011712061541501202
238 0.00012176521653240713
275 0.00030726931367955075
278 5.558192042480493e-05
290 5.516600244482883e-05
367 0.00021244233432427055
412 6.391293797104737e-05
413 7.562007790453742e-05
480 6.877276232176413e-05
511 4.409901177660094e-05
521 6.165346047478709e-05
535 8.236790279729728e-05
545 0.0001300045474523503
546 0.00013263932032595027
597 0.00011198624708459517
632 6.4078409870285e-05
753 9.752607762356147e-05
756 0.0002734912621014559
825 0.00018617626542465564
861 7.316251041712385e-05
1052 0.00021605372159664503
1096 6.950834500520415e-05
1234 2.8271279696782107e-05
1246 0.00014071861357331354
1247 0.0001431761810607271
1536 0.0001475693727081854
1578 0.00010856509334268535
1671 7.64676023536449e-05
1706 3.382257549850835e-05
1713 4.787143878550288e-05
1881 8.408656954820681e-05
1885 0.0002734912621014559
1913 0.00014576429866269
1916 0.00014071861357331354
1917 0.00015663840245623315
1922 7.334292682143156e-06
1984 0.00010734164596720007
2201 0.00017215710736717137
2261 0.00023397347506023475
2316 0.00012341728754011654
2371 8.858094887998e-06
2391 2.4157123570420575e-05
2447 0.00020908021320920737
2493 2.5565430128539482e-05
2559 7.604199766141655e-05
2563 2.4450245822639586e-05
2586 9.502842032885344e-06
2670 0.00026261715830791277
2714 8.691610145495967e-05
2739 7.583058115843726e-05
2762 0.00010200632301179658
2765 0.00012936752625714268
2783 8.718166847460814e-05
2785 0.00010856509334268535
2797 0.00010347204034115494
2843 7.33626397641186e-05
2850 9.252359415714085e-05
2874 0.0002059351589452662
2877 0.00014944388948364012
2916 0.00015890538922556517
2929 0.0001251273376474703
2930 0.0001523982138465608
3137 0.00011379132113009053
3156 9.342327683396404e-05
3157 0.00026261715830791277
3214 8.001326955199571e-05
3413 8.001326955199571e-05
3415 0.00015663840245623315
3524 0.00023971321052336105
3719 2.489326185102742e-05
3727 6.424444555902466e-05
3743 3.233112827567267e-05
3832 3.3290954653437934e-05
3912 0.00013263932032595027
4010 0.00014071861357331354
4071 0.00023971321052336105
4189 4.981125419104163e-05
4247 4.846937791309118e-05
4298 0.00011614595437539213
4301 0.00011154523568104574
4314 3.1644758795232604e-05
4329 3.676019862375966e-05
4331 0.00023971321052336105
4375 7.541048004377448e-05
4376 0.00014488623116808087
4398 6.325661252824365e-05
4402 6.950834500520415e-05
4406 6.508321716976057e-05
4467 5.5861184383926875e-05
4479 0.00016007969731333051
4561 0.0001440237055098346
4596 0.00017370426675739054
4699 3.676019862375966e-05
4703 0.00012069415303305452
4705 0.00014071861357331354
4759 5.0810908270240366e-05
4760 0.0001347133110905388
4808 0.0001245506276326127
4834 1.7286007534181456e-05
4835 0.0001440237055098346
4972 4.681329625334851e-05
5016 8.117636599183342e-05
5161 5.502814824397996e-05
5165 0.00020019542348213994
5319 0.0001664173719040451
5379 2.541525611908456e-05
5380 3.8298201700263376e-05
5395 3.215862746722012e-05
5430 6.441104889224853e-05
5443 0.00011712061541501202
5469 1.1433598200043818e-05
5489 0.0002875104201589402
5513 0.0002734912621014559
5636 0.00010310145735752775
5641 0.00023397347506023475
5687 2.724862948448243e-05
5808 0.00011913044365880717
5810 5.261121850249547e-05
5822 9.134928606937549e-05
5823 0.0001475693727081854
5858 6.663037655997976e-05
5872 0.00013130412920165632
5873 0.0002537323685808453
5894 1.5848029138067838e-05
5896 1.6219082409210568e-05
5904 0.00022419450561242282
5984 3.088397517794058e-05
6022 2.0770655001689466e-05
6084 7.843020694973282e-05
6085 0.00011862016226846598
6106 7.217400943451535e-05
6108 0.0001804365299615294
6159 7.101368253390731e-05
6160 7.955569410086921e-05
6277 0.00011067500849334801
6278 0.00011566583790554528
6327 0.00010384546306881737
6384 0.00015663840245623315
6490 2.724862948448243e-05
6578 6.025437603138515e-05
6586 5.24803957997587e-05
6675 5.7716484755306535e-05
6682 6.698096388147314e-05
6687 6.196989942762013e-05
6691 0.0001804365299615294
6712 6.025437603138515e-05
6748 0.00012016732165868515
6760 1.9892587507080337e-05
6833 2.7093186202753706e-05
6905 2.9805618738211806e-05
6908 8.935997200289977e-05
6989 0.00015775871449691997
6999 6.309390310328486e-05
7178 3.714017269315804e-05
7181 0.0001263016457352357
7406 6.698096388147314e-05
7407 0.0001786642827461757
7414 0.00010460100421098168
7503 3.173002815645075e-05
7504 0.00012571095453322076
7677 6.988034244141115e-05
7678 8.260974660633398e-05
7679 8.260974660633398e-05
7756 0.00019506105515172307
7761 0.00022883910672981793
7836 6.424444555902466e-05
7883 0.00016251677649793962
7890 9.233159952796689e-06
8042 6.663037655997976e-05
8081 0.0001664173719040451
8084 0.00011333374567896404
8086 0.00014944388948364012
8128 0.00013332088986277624
8130 0.00019756065060853997
8134 0.00012176521653240713
8144 1.8182537399726556e-05
8234 4.8109734749355606e-05
8339 0.0002734912621014559
8429 0.00016128300357362823
8678 4.409901177660094e-05
8695 4.476354154013861e-05
8696 4.787143878550288e-05
8762 0.00018825025618924418
8781 8.63892700805903e-05
8782 0.00019268344080366
8849 0.00030726931367955075
8866 3.8493910507496085e-05
8890 0.00010058340652177312
8891 0.00010058340652177312
8892 0.00010384546306881737
8893 0.00020908021320920737
