212
52 0.00539998008933722
135 0.004352772952311302
139 0.006013797259628332
163 0.0012197890087524623
171 0.008354291264071972
201 0.0054509613567285085
277 0.001518299867338543
295 0.0019229499314439371
334 0.0025528491366205554
377 0.0032869675352547663
423 0.004767189937821801
459 0.0024276830157053592
469 0.0070008138352708775
549 0.0018725858053929983
575 0.00243517364766639
651 0.0034685325907122706
819 0.004629554411225578
861 0.002018651061416123
988 0.003659695426454702
1011 0.009448325882388768
1041 0.008885096738634864
1093 0.0070008138352708775
1108 0.004518979946004109
1129 0.004781686630174139
1139 0.0010620982366650314
1179 0.006455639658627901
1210 0.006313975601164512
1216 0.008127503994350155
1219 0.003452429823883144
1348 0.008643724103343343
1364 0.00928918615086493
1439 0.005968217695254529
1471 0.02077630072022965
1473 0.01368316616634761
1483 0.006455639658627901
1511 0.0035180313689913115
1566 0.004518979946004109
1577 0.002995455454705919
1640 0.0020922666850897616
1712 0.0013208367258712127
1728 0.0028144902497867835
1738 0.008705545904622605
1792 0.004046502660536126
1930 0.006418971419145292
1959 0.0032315136983857187
2040 0.005316392645331945
2092 0.0032589547520430104
2117 0.003705913542482474
2125 0.0035869985352797087
2152 0.008524187538666026
2230 0.005961209804548917
2347 0.0050292283938245174
2381 0.006155363098386871
2440 0.00790084288305387
2468 0.00613124517960344
2473 0.008477969422638254
2484 0.0037365486268417986
2485 0.004149981779690769
2588 0.006779761281894543
2641 0.006068832424546478
2743 0.0020749172190897658
2772 0.0030536708225780726
2793 0.0034052472648839587
2826 0.0033011958686577046
2903 0.004177145632035986
2913 0.005600511448290598
2988 0.004204869603097678
3017 0.004554837136560811
3158 0.006068832424546478
3181 0.004750043779740654
3324 0.030821106082932464
3394 0.0020806755360684775
3421 0.006793548232699321
3512 0.001670981537330444
3556 0.004352772952311302
3604 0.0044536299765327355
3616 0.006313975601164512
3617 0.0070008138352708775
3632 0.006614006601189454
3640 0.006779761281894543
3653 0.003676841584535849
3656 0.0013013027509269177
3690 0.0031523988238582015
3760 0.0029287691455538766
3773 0.0075459880119138545
3819 0.0017725897796347608
3872 0.0025284756904908794
3884 0.004653946682637221
3885 0.0038392370579645677
3901 0.0028652345723507756
3943 0.0063650682355610175
4039 0.0072459570118889125
4041 0.0072459570118889125
4221 0.004842775333686757
4233 0.005194075180057413
4247 0.009764805704502671
4248 0.002674669324838815
4251 0.004752770976096832
4320 0.004384411234607544
4346 0.00141594661382176
4393 0.002299532287661319
4468 0.0015412844434351588
4517 0.0032180003689663696
4636 0.0070008138352708775
4645 0.004177145632035986
4677 0.0004998983515385416
4752 0.002995455454705919
4811 0.002995455454705919
4865 0.004668530037566198
4867 0.00586156682197492
4881 0.0072459570118889125
4887 0.006614006601189454
4899 0.012371649746240942
4909 0.005172099916533823
4924 0.002259393039474422
4973 0.0012916411647363527
5163 0.00463546109336158
5178 0.0017098320238357605
5180 0.0075533757500573905
5199 0.0029396563707019792
5200 0.008093005321072252
5229 0.0013607772356112981
5255 0.0016498733336571677
5301 0.005381994190440112
5336 0.0027184090307775925
5381 0.002113396740264689
5431 0.0017771865873923184
5575 0.0036975730005011777
5703 0.009904652928240327
5763 0.0038392370579645677
5811 0.0014516135581865003
5813 0.006455639658627901
5818 0.004882402852251336
5863 0.003648080562580657
5912 0.0020634740439815186
5939 0.001633222161601433
5985 0.0008521299900489363
6001 0.0009555165433738328
6142 0.01818048815150202
6165 0.0035869985352797087
6203 0.010923448226523356
6349 0.0026462002735558464
6357 0.0018578372301729861
6421 0.003818062369016254
6430 0.0016045697692634703
6448 0.008477969422638254
6469 0.006442180012047007
6485 0.012531436896107957
6513 0.003950421441526935
6537 0.0020691834579083623
6541 0.0016667333032767356
6599 0.0035694222724571376
6626 0.0032589547520430104
6634 0.0032589547520430104
6685 0.003452429823883144
6725 0.0035694222724571376
6761 0.0032931778302743024
6781 0.04204869603097677
6782 0.010273702027644155
6790 0.007866205588601908
6807 0.005253843462396071
6823 0.004709972249060732
6895 0.0025528491366205554
6966 0.003678500837328365
6996 0.00865597528589497
7000 0.0017408447815989928
7043 0.00941733857150619
7055 0.005194075180057413
7197 0.00586156682197492
7232 0.004978484071260526
7252 0.0021216894118536726
7253 0.005081963190415169
7328 0.0032451642213115863
7338 0.006793548232699321
7342 0.003882613882864923
7349 0.006313975601164512
7350 0.007512936944119572
7351 0.005136851013822078
7418 0.0070008138352708775
7423 0.0036975730005011777
7495 0.0059012649442810455
7533 0.0050292283938245174
7543 0.0072459570118889125
7609 0.0042916458371541595
7610 0.005194075180057413
7655 0.0072459570118889125
7668 0.0072459570118889125
7694 0.004021831051646729
7702 0.0031523988238582015
7718 0.0050292283938245174
7720 0.0099467291389059
7738 0.005600511448290598
7862 0.007319390852909404
7863 0.002504536216092456
7868 0.005961209804548917
7874 0.006313975601164512
8046 0.0034848305473449553
8062 0.0021701474475898834
8091 0.0026374408617327373
8145 0.0005016804127131984
8235 0.0026548232575000445
8258 0.006068832424546478
8445 0.0016045697692634703
8531 0.0031652655723757176
8549 0.004668530037566198
8631 0.0035180313689913115
8637 0.005768801424521536
8670 0.007932795245995277
8677 0.003927436865430319
8723 0.001991377003344894
8766 0.004321862051671671
8827 0.005682025190465055
