116
53 0.022727008767028278
56 0.005722265488806571
109 0.0066355657117955595
209 0.007624188647714178
238 0.02034696768256523
246 0.011166076043723739
281 0.008168877245957305
334 0.005153564194552746
397 0.015166741455941386
443 0.0032638638826635183
480 0.0038306428613222618
549 0.0037802825946371154
639 0.028682987912141418
692 0.008545726632752623
708 0.005377732324268549
726 0.0035691674297748744
1309 0.004614900771950975
1368 0.012746338244850858
1390 0.003615726727622433
1496 0.007422623948781746
1520 0.006188725603162222
1587 0.009052184450935237
1660 0.010864900771950976
1664 0.00738801014215543
1692 0.014272337848571195
1935 0.006140682923997904
2031 0.006140682923997904
2043 0.005869022337866089
2179 0.012746338244850858
2390 0.0013455517828724261
2438 0.006130135714379367
2619 0.00576339264700233
2631 0.013714475494761753
2659 0.008787160397478441
2724 0.005869022337866089
2942 0.007793890185486771
3069 0.054557231298407394
3074 0.008983463299051092
3229 0.005227972967513775
3595 0.004614900771950975
3604 0.0029969218383751536
3607 0.014132892929953084
3641 0.007543157540436881
3748 0.008488580511253436
3750 0.025492676489701716
3762 0.009856350757982383
3834 0.01183303802186187
3869 0.008488580511253436
3939 0.010259213190650623
3970 0.011133935923172618
3973 0.010152754820033244
3974 0.005641834700123315
4056 0.03732237747380876
4057 0.055616685690331874
4139 0.009589150880351446
4144 0.007707713407451563
4248 0.0026997443497591787
4358 0.010485539269740902
4383 0.003425327658386653
4412 0.00837777571775074
4471 0.008851030179863979
4485 0.013564645121710154
4500 0.005186869403959415
4924 0.00456114969843899
5019 0.012233953485281569
5030 0.03566575656141004
5178 0.0034517233981184413
5220 0.007838026776033563
5223 0.0012812088468412784
5320 0.009269447615055312
5463 0.00593443129835462
5491 0.00860410179684102
5536 0.008324024644238755
5595 0.009345912967661634
5682 0.012034192292933128
5735 0.015500919621531942
5736 0.00837777571775074
5815 0.01037001798415332
5893 0.00652361827861617
5912 0.004165638226287691
5939 0.0032970672387328927
5985 0.00172023741741129
5988 0.004343886534318915
6051 0.0079749132850825
6107 0.0040200923255025054
6161 0.004431252161418415
6329 0.005525488010694222
6469 0.0026010301798639794
6479 0.009424595013336763
6494 0.006969592706964097
6507 0.004946505330089566
6537 0.004177164105652506
6761 0.006648102744866248
6834 0.0015090904714933815
6837 0.007583370727970693
6920 0.00412001798415332
6952 0.01335202582615121
7322 0.0021277757177507396
7393 0.0029377513097568206
7407 0.0037308396881980538
7503 0.00539576787575285
7530 0.013714475494761753
7569 0.011150885087955194
7680 0.009202725771945605
7800 0.005237606217848036
7863 0.005056032486236646
7892 0.003861313701914413
8011 0.0022160547345732792
8043 0.003711311974390873
8115 0.010050314718857187
8205 0.0028442680925537898
8445 0.0032392252217006306
8469 0.009195077469432138
8584 0.008851030179863979
8622 0.005661720067536998
8697 0.0026664391403525105
