420
15 6.0101372993599195e-05
52 9.785646144837983e-05
53 0.00010200632301179658
97 8.612797493712278e-05
132 8.334256383691721e-05
134 0.0001376235146469122
135 0.00015775871449691997
138 5.5304247721948624e-05
139 0.00010897983139923425
158 1.722259642893919e-05
161 8.88061998220748e-05
163 4.4209139343250144e-05
171 0.00015139340654708521
196 8.935997200289977e-05
201 0.00019756065060853997
276 4.8109734749355606e-05
277 5.502814824397996e-05
278 5.558192042480493e-05
295 6.969398876306011e-05
328 5.502814824397996e-05
330 6.358367031630664e-05
334 9.252359415714085e-05
377 0.00011913044365880717
412 6.391293797104737e-05
413 7.562007790453742e-05
423 8.63892700805903e-05
430 2.1595466130645556e-05
443 5.859719717528758e-05
459 8.798716495431228e-05
463 2.104404381130732e-05
469 0.0002537323685808453
509 1.4811799641107606e-05
535 8.236790279729728e-05
549 6.786862826996617e-05
575 8.825864993225359e-05
645 6.341986704442123e-05
651 0.00012571095453322076
818 0.00016128300357362823
819 0.0001677901789526326
861 7.316251041712385e-05
891 5.757123449128065e-05
988 0.00013263932032595027
1011 8.56095506062492e-05
1041 0.00010734164596720007
1083 7.178415593526694e-05
1094 0.0002537323685808453
1109 0.00016378259903044513
1126 4.895306850942043e-05
1130 8.665197383001834e-05
1140 3.8493910507496085e-05
1177 0.00010347204034115494
1180 0.00023397347506023475
1209 0.00016007969731333051
1211 0.00022883910672981793
1216 4.5550455969092306e-05
1217 9.818910047034337e-05
1220 0.0001251273376474703
1306 4.5550455969092306e-05
1343 0.000126899584862824
1349 0.00015663840245623315
1365 6.733409171295719e-05
1382 0.00011862016226846598
1440 0.00010815385522706535
1471 0.0001753021616311125
1472 0.00018825025618924418
1474 0.0001239806629188251
1484 0.00023397347506023475
1497 6.663037655997976e-05
1511 9.312153328472917e-05
1512 0.0001275049519955334
1517 9.106007793564448e-05
1567 0.00016378259903044513
1578 0.00010856509334268535
1638 7.33626397641186e-05
1641 7.583058115843726e-05
1671 7.64676023536449e-05
1706 3.382257549850835e-05
1713 4.787143878550288e-05
1729 0.00010200632301179658
1739 0.00015775871449691997
1793 0.00014665847838343454
1819 0.00014488623116808087
1922 7.334292682143156e-06
1929 4.2158123180710165e-05
1931 7.754816608258265e-05
1960 0.00011712061541501202
2041 0.00019268344080366
2093 0.00011811516886331826
2118 6.715720793434914e-05
2126 0.0001300045474523503
2153 0.00015447220461114937
2231 0.00021605372159664503
2280 0.00018418695135817993
2294 8.535239208071232e-05
2348 0.00018227567001855016
2371 8.858094887998e-06
2379 0.00010939812948263226
2382 0.00011154523568104574
2384 3.364472337590274e-05
2389 8.070779096331723e-05
2390 0.00014576429866269
2439 5.502814824397996e-05
2441 0.0001431761810607271
2448 8.825864993225359e-05
2469 0.00011110817958998604
2472 0.00022883910672981793
2473 0.00026261715830791277
2474 0.00030726931367955075
2485 0.00013542473142615584
2486 0.0001504088997800851
2493 2.5565430128539482e-05
2526 8.070779096331723e-05
2563 2.4450245822639586e-05
2564 4.692973938522239e-05
2586 9.502842032885344e-06
2589 0.0001228603508781383
2607 3.3290954653437934e-05
2618 4.846937791309118e-05
2642 0.0002199543170027505
2744 7.52017798211394e-05
2773 0.00011067500849334801
2794 0.00012341728754011654
2827 0.0001196461249524729
2843 7.33626397641186e-05
2850 9.252359415714085e-05
2903 8.718166847460814e-05
2904 0.00015139340654708521
2914 0.00020298083458234552
2976 5.461691012835996e-05
2989 0.0001523982138465608
3014 0.0001263016457352357
3016 0.00015554326811050196
3018 0.00016508218077975113
3113 6.165346047478709e-05
3156 9.342327683396404e-05
3159 0.0002199543170027505
3182 0.00017215710736717137
3325 0.00018617626542465564
3395 7.541048004377448e-05
3421 8.586807337437805e-05
3422 0.0002462203859023654
3450 0.00011198624708459517
3513 6.056183085252843e-05
3545 6.071628875522179e-05
3557 0.00015775871449691997
3576 5.3536945098705395e-05
3586 6.228840662358072e-05
3605 5.380470086849468e-05
3617 0.00022883910672981793
3618 0.0002537323685808453
3633 0.00023971321052336105
3641 0.0001228603508781383
3654 6.663037655997976e-05
3657 4.716346370617082e-05
3682 0.0001239806629188251
3683 0.00017370426675739054
3691 0.00011425323385392718
3719 2.489326185102742e-05
3724 5.7716484755306535e-05
3743 3.233112827567267e-05
3746 1.903006184883404e-05
3760 0.00010614816360120087
3766 5.131853189681648e-05
3773 0.0002734912621014559
3819 6.424444555902466e-05
3832 3.3290954653437934e-05
3872 9.164022082905678e-05
3884 8.433711728522342e-05
3885 0.0001391464957049546
3901 0.00010384546306881737
3932 4.895306850942043e-05
3943 7.689695691525318e-05
3994 0.0001147195668623605
4018 9.342327683396404e-05
4037 0.0001391464957049546
4039 0.00026261715830791277
4041 0.00026261715830791277
4105 9.988723143186235e-05
4154 0.00012571095453322076
4220 4.3879500470736716e-05
4232 0.00018825025618924418
4246 0.00017695423263882194
4247 4.846937791309118e-05
4250 8.612797493712278e-05
4298 0.00011614595437539213
4314 3.1644758795232604e-05
4315 7.256700694753944e-05
4319 0.00015890538922556517
4321 0.00010200632301179658
4326 0.00011024565393173974
4328 0.00011566583790554528
4329 3.676019862375966e-05
4345 5.131853189681648e-05
4392 8.334256383691721e-05
4451 0.00010200632301179658
4453 3.6854914742017664e-05
4461 9.19329029551259e-05
4465 0.00017370426675739054
4467 5.5861184383926875e-05
4485 7.159039254876493e-05
4509 0.0001281179340087181
4516 0.00011663084820199027
4525 9.818910047034337e-05
4559 0.00018418695135817993
4614 0.0001523982138465608
4635 0.0002537323685808453
4644 0.00015139340654708521
4652 4.476354154013861e-05
4670 7.541048004377448e-05
4676 1.811794967986411e-05
4751 0.00010856509334268535
4810 0.00010856509334268535
4839 3.088397517794058e-05
4844 0.00010734164596720007
4846 4.681329625334851e-05
4864 0.00016920278300425065
4865 0.00017370426675739054
4866 0.00021244233432427055
4878 6.969398876306011e-05
4879 0.0001753021616311125
4880 0.00026261715830791277
4885 0.0001027336712532598
4886 0.00023971321052336105
4894 0.00014849761844045535
4898 0.00022419450561242282
4908 9.372690041743856e-05
4923 8.188778632745044e-05
4972 4.681329625334851e-05
5161 5.502814824397996e-05
5162 5.6001418804450566e-05
5177 6.196989942762013e-05
5179 0.00013687950893562258
5198 0.00010654275221462514
5199 0.00014665847838343454
5222 2.3001954162320978e-05
5228 4.931901336427842e-05
5254 5.9796800580258657e-05
5289 0.0001300045474523503
5294 9.68719546813797e-05
5300 0.00019506105515172307
5334 9.719791862251607e-05
5335 9.852402568908913e-05
5379 2.541525611908456e-05
5380 3.8298201700263376e-05
5430 6.441104889224853e-05
5469 1.1433598200043818e-05
5481 6.576478670658657e-05
5550 4.944160821510571e-05
5570 0.0001347133110905388
5574 0.00013401212737453773
5644 7.711306116076915e-05
5661 0.00017215710736717137
5687 2.724862948448243e-05
5702 3.9886331735258645e-05
5762 0.0001391464957049546
5797 5.544288630052885e-05
5810 5.261121850249547e-05
5811 0.00010310145735752775
5812 0.00023397347506023475
5817 0.00017695423263882194
5834 6.804811807694473e-05
5840 0.00012230970742046953
5862 6.610917985376751e-05
5888 8.358930576913648e-05
5889 0.00013837905578907654
5894 1.5848029138067838e-05
5896 1.6219082409210568e-05
5911 7.47870417645905e-05
5925 0.00010734164596720007
5934 5.434466680855229e-05
5938 5.91933076971794e-05
5984 3.088397517794058e-05
6000 3.4631041686461846e-05
6141 0.00010982004923951138
6162 0.0001128804268053397
6164 0.0001300045474523503
6195 9.622649587425546e-05
6197 5.5304247721948624e-05
6202 0.00013196715204843822
6242 3.105201474962982e-05
6297 9.164022082905678e-05
6348 9.590694438493474e-05
6356 6.733409171295719e-05
6408 4.3989132524856074e-05
6417 9.954283828468142e-05
6420 0.00013837905578907654
6429 5.815485137703107e-05
6446 0.00022419450561242282
6447 0.00030726931367955075
6467 4.669713069773751e-05
6468 4.669713069773751e-05
6483 0.00010734164596720007
6484 0.00015139340654708521
6490 2.724862948448243e-05
6507 6.212889280683989e-05
6512 0.0001431761810607271
6536 7.499396958083494e-05
6540 6.040786096929821e-05
6566 7.082295263288685e-05
6568 3.9584588186023764e-05
6569 4.981125419104163e-05
6593 7.754816608258265e-05
6598 0.00012936752625714268
6619 5.7716484755306535e-05
6623 0.00010460100421098168
6624 0.00011663084820199027
6625 0.00011811516886331826
6633 0.00011811516886331826
6675 5.7716484755306535e-05
6678 0.00012230970742046953
6684 0.0001251273376474703
6724 0.00012936752625714268
6760 1.9892587507080337e-05
6780 0.0001523982138465608
6781 0.00018617626542465564
6789 4.7516165565500014e-05
6806 0.00019041645403432799
6815 7.178415593526694e-05
6822 8.535239208071232e-05
6885 5.131853189681648e-05
6893 9.252359415714085e-05
6894 9.252359415714085e-05
6960 3.259102983841739e-05
6965 0.00013332088986277624
6992 4.787143878550288e-05
6995 7.843020694973282e-05
6999 6.309390310328486e-05
7042 0.00017065756051371745
7054 0.00018825025618924418
7067 3.508605365233e-05
7073 5.516600244482883e-05
7080 0.0001263016457352357
7124 6.859058854884968e-05
7195 0.00018418695135817993
7196 0.00021244233432427055
7227 0.0001504088997800851
7229 0.0001664173719040451
7231 0.0001804365299615294
7251 7.689695691525318e-05
7252 0.00018418695135817993
7321 3.8200641252257444e-05
7327 0.00011761535496899039
7337 0.0002462203859023654
7341 0.00014071861357331354
7346 8.070779096331723e-05
7347 0.00015663840245623315
7348 0.00022883910672981793
7349 0.00013614669170503938
7350 0.00018617626542465564
7358 0.00019506105515172307
7392 5.274239335290522e-05
7415 0.0001475693727081854
7417 0.0002537323685808453
7422 0.00013401212737453773
7482 2.5340342303404983e-05
7494 0.00010694056199521868
7503 3.173002815645075e-05
7523 8.935997200289977e-05
7532 0.00018227567001855016
7541 0.00022419450561242282
7542 0.00026261715830791277
7608 0.00015554326811050196
7609 0.00018825025618924418
7654 0.00026261715830791277
7666 0.00014944388948364012
7667 0.00026261715830791277
7677 6.988034244141115e-05
7678 8.260974660633398e-05
7679 8.260974660633398e-05
7693 0.00014576429866269
7701 0.00011425323385392718
7717 0.00018227567001855016
7718 9.527405980765772e-05
7719 0.00012016732165868515
7737 0.00020298083458234552
7775 0.00010536844412685977
7790 0.00022419450561242282
7818 2.996997446737178e-05
7858 4.509923582401553e-05
7861 0.00013263932032595027
7862 9.077257605451787e-05
7866 5.91933076971794e-05
7867 0.00021605372159664503
7871 0.00018418695135817993
7872 0.00018617626542465564
7873 0.00022883910672981793
7890 9.233159952796689e-06
7893 5.131853189681648e-05
7991 0.00016007969731333051
8009 2.7093186202753706e-05
8016 3.6571316885345003e-05
8045 0.0001263016457352357
8061 7.865323446718271e-05
8088 8.509658347491132e-05
8090 9.558947467904783e-05
8144 1.8182537399726556e-05
8170 0.00011425323385392718
8204 5.1064059112276297e-05
8234 4.8109734749355606e-05
8257 0.0002199543170027505
8437 8.433711728522342e-05
8444 5.815485137703107e-05
8483 0.0001504088997800851
8530 0.0001147195668623605
8547 0.00015775871449691997
8548 0.00016920278300425065
8630 0.0001275049519955334
8633 5.949411993323993e-05
8634 0.00019268344080366
8636 0.00020908021320920737
8666 0.0001128804268053397
8669 0.0002875104201589402
8676 0.0001423431449207802
8678 4.409901177660094e-05
8722 7.217400943451535e-05
8763 6.542281037332744e-05
8764 0.0001287387249198448
8765 0.00015663840245623315
8824 0.00011712061541501202
8826 0.0002059351589452662
