158
12 0.0001523982138465608
13 0.0001664173719040451
15 6.0101372993599195e-05
130 0.00011862016226846598
131 0.00015139340654708521
158 1.722259642893919e-05
196 8.935997200289977e-05
203 0.0001804365299615294
225 4.311890533715833e-05
246 0.0001002340757964429
278 5.558192042480493e-05
310 8.408656954820681e-05
330 6.358367031630664e-05
334 9.252359415714085e-05
377 0.00011913044365880717
395 0.00018418695135817993
430 2.1595466130645556e-05
509 1.4811799641107606e-05
571 0.0001804365299615294
668 8.63892700805903e-05
772 0.00011712061541501202
1083 7.178415593526694e-05
1093 0.00016378259903044513
1096 6.950834500520415e-05
1111 9.886126874785542e-05
1112 0.00020908021320920737
1371 0.00011519040557349246
1372 0.00014849761844045535
1440 0.00010815385522706535
1621 0.00011198624708459517
1622 0.00011333374567896404
1706 3.382257549850835e-05
1713 4.787143878550288e-05
1717 0.0001251273376474703
1722 8.117636599183342e-05
1830 0.00022883910672981793
1953 0.0001281179340087181
1957 8.88061998220748e-05
2004 7.217400943451535e-05
2009 0.00012176521653240713
2013 0.00016378259903044513
2040 4.7398314413738584e-05
2431 0.0001391464957049546
2439 5.502814824397996e-05
2448 8.825864993225359e-05
2469 0.00011110817958998604
2475 0.00015447220461114937
2503 0.00015342417653056774
2586 9.502842032885344e-06
2618 4.846937791309118e-05
2626 0.0001287387249198448
2940 7.910237522724487e-05
2955 4.7516165565500014e-05
3050 5.1064059112276297e-05
3138 0.00021605372159664503
3149 7.541048004377448e-05
3150 7.604199766141655e-05
3228 4.566391685271689e-05
3229 4.669713069773751e-05
3230 4.692973938522239e-05
3328 0.00016378259903044513
3465 5.7716484755306535e-05
3719 2.489326185102742e-05
3727 6.424444555902466e-05
3731 5.3138049876864844e-05
3743 3.233112827567267e-05
3801 0.00023397347506023475
3832 3.3290954653437934e-05
4018 9.342327683396404e-05
4022 0.00014944388948364012
4023 0.0001804365299615294
4046 9.312153328472917e-05
4381 4.3226837668107787e-05
4382 6.14960082295629e-05
4495 3.207260550754382e-05
4502 6.424444555902466e-05
4577 3.9085797470059324e-05
4601 0.00022883910672981793
4676 1.811794967986411e-05
4681 0.0002059351589452662
4839 3.088397517794058e-05
4844 0.00010734164596720007
4911 6.341986704442123e-05
4913 6.457822376461287e-05
4914 6.542281037332744e-05
4933 2.564069103539461e-05
4935 0.00011862016226846598
5024 6.025437603138515e-05
5031 6.913916575845257e-05
5080 0.00010575674440844711
5140 0.0001504088997800851
5161 5.502814824397996e-05
5162 5.6001418804450566e-05
5222 2.3001954162320978e-05
5225 0.00016920278300425065
5228 4.931901336427842e-05
5369 7.562007790453742e-05
5371 0.0001300045474523503
5439 8.024367862190805e-05
5440 8.586807337437805e-05
5469 1.1433598200043818e-05
5480 0.0001753021616311125
5550 4.944160821510571e-05
5826 0.0001391464957049546
5827 0.00017370426675739054
5894 1.5848029138067838e-05
5896 1.6219082409210568e-05
5909 6.663037655997976e-05
5934 5.434466680855229e-05
5938 5.91933076971794e-05
5984 3.088397517794058e-05
5985 7.52017798211394e-05
5987 7.798719092134497e-05
6022 2.0770655001689466e-05
6092 0.00014576429866269
6229 7.458098891001271e-05
6236 0.00026261715830791277
6405 0.00014071861357331354
6436 0.0001804365299615294
6467 4.669713069773751e-05
6468 4.669713069773751e-05
6490 2.724862948448243e-05
6491 7.604199766141655e-05
6495 0.00017215710736717137
6525 0.00017695423263882194
6536 7.499396958083494e-05
6568 3.9584588186023764e-05
6569 4.981125419104163e-05
6619 5.7716484755306535e-05
6623 0.00010460100421098168
6624 0.00011663084820199027
6625 0.00011811516886331826
6686 0.00011333374567896404
6706 7.910237522724487e-05
6712 6.025437603138515e-05
6760 1.9892587507080337e-05
6789 4.7516165565500014e-05
7080 0.0001263016457352357
7178 3.714017269315804e-05
7482 2.5340342303404983e-05
7483 2.8590308184836374e-05
7587 0.00013687950893562258
7588 0.0002462203859023654
7694 6.804811807694473e-05
7698 0.0001504088997800851
7818 2.996997446737178e-05
7858 4.509923582401553e-05
7862 9.077257605451787e-05
8144 1.8182537399726556e-05
8204 5.1064059112276297e-05
8513 4.3335009582674306e-05
8539 7.955569410086921e-05
8540 0.0002537323685808453
8559 0.00011379132113009053
8585 0.0001431761810607271
8604 0.00015447220461114937
8621 0.000101646679848061
8722 7.217400943451535e-05
