87
79 0.011585964350942187
102 0.012077922610240282
139 0.009616121360692828
276 0.004245088674121358
459 0.007763778357156742
490 0.013447256255450988
514 0.0223887412751732
819 0.014805406681444174
838 0.010248443023697967
1003 0.02413221908760569
1011 0.007553983316860326
1041 0.00947157177088799
1129 0.00764596426508043
1172 0.00800955641384023
1219 0.011040938941725302
1390 0.005727883924946428
1496 0.011758612196089894
1498 0.015327251736058064
1577 0.009579525860099126
1628 0.013630260272223398
1665 0.015921290643734157
1792 0.02588159127432017
1833 0.026206153971115604
1940 0.021241534570646866
2150 0.0102060786872695
2152 0.013630260272223398
2381 0.0098424865385097
2416 0.015245567820954866
2556 0.010792317945853707
2738 0.006691110289940524
2939 0.006979805624011943
3324 0.032855502524050124
3325 0.027112714094179764
3394 0.006654041565842754
3472 0.02588159127432017
3489 0.010990051420414301
3509 0.021725901773880004
3512 0.005343832045126073
3561 0.017432282358646616
3819 0.00566877721605968
4011 0.021725901773880004
4233 0.016610755278797466
4320 0.014021433948299373
4645 0.013358594447006173
4973 0.004130694021879623
5163 0.004941432122626371
5178 0.00546807667028664
5199 0.009401079284522171
5255 0.005276327591794704
5290 0.011471292345498475
5435 0.006316966122718743
5703 0.0035194751329170795
5818 0.015614021002744368
5976 0.009229744054735334
6039 0.010291228902734033
6142 0.009690260186361639
6300 0.012633525996170297
6357 0.011882800501898504
6388 0.008434588102373011
6421 0.02442047812261881
6484 0.00947157177088799
6599 0.011415083108947083
6781 0.04034176876635297
6782 0.016427751262025062
6834 0.0023906383706825845
6895 0.008164062090380586
6896 0.021725901773880004
7055 0.016610755278797466
7521 0.008434588102373011
7542 0.01978239043582091
7560 0.0075087203161228674
7603 0.008519179919633343
7720 0.010603278917051505
7840 0.018732523445819844
8011 0.0035105817577398483
8033 0.005343832045126073
8046 0.022289114193909318
8063 0.016610755278797466
8145 0.0016043838941224068
8445 0.005131445895763375
8531 0.010122581978983731
8646 0.025369236281747275
8671 0.009401079284522171
8814 0.003910648808993055
8815 0.008813811945750072
8867 0.003396611192503021
8874 0.012013260559161493
