230
15 6.0101372993599195e-05
68 3.241760820520544e-05
125 0.00015554326811050196
158 1.722259642893919e-05
225 4.311890533715833e-05
226 0.00011712061541501202
243 6.309390310328486e-05
290 5.516600244482883e-05
295 6.969398876306011e-05
298 0.00026261715830791277
328 5.502814824397996e-05
424 0.00019041645403432799
430 2.1595466130645556e-05
436 6.181142310095298e-05
463 2.104404381130732e-05
479 0.00017065756051371745
518 0.0002875104201589402
528 0.00020908021320920737
542 0.00023397347506023475
545 0.0001300045474523503
546 0.00013263932032595027
564 0.00021244233432427055
621 0.00011110817958998604
751 0.00011614595437539213
825 0.00018617626542465564
990 0.00010939812948263226
1140 3.8493910507496085e-05
1145 9.920086195142229e-05
1146 0.0001504088997800851
1216 4.5550455969092306e-05
1217 9.818910047034337e-05
1226 0.00011110817958998604
1227 0.00014488623116808087
1234 2.8271279696782107e-05
1246 0.00014071861357331354
1247 0.0001431761810607271
1334 9.886126874785542e-05
1335 0.0002875104201589402
1497 6.663037655997976e-05
1671 7.64676023536449e-05
1722 8.117636599183342e-05
1729 0.00010200632301179658
1759 0.0001391464957049546
1922 7.334292682143156e-06
2266 0.0001347133110905388
2329 0.0001423431449207802
2359 0.00030726931367955075
2371 8.858094887998e-06
2391 2.4157123570420575e-05
2526 8.070779096331723e-05
2559 7.604199766141655e-05
2563 2.4450245822639586e-05
2586 9.502842032885344e-06
2607 3.3290954653437934e-05
2612 8.001326955199571e-05
2626 0.0001287387249198448
2667 8.358930576913648e-05
2708 0.0001300045474523503
2783 8.718166847460814e-05
2785 0.00010856509334268535
2982 7.197869283035229e-05
2985 0.00017065756051371745
3112 0.0001440237055098346
3249 0.00012016732165868515
3413 8.001326955199571e-05
3415 0.00015663840245623315
3513 6.056183085252843e-05
3535 0.0002462203859023654
3572 5.234992335902794e-05
3586 6.228840662358072e-05
3596 8.285279662389543e-05
3598 0.0002734912621014559
3625 0.0001431761810607271
3647 8.094151528426567e-05
3696 0.0001391464957049546
3719 2.489326185102742e-05
3723 6.859058854884968e-05
3724 5.7716484755306535e-05
3766 5.131853189681648e-05
3786 0.00010058340652177312
3875 3.285232498188492e-05
3887 5.5861184383926875e-05
3994 0.0001147195668623605
4143 0.0001376235146469122
4144 0.00013837905578907654
4308 7.955569410086921e-05
4361 0.00022419450561242282
4375 7.541048004377448e-05
4376 0.00014488623116808087
4398 6.325661252824365e-05
4467 5.5861184383926875e-05
4506 0.0002462203859023654
4525 9.818910047034337e-05
4658 8.334256383691721e-05
4699 3.676019862375966e-05
4700 0.00017065756051371745
4759 5.0810908270240366e-05
4760 0.0001347133110905388
4779 0.00016251677649793962
4821 8.691610145495967e-05
4823 0.0001786642827461757
4834 1.7286007534181456e-05
4837 0.00016508218077975113
4933 2.564069103539461e-05
4972 4.681329625334851e-05
5222 2.3001954162320978e-05
5224 0.0002537323685808453
5242 6.786862826996617e-05
5247 0.00020019542348213994
5248 0.00026261715830791277
5395 3.215862746722012e-05
5397 0.00021244233432427055
5412 0.00010856509334268535
5430 6.441104889224853e-05
5469 1.1433598200043818e-05
5481 6.576478670658657e-05
5616 0.00013687950893562258
5636 0.00010310145735752775
5676 9.312153328472917e-05
5687 2.724862948448243e-05
5738 9.19329029551259e-05
5739 0.0001281179340087181
5822 9.134928606937549e-05
5823 0.0001475693727081854
5894 1.5848029138067838e-05
5896 1.6219082409210568e-05
5911 7.47870417645905e-05
6022 2.0770655001689466e-05
6043 0.0001504088997800851
6044 0.00020908021320920737
6162 0.0001128804268053397
6163 0.0002875104201589402
6195 9.622649587425546e-05
6196 0.0001753021616311125
6211 7.356359438910525e-05
6227 0.00010536844412685977
6242 3.105201474962982e-05
6246 0.00010128967145643295
6251 0.0001228603508781383
6264 4.7398314413738584e-05
6345 0.0001251273376474703
6348 9.590694438493474e-05
6349 0.0001523982138465608
6350 0.00023397347506023475
6529 0.00020298083458234552
6530 0.0002059351589452662
6586 5.24803957997587e-05
6588 6.576478670658657e-05
6598 0.00012936752625714268
6633 0.00011811516886331826
6634 0.0002059351589452662
6638 9.282164663063054e-05
6650 9.785646144837983e-05
6664 0.00015775871449691997
6679 9.527405980765772e-05
6680 9.558947467904783e-05
6725 8.458895984833521e-05
6727 8.612797493712278e-05
6728 9.527405980765772e-05
6756 0.00017695423263882194
6760 1.9892587507080337e-05
6784 9.68719546813797e-05
6787 0.0001753021616311125
6833 2.7093186202753706e-05
6930 0.0001391464957049546
7003 8.771718405598661e-05
7009 0.00017370426675739054
7101 0.00011862016226846598
7124 6.859058854884968e-05
7165 6.628229345501092e-05
7167 0.00011243128604527755
7171 0.00012341728754011654
7174 7.256700694753944e-05
7211 0.00010498321344481378
7327 0.00011761535496899039
7328 0.00026261715830791277
7476 8.117636599183342e-05
7480 9.252359415714085e-05
7503 3.173002815645075e-05
7600 0.00022883910672981793
7660 0.00011913044365880717
7677 6.988034244141115e-05
7678 8.260974660633398e-05
7679 8.260974660633398e-05
7708 0.00026261715830791277
7761 0.00022883910672981793
7775 0.00010536844412685977
7818 2.996997446737178e-05
7843 0.00012571095453322076
7847 0.00015775871449691997
7883 0.00016251677649793962
7890 9.233159952796689e-06
7938 4.907474504580058e-05
7942 9.134928606937549e-05
7943 7.64676023536449e-05
8009 2.7093186202753706e-05
8010 3.97855428110104e-05
8016 3.6571316885345003e-05
8017 0.00012122674224136485
8024 0.00014488623116808087
8031 5.5721352358276173e-05
8032 6.056183085252843e-05
8054 2.9805618738211806e-05
8077 0.0001300045474523503
8084 0.00011333374567896404
8086 0.00014944388948364012
8144 1.8182537399726556e-05
8209 0.00015890538922556517
8234 4.8109734749355606e-05
8444 5.815485137703107e-05
8447 4.100899018649567e-05
8483 0.0001504088997800851
8485 0.00023397347506023475
8503 7.256700694753944e-05
8587 0.0002462203859023654
8678 4.409901177660094e-05
8695 4.476354154013861e-05
8696 4.787143878550288e-05
8722 7.217400943451535e-05
8762 0.00018825025618924418
8763 6.542281037332744e-05
8781 8.63892700805903e-05
8791 0.0002199543170027505
8803 0.0001281179340087181
8804 0.00013542473142615584
8806 0.00022883910672981793
8866 3.8493910507496085e-05
8882 0.0001147195668623605
8883 0.00011519040557349246
8884 0.00019506105515172307
