94
139 0.013874689391856793
158 0.0032890238437437015
163 0.002814227498764609
277 0.0035029346939310668
459 0.00560101152909165
490 0.009701234870003928
493 0.00827571804925247
549 0.0043203229652995605
668 0.010998588213688867
819 0.010681043391613297
969 0.006707454100418387
1041 0.0068330624918549075
1219 0.007965248807958967
1333 0.006293225907720625
1665 0.022972147928816425
1695 0.016717457963143702
1711 0.021362086783226594
1712 0.006094718035091452
1784 0.0068330624918549075
1881 0.012089850297452506
1921 0.00046688011702328427
1930 0.004936494686628403
2092 0.007518874177927802
2161 0.02412000571698044
2232 0.011603148365752278
2323 0.013753362620495002
2381 0.021301953008345993
2444 0.011983473451132457
2468 0.03536414630378412
2780 0.006166591858003256
2865 0.018302091888974817
2909 0.010190216160402868
2954 0.0030247433394266863
3306 0.005352710770097279
3512 0.0077103862365390475
3604 0.006850107059143208
3614 0.019559886596515398
3663 0.018228373223045713
3700 0.016151877634232096
3819 0.004089617848728769
3943 0.00489504057163383
4148 0.010190216160402868
4233 0.011983473451132457
4403 0.004424702647759852
4632 0.018302091888974817
4646 0.013523472024984993
4662 0.013109243832287232
4811 0.006910943656214369
4865 0.021541931459055454
4867 0.013523472024984993
4868 0.019559886596515398
4869 0.0586796597895462
4973 0.002980000687213156
5079 0.019559886596515398
5163 0.003564890317037596
5169 0.009223043515499548
5193 0.010186832260676938
5218 0.004557239845675664
5703 0.007617149751956251
5818 0.02252880173253116
5932 0.00933585970966549
6086 0.007551020615261206
6142 0.006990830563018038
6300 0.009114186611522856
6484 0.02049918747556472
6506 0.008400651850397723
6507 0.011306297897347578
6569 0.002519841785098884
6761 0.0025326105694728563
6781 0.029103704610011782
6790 0.0030247433394266863
6823 0.010866578831761545
6895 0.005889787650917423
6966 0.008486826931836155
7055 0.011983473451132457
7061 0.024242734833627582
7347 0.005137627379036308
7375 0.006682931415858431
7409 0.00553283068690429
7433 0.01185144912474665
7680 0.005258700441111774
7694 0.046394693917210475
7793 0.006470537220042282
7817 0.0089577448868955
7826 0.016151877634232096
7840 0.04054253288631009
7959 0.006044925148726253
8062 0.005006840182653802
8202 0.012921179984270451
8235 0.00918758477327694
8436 0.012576146558737915
8444 0.019559886596515398
8445 0.0037019716819435776
8671 0.01356441439623913
