253
1 0.003989943559640876
138 0.001357772605228667
232 0.003057837998517478
277 0.0013509940968329185
317 0.020862656567469964
333 0.005133120826778115
362 0.004475043446846609
423 0.004241879751835927
446 0.002469419611355488
459 0.00648050920721348
517 0.010608654362916255
575 0.002166834953708661
576 0.00550419127828626
651 0.0061726502853997976
707 0.004662752180835678
709 0.004264607232346734
726 0.0015731867459062806
757 0.0026552814264011195
771 0.006447504448595368
819 0.004119410674451409
838 0.0028514951663732636
842 0.007543757916011449
864 0.00561822071398385
889 0.005304327181458127
918 0.0031303695101492935
958 0.0054000905595826786
1041 0.005270681811899103
1067 0.006229374294194197
1081 0.006447504448595368
1095 0.006825987555772775
1210 0.00561822071398385
1338 0.003435323497735216
1348 0.003845623809063223
1366 0.0031303695101492935
1390 0.004781126251401564
1398 0.006229374294194197
1423 0.004621725297957422
1471 0.02310862648978711
1473 0.0030438448152412378
1491 0.005885190446788412
1496 0.0016358399887122304
1684 0.015912981544374382
1735 0.007058658028805715
1738 0.0038731285498527566
1749 0.006115675997034956
1772 0.004921686410456744
1776 0.0023917855263637894
1809 0.004730564254661757
1866 0.005055906712176894
1889 0.0067144741813999305
1912 0.007157308152517319
1930 0.0019038822482864365
1956 0.0021802778314444367
2069 0.007979887119281753
2125 0.006383473977384826
2126 0.007058658028805715
2152 0.01896220781672952
2158 0.00457080682497116
2254 0.003645759712235091
2347 0.008950086893693218
2354 0.014770734047824995
2378 0.00805748867726627
2379 0.007543757916011449
2380 0.007058658028805715
2381 0.0027385430864723956
2417 0.005885190446788412
2441 0.007058658028805715
2491 0.004189807656469008
2492 0.0006276559595194045
2531 0.003818737204960864
2656 0.004475043446846609
2684 0.0019038822482864365
2699 0.006229374294194197
2707 0.006383473977384826
2732 0.004386380407255972
2738 0.0018617138823250495
2764 0.006352195008284603
2819 0.005055906712176894
2826 0.002937427728860712
2845 0.006229374294194197
2889 0.003474553357555079
2893 0.0032236429736781295
2975 0.0013408978045838676
3016 0.007543757916011449
3022 0.00478893697937233
3136 0.0027936866498935726
3140 0.006447504448595368
3149 0.0018669043613183038
3173 0.00550419127828626
3202 0.007979887119281753
3212 0.006383473977384826
3225 0.0020045737138302557
3301 0.007058658028805715
3306 0.0041288127152265515
3307 0.0030863251426998988
3377 0.007543757916011449
3379 0.007058658028805715
3394 0.0037027999898078135
3478 0.003057837998517478
3512 0.005947405361517723
3563 0.00793580886883068
3566 0.004914990672376945
3604 0.002641914568264598
3627 0.0018985292034214168
3636 0.00561822071398385
3653 0.003271679977424461
3656 0.008105359558803748
3657 0.007058658028805715
3658 0.007058658028805715
3690 0.00841508115790247
3703 0.0032236429736781295
3704 0.007543757916011449
3786 0.002469419611355488
3884 0.004141115092263973
4029 0.007543757916011449
4111 0.005885190446788412
4145 0.0067144741813999305
4170 0.0038731285498527566
4179 0.007058658028805715
4248 0.0011899699613263598
4403 0.005119490666829581
4433 0.0015731867459062806
4466 0.004264607232346734
4468 0.001371445937271505
4500 0.004572446857484883
4504 0.0019146607313802382
4516 0.007543757916011449
4547 0.001872117456849171
4577 0.003622970384505091
4624 0.007058658028805715
4685 0.0054000905595826786
4693 0.004730564254661757
4752 0.00266537771865017
4772 0.006447504448595368
4854 0.002095483521276331
4887 0.005885190446788412
4899 0.00550419127828626
4951 0.002805027052634157
4954 0.006044947876479009
4973 0.001149311559806727
5013 0.0026452696229435605
5050 0.0067144741813999305
5067 0.003901280520050239
5087 0.004264607232346734
5089 0.0067144741813999305
5178 0.0015214207815398089
5193 0.001964402915282054
5199 0.002615727294040604
5200 0.01080182115167908
5223 0.0005647201528776985
5381 0.0009402577783822238
5471 0.022631273748034347
5556 0.0035359208360981977
5579 0.007543757916011449
5613 0.003474553357555079
5703 0.002937743705988637
5741 0.003792441563345904
5763 0.00683236126568901
5771 0.0032564232031539082
5782 0.00457080682497116
5787 0.004344397028311794
5809 0.008774301767663549
5828 0.004264607232346734
5836 0.007058658028805715
5884 0.0057442744069884635
5933 0.003845623809063223
6004 0.005215664141867491
6119 0.006229374294194197
6142 0.002696188095929822
6163 0.0027713233159481748
6194 0.002625493907717325
6237 0.019342513345786103
6245 0.004983375200545078
6258 0.005304327181458127
6293 0.004347075024061946
6300 0.0035151132937002753
6303 0.0020892031733565
6319 0.0046749075436747405
6328 0.0025495062448190097
6357 0.0016531168742310593
6409 0.001079975617249359
6484 0.0026353409059495514
6485 0.011150562307005151
6541 0.0014830712312903184
6580 0.004154091465933559
6615 0.002082955621136605
6665 0.0038731285498527566
6706 0.0040529267082896475
6713 0.0029586060561526415
6761 0.005372204238275756
6774 0.003324807731322041
6816 0.0035247404831685895
6823 0.002095483521276331
6879 0.015399362480334347
7010 0.004264607232346734
7026 0.003930110915857855
7105 0.004344397028311794
7107 0.016200271678748036
7147 0.009700608915830898
7165 0.005885190446788412
7303 0.00579968256148701
7322 0.0009378625753171304
7328 0.002887570367723533
7342 0.0034547776423288433
7433 0.00457080682497116
7470 0.0019365134582027758
7553 0.00623101432670792
7559 0.0033425325522735837
7560 0.0020892031733565
7579 0.0021802778314444367
7584 0.005304327181458127
7614 0.0057442744069884635
7615 0.003600607050559693
7657 0.0040529267082896475
7680 0.008112595721825325
7703 0.004119410674451409
7719 0.002339070030319134
7720 0.002950223610529482
7736 0.005055906712176894
7750 0.003989943559640876
7753 0.006447504448595368
7864 0.0018773533668751607
7878 0.002173537512030973
7899 0.004344397028311794
7923 0.0026452696229435605
7943 0.002242713050827202
7958 0.005587373299787145
8043 0.0016358399887122304
8062 0.0019310127426213012
8091 0.004693627539061566
8102 0.0037415230903596417
8542 0.004621725297957422
8621 0.011488548813976927
8622 0.009982095986842089
8627 0.006201654362492676
8631 0.006260739020298587
8637 0.005133120826778115
8639 0.001593708750467188
8667 0.0027713233159481748
8677 0.0034946614532616886
8679 0.0032480197764716326
8685 0.005055906712176894
8700 0.004085706937765427
8739 0.004347075024061946
8754 0.002606039763123697
8798 0.00561822071398385
8800 0.005926315657468771
8820 0.0017528749256207142
8827 0.005055906712176894
8833 0.004914990672376945
8864 0.004085706937765427
8880 0.002937427728860712
8911 0.004386380407255972
