160
58 0.0014688718529943185
60 0.006339934466348063
102 0.005040785882786234
137 0.005650067195208346
145 0.002130858067622201
259 0.009344061441291296
277 0.0020264911452493777
311 0.0044253354157942236
329 0.007275456686873174
331 0.0058519207800753585
359 0.009671256672893052
361 0.009344061441291296
409 0.008616411610482695
424 0.007012361315512111
546 0.01953853921892345
599 0.005984915339461314
670 0.007583860068265341
682 0.004524510111677556
695 0.012726159848813614
772 0.004313136051977633
815 0.009067421814718514
906 0.008616411610482695
960 0.004444736743101578
1152 0.006516595542467691
1246 0.015818009821651238
1248 0.0042247139664353586
1496 0.0024537599830683457
1603 0.006644836177756818
1640 0.002792570823487574
1717 0.005939479867141218
1721 0.01494718540742189
1897 0.009344061441291296
1916 0.005768435713594834
1921 0.0002700959354680157
1955 0.004156984973922262
1983 0.003953011358924327
1993 0.005539025267934373
2315 0.004545020109741812
2426 0.018688122882582592
2434 0.018134843629437028
2450 0.0053679811143879895
2767 0.005211830036332618
2775 0.003396405681662111
2790 0.005768435713594834
2793 0.004545020109741812
2801 0.016200271678748036
2808 0.009067421814718514
2833 0.005468639568352637
2838 0.005124270949266757
2944 0.004406141593291068
2986 0.005182166463493265
2997 0.008427331070975774
3001 0.010607762508294594
3051 0.004190529974840359
3108 0.00825628691742939
3111 0.005303881254147297
3186 0.007275456686873174
3200 0.010071711272099895
3213 0.0029466043729230815
3225 0.0030068605707453838
3248 0.008850670831588447
3256 0.005539025267934373
3374 0.0037698732264930973
3411 0.009344061441291296
3520 0.016200271678748036
3538 0.009344061441291296
3572 0.017818439601423656
3627 0.002847793805132125
3796 0.015458955739808471
4114 0.007956490772187191
4132 0.006932587946936133
4269 0.007012361315512111
4399 0.0023295162431888738
4403 0.0025597453334147906
4468 0.00822867562362903
4480 0.005895166373786783
4547 0.0028081761852737567
4561 0.009344061441291296
4564 0.001741181911008448
4567 0.0035674498352084956
4568 0.0023355283268590163
4580 0.010071711272099895
4701 0.006284711484703512
4714 0.007475062800817616
4742 0.005939479867141218
4761 0.02480506257105128
4824 0.006579570610883958
4835 0.0006365822278703518
4951 0.004207540578951235
5013 0.00396790443441534
5017 0.002989437081484378
5022 0.006339934466348063
5080 0.005211830036332618
5223 0.0016941604586330954
5431 0.018976240255461782
5447 0.008100135839374018
5510 0.0032908102086357137
5617 0.005040785882786234
5643 0.0036282897394262904
5740 0.004718128214403701
5823 0.010092208728722409
5824 0.005434455576757637
5855 0.002643555362376442
5939 0.002179879166104392
5942 0.005984915339461314
6052 0.012358232023354229
6293 0.0032603062680464597
6307 0.004207540578951235
6328 0.003824259367228514
6508 0.002287986333448583
6529 0.0043871508838317745
6531 0.007583860068265341
6589 0.0024218833848309897
6598 0.037376245765165184
6665 0.005809692824779135
6683 0.0049333417364602365
6757 0.03258297771233845
6761 0.00586058644175537
6788 0.006455755638249895
6793 0.00825628691742939
6800 0.008427331070975774
6909 0.013163240834542855
6931 0.02562135474633379
6945 0.03780637403087678
6958 0.00612856040664814
6986 0.006396910848520101
6993 0.0035258699376562123
7140 0.002282131172309713
7212 0.007732317340662647
7242 0.008427331070975774
7333 0.008827785670182617
7420 0.009067421814718514
7450 0.007956490772187191
7454 0.010071711272099895
7536 0.010071711272099895
7569 0.007372486008565418
7620 0.007956490772187191
7750 0.005984915339461314
7813 0.006579570610883958
7910 0.008616411610482695
8010 0.000997745766276616
8011 0.0014651601550897714
8025 0.016006935026900045
8087 0.016510462104275217
8107 0.007823496212801236
8137 0.006231137198900338
8145 0.0006695982368031532
8152 0.009344061441291296
8191 0.007583860068265341
8210 0.0058519207800753585
8235 0.0035434211246798113
8506 0.011703841560150717
8533 0.003691264807842558
8568 0.008616411610482695
8588 0.009067421814718514
8681 0.005768435713594834
8697 0.0035258699376562123
8758 0.01084786690155
8764 0.004818579223529703
8867 0.005670375709798431
