179
58 0.0013214386186789033
60 0.005703584166751789
102 0.00453483339640992
137 0.010165920157921336
145 0.0019169801203143965
259 0.00840618166837358
277 0.0018230886882912615
301 0.008700535742900068
311 0.003981156768112275
329 0.006545206387447242
331 0.005264553266833593
359 0.008700535742900068
361 0.00840618166837358
409 0.00775156732244168
424 0.0063085183581930515
546 0.01757742189955195
599 0.005384198929924304
658 0.009060796014305482
670 0.00682265478260302
682 0.004070377126490589
695 0.01908135491581719
772 0.0038802190504780188
815 0.008157308844467956
906 0.00775156732244168
960 0.003998610750299561
1152 0.005862513461996956
1246 0.018973771384582897
1248 0.0038006720441537425
1403 0.0074275889740442825
1496 0.0022074718063291436
1603 0.005977882360658549
1640 0.0025122756107211633
1717 0.005343323895346374
1721 0.0134469102921788
1897 0.00840618166837358
1916 0.005189447742341821
1921 0.00024298593451025946
1955 0.0037397411289560867
1983 0.007112481404161242
1993 0.00498306362394096
2315 0.004088828500213824
2372 0.0015015998972536249
2426 0.00840618166837358
2434 0.016314617688935912
2450 0.004829187470936407
2767 0.004688709549414474
2775 0.0030555025091532745
2790 0.005189447742341821
2793 0.004088828500213824
2801 0.014574222105044702
2808 0.008157308844467956
2833 0.004919742660004974
2838 0.004609938920901693
2944 0.003963889463109436
2986 0.004662023361209554
2997 0.007581465127048837
3001 0.009543042851328221
3051 0.0037699191595218094
3108 0.0074275889740442825
3111 0.004771521425664111
3186 0.006545206387447242
3200 0.009060796014305482
3213 0.0026508485436705785
3225 0.0027050567216371107
3248 0.00796231353622455
3256 0.00498306362394096
3351 0.006724777686980904
3374 0.0033914844639826376
3411 0.00840618166837358
3520 0.014574222105044702
3538 0.00840618166837358
3572 0.016029971686039122
3627 0.0025619557652118
3796 0.013907313342132528
4097 0.0074275889740442825
4114 0.007157883891707436
4132 0.006236751982002023
4224 0.005919167612765493
4269 0.0063085183581930515
4278 0.00682265478260302
4399 0.0020956986277015145
4403 0.002302819221882451
4468 0.007402749074045446
4480 0.005303458224744987
4547 0.002526314635078993
4561 0.00840618166837358
4564 0.001566416440386782
4567 0.0032093786621578283
4568 0.002101107268029301
4580 0.009060796014305482
4701 0.005653904012261151
4714 0.006724777686980904
4724 0.003016830537406928
4742 0.005343323895346374
4761 0.022315335101094458
4824 0.011838335225530986
4835 0.0005726873574149633
4908 0.00775156732244168
4951 0.007570444759153895
5013 0.0035696389335632427
5017 0.00268938205843576
5022 0.005703584166751789
5080 0.004688709549414474
5223 0.0015241146133427846
5431 0.017071561865508365
5447 0.007287111052522351
5510 0.0029605058382522033
5617 0.00453483339640992
5643 0.003264111958889079
5740 0.004244561441954259
5823 0.012105648140524524
5824 0.004888989775373041
5855 0.0023782170918033416
5939 0.001961080885491683
5942 0.005384198929924304
6052 0.01111781468272016
6293 0.0029330636314767403
6307 0.0037852223795769475
6328 0.0034404117727483284
6508 0.0020583371475634093
6529 0.0039468048843393656
6531 0.00682265478260302
6589 0.002178794717952043
6598 0.03362472667349432
6665 0.005226563805191637
6683 0.004438173606778353
6729 0.00315644022678753
6757 0.023450053847987824
6761 0.005272349140910035
6763 0.0023654037100383613
6788 0.005807780165265705
6793 0.0074275889740442825
6800 0.007581465127048837
6909 0.011842023353008813
6931 0.027659633525410156
6945 0.03401168221365123
6958 0.005513426090739219
6986 0.005754841729895406
6993 0.0031719722115717596
7000 0.002090308046306597
7140 0.002053069679178255
7190 0.005605707071129672
7212 0.006956211139183497
7242 0.007581465127048837
7333 0.00794172539845425
7420 0.008157308844467956
7450 0.007157883891707436
7454 0.009060796014305482
7536 0.009060796014305482
7569 0.006632496706590449
7620 0.007157883891707436
7684 0.009060796014305482
7750 0.005384198929924304
7813 0.005919167612765493
7910 0.00775156732244168
8010 0.0008976002804421599
8011 0.0013180994703781586
8025 0.01440029099074279
8087 0.01980437090079109
8107 0.007038238228616725
8137 0.005605707071129672
8145 0.0006023894918452159
8152 0.00840618166837358
8191 0.00682265478260302
8210 0.005264553266833593
8235 0.003187761755288157
8430 0.005343323895346374
8477 0.00775156732244168
8506 0.010529106533667187
8568 0.00775156732244168
8588 0.008157308844467956
8681 0.005189447742341821
8690 0.005048969820819887
8697 0.0031719722115717596
8719 0.0031153048135899096
8758 0.00975904754711933
8764 0.004334930007785087
8801 0.0037699191595218094
8867 0.005101230192458068
