88
74 0.012013260559161493
135 0.013920254095015353
171 0.013358594447006173
268 0.01353778476475663
277 0.004855553041092568
490 0.013447256255450988
493 0.011471292345498475
1172 0.00800955641384023
1173 0.016252218915882174
1577 0.009579525860099126
1712 0.004224062004518829
1792 0.012940795637160085
1881 0.008379104166551243
1930 0.006842665902257193
2069 0.014340094179699385
2084 0.010122581978983731
2161 0.011144557096954659
2272 0.017432282358646616
2381 0.0098424865385097
2383 0.002968730442832131
2416 0.007622783910477433
2508 0.017664768456166643
2674 0.009436181074271176
2942 0.012346756729483994
3074 0.014231228988595789
3324 0.016427751262025062
3391 0.018448741189311446
3512 0.010687664090252146
3513 0.027112714094179764
3640 0.021681810832197397
3646 0.0071420869724096595
3786 0.008875240781406358
3847 0.014805406681444174
3872 0.008086115327015385
3901 0.009163076899696044
3943 0.006785204752759765
4111 0.02115172408103162
4221 0.003871822853417877
4248 0.0042768227322917685
4482 0.01638072306479563
4510 0.011304822058274214
4547 0.006728501354814348
4653 0.0078996570733805
4680 0.010696759671832114
4811 0.009579525860099126
4813 0.017664768456166643
4865 0.014930051506276059
4915 0.005772753327198952
4973 0.004130694021879623
4999 0.016610755278797466
5193 0.028240723098906365
5199 0.009401079284522171
5337 0.016610755278797466
5510 0.007884911589008343
5703 0.010558425398751238
5812 0.00909742760366621
5912 0.006599030853525055
5976 0.009229744054735334
6357 0.005941400250949252
6421 0.012210239061309405
6454 0.02115172408103162
6469 0.004120443849289472
6484 0.00947157177088799
6518 0.012277956135866885
6781 0.04034176876635297
6823 0.007531292259636714
6834 0.0023906383706825845
6895 0.008164062090380586
6966 0.011763918519376849
6973 0.005412413169795046
7000 0.005567256083727472
7362 0.01721172399516986
7370 0.008270238975447647
7484 0.0025227408568639777
7694 0.012861895343385082
7720 0.010603278917051505
8011 0.0035105817577398483
8047 0.027112714094179764
8135 0.010744273363730815
8145 0.0016043838941224068
8228 0.016427751262025062
8350 0.008682004425532453
8445 0.005131445895763375
8622 0.008969061493127917
8639 0.011455767849892856
8679 0.0038911920094363123
8780 0.013021170787874735
8830 0.010291228902734033
