35
137 0.00015342417653056774
225 4.311890533715833e-05
226 0.00011712061541501202
311 0.00012016732165868515
545 0.0001300045474523503
546 0.00013263932032595027
1126 4.895306850942043e-05
1133 0.00017065756051371745
1432 0.00015139340654708521
2563 2.4450245822639586e-05
2843 7.33626397641186e-05
2852 0.0002059351589452662
3156 9.342327683396404e-05
3157 0.00026261715830791277
3180 0.00026261715830791277
3465 5.7716484755306535e-05
3471 0.0001804365299615294
3719 2.489326185102742e-05
3875 3.285232498188492e-05
3891 8.334256383691721e-05
3892 0.00011110817958998604
4072 0.00014944388948364012
4074 0.00015663840245623315
4075 0.00015663840245623315
5378 0.00010347204034115494
5430 6.441104889224853e-05
5469 1.1433598200043818e-05
5687 2.724862948448243e-05
5894 1.5848029138067838e-05
5896 1.6219082409210568e-05
6000 3.4631041686461846e-05
6682 6.698096388147314e-05
7414 0.00010460100421098168
8763 6.542281037332744e-05
8767 0.0001239806629188251
