134
102 0.013554113151491872
137 0.022788604354006994
142 0.010890182628491736
199 0.030426490261246178
311 0.005949617614567789
409 0.023168573441520134
518 0.014234960358091527
545 0.006436669593863033
546 0.019701360379081146
597 0.005544563522321734
695 0.005703204969283138
696 0.008523689671423506
757 0.005354817543242257
815 0.012190644884232668
888 0.010351793667335867
941 0.004812376948688128
974 0.00817340219505079
1180 0.009217793763691839
1246 0.014177623617924445
1253 0.008876276343261527
1265 0.009217793763691839
1408 0.015213245130623089
1575 0.006813893125184898
1721 0.004019132076217886
1828 0.013540856265823194
1853 0.010351793667335867
1983 0.005314604160331595
2159 0.009119300613911665
2376 0.006082952483477603
2384 0.005798771803214373
2401 0.004369783823312466
2478 0.0067050289248327824
2513 0.009781447323462823
2517 0.008933613083428611
2615 0.009657689575067534
2724 0.005216908744769857
2799 0.014234960358091527
2833 0.007352282086340767
2838 0.013778595219139505
2851 0.020392157072446807
3108 0.01110011907787729
3111 0.007130773686131366
3136 0.005633934743952038
3248 0.011899235229135578
3351 0.010049806654432574
3464 0.0028576072896627325
3520 0.010890182628491736
3885 0.006889297609569752
3931 0.008239508991160278
4018 0.0046254902396904865
4061 0.019503039990752685
4097 0.01110011907787729
4173 0.010890182628491736
4216 0.007446911749111769
4242 0.013540856265823194
4278 0.010196078536223403
4459 0.015213245130623089
4462 0.004551700172978234
4531 0.008449445440545832
4660 0.0032731389492043116
4701 0.008449445440545832
4761 0.013339611427098687
4798 0.009891055628008414
4861 0.009911897855960172
5017 0.012057396228653657
5032 0.0034231569179962737
5046 0.011868467401023297
5223 0.0011388523083033586
5416 0.015213245130623089
5431 0.012756250393949307
5438 0.006468626976580206
5485 0.006405129966686975
5490 0.014234960358091527
5562 0.015851447360626686
5575 0.013270178657354225
5614 0.008933613083428611
5740 0.006343261266031643
5939 0.002930726434429238
6105 0.012190644884232668
6156 0.01735880960507194
6174 0.006533840328087119
6194 0.005294746047229938
6197 0.01735880960507194
6293 0.004383300649262462
6307 0.00565680455614555
6372 0.008239508991160278
6462 0.007352282086340767
6476 0.004303312756481115
6479 0.008377417789632677
6529 0.005898280632707163
6683 0.006632603890129873
6728 0.0042642917368868796
6729 0.004717124561143587
6757 0.03504480269504847
6761 0.005909424662103331
6788 0.00867940480253597
6909 0.004424311502721348
6931 0.006889297609569752
7000 0.009371547740941243
7212 0.010395671091335337
7257 0.009119300613911665
7334 0.013540856265823194
7359 0.009657689575067534
7417 0.010518256019432773
7564 0.02628360202128635
7652 0.01145348830460244
7665 0.005923812586535769
7758 0.009119300613911665
7813 0.008845867154632876
7864 0.007571991913063148
7884 0.0080463861786091
7936 0.015213245130623089
8010 0.0013414137524385614
8087 0.007399133017101115
8104 0.00721695238712163
8129 0.006600865391428121
8145 0.0009002376294797949
8187 0.004580945950713552
8235 0.0023819664227014287
8302 0.007173478289832983
8368 0.008845867154632876
8450 0.0080463861786091
8477 0.011584286720760067
8533 0.0049627004638772175
8639 0.0032139793134421625
8680 0.012190644884232668
8688 0.006851300806623611
8697 0.002370168124757787
8719 0.004655649971420477
8764 0.006478312067189935
8820 0.007069928866670214
8867 0.007623505120951224
8880 0.005923812586535769
8883 0.005679893221540871
