110
243 6.309390310328486e-05
430 2.1595466130645556e-05
509 1.4811799641107606e-05
765 7.499396958083494e-05
969 0.00010536844412685977
1208 0.00012571095453322076
1365 6.733409171295719e-05
1412 6.804811807694473e-05
1517 9.106007793564448e-05
1888 6.071628875522179e-05
1916 0.00014071861357331354
1922 7.334292682143156e-06
2040 4.7398314413738584e-05
2137 0.00015342417653056774
2138 0.00017370426675739054
2371 8.858094887998e-06
2373 4.532432364915004e-05
2402 8.825864993225359e-05
2439 5.502814824397996e-05
2550 5.3403616896513294e-05
2599 0.00012341728754011654
2600 0.00014849761844045535
2699 0.00013065000625947455
2702 0.00021244233432427055
3050 5.1064059112276297e-05
3051 7.910237522724487e-05
3657 4.716346370617082e-05
3719 2.489326185102742e-05
3727 6.424444555902466e-05
3731 5.3138049876864844e-05
3875 3.285232498188492e-05
3996 7.417147870601431e-05
4001 0.0001677901789526326
4189 4.981125419104163e-05
4267 0.00011519040557349246
4329 3.676019862375966e-05
4381 4.3226837668107787e-05
4382 6.14960082295629e-05
4398 6.325661252824365e-05
4460 0.00011862016226846598
4513 9.19329029551259e-05
4563 4.728074758348793e-05
4926 0.00010236864012694453
4927 0.00010236864012694453
5016 8.117636599183342e-05
5080 0.00010575674440844711
5242 6.786862826996617e-05
5379 2.541525611908456e-05
5448 9.954283828468142e-05
5457 0.0001423431449207802
5458 0.00017695423263882194
5484 0.00012936752625714268
5485 0.00023397347506023475
5702 3.9886331735258645e-05
5831 0.00013401212737453773
5832 0.00013542473142615584
5888 8.358930576913648e-05
5891 0.00010310145735752775
5892 0.00011712061541501202
5975 0.00010460100421098168
5984 3.088397517794058e-05
5985 7.52017798211394e-05
5986 0.00019506105515172307
6000 3.4631041686461846e-05
6490 2.724862948448243e-05
6578 6.025437603138515e-05
6590 8.691610145495967e-05
6667 0.00012069415303305452
6789 4.7516165565500014e-05
6794 0.00014849761844045535
6796 8.260974660633398e-05
6980 0.00011379132113009053
6982 0.0001147195668623605
6983 0.00013263932032595027
7236 0.00010536844412685977
7237 0.00010536844412685977
7482 2.5340342303404983e-05
7483 2.8590308184836374e-05
7503 3.173002815645075e-05
7577 8.853165584237468e-05
7578 8.88061998220748e-05
7620 0.0001027336712532598
7760 0.00017695423263882194
7792 0.000101646679848061
7890 9.233159952796689e-06
7958 9.496067334174995e-05
8031 5.5721352358276173e-05
8032 6.056183085252843e-05
8054 2.9805618738211806e-05
8069 5.287392225192349e-05
8088 8.509658347491132e-05
8090 9.558947467904783e-05
8123 0.00020908021320920737
8137 8.63892700805903e-05
8349 4.919672615455441e-05
8426 0.00015663840245623315
8442 8.001326955199571e-05
8531 9.752607762356147e-05
8532 0.0001002340757964429
8591 0.00011761535496899039
8633 5.949411993323993e-05
8638 6.491430390704548e-05
8704 0.00015139340654708521
8813 4.431951634967444e-05
8818 7.139739654402146e-05
8819 7.139739654402146e-05
8822 0.00016378259903044513
8890 0.00010058340652177312
8891 0.00010058340652177312
8892 0.00010384546306881737
