97
15 0.004740030408132354
79 0.010355596455266911
276 0.0037942827972235146
493 0.010253102007923415
514 0.020011175830022064
549 0.005352612523379987
1041 0.016931482280702424
1112 0.048466975637383294
1219 0.009868449850568633
1286 0.0119399826473241
1431 0.0119399826473241
1558 0.009010839115984062
1612 0.015196414375594849
1640 0.011961099810336157
1912 0.011496030351167197
1921 0.0005784355432146885
1930 0.006116011116176783
1940 0.006328598795384464
1945 0.012100143904782475
2069 0.0128172523199083
2091 0.011226213341008788
2117 0.005296504753193978
2161 0.009961064307897527
2381 0.008797266729110438
2416 0.0068132847341435465
2556 0.00964623108434712
2738 0.0059805499051680784
2921 0.012353641085751769
2942 0.011035596722813127
3022 0.015383930296567752
3063 0.012719948034054643
3263 0.01468321130499585
3324 0.01468321130499585
3474 0.010008222126526438
3489 0.00982296631382163
3509 0.01941872636426443
3512 0.009552690912526253
3610 0.01484678126688977
3656 0.0037196529960123394
3731 0.004190852216837341
3733 0.0089025695901698
3828 0.01382560057041128
4108 0.007614488246751927
4251 0.006792677103005648
4403 0.010963864967900519
4433 0.01010737679228283
4461 0.009355246779969635
4519 0.0119399826473241
4547 0.00601397023748893
4752 0.008562231078495679
4798 0.007877831916112896
4973 0.0036920362496446184
5043 0.01890552329366543
5066 0.010153270057395192
5067 0.01253243211308174
5087 0.013699578985326233
5199 0.008402734581741055
5435 0.005646137861899054
5613 0.011161618307898174
5703 0.0031457255612798675
5807 0.006238587327656692
6019 0.011291912616046017
6039 0.009198355036956967
6328 0.008190006786453987
6393 0.020711894821593968
6409 0.003469302204084224
6430 0.00458651358824868
6484 0.016931482280702424
6599 0.010202861893837659
6671 0.008465741140351212
6781 0.06009614521241371
6782 0.01468321130499585
6790 0.0074949392481369215
6895 0.021891246136153255
6932 0.009436161642269366
7061 0.015017623348264874
7381 0.01941872636426443
7470 0.006220835268385907
7560 0.006711334087862032
7579 0.007003901352339208
7621 0.008102322816009304
7678 0.005511270901219966
7720 0.01895453399331331
7722 0.026689118621838617
7923 0.008497636045385065
7959 0.0074892877948820845
8046 0.009961064307897527
8145 0.0014340068434191423
8256 0.01468321130499585
8276 0.012625046570410633
8422 0.015788863841352488
8445 0.00458651358824868
8531 0.009047617521038555
8622 0.008016594785893094
8637 0.01648958283292439
8679 0.0034779680792306864
8754 0.008371614460300018
