109
24 0.00014849761844045535
51 0.00022883910672981793
97 8.612797493712278e-05
225 4.311890533715833e-05
232 0.0001245506276326127
278 5.558192042480493e-05
328 5.502814824397996e-05
509 1.4811799641107606e-05
818 0.00016128300357362823
819 0.0001677901789526326
861 7.316251041712385e-05
969 0.00010536844412685977
977 0.00010384546306881737
1057 9.988723143186235e-05
1140 3.8493910507496085e-05
1145 9.920086195142229e-05
1164 8.408656954820681e-05
1165 8.433711728522342e-05
1517 9.106007793564448e-05
1541 0.00014488623116808087
1706 3.382257549850835e-05
1712 0.0001677901789526326
1713 4.787143878550288e-05
1721 0.0001399262151792957
1793 0.00014665847838343454
1867 0.0002059351589452662
2242 0.00013614669170503938
2273 0.00019756065060853997
2299 0.00010982004923951138
2300 0.00011024565393173974
2391 2.4157123570420575e-05
2415 0.0001275049519955334
2417 8.63892700805903e-05
2469 0.00011110817958998604
2550 5.3403616896513294e-05
2563 2.4450245822639586e-05
2582 7.458098891001271e-05
2673 0.00014849761844045535
2982 7.197869283035229e-05
3103 0.00012122674224136485
3113 6.165346047478709e-05
3269 0.00010310145735752775
3513 6.056183085252843e-05
3514 0.00030726931367955075
3832 3.3290954653437934e-05
3847 0.0001677901789526326
3875 3.285232498188492e-05
4142 0.00020298083458234552
4232 0.00018825025618924418
4247 4.846937791309118e-05
4314 3.1644758795232604e-05
4321 0.00010200632301179658
4402 6.950834500520415e-05
4467 5.5861184383926875e-05
4502 6.424444555902466e-05
4614 0.0001523982138465608
4659 6.610917985376751e-05
4810 0.00010856509334268535
4829 8.383730339089555e-05
4839 3.088397517794058e-05
4844 0.00010734164596720007
4865 0.00017370426675739054
4866 0.00021244233432427055
4867 0.00030726931367955075
4868 0.00030726931367955075
5334 9.719791862251607e-05
5335 9.852402568908913e-05
5462 0.00010654275221462514
5469 1.1433598200043818e-05
5588 6.913916575845257e-05
5676 9.312153328472917e-05
5810 5.261121850249547e-05
5811 0.00010310145735752775
5834 6.804811807694473e-05
5931 0.00014665847838343454
5975 0.00010460100421098168
6114 0.00010536844412685977
6141 0.00010982004923951138
6297 9.164022082905678e-05
6299 0.0001431761810607271
6356 6.733409171295719e-05
6483 0.00010734164596720007
6506 8.88061998220748e-05
6590 8.691610145495967e-05
6614 8.484211069037113e-05
6780 0.0001523982138465608
6833 2.7093186202753706e-05
6841 0.00017065756051371745
6843 0.0002199543170027505
6960 3.259102983841739e-05
6968 0.0001287387249198448
6999 6.309390310328486e-05
7316 0.00019041645403432799
7359 0.00016378259903044513
7361 0.00019506105515172307
7363 0.0002537323685808453
7369 9.372690041743856e-05
7577 8.853165584237468e-05
7578 8.88061998220748e-05
7836 6.424444555902466e-05
7839 0.00010614816360120087
7890 9.233159952796689e-06
8009 2.7093186202753706e-05
8137 8.63892700805903e-05
8144 1.8182537399726556e-05
8234 4.8109734749355606e-05
8530 0.0001147195668623605
8670 0.00010654275221462514
8678 4.409901177660094e-05
