92
58 3.9886331735258645e-05
276 4.8109734749355606e-05
436 6.181142310095298e-05
473 4.858985121920245e-05
765 7.499396958083494e-05
1216 4.5550455969092306e-05
1217 9.818910047034337e-05
1350 6.374802604546662e-05
1395 0.00017370426675739054
1412 6.804811807694473e-05
1491 0.00020908021320920737
1503 0.00015663840245623315
1517 9.106007793564448e-05
1539 0.00011198624708459517
1583 8.88061998220748e-05
1587 9.954283828468142e-05
1610 9.590694438493474e-05
1798 0.00010498321344481378
1800 0.00011333374567896404
1922 7.334292682143156e-06
2234 0.00016251677649793962
2434 0.00010536844412685977
2493 2.5565430128539482e-05
2526 8.070779096331723e-05
2563 2.4450245822639586e-05
2564 4.692973938522239e-05
2586 9.502842032885344e-06
3513 6.056183085252843e-05
3572 5.234992335902794e-05
3601 0.00015139340654708521
3602 0.00018227567001855016
3727 6.424444555902466e-05
3766 5.131853189681648e-05
3796 0.0001399262151792957
3819 6.424444555902466e-05
3875 3.285232498188492e-05
4432 6.4078409870285e-05
4451 0.00010200632301179658
4452 0.0001664173719040451
4699 3.676019862375966e-05
4723 9.106007793564448e-05
4834 1.7286007534181456e-05
4835 0.0001440237055098346
4839 3.088397517794058e-05
4846 4.681329625334851e-05
5044 0.00010058340652177312
5395 3.215862746722012e-05
5427 3.490353872923123e-05
5570 0.0001347133110905388
5573 0.0002199543170027505
5687 2.724862948448243e-05
5699 8.260974660633398e-05
5702 3.9886331735258645e-05
5984 3.088397517794058e-05
6022 2.0770655001689466e-05
6046 0.00017370426675739054
6053 0.00018227567001855016
6193 0.00010694056199521868
6194 0.0002734912621014559
6336 0.00015890538922556517
6337 0.00016007969731333051
6408 4.3989132524856074e-05
6409 0.00010575674440844711
6490 2.724862948448243e-05
6507 6.212889280683989e-05
6512 0.0001431761810607271
6568 3.9584588186023764e-05
6586 5.24803957997587e-05
6588 6.576478670658657e-05
6687 6.196989942762013e-05
6960 3.259102983841739e-05
6965 0.00013332088986277624
6967 0.00010536844412685977
6972 6.133906307779394e-05
6973 0.00011913044365880717
6992 4.787143878550288e-05
6995 7.843020694973282e-05
7067 3.508605365233e-05
7390 0.00013065000625947455
7587 0.00013687950893562258
7890 9.233159952796689e-06
8042 6.663037655997976e-05
8054 2.9805618738211806e-05
8144 1.8182537399726556e-05
8351 0.0001376235146469122
8516 8.024367862190805e-05
8600 8.383730339089555e-05
8633 5.949411993323993e-05
8638 6.491430390704548e-05
8661 7.843020694973282e-05
8663 8.001326955199571e-05
8779 0.0001475693727081854
