302
58 3.9886331735258645e-05
97 8.612797493712278e-05
109 0.00011913044365880717
138 5.5304247721948624e-05
139 0.00010897983139923425
158 1.722259642893919e-05
160 3.6009024944890365e-05
208 0.00013614669170503938
209 0.00013687950893562258
243 6.309390310328486e-05
278 5.558192042480493e-05
281 0.00014665847838343454
295 6.969398876306011e-05
303 0.00018227567001855016
310 8.408656954820681e-05
330 6.358367031630664e-05
334 9.252359415714085e-05
375 8.334256383691721e-05
393 0.00015139340654708521
397 0.00013614669170503938
430 2.1595466130645556e-05
443 5.859719717528758e-05
458 0.00011198624708459517
504 0.00017695423263882194
509 1.4811799641107606e-05
772 0.00011712061541501202
870 0.00030726931367955075
891 5.757123449128065e-05
892 0.0001475693727081854
956 0.0001523982138465608
1057 9.988723143186235e-05
1059 0.00026261715830791277
1096 6.950834500520415e-05
1111 9.886126874785542e-05
1140 3.8493910507496085e-05
1152 0.0001677901789526326
1153 0.00017695423263882194
1183 0.00010310145735752775
1234 2.8271279696782107e-05
1265 6.576478670658657e-05
1269 8.433711728522342e-05
1306 4.5550455969092306e-05
1310 8.285279662389543e-05
1350 6.374802604546662e-05
1391 6.491430390704548e-05
1497 6.663037655997976e-05
1500 0.00010310145735752775
1563 0.00018825025618924418
1578 0.00010856509334268535
1583 8.88061998220748e-05
1587 9.954283828468142e-05
1589 0.00015890538922556517
1693 0.0001281179340087181
1706 3.382257549850835e-05
1713 4.787143878550288e-05
1717 0.0001251273376474703
1922 7.334292682143156e-06
1929 4.2158123180710165e-05
1936 0.00011024565393173974
1960 0.00011712061541501202
2032 0.00011024565393173974
2040 4.7398314413738584e-05
2224 0.0002199543170027505
2299 0.00010982004923951138
2300 0.00011024565393173974
2371 8.858094887998e-06
2384 3.364472337590274e-05
2391 2.4157123570420575e-05
2401 0.00022419450561242282
2439 5.502814824397996e-05
2448 8.825864993225359e-05
2455 0.00010128967145643295
2493 2.5565430128539482e-05
2563 2.4450245822639586e-05
2586 9.502842032885344e-06
2607 3.3290954653437934e-05
2612 8.001326955199571e-05
2618 4.846937791309118e-05
2633 0.0002199543170027505
2832 0.0001196461249524729
2843 7.33626397641186e-05
2850 9.252359415714085e-05
2862 0.00012230970742046953
2894 0.00013130412920165632
2955 4.7516165565500014e-05
3069 0.00013196715204843822
3070 0.0001399262151792957
3147 0.00012936752625714268
3228 4.566391685271689e-05
3229 4.669713069773751e-05
3230 4.692973938522239e-05
3465 5.7716484755306535e-05
3513 6.056183085252843e-05
3519 8.586807337437805e-05
3540 0.00013542473142615584
3542 0.0001431761810607271
3596 8.285279662389543e-05
3605 5.380470086849468e-05
3610 0.00018418695135817993
3657 4.716346370617082e-05
3731 5.3138049876864844e-05
3743 3.233112827567267e-05
3746 1.903006184883404e-05
3748 0.0001523982138465608
3750 0.00022883910672981793
3760 0.00010614816360120087
3869 0.0001523982138465608
3907 0.00018227567001855016
3926 0.00011110817958998604
3932 4.895306850942043e-05
3939 0.00018418695135817993
3951 9.920086195142229e-05
3954 0.00010774605847492284
3969 6.0101372993599195e-05
3970 6.663037655997976e-05
3974 0.00010128967145643295
4037 0.0001391464957049546
4038 0.00014488623116808087
4056 0.00013401212737453773
4094 0.00010694056199521868
4120 0.0001431761810607271
4143 0.0001376235146469122
4144 0.00013837905578907654
4189 4.981125419104163e-05
4290 5.656642719180506e-05
4291 7.843020694973282e-05
4296 9.527405980765772e-05
4314 3.1644758795232604e-05
4315 7.256700694753944e-05
4329 3.676019862375966e-05
4345 5.131853189681648e-05
4348 8.212725328354177e-05
4357 0.00018825025618924418
4390 8.825864993225359e-05
4392 8.334256383691721e-05
4398 6.325661252824365e-05
4406 6.508321716976057e-05
4423 0.0001128804268053397
4486 0.00012571095453322076
4495 3.207260550754382e-05
4518 0.00015139340654708521
4567 6.341986704442123e-05
4652 4.476354154013861e-05
4676 1.811794967986411e-05
4681 0.0002059351589452662
4756 0.00014071861357331354
4821 8.691610145495967e-05
4822 0.00017695423263882194
4834 1.7286007534181456e-05
4878 6.969398876306011e-05
4911 6.341986704442123e-05
4913 6.457822376461287e-05
4914 6.542281037332744e-05
4933 2.564069103539461e-05
4942 6.804811807694473e-05
5018 0.00010982004923951138
5024 6.025437603138515e-05
5029 0.00016007969731333051
5031 6.913916575845257e-05
5038 0.00016251677649793962
5043 0.00010422176939821458
5065 0.0001287387249198448
5131 0.00020298083458234552
5161 5.502814824397996e-05
5162 5.6001418804450566e-05
5177 6.196989942762013e-05
5215 0.0001300045474523503
5222 2.3001954162320978e-05
5236 0.00010200632301179658
5254 5.9796800580258657e-05
5319 0.0001664173719040451
5369 7.562007790453742e-05
5370 0.00011154523568104574
5378 0.00010347204034115494
5379 2.541525611908456e-05
5380 3.8298201700263376e-05
5395 3.215862746722012e-05
5427 3.490353872923123e-05
5439 8.024367862190805e-05
5440 8.586807337437805e-05
5449 0.00016128300357362823
5455 8.908229930004346e-05
5469 1.1433598200043818e-05
5539 0.0001391464957049546
5542 0.0002199543170027505
5550 4.944160821510571e-05
5588 6.913916575845257e-05
5590 0.00018617626542465564
5594 0.0001677901789526326
5681 0.00021605372159664503
5733 0.0001804365299615294
5734 0.0001391464957049546
5806 7.910237522724487e-05
5836 0.0001786642827461757
5868 7.256700694753944e-05
5894 1.5848029138067838e-05
5896 1.6219082409210568e-05
5909 6.663037655997976e-05
5934 5.434466680855229e-05
5938 5.91933076971794e-05
5984 3.088397517794058e-05
5985 7.52017798211394e-05
5987 7.798719092134497e-05
5988 7.044371782011974e-05
5989 0.00013130412920165632
5996 0.0001431761810607271
6000 3.4631041686461846e-05
6014 9.818910047034337e-05
6022 2.0770655001689466e-05
6064 0.00010498321344481378
6075 0.00016920278300425065
6096 0.00021244233432427055
6097 0.0002734912621014559
6227 0.00010536844412685977
6242 3.105201474962982e-05
6249 0.00010897983139923425
6338 0.00016920278300425065
6339 0.00019756065060853997
6340 0.00019756065060853997
6378 0.00021244233432427055
6380 0.00011067500849334801
6387 9.558947467904783e-05
6408 4.3989132524856074e-05
6413 9.590694438493474e-05
6429 5.815485137703107e-05
6465 0.00015663840245623315
6467 4.669713069773751e-05
6468 4.669713069773751e-05
6469 0.0001786642827461757
6478 0.00016920278300425065
6490 2.724862948448243e-05
6491 7.604199766141655e-05
6507 6.212889280683989e-05
6528 0.00011913044365880717
6536 7.499396958083494e-05
6540 6.040786096929821e-05
6566 7.082295263288685e-05
6589 5.9343481706634316e-05
6613 0.00014944388948364012
6682 6.698096388147314e-05
6687 6.196989942762013e-05
6702 0.0001440237055098346
6703 0.0002875104201589402
6760 1.9892587507080337e-05
6836 0.00013614669170503938
6977 0.00015342417653056774
6978 0.00013687950893562258
7165 6.628229345501092e-05
7174 7.256700694753944e-05
7178 3.714017269315804e-05
7233 0.00017370426675739054
7311 0.0001475693727081854
7321 3.8200641252257444e-05
7373 7.27647006365303e-05
7374 0.00010498321344481378
7392 5.274239335290522e-05
7431 0.00019756065060853997
7482 2.5340342303404983e-05
7483 2.8590308184836374e-05
7503 3.173002815645075e-05
7520 9.558947467904783e-05
7677 6.988034244141115e-05
7678 8.260974660633398e-05
7679 8.260974660633398e-05
7694 6.804811807694473e-05
7715 0.00014071861357331354
7818 2.996997446737178e-05
7850 0.000126899584862824
7858 4.509923582401553e-05
7862 9.077257605451787e-05
7863 7.64676023536449e-05
7866 5.91933076971794e-05
7890 9.233159952796689e-06
7960 9.954283828468142e-05
7977 0.00014849761844045535
8016 3.6571316885345003e-05
8109 8.285279662389543e-05
8114 0.0001804365299615294
8144 1.8182537399726556e-05
8204 5.1064059112276297e-05
8333 0.00020908021320920737
8349 4.919672615455441e-05
8444 5.815485137703107e-05
8468 0.00016508218077975113
8503 7.256700694753944e-05
8513 4.3335009582674306e-05
8520 5.874554257904601e-05
8521 6.610917985376751e-05
8533 0.00013687950893562258
8539 7.955569410086921e-05
8547 0.00015775871449691997
8549 0.0002875104201589402
8570 0.00021244233432427055
8582 0.00010774605847492284
8583 0.00015890538922556517
8690 0.0001677901789526326
8695 4.476354154013861e-05
8696 4.787143878550288e-05
8697 0.0001376235146469122
8717 9.106007793564448e-05
8718 9.403242760948e-05
8859 0.0002875104201589402
