229
45 0.00015663840245623315
58 3.9886331735258645e-05
158 1.722259642893919e-05
160 3.6009024944890365e-05
163 4.4209139343250144e-05
318 9.719791862251607e-05
330 6.358367031630664e-05
362 0.00018227567001855016
371 9.818910047034337e-05
412 6.391293797104737e-05
413 7.562007790453742e-05
423 8.63892700805903e-05
430 2.1595466130645556e-05
443 5.859719717528758e-05
463 2.104404381130732e-05
509 1.4811799641107606e-05
522 0.00011110817958998604
535 8.236790279729728e-05
549 6.786862826996617e-05
578 0.0001440237055098346
891 5.757123449128065e-05
983 0.00010347204034115494
1070 0.00013130412920165632
1083 7.178415593526694e-05
1126 4.895306850942043e-05
1140 3.8493910507496085e-05
1193 0.00015447220461114937
1209 0.00016007969731333051
1234 2.8271279696782107e-05
1249 0.0001147195668623605
1265 6.576478670658657e-05
1269 8.433711728522342e-05
1334 9.886126874785542e-05
1339 0.0001399262151792957
1408 0.00019041645403432799
1593 0.00018617626542465564
1610 9.590694438493474e-05
1658 0.00010654275221462514
1686 0.00017215710736717137
1706 3.382257549850835e-05
1712 0.0001677901789526326
1753 0.00022883910672981793
1842 0.00030726931367955075
1877 0.00016251677649793962
1878 0.00026261715830791277
1888 6.071628875522179e-05
1895 0.00011519040557349246
1922 7.334292682143156e-06
1948 0.0001523982138465608
2040 4.7398314413738584e-05
2042 8.383730339089555e-05
2167 8.744869066327002e-05
2178 0.0001523982138465608
2207 0.00017370426675739054
2252 0.00015554326811050196
2341 8.744869066327002e-05
2343 0.0001263016457352357
2371 8.858094887998e-06
2373 4.532432364915004e-05
2384 3.364472337590274e-05
2389 8.070779096331723e-05
2451 0.00014576429866269
2550 5.3403616896513294e-05
2563 2.4450245822639586e-05
2575 0.00012016732165868515
2586 9.502842032885344e-06
2607 3.3290954653437934e-05
2618 4.846937791309118e-05
2620 0.00010347204034115494
2796 0.00022883910672981793
2830 8.285279662389543e-05
2894 0.00013130412920165632
3137 0.00011379132113009053
3303 0.00010058340652177312
3465 5.7716484755306535e-05
3545 6.071628875522179e-05
3552 0.0002537323685808453
3578 0.00022419450561242282
3582 0.00010815385522706535
3583 0.00011663084820199027
3595 0.0002734912621014559
3731 5.3138049876864844e-05
3732 0.00010654275221462514
3733 0.0001128804268053397
3746 1.903006184883404e-05
3819 6.424444555902466e-05
3832 3.3290954653437934e-05
3840 0.00010774605847492284
3890 0.00016007969731333051
3969 6.0101372993599195e-05
3970 6.663037655997976e-05
4015 8.798716495431228e-05
4037 0.0001391464957049546
4038 0.00014488623116808087
4042 0.00012571095453322076
4044 0.00014488623116808087
4079 0.00023397347506023475
4082 0.0002734912621014559
4083 0.00030726931367955075
4215 0.0001504088997800851
4216 0.0001677901789526326
4247 4.846937791309118e-05
4250 8.612797493712278e-05
4345 5.131853189681648e-05
4363 7.025520142447097e-05
4367 0.00026261715830791277
4375 7.541048004377448e-05
4398 6.325661252824365e-05
4399 9.282164663063054e-05
4431 0.00013196715204843822
4432 6.4078409870285e-05
4457 0.00010058340652177312
4471 0.00017065756051371745
4652 4.476354154013861e-05
4655 0.00019756065060853997
4676 1.811794967986411e-05
4689 0.00019041645403432799
4751 0.00010856509334268535
4754 0.00013542473142615584
4759 5.0810908270240366e-05
4776 0.0001664173719040451
4777 0.00016920278300425065
4778 0.00020298083458234552
4784 0.0002875104201589402
4908 9.372690041743856e-05
4933 2.564069103539461e-05
4972 4.681329625334851e-05
5016 8.117636599183342e-05
5044 0.00010058340652177312
5075 0.0002734912621014559
5107 0.00014944388948364012
5111 0.00014849761844045535
5151 0.0001431761810607271
5198 0.00010654275221462514
5379 2.541525611908456e-05
5385 0.00011519040557349246
5393 0.00030726931367955075
5394 0.00021605372159664503
5408 0.00010774605847492284
5430 6.441104889224853e-05
5558 9.68719546813797e-05
5559 0.0001786642827461757
5620 0.0002059351589452662
5644 7.711306116076915e-05
5645 0.0001677901789526326
5669 0.0001300045474523503
5672 0.00030726931367955075
5687 2.724862948448243e-05
5695 0.0002875104201589402
5797 5.544288630052885e-05
5799 0.00026261715830791277
5841 0.00014488623116808087
5858 6.663037655997976e-05
5862 6.610917985376751e-05
5969 0.00018617626542465564
6000 3.4631041686461846e-05
6014 9.818910047034337e-05
6018 0.0001431761810607271
6254 8.141235399539764e-05
6255 0.00018227567001855016
6277 0.00011067500849334801
6292 8.853165584237468e-05
6408 4.3989132524856074e-05
6417 9.954283828468142e-05
6443 0.0001275049519955334
6605 0.00010200632301179658
6614 8.484211069037113e-05
6619 5.7716484755306535e-05
6623 0.00010460100421098168
6624 0.00011663084820199027
6625 0.00011811516886331826
6650 9.785646144837983e-05
6664 0.00015775871449691997
6682 6.698096388147314e-05
6760 1.9892587507080337e-05
6789 4.7516165565500014e-05
6885 5.131853189681648e-05
6893 9.252359415714085e-05
6894 9.252359415714085e-05
6905 2.9805618738211806e-05
6929 5.904359505253569e-05
6960 3.259102983841739e-05
6972 6.133906307779394e-05
6973 0.00011913044365880717
6978 0.00013687950893562258
6992 4.787143878550288e-05
7003 8.771718405598661e-05
7064 0.00020908021320920737
7221 0.00021605372159664503
7321 3.8200641252257444e-05
7346 8.070779096331723e-05
7347 0.00015663840245623315
7357 0.00019756065060853997
7367 0.0001664173719040451
7406 6.698096388147314e-05
7408 8.691610145495967e-05
7410 0.0001786642827461757
7482 2.5340342303404983e-05
7483 2.8590308184836374e-05
7503 3.173002815645075e-05
7507 0.00017370426675739054
7522 0.0002875104201589402
7559 8.509658347491132e-05
7724 9.920086195142229e-05
7835 0.00030726931367955075
7836 6.424444555902466e-05
7866 5.91933076971794e-05
7886 7.910237522724487e-05
7890 9.233159952796689e-06
7911 0.00010774605847492284
7912 0.00011761535496899039
7951 0.00020019542348213994
7989 0.00011862016226846598
8009 2.7093186202753706e-05
8010 3.97855428110104e-05
8037 0.0002537323685808453
8038 0.0002875104201589402
8054 2.9805618738211806e-05
8058 8.853165584237468e-05
8069 5.287392225192349e-05
8349 4.919672615455441e-05
8437 8.433711728522342e-05
8489 0.00013837905578907654
8520 5.874554257904601e-05
8521 6.610917985376751e-05
8678 4.409901177660094e-05
8756 9.372690041743856e-05
8799 0.00012069415303305452
8866 3.8493910507496085e-05
