171
15 0.001828066334876983
32 0.004798449363810753
49 0.005190785594874572
158 0.0015715472290925535
171 0.009209679448106644
232 0.01894189749934888
254 0.009346020899358895
276 0.001463324082205656
281 0.004460820339089313
368 0.00711662665439185
423 0.007882947183872568
428 0.009346020899358895
459 0.005352502485138778
549 0.004128636280832344
573 0.00886724525380132
575 0.0026845088334342794
584 0.006461727247433103
728 0.010566910753186788
861 0.015577372183828854
950 0.007987863873174466
1041 0.0032649445353572937
1042 0.006571572583171674
1095 0.006342577174263269
1129 0.0052712791179052795
1188 0.026235080523445132
1219 0.0038059209321305645
1248 0.006978708395067282
1429 0.008318614770812882
1459 0.006461727247433103
1471 0.011451783502788698
1496 0.00607996500924102
1516 0.002769718138438442
1712 0.0014560759810798693
1720 0.0042560492480473834
1728 0.003102663312904884
1791 0.015975727746348933
1945 0.0046666084001379515
2069 0.004943172396415146
2122 0.003419752973500046
2125 0.003954268009881727
2152 0.0046984856228483385
2158 0.005662808455510345
2258 0.02989004483056642
2261 0.009270804653928669
2328 0.004329563506941956
2360 0.006819185781631099
2378 0.006654990648117533
2381 0.01696401263463276
2414 0.0038782393589904215
2416 0.0026276490612908558
2458 0.014978266751958227
2478 0.008238260795016389
2598 0.007507814788788523
2723 0.016988425366531036
2738 0.006919475828846344
2758 0.004731063499661411
2919 0.0042560492480473834
2921 0.004764373524539078
3051 0.0034611203205166105
3070 0.007987863873174466
3203 0.005190785594874572
3302 0.0030593833410308604
3330 0.005933051616082444
3394 0.0022937139868604716
3426 0.005791779653085088
3478 0.003788379499869776
3559 0.0046984856228483385
3585 0.0018945879857657044
3604 0.0016365443486007665
3627 0.018816821865992473
3656 0.002869083880883238
3660 0.015435241425204733
3733 0.0034334142105433016
3786 0.0030593833410308604
3789 0.0050212027136830786
3829 0.005933051616082444
4198 0.004055139148317617
4248 0.001474263126148357
4320 0.009666654121353152
4403 0.00211419239142109
4458 0.0030593833410308604
4468 0.0033981902746044795
4500 0.0028324201523327857
4547 0.0023193810130930003
4568 0.009645014592148157
4577 0.008977052898125244
4677 0.0005510824830953888
4813 0.006089220525845839
4830 0.0076500824008839015
5043 0.007291208642266872
5057 0.00414108981732188
5178 0.0018849001491431762
5180 0.004163379466328562
5193 0.004867428383941199
5195 0.003562385408118045
5229 0.004500317888420982
5336 0.002996744426420349
5505 0.007987863873174466
5562 0.00486904526435632
5637 0.0031359733377825504
5703 0.01334517703983234
5730 0.002769718138438442
5902 0.006461727247433103
5948 0.0046666084001379515
6115 0.006409853747840097
6165 0.003954268009881727
6174 0.004013963341486967
6194 0.0032527450119501328
6243 0.0009444899503368633
6275 0.006461727247433103
6304 0.008318614770812882
6307 0.02085102020695288
6335 0.004545542467843689
6346 0.0038059209321305645
6409 0.00133799026983453
6469 0.0028407155548002506
6484 0.01632472267678647
6485 0.004604839724053322
6588 0.00523639638517485
6589 0.004000653782451191
6697 0.0042560492480473834
6761 0.0018151816368235489
6781 0.004635402326964334
6782 0.01132561691102069
6807 0.005791779653085088
6823 0.005192221967394595
6834 0.0032963068319309353
6849 0.007374557862491765
6895 0.005628466014528596
7002 0.004798449363810753
7029 0.0074891333759791135
7136 0.006819185781631099
7140 0.0018849001491431762
7178 0.009396971245696677
7181 0.007756478717980843
7276 0.006461727247433103
7287 0.006009080266973748
7317 0.005791779653085088
7347 0.0024548390206999425
7361 0.009346020899358895
7362 0.005933051616082444
7375 0.006386419100479047
7470 0.0023991617246676027
7553 0.003859826280878797
7598 0.005434321118887092
7695 0.0020697775709956705
7720 0.0109651655695106
7800 0.0028601262623060945
7840 0.009685929358504116
7858 0.009346020899358895
7864 0.0023258678231251988
7943 0.005557029607169108
8011 0.002420264556530544
8033 0.00921035898562685
8048 0.005664840304665571
8059 0.002692812685553731
8145 0.0011060940157430928
8202 0.01234788530920043
8286 0.006461727247433103
8302 0.008813829980682163
8337 0.006173942654600215
8486 0.00711662665439185
8586 0.004354901452604778
8639 0.0019744582812955265
8664 0.0024337141919705996
8667 0.006866828421086603
8814 0.0053921574021610725
8815 0.006076416426762848
8839 0.0142332533087837
8874 0.00414108981732188
8885 0.005933051616082444
