156
58 3.9886331735258645e-05
102 0.00013687950893562258
125 0.00015554326811050196
137 0.00015342417653056774
225 4.311890533715833e-05
226 0.00011712061541501202
276 4.8109734749355606e-05
277 5.502814824397996e-05
290 5.516600244482883e-05
295 6.969398876306011e-05
311 0.00012016732165868515
328 5.502814824397996e-05
509 1.4811799641107606e-05
545 0.0001300045474523503
546 0.00013263932032595027
695 0.00011519040557349246
773 0.00011110817958998604
837 0.0001128804268053397
838 0.00011614595437539213
1096 6.950834500520415e-05
1140 3.8493910507496085e-05
1152 0.0001677901789526326
1216 4.5550455969092306e-05
1217 9.818910047034337e-05
1234 2.8271279696782107e-05
1246 0.00014071861357331354
1247 0.0001431761810607271
1674 0.00014944388948364012
1706 3.382257549850835e-05
1722 8.117636599183342e-05
1854 0.00020908021320920737
1916 0.00014071861357331354
1917 0.00015663840245623315
1922 7.334292682143156e-06
1981 9.920086195142229e-05
1984 0.00010734164596720007
2261 0.00023397347506023475
2384 3.364472337590274e-05
2391 2.4157123570420575e-05
2491 0.00020908021320920737
2493 2.5565430128539482e-05
2526 8.070779096331723e-05
2559 7.604199766141655e-05
2563 2.4450245822639586e-05
2564 4.692973938522239e-05
2607 3.3290954653437934e-05
2612 8.001326955199571e-05
2776 9.222735356398462e-05
2797 0.00010347204034115494
3104 0.00010939812948263226
3109 0.00022419450561242282
3249 0.00012016732165868515
3314 0.00026261715830791277
3654 6.663037655997976e-05
3719 2.489326185102742e-05
3832 3.3290954653437934e-05
3891 8.334256383691721e-05
3892 0.00011110817958998604
4094 0.00010694056199521868
4108 9.654815662959692e-05
4308 7.955569410086921e-05
4314 3.1644758795232604e-05
4375 7.541048004377448e-05
4376 0.00014488623116808087
4479 0.00016007969731333051
4519 0.00010128967145643295
4520 0.0002734912621014559
4565 0.00013837905578907654
4699 3.676019862375966e-05
4700 0.00017065756051371745
4759 5.0810908270240366e-05
4760 0.0001347133110905388
4821 8.691610145495967e-05
4823 0.0001786642827461757
4834 1.7286007534181456e-05
4839 3.088397517794058e-05
4846 4.681329625334851e-05
4933 2.564069103539461e-05
4948 0.00011110817958998604
4950 0.00011425323385392718
5192 8.001326955199571e-05
5254 5.9796800580258657e-05
5334 9.719791862251607e-05
5335 9.852402568908913e-05
5411 8.164949036359771e-05
5430 6.441104889224853e-05
5469 1.1433598200043818e-05
5570 0.0001347133110905388
5687 2.724862948448243e-05
5738 9.19329029551259e-05
5739 0.0001281179340087181
5822 9.134928606937549e-05
5823 0.0001475693727081854
5894 1.5848029138067838e-05
5896 1.6219082409210568e-05
5931 0.00014665847838343454
6022 2.0770655001689466e-05
6033 0.00011519040557349246
6242 3.105201474962982e-05
6246 0.00010128967145643295
6264 4.7398314413738584e-05
6568 3.9584588186023764e-05
6569 4.981125419104163e-05
6619 5.7716484755306535e-05
6682 6.698096388147314e-05
6702 0.0001440237055098346
6704 0.00010694056199521868
6725 8.458895984833521e-05
6727 8.612797493712278e-05
6756 0.00017695423263882194
6784 9.68719546813797e-05
6787 0.0001753021616311125
6833 2.7093186202753706e-05
6868 0.00016508218077975113
6885 5.131853189681648e-05
6896 0.00019268344080366
6905 2.9805618738211806e-05
6908 8.935997200289977e-05
6930 0.0001391464957049546
6999 6.309390310328486e-05
7189 0.00016920278300425065
7211 0.00010498321344481378
7241 0.00022883910672981793
7321 3.8200641252257444e-05
7358 0.00019506105515172307
7414 0.00010460100421098168
7482 2.5340342303404983e-05
7483 2.8590308184836374e-05
7503 3.173002815645075e-05
7526 0.00020298083458234552
7527 0.0002462203859023654
7528 0.0002734912621014559
7559 8.509658347491132e-05
7610 0.00013263932032595027
7718 9.527405980765772e-05
7852 0.00015447220461114937
7883 0.00016251677649793962
7890 9.233159952796689e-06
7922 0.00010774605847492284
7938 4.907474504580058e-05
7948 0.0002875104201589402
8024 0.00014488623116808087
8054 2.9805618738211806e-05
8058 8.853165584237468e-05
8069 5.287392225192349e-05
8349 4.919672615455441e-05
8421 0.00020019542348213994
8447 4.100899018649567e-05
8474 8.408656954820681e-05
8503 7.256700694753944e-05
8763 6.542281037332744e-05
8767 0.0001239806629188251
8800 0.00011379132113009053
8818 7.139739654402146e-05
8819 7.139739654402146e-05
8894 0.0002875104201589402
