669
15 6.0101372993599195e-05
32 0.00015775871449691997
44 0.00010575674440844711
48 0.00022419450561242282
52 9.785646144837983e-05
53 0.00010200632301179658
60 0.00017215710736717137
68 3.241760820520544e-05
69 0.00010460100421098168
77 8.691610145495967e-05
79 0.00013130412920165632
82 8.334256383691721e-05
92 0.00010774605847492284
93 0.00010982004923951138
109 0.00011913044365880717
145 5.786216925096193e-05
146 0.000101646679848061
158 1.722259642893919e-05
160 3.6009024944890365e-05
161 8.88061998220748e-05
163 4.4209139343250144e-05
168 0.00014488623116808087
225 4.311890533715833e-05
240 0.00010347204034115494
243 6.309390310328486e-05
246 0.0001002340757964429
276 4.8109734749355606e-05
277 5.502814824397996e-05
290 5.516600244482883e-05
295 6.969398876306011e-05
297 0.00016378259903044513
328 5.502814824397996e-05
375 8.334256383691721e-05
376 0.0002462203859023654
395 0.00018418695135817993
397 0.00013614669170503938
401 0.00010939812948263226
427 0.0001440237055098346
430 2.1595466130645556e-05
436 6.181142310095298e-05
442 0.00023971321052336105
443 5.859719717528758e-05
463 2.104404381130732e-05
464 0.0002537323685808453
466 0.00013401212737453773
472 0.0002734912621014559
473 4.858985121920245e-05
480 6.877276232176413e-05
490 0.0001523982138465608
494 0.00010815385522706535
509 1.4811799641107606e-05
511 4.409901177660094e-05
521 6.165346047478709e-05
522 0.00011110817958998604
539 0.0001391464957049546
549 6.786862826996617e-05
602 0.00013401212737453773
603 0.00030726931367955075
671 0.00014576429866269
672 0.00015775871449691997
692 0.00015342417653056774
706 6.525271795805037e-05
708 9.654815662959692e-05
709 0.00017370426675739054
723 6.212889280683989e-05
726 6.4078409870285e-05
751 0.00011614595437539213
753 9.752607762356147e-05
757 0.00010815385522706535
773 0.00011110817958998604
785 9.134928606937549e-05
861 7.316251041712385e-05
872 6.593667904531496e-05
884 0.00012936752625714268
886 0.0001677901789526326
969 0.00010536844412685977
1011 8.56095506062492e-05
1014 0.00017695423263882194
1055 0.00011614595437539213
1057 9.988723143186235e-05
1096 6.950834500520415e-05
1098 0.00017695423263882194
1102 8.285279662389543e-05
1103 9.527405980765772e-05
1126 4.895306850942043e-05
1127 0.00018418695135817993
1140 3.8493910507496085e-05
1164 8.408656954820681e-05
1165 8.433711728522342e-05
1169 0.00020298083458234552
1173 9.077257605451787e-05
1194 0.0001027336712532598
1216 4.5550455969092306e-05
1217 9.818910047034337e-05
1226 0.00011110817958998604
1227 0.00014488623116808087
1234 2.8271279696782107e-05
1239 0.00013196715204843822
1240 0.00014576429866269
1243 0.00012341728754011654
1246 0.00014071861357331354
1247 0.0001431761810607271
1254 8.96392359620217e-05
1265 6.576478670658657e-05
1266 0.00018617626542465564
1273 0.00017695423263882194
1298 0.00017370426675739054
1306 4.5550455969092306e-05
1350 6.374802604546662e-05
1356 0.00014488623116808087
1359 0.00016920278300425065
1374 9.920086195142229e-05
1391 6.491430390704548e-05
1412 6.804811807694473e-05
1438 0.00014071861357331354
1439 0.0001677901789526326
1462 0.0002875104201589402
1469 6.358367031630664e-05
1471 0.0001753021616311125
1474 0.0001239806629188251
1497 6.663037655997976e-05
1500 0.00010310145735752775
1508 0.00011198624708459517
1511 9.312153328472917e-05
1513 0.00019268344080366
1524 0.0001300045474523503
1525 0.00023397347506023475
1554 0.00022883910672981793
1583 8.88061998220748e-05
1587 9.954283828468142e-05
1612 0.00020908021320920737
1621 0.00011198624708459517
1622 0.00011333374567896404
1629 0.00015447220461114937
1638 7.33626397641186e-05
1641 7.583058115843726e-05
1651 0.0001753021616311125
1653 0.00023971321052336105
1671 7.64676023536449e-05
1695 0.00014576429866269
1703 0.00015663840245623315
1706 3.382257549850835e-05
1713 4.787143878550288e-05
1777 4.871062309639001e-05
1828 0.00016128300357362823
1834 0.00014849761844045535
1867 0.0002059351589452662
1881 8.408656954820681e-05
1911 0.00016920278300425065
1912 0.0002462203859023654
1916 0.00014071861357331354
1922 7.334292682143156e-06
1929 4.2158123180710165e-05
1936 0.00011024565393173974
1947 0.00021244233432427055
1949 0.00012571095453322076
1956 0.0001128804268053397
1957 8.88061998220748e-05
1985 9.496067334174995e-05
2029 0.00012122674224136485
2030 0.0001228603508781383
2047 0.00019041645403432799
2054 0.00015447220461114937
2056 0.0002875104201589402
2059 0.00014071861357331354
2065 0.00016128300357362823
2077 0.0001804365299615294
2113 0.00016508218077975113
2123 0.00011243128604527755
2124 0.00011663084820199027
2148 8.383730339089555e-05
2149 8.408656954820681e-05
2150 0.00015663840245623315
2196 0.00022883910672981793
2211 0.00030726931367955075
2233 0.00018227567001855016
2262 0.0001523982138465608
2263 0.00015342417653056774
2266 0.0001347133110905388
2277 0.00023397347506023475
2361 0.00022419450561242282
2371 8.858094887998e-06
2384 3.364472337590274e-05
2389 8.070779096331723e-05
2391 2.4157123570420575e-05
2392 0.0001281179340087181
2398 0.0001027336712532598
2415 0.0001275049519955334
2417 8.63892700805903e-05
2434 0.00010536844412685977
2487 0.00030726931367955075
2489 0.00022419450561242282
2493 2.5565430128539482e-05
2501 0.00017065756051371745
2503 0.00015342417653056774
2506 0.00014488623116808087
2526 8.070779096331723e-05
2550 5.3403616896513294e-05
2559 7.604199766141655e-05
2563 2.4450245822639586e-05
2564 4.692973938522239e-05
2571 6.593667904531496e-05
2584 0.0002875104201589402
2586 9.502842032885344e-06
2590 8.771718405598661e-05
2607 3.3290954653437934e-05
2618 4.846937791309118e-05
2620 0.00010347204034115494
2667 8.358930576913648e-05
2670 0.00026261715830791277
2675 0.00010694056199521868
2684 0.00021605372159664503
2705 0.00016378259903044513
2706 0.00020298083458234552
2708 0.0001300045474523503
2718 8.88061998220748e-05
2725 0.00010536844412685977
2744 7.52017798211394e-05
2762 0.00010200632301179658
2765 0.00012936752625714268
2839 0.0001391464957049546
2903 8.718166847460814e-05
2929 0.0001251273376474703
2932 0.0002059351589452662
2955 4.7516165565500014e-05
2958 6.950834500520415e-05
2963 8.509658347491132e-05
2976 5.461691012835996e-05
2982 7.197869283035229e-05
2987 0.00014071861357331354
2992 0.0002734912621014559
3031 8.691610145495967e-05
3050 5.1064059112276297e-05
3052 0.00011379132113009053
3075 0.00016128300357362823
3097 0.00012230970742046953
3103 0.00012122674224136485
3113 6.165346047478709e-05
3149 7.541048004377448e-05
3150 7.604199766141655e-05
3155 0.00026261715830791277
3156 9.342327683396404e-05
3161 0.00010536844412685977
3168 0.0001275049519955334
3169 0.0001391464957049546
3185 0.00010939812948263226
3212 7.356359438910525e-05
3249 0.00012016732165868515
3303 0.00010058340652177312
3307 8.408656954820681e-05
3308 0.00012571095453322076
3343 0.00011614595437539213
3345 0.00011110817958998604
3368 0.00010058340652177312
3370 0.00011811516886331826
3372 6.542281037332744e-05
3375 0.00010236864012694453
3383 0.00010815385522706535
3409 8.458895984833521e-05
3421 8.586807337437805e-05
3426 0.00022419450561242282
3519 8.586807337437805e-05
3572 5.234992335902794e-05
3576 5.3536945098705395e-05
3586 6.228840662358072e-05
3596 8.285279662389543e-05
3601 0.00015139340654708521
3627 6.491430390704548e-05
3628 7.733012801189119e-05
3654 6.663037655997976e-05
3657 4.716346370617082e-05
3675 0.00011519040557349246
3676 0.00012936752625714268
3682 0.0001239806629188251
3683 0.00017370426675739054
3706 0.00023971321052336105
3719 2.489326185102742e-05
3723 6.859058854884968e-05
3724 5.7716484755306535e-05
3729 0.00012936752625714268
3739 0.00018825025618924418
3743 3.233112827567267e-05
3746 1.903006184883404e-05
3752 0.0002059351589452662
3756 0.00014576429866269
3757 0.00017370426675739054
3766 5.131853189681648e-05
3781 0.00022883910672981793
3788 0.0001300045474523503
3819 6.424444555902466e-05
3821 0.00018418695135817993
3832 3.3290954653437934e-05
3857 0.00020908021320920737
3869 0.0001523982138465608
3872 9.164022082905678e-05
3875 3.285232498188492e-05
3887 5.5861184383926875e-05
3903 0.00018227567001855016
3912 0.00013263932032595027
3924 0.00019268344080366
3932 4.895306850942043e-05
3943 7.689695691525318e-05
3965 0.00030726931367955075
3977 0.0001128804268053397
3982 0.0001786642827461757
3983 0.00023971321052336105
4002 0.0001263016457352357
4003 0.0001300045474523503
4105 9.988723143186235e-05
4138 0.00016251677649793962
4141 0.0002734912621014559
4203 0.00011614595437539213
4224 8.236790279729728e-05
4225 0.00010897983139923425
4229 0.0002537323685808453
4247 4.846937791309118e-05
4283 0.0002059351589452662
4290 5.656642719180506e-05
4295 0.00012176521653240713
4314 3.1644758795232604e-05
4326 0.00011024565393173974
4328 0.00011566583790554528
4329 3.676019862375966e-05
4332 8.117636599183342e-05
4345 5.131853189681648e-05
4348 8.212725328354177e-05
4356 0.00014944388948364012
4375 7.541048004377448e-05
4381 4.3226837668107787e-05
4382 6.14960082295629e-05
4383 0.00016920278300425065
4406 6.508321716976057e-05
4413 0.0001786642827461757
4431 0.00013196715204843822
4444 0.00014665847838343454
4453 3.6854914742017664e-05
4467 5.5861184383926875e-05
4473 0.00016128300357362823
4485 7.159039254876493e-05
4495 3.207260550754382e-05
4496 0.0002059351589452662
4533 5.685140711216779e-05
4546 7.625433537211054e-05
4551 0.00017065756051371745
4567 6.341986704442123e-05
4577 3.9085797470059324e-05
4652 4.476354154013861e-05
4658 8.334256383691721e-05
4659 6.610917985376751e-05
4676 1.811794967986411e-05
4699 3.676019862375966e-05
4723 9.106007793564448e-05
4724 0.00016128300357362823
4751 0.00010856509334268535
4759 5.0810908270240366e-05
4760 0.0001347133110905388
4768 0.00012176521653240713
4769 0.00012936752625714268
4779 0.00016251677649793962
4781 0.0001753021616311125
4797 9.988723143186235e-05
4829 8.383730339089555e-05
4834 1.7286007534181456e-05
4839 3.088397517794058e-05
4846 4.681329625334851e-05
4878 6.969398876306011e-05
4885 0.0001027336712532598
4911 6.341986704442123e-05
4913 6.457822376461287e-05
4914 6.542281037332744e-05
4915 0.00023971321052336105
4923 8.188778632745044e-05
4933 2.564069103539461e-05
4935 0.00011862016226846598
4942 6.804811807694473e-05
4972 4.681329625334851e-05
5018 0.00010982004923951138
5065 0.0001287387249198448
5080 0.00010575674440844711
5082 0.0002734912621014559
5123 0.0001423431449207802
5140 0.0001504088997800851
5161 5.502814824397996e-05
5162 5.6001418804450566e-05
5222 2.3001954162320978e-05
5228 4.931901336427842e-05
5236 0.00010200632301179658
5242 6.786862826996617e-05
5244 0.0002199543170027505
5294 9.68719546813797e-05
5297 0.0001415241100530177
5348 0.0001664173719040451
5350 0.00030726931367955075
5364 0.0001804365299615294
5365 0.00020019542348213994
5377 0.0002059351589452662
5385 0.00011519040557349246
5395 3.215862746722012e-05
5412 0.00010856509334268535
5427 3.490353872923123e-05
5434 7.159039254876493e-05
5439 8.024367862190805e-05
5440 8.586807337437805e-05
5443 0.00011712061541501202
5447 0.00016251677649793962
5448 9.954283828468142e-05
5469 1.1433598200043818e-05
5473 0.0001251273376474703
5509 8.935997200289977e-05
5550 4.944160821510571e-05
5557 0.0001786642827461757
5569 9.527405980765772e-05
5580 0.0001431761810607271
5581 0.00014488623116808087
5582 0.0001475693727081854
5613 0.0001804365299615294
5622 6.733409171295719e-05
5624 0.0001415241100530177
5625 0.0001347133110905388
5631 0.00015663840245623315
5636 0.00010310145735752775
5669 0.0001300045474523503
5687 2.724862948448243e-05
5699 8.260974660633398e-05
5700 0.00010575674440844711
5701 0.00010575674440844711
5702 3.9886331735258645e-05
5732 0.00022883910672981793
5810 5.261121850249547e-05
5822 9.134928606937549e-05
5834 6.804811807694473e-05
5840 0.00012230970742046953
5862 6.610917985376751e-05
5865 0.0001196461249524729
5883 0.00023397347506023475
5888 8.358930576913648e-05
5891 0.00010310145735752775
5894 1.5848029138067838e-05
5896 1.6219082409210568e-05
5901 0.00021244233432427055
5907 0.0001786642827461757
5909 6.663037655997976e-05
5911 7.47870417645905e-05
5925 0.00010734164596720007
5927 0.0001475693727081854
5928 0.0001504088997800851
5934 5.434466680855229e-05
5937 0.00023397347506023475
5938 5.91933076971794e-05
5943 0.0002734912621014559
5975 0.00010460100421098168
5982 0.0001376235146469122
5983 0.00021244233432427055
5984 3.088397517794058e-05
5994 0.00015890538922556517
6000 3.4631041686461846e-05
6001 0.00017215710736717137
6006 0.0001664173719040451
6008 0.00018418695135817993
6009 0.00019756065060853997
6022 2.0770655001689466e-05
6064 0.00010498321344481378
6065 0.00019506105515172307
6066 0.00019756065060853997
6084 7.843020694973282e-05
6085 0.00011862016226846598
6094 0.00011761535496899039
6096 0.00021244233432427055
6106 7.217400943451535e-05
6120 0.0001504088997800851
6121 0.0001523982138465608
6159 7.101368253390731e-05
6160 7.955569410086921e-05
6173 0.00013196715204843822
6195 9.622649587425546e-05
6197 5.5304247721948624e-05
6199 0.0001251273376474703
6211 7.356359438910525e-05
6218 9.464928935894339e-05
6242 3.105201474962982e-05
6246 0.00010128967145643295
6264 4.7398314413738584e-05
6265 0.0001275049519955334
6312 0.00019506105515172307
6328 9.920086195142229e-05
6338 0.00016920278300425065
6343 0.00030726931367955075
6345 0.0001251273376474703
6386 0.00013837905578907654
6387 9.558947467904783e-05
6399 8.212725328354177e-05
6408 4.3989132524856074e-05
6409 0.00010575674440844711
6429 5.815485137703107e-05
6432 0.00026261715830791277
6443 0.0001275049519955334
6452 8.63892700805903e-05
6465 0.00015663840245623315
6466 0.00019268344080366
6467 4.669713069773751e-05
6468 4.669713069773751e-05
6470 0.0001263016457352357
6475 8.691610145495967e-05
6476 0.00010774605847492284
6481 0.00012936752625714268
6487 0.00012936752625714268
6488 0.00017065756051371745
6490 2.724862948448243e-05
6502 0.0001423431449207802
6507 6.212889280683989e-05
6540 6.040786096929821e-05
6543 0.00021605372159664503
6547 0.0001475693727081854
6566 7.082295263288685e-05
6568 3.9584588186023764e-05
6569 4.981125419104163e-05
6571 0.00014849761844045535
6578 6.025437603138515e-05
6579 0.00016920278300425065
6586 5.24803957997587e-05
6587 0.00017215710736717137
6588 6.576478670658657e-05
6590 8.691610145495967e-05
6600 0.00013065000625947455
6653 0.0001423431449207802
6661 5.889434094657216e-05
6675 5.7716484755306535e-05
6682 6.698096388147314e-05
6687 6.196989942762013e-05
6689 7.376538112671329e-05
6748 0.00012016732165868515
6750 0.00026261715830791277
6784 9.68719546813797e-05
6785 0.0001228603508781383
6789 4.7516165565500014e-05
6794 0.00014849761844045535
6823 0.00012176521653240713
6833 2.7093186202753706e-05
6865 0.0002199543170027505
6905 2.9805618738211806e-05
6908 8.935997200289977e-05
6919 7.3968006896828e-05
6920 9.403242760948e-05
6929 5.904359505253569e-05
6960 3.259102983841739e-05
6962 0.00010460100421098168
6972 6.133906307779394e-05
6992 4.787143878550288e-05
7003 8.771718405598661e-05
7067 3.508605365233e-05
7073 5.516600244482883e-05
7091 9.464928935894339e-05
7124 6.859058854884968e-05
7139 6.196989942762013e-05
7142 0.00015139340654708521
7143 0.0001523982138465608
7165 6.628229345501092e-05
7174 7.256700694753944e-05
7178 3.714017269315804e-05
7181 0.0001263016457352357
7232 0.00013401212737453773
7310 0.0001347133110905388
7321 3.8200641252257444e-05
7335 0.000126899584862824
7373 7.27647006365303e-05
7374 0.00010498321344481378
7444 9.886126874785542e-05
7447 0.00012176521653240713
7460 0.0001804365299615294
7469 7.887728740211037e-05
7482 2.5340342303404983e-05
7483 2.8590308184836374e-05
7503 3.173002815645075e-05
7504 0.00012571095453322076
7520 9.558947467904783e-05
7571 0.00015890538922556517
7587 0.00013687950893562258
7594 0.00019268344080366
7595 0.00030726931367955075
7602 9.654815662959692e-05
7603 0.00020298083458234552
7615 0.00016007969731333051
7694 6.804811807694473e-05
7775 0.00010536844412685977
7784 7.082295263288685e-05
7799 9.403242760948e-05
7808 4.7398314413738584e-05
7818 2.996997446737178e-05
7822 0.00030726931367955075
7836 6.424444555902466e-05
7858 4.509923582401553e-05
7866 5.91933076971794e-05
7886 7.910237522724487e-05
7890 9.233159952796689e-06
7891 6.932340577943291e-05
7893 5.131853189681648e-05
7894 6.374802604546662e-05
7897 0.00013542473142615584
7901 0.00019041645403432799
7902 7.376538112671329e-05
7903 8.141235399539764e-05
7922 0.00010774605847492284
7938 4.907474504580058e-05
7942 9.134928606937549e-05
7943 7.64676023536449e-05
7960 9.954283828468142e-05
7961 0.0001523982138465608
7981 6.950834500520415e-05
8009 2.7093186202753706e-05
8010 3.97855428110104e-05
8016 3.6571316885345003e-05
8017 0.00012122674224136485
8024 0.00014488623116808087
8031 5.5721352358276173e-05
8032 6.056183085252843e-05
8042 6.663037655997976e-05
8054 2.9805618738211806e-05
8058 8.853165584237468e-05
8062 0.00018825025618924418
8069 5.287392225192349e-05
8095 0.00015342417653056774
8096 0.00013065000625947455
8105 0.0001281179340087181
8134 0.00012176521653240713
8135 0.0002462203859023654
8144 1.8182537399726556e-05
8149 0.00011811516886331826
8227 0.00018617626542465564
8301 0.00014488623116808087
8332 0.0002734912621014559
8342 0.00016251677649793962
8343 0.0002199543170027505
8349 4.919672615455441e-05
8394 0.00023397347506023475
8444 5.815485137703107e-05
8447 4.100899018649567e-05
8501 0.00019268344080366
8503 7.256700694753944e-05
8520 5.874554257904601e-05
8522 0.0001523982138465608
8523 0.00016007969731333051
8526 0.00010939812948263226
8539 7.955569410086921e-05
8570 0.00021244233432427055
8575 0.00020019542348213994
8585 0.0001431761810607271
8597 0.0001753021616311125
8621 0.000101646679848061
8633 5.949411993323993e-05
8638 6.491430390704548e-05
8639 3.69498153124238e-05
8642 9.164022082905678e-05
8661 7.843020694973282e-05
8663 8.001326955199571e-05
8676 0.0001423431449207802
8678 4.409901177660094e-05
8685 0.00012571095453322076
8695 4.476354154013861e-05
8696 4.787143878550288e-05
8738 8.853165584237468e-05
8763 6.542281037332744e-05
8764 0.0001287387249198448
8811 0.00011913044365880717
8813 4.431951634967444e-05
8818 7.139739654402146e-05
8819 7.139739654402146e-05
8866 3.8493910507496085e-05
8879 0.0001196461249524729
8910 0.0001786642827461757
