321
52 0.0018835783680949483
115 0.0055341098584373105
135 0.006073199410784236
139 0.004195370442462098
158 0.0003315070828827345
268 0.0029531668709296324
276 0.0009260344623893244
377 0.0045861361291027625
423 0.00997712105777392
480 0.0013237642717312352
490 0.002933418751189093
493 0.005004753895876225
575 0.0016988360436203975
630 0.005264263775050054
668 0.0016628535096289865
707 0.0018278391378437917
708 0.0018583956196176411
709 0.010030577270033678
728 0.003343525756677893
838 0.002235621480331522
849 0.0028057266299824912
861 0.0028165196234877224
979 0.0027241098678023623
1014 0.0034060823353718817
1020 0.003545300454652483
1034 0.004739343583502981
1041 0.0061984584159374976
1092 0.0031525497247501663
1095 0.0013379230468388323
1101 0.0015947821242163196
1129 0.001667910131259446
1144 0.001909455900023921
1210 0.004404782114851269
1216 0.0018899811304356375
1219 0.0024084985596420205
1313 0.0025795163696800873
1348 0.0030150355133692222
1364 0.0012960721929716514
1370 0.0022172287137601832
1390 0.0012494951974505169
1393 0.0027888252530668184
1410 0.004614090998238
1422 0.005946679427622304
1459 0.004089170806690927
1471 0.010870537471869616
1473 0.004772853857160127
1484 0.004315381066993331
1492 0.005054954891663323
1493 0.0028057266299824912
1516 0.0017527589947353426
1523 0.0025023769479381123
1533 0.005264263775050054
1538 0.002155553853170437
1558 0.0021991896762552894
1575 0.0026490297246939127
1578 0.002973339713811152
1627 0.0031525497247501663
1640 0.002919231703170596
1665 0.0034731109179636068
1703 0.0035085113848926978
1712 0.0027643429532812204
1749 0.0023973978260515
1750 0.004883937081625256
1780 0.004089170806690927
1809 0.0037088441132661298
1881 0.01096703482706275
1921 0.00028234650705511794
1930 0.002985353158220201
1931 0.002454263784415105
1940 0.0030891216582222226
1945 0.0029531668709296324
2041 0.0016137322847076916
2069 0.0031281846914679007
2091 0.0027398749622764428
2092 0.004547051338703639
2122 0.004328240264516257
2150 0.0022263800160134332
2152 0.002973339713811152
2161 0.00243110208810458
2232 0.0035085113848926978
2272 0.007605445003124441
2360 0.004315381066993331
2372 0.0008724198107153891
2378 0.006317210345243318
2381 0.004294130196066867
2401 0.0016988360436203975
2414 0.002454263784415105
2416 0.003325707019257973
2444 0.003623512490623206
2454 0.0019496620993946661
2468 0.008554609905019054
2588 0.002364862736557168
2600 0.0035835915280011473
2687 0.004614090998238
2712 0.005264263775050054
2738 0.001459615851585298
2818 0.008219624886829329
2903 0.0029140778383318
2942 0.005386705959731678
2946 0.004404782114851269
3111 0.002772223031325369
3225 0.0015716204279057945
3229 0.0009033214630693347
3302 0.0019360676434601342
3306 0.0016185302544570606
3308 0.0038027225015622207
3391 0.004024455421426471
3448 0.005264263775050054
3474 0.00488522289545351
3489 0.0023973978260515
3506 0.0017583257828299663
3507 0.0070170227697853955
3512 0.0023314342831867534
3544 0.0011686902060184376
3566 0.0077068752227768085
3604 0.001035653335075647
3616 0.004404782114851269
3627 0.001488479699442709
3656 0.009078202776444801
3657 0.0055341098584373105
3669 0.004739343583502981
3675 0.00249011532182215
3700 0.004883937081625256
3729 0.00249011532182215
3732 0.0020507753946797823
3786 0.0019360676434601342
3802 0.0055341098584373105
3819 0.0012366015093348331
3827 0.0026206032753246455
3940 0.010995624870543829
3942 0.005054954891663323
3943 0.0014801418575134694
4005 0.0017752271597456391
4192 0.0036652082901812762
4221 0.0008446093049572476
4244 0.0028229381411515523
4293 0.0021386524762547635
4320 0.0122346853458163
4399 0.0012175873236537958
4403 0.0026758460936776645
4458 0.0019360676434601342
4470 0.0059144365518621084
4504 0.0015011270960929297
4517 0.006734864703085122
4552 0.003284881596756479
4555 0.004315381066993331
4566 0.002663572667801836
4645 0.0029140778383318
4660 0.001272494623880726
4662 0.003963918221425945
4685 0.004233764304813202
4714 0.0039070522630623395
4720 0.004503610388200459
4724 0.0017527589947353426
4770 0.00249011532182215
4780 0.0062563693829358015
4811 0.0020897021854643883
4854 0.0016428952877393266
4915 0.0012592831232118664
4941 0.003963918221425945
4943 0.001309816043848232
4973 0.0009010801214035462
4975 0.0025530920577642954
4989 0.008467528609626403
5002 0.004233764304813202
5017 0.004687540650448506
5043 0.009228181996476
5045 0.0019360676434601342
5163 0.0021558731938888273
5180 0.0026347088199444244
5200 0.005645876282303105
5223 0.00044275035743975065
5255 0.0023019830962041693
5283 0.005054954891663323
5336 0.0037928557967220836
5351 0.0059144365518621084
5381 0.0036858917230318273
5439 0.0033742826446144162
5457 0.004883937081625256
5467 0.002973339713811152
5492 0.010528527550100107
5594 0.003963918221425945
5624 0.004315381066993331
5675 0.001970430498512591
5703 0.000767747275215173
5706 0.0044527600320268665
5763 0.0026783446430292774
5776 0.0028057266299824912
5782 0.0035835915280011473
5807 0.0030451851750548866
5811 0.0010126807328169323
5818 0.006812164670743763
5843 0.0055341098584373105
5862 0.004503610388200459
5863 0.001272494623880726
6001 0.0006665914546646825
6014 0.0031044365612271593
6019 0.0027559095585598273
6065 0.0020207567996116207
6086 0.0022832459743770384
6095 0.002263905061519746
6107 0.00138923276907214
6142 0.004227716107224732
6241 0.004404782114851269
6305 0.0038534376113884042
6307 0.0021991896762552894
6319 0.0073304165803625525
6349 0.001846053322588636
6350 0.002933418751189093
6351 0.004503610388200459
6357 0.0012960721929716514
6363 0.0034060823353718817
6409 0.0016934390888186494
6421 0.010654290671207343
6469 0.004494220613155904
6471 0.00243110208810458
6484 0.0061984584159374976
6485 0.0029140778383318
6491 0.0015734759349829853
6495 0.005054954891663323
6589 0.0012658656136697614
6665 0.003036599705392118
6671 0.0020661528053124993
6710 0.003343525756677893
6713 0.0011597991343233359
6761 0.0038290008609740806
6781 0.005866837502378186
6782 0.0071671830560022945
6790 0.0009146092171052615
6807 0.014660833160725105
6823 0.004928685863217979
6827 0.0026206032753246455
6849 0.002333418416533572
6895 0.0017809293112925255
6930 0.001136493561788765
6973 0.003542032808742762
6990 0.003036599705392118
6996 0.0015096544370108399
7000 0.004857821723166088
7055 0.003623512490623206
7061 0.0073304165803625525
7098 0.0055341098584373105
7107 0.004233764304813202
7136 0.004315381066993331
7140 0.0011928201807752713
7181 0.002454263784415105
7224 0.0031775645682702853
7244 0.0026347088199444244
7252 0.0014801418575134694
7289 0.005264263775050054
7322 0.0007353004640175342
7340 0.0028951276778404283
7348 0.0030150355133692222
7352 0.004883937081625256
7375 0.0020207567996116207
7376 0.0037088441132661298
7391 0.0025148009844156312
7404 0.003623512490623206
7418 0.004883937081625256
7421 0.004614090998238
7430 0.0059144365518621084
7470 0.0015182600115067118
7481 0.0017809293112925255
7484 0.0011006342399276965
7495 0.0020584325885559156
7568 0.0055341098584373105
7579 0.0017093754920395909
7584 0.004158684161704752
7603 0.0018583956196176411
7610 0.003623512490623206
7647 0.0032032648345763502
7648 0.004315381066993331
7661 0.0022930680645513813
7680 0.00477031141526338
7709 0.005054954891663323
7720 0.004626052572882082
7793 0.0019565339326261763
7850 0.017261524267973324
7863 0.0017472250492394455
7868 0.004158684161704752
7887 0.0030451851750548866
7927 0.0059144365518621084
7943 0.0035166515656599325
7944 0.0044156324331037795
7994 0.0059144365518621084
8007 0.0059144365518621084
8011 0.0007658072516883903
8046 0.00243110208810458
8055 0.0005737098794707206
8091 0.007359770180040382
8106 0.0024660626952174853
8125 0.0025023769479381123
8141 0.003623512490623206
8145 0.000349984391590417
8235 0.002778103387167973
8338 0.0055341098584373105
8350 0.002840871858462563
8410 0.0055341098584373105
8466 0.004883937081625256
8487 0.003545300454652483
8531 0.0022081658312685893
8549 0.003256879486250285
8567 0.003545300454652483
8570 0.0031775645682702853
8572 0.0018278391378437917
8598 0.010122847933843248
8631 0.002454263784415105
8640 0.0007112240908516649
8671 0.0020507753946797823
8677 0.0027398749622764428
8679 0.0008488345420152647
8683 0.004503610388200459
8690 0.002933418751189093
8711 0.0055341098584373105
8751 0.0038534376113884042
8803 0.003081274864916634
8805 0.002606706709438231
8814 0.0017061577957161926
8815 0.011536004404156681
8825 0.002254382126519627
8911 0.0034389980298788723
