240
56 0.002508390351257675
71 0.004823727447187146
80 0.003360276061735018
135 0.0038519059276617825
232 0.009123248165439817
320 0.00424123952148456
378 0.00582740010268723
423 0.006327954862670307
427 0.003516545927407249
459 0.002148333189240633
480 0.0016791859118124983
524 0.003378723685458219
549 0.0049713305354131924
575 0.0021549618854691615
663 0.015004844512395376
669 0.006412175657096215
672 0.0038519059276617825
700 0.0033065896067668516
707 0.0046372028538174005
726 0.003129133089117698
735 0.00424123952148456
838 0.005671741070649285
860 0.01239048147283558
861 0.0071454717023277554
897 0.0035376057319724294
969 0.0025727221207084224
988 0.003238579788342106
1020 0.004497189343846848
1041 0.01572540409084417
1127 0.004280254423168424
1153 0.007502422256197688
1193 0.00501678070251535
1212 0.0058529428279019
1248 0.0028010432325407033
1313 0.0032720988470188502
1390 0.0015849760997796965
1407 0.004649291611928578
1457 0.004362345446120323
1459 0.015561255480804649
1471 0.009192801551553666
1484 0.010948062652152942
1485 0.007019980450565684
1493 0.003559045012827105
1513 0.0037978126175364207
1516 0.004446725559246376
1538 0.0027343052986792114
1586 0.004860963149551128
1622 0.00812663900498
1640 0.005554538131101311
1646 0.003648887515282742
1667 0.005474031326076471
1684 0.005275262374984384
1712 0.002337700068254256
1714 0.0058529428279019
1715 0.005104994137316318
1721 0.0019820377362170395
1728 0.0024906310977565235
1847 0.003178200720092637
1881 0.0046372028538174005
1894 0.0028125394369067527
1940 0.011755588995262101
1945 0.0037460719486038896
1995 0.011174871885896642
2075 0.0018722966081726425
2091 0.0069510252467616055
2092 0.0028839517394791568
2152 0.00377166106162894
2161 0.006167672694752989
2258 0.007997975466078503
2381 0.002723537370930081
2416 0.002109318287556769
2468 0.0027128660178245357
2545 0.005275262374984384
2600 0.004545761308122003
2666 0.0020409531315466966
2713 0.004244363266666305
2724 0.0025727221207084224
2738 0.001851512710367104
2758 0.0037978126175364207
2829 0.002022970201403167
2836 0.007019980450565684
2913 0.019824276140250556
3017 0.004030718890709978
3167 0.00311321680050464
3213 0.003907278127382935
3229 0.0022917141775402844
3263 0.004545761308122003
3302 0.007367665634975687
3307 0.0030694137720549677
3324 0.004545761308122003
3374 0.0024994775912639167
3413 0.004811211599677602
3474 0.0030984358912259933
3507 0.004450522660836491
3512 0.0014787042097472148
3561 0.004823727447187146
3566 0.009776118433275787
3604 0.0026274383240549293
3627 0.003776252607353284
3656 0.002303127608489832
3690 0.016737942248321078
3703 0.00641195835312417
3739 0.004596400775776833
3786 0.002455888544991896
3872 0.002237527802817956
3884 0.0020592120253312635
4001 0.004096838561166744
4221 0.0010713811183430291
4247 0.004320592113088168
4250 0.0033065896067668516
4251 0.0021029383907935294
4293 0.005425732035649071
4320 0.011639710921464957
4337 0.0030694137720549677
4399 0.0015445011804156368
4403 0.003394292442117147
4468 0.001363931165012483
4500 0.002273696177078099
4504 0.0019041694397014422
4547 0.0018618592790034221
4553 0.0060118248744161105
4556 0.00619524073641779
4567 0.002365268109919057
4660 0.0016141507146760989
4693 0.009409286709272427
4782 0.004280254423168424
4830 0.004094016700381705
4924 0.0019994080869869544
5017 0.005946113208651118
5019 0.002681414462527467
5045 0.002455888544991896
5057 0.0033242173054118104
5068 0.01239048147283558
5087 0.00424123952148456
5163 0.0027347103801932246
5181 0.002681414462527467
5193 0.003907278127382935
5197 0.006677682542049794
5199 0.0026013945417444908
5200 0.010742633090573987
5226 0.004131329320914745
5255 0.0014600248952637402
5260 0.0060118248744161105
5336 0.004811211599677602
5381 0.0018702113619328614
5463 0.0026013945417444908
5473 0.014039960901131368
5475 0.006412175657096215
5510 0.004363704495834755
5553 0.004704643354636213
5590 0.006677682542049794
5703 0.005843292960404795
5753 0.007019980450565684
5811 0.0012845785734088757
5816 0.006677682542049794
5824 0.003603118491987255
5827 0.003397461834856316
5828 0.00424123952148456
5863 0.0016141507146760989
5985 0.0015081533522509941
6045 0.005104994137316318
6054 0.004450522660836491
6115 0.0025727221207084224
6134 0.0033242173054118104
6142 0.0080442433875824
6219 0.0023109985390874065
6261 0.007502422256197688
6294 0.006677682542049794
6349 0.00468341199100569
6409 0.001074057942634294
6430 0.002839868687518361
6444 0.00311321680050464
6484 0.0026209006818073617
6485 0.007392975556973279
6491 0.0019959434462934853
6517 0.00239742811888137
6571 0.004956069035062639
6589 0.0016057418606276698
6599 0.003158694230147001
6615 0.002071542165678322
6634 0.0028839517394791568
6697 0.0034164998073366666
6761 0.006314179775946026
6781 0.02232612956384465
6790 0.0011601755274513318
6807 0.018597166447714312
6823 0.004168002839579771
6834 0.0006615191107916192
6895 0.002259096633228601
6966 0.0065104425778469135
6985 0.004030718890709978
6996 0.0038299726264987336
7035 0.004362345446120323
7061 0.004649291611928578
7064 0.006677682542049794
7070 0.00406331950249
7085 0.00377166106162894
7145 0.005712798930785787
7147 0.004823727447187146
7233 0.0032720988470188502
7277 0.005275262374984384
7307 0.00619524073641779
7322 0.0009327236023016941
7362 0.004762696228800428
7555 0.002017035785631913
7579 0.0021683311036009055
7580 0.0038519059276617825
7581 0.0044056174110058905
7603 0.004714724229495714
7633 0.003968080855204488
7699 0.0036724496296989544
7702 0.0027896570413868467
7720 0.002934058001704663
7792 0.007502422256197688
7846 0.005104994137316318
7850 0.021896125304305885
7863 0.0022163430076653787
7901 0.005712798930785787
7943 0.002230424212192532
7959 0.0023186014269087002
8046 0.006167672694752989
8078 0.0031742480188913587
8091 0.0046679090319982144
8125 0.0031742480188913587
8141 0.004596400775776833
8153 0.00619524073641779
8187 0.006777289899685801
8286 0.005187085160268216
8297 0.0060118248744161105
8342 0.005104994137316318
8436 0.004823727447187146
8445 0.0014199343437591805
8609 0.004096838561166744
8622 0.002481849892618958
8671 0.0026013945417444908
8679 0.002153481605222288
8712 0.005370501022269897
8772 0.004956069035062639
8815 0.004877780857647985
8820 0.001743270131507724
