176
17 0.004537843943314415
45 0.00591509085885572
163 0.0016694569907925647
217 0.005283993346092726
276 0.001816754051212954
289 0.011603322557254898
367 0.008022398658889403
443 0.0022127890729922157
458 0.004228904381431831
480 0.0025970460076761093
549 0.0051258069079825296
575 0.003332885966933237
645 0.002394906165677466
697 0.010857173154476587
708 0.003645920219843084
945 0.008835472922613611
1038 0.007895435847968034
1131 0.0067468478298047365
1138 0.010688668379597404
1139 0.001453634451028835
1195 0.007276249256111093
1208 0.006045043484984752
1226 0.005471297000720071
1286 0.0057170255896085735
1311 0.004245710259472514
1407 0.0071906416879403846
1525 0.006184875095590368
1580 0.006137074204023889
1648 0.00660459941687341
1657 0.012070029759365329
1685 0.006501119240916234
1752 0.008641585250746344
1778 0.004279789582588676
1805 0.009581622325391921
1824 0.023206645114509795
1843 0.007030520667222589
1876 0.006137074204023889
1894 0.013049706285647859
1901 0.021571925063821155
1920 0.006955398773322455
2000 0.010327771728170232
2041 0.003165923931439242
2052 0.01631754887177373
2059 0.009052220899085566
2069 0.006137074204023889
2148 0.003175336897515335
2277 0.005225568411831568
2299 0.004163174863727392
2342 0.004769492655900087
2442 0.008466192517025052
2505 0.005471297000720071
2574 0.027227063659886492
2743 0.002839823143076247
2795 0.008641585250746344
2861 0.0046187462395390864
3038 0.011603322557254898
3320 0.008882949521047817
3385 0.007895435847968034
3464 0.002179530983641067
3481 0.005538221861665969
3541 0.005406720871242373
3551 0.009581622325391921
3594 0.0309833151845107
3656 0.0017810202904635355
3659 0.008306071496307256
3690 0.004314511949602538
3691 0.006813772690750635
3819 0.002426044486534016
3872 0.0034605832543582794
3890 0.012090086969969504
3930 0.007895435847968034
3943 0.002903837627240408
3970 0.002516143711451439
4044 0.005471297000720071
4065 0.011603322557254898
4094 0.008076731258486345
4186 0.008466192517025052
4217 0.006336212181465515
4221 0.0016570089330305321
4222 0.007276249256111093
4227 0.011603322557254898
4245 0.009581622325391921
4248 0.0018303351523791041
4288 0.009297949487974069
4301 0.007665106770329929
4350 0.010688668379597404
4367 0.006045043484984752
4382 0.0016323626156702399
4458 0.007596604397644424
4500 0.0035165216298029926
4504 0.0029450078198772307
4517 0.004404297115153124
4520 0.0038249726780497048
4687 0.006813772690750635
4785 0.021714346308953174
4835 0.001305533043598518
5032 0.0026108823950819035
5112 0.011215345555435068
5177 0.015261419853036634
5224 0.007276249256111093
5229 0.0037248393822241466
5295 0.0036581477123748133
5380 0.0028792469813552746
5395 0.03263509774354746
5431 0.0024323358802021983
5531 0.006955398773322455
5637 0.0038933906269927425
5703 0.0015062160526467163
5842 0.005471297000720071
5855 0.005421528794026262
5863 0.01248230955205034
5912 0.002824161509347587
6015 0.01483154683714746
6248 0.0068832236068022
6256 0.0068832236068022
6259 0.016044797317778806
6281 0.010857173154476587
6307 0.004314511949602538
6312 0.009581622325391921
6402 0.007460425924675034
6444 0.004814932763492345
6468 0.0017634102914332063
6469 0.00529023087429962
6491 0.001028982143922489
6557 0.006184875095590368
6622 0.005283993346092726
6713 0.0022753686406428155
6722 0.008158774435886865
6832 0.004228904381431831
6834 0.0020462243681266187
6845 0.010857173154476587
6883 0.009052220899085566
6895 0.003493941826815421
6935 0.0038520353842420806
6974 0.0044986886181664805
6991 0.00991713607983101
6993 0.0018077553493915325
7004 0.006624877494126717
7138 0.006389555941245262
7179 0.0014025136400060358
7416 0.005572619701590458
7484 0.0010796475700985666
7495 0.004038365629243173
7503 0.0036581477123748133
7508 0.006559544175177391
7512 0.0067468478298047365
7533 0.0068832236068022
7570 0.009581622325391921
7621 0.0038795020263095396
7695 0.0025696814758547942
7717 0.007665106770329929
7725 0.003746093566572353
7818 0.007366034421661678
7913 0.017765899042095634
7944 0.002887624034642726
7952 0.022679766280586836
8005 0.010327771728170232
8011 0.0015024099895412063
8019 0.009676161253268607
8033 0.0022869789684649717
8039 0.010857173154476587
8061 0.012996365845898604
8091 0.0036097177895748904
8106 0.009676161253268607
8145 0.000686621920789674
8293 0.009581622325391921
8350 0.00557340538333969
8445 0.002196084896068224
8496 0.005793712971357711
8544 0.009297949487974069
8627 0.004769492655900087
8757 0.0035393819344076796
8773 0.014920851849350068
8800 0.004557738524705856
8801 0.004297068872505792
8867 0.00290726890205767
