58
145 0.007813146247948072
276 0.006496272061912988
297 0.02211561397817162
688 0.047788367311429734
726 0.008652527102484544
1219 0.01689598231991296
1538 0.015121536879059275
1743 0.03882261915843144
1921 0.0009903517633827242
2091 0.01922063799293929
2161 0.034109098993709716
2347 0.02461273895765635
2381 0.030123973951196353
2674 0.014440216492445286
2723 0.02513943753734138
2913 0.05481712720599585
3017 0.02229109689559306
3229 0.006336936930319726
3278 0.03426155861806808
3563 0.014548982926189582
3610 0.02541948913876582
3627 0.020883821237635585
3700 0.03426155861806808
3767 0.023043942110579543
4320 0.021457042860276315
4403 0.009385732889187566
4437 0.01524227823771496
4458 0.013581807862455183
4500 0.012574228858083429
4531 0.023043942110579543
4534 0.007676662730055142
4653 0.006044434578874474
4665 0.08298133707612594
4989 0.029700498077704734
5087 0.023455339777907036
5229 0.00665956131973408
5381 0.005171417781102231
5517 0.04149066853806297
5703 0.0053858634609791674
5912 0.010098516912212583
5985 0.004170272527057673
6014 0.021778092846184465
6142 0.014829034527614022
6388 0.012907475732419306
6469 0.006305527708761162
6781 0.020578376996978027
6823 0.011525159367019821
6827 0.018383929037504708
6834 0.003658401143014258
6895 0.012493488956491505
7720 0.04867868957373646
7725 0.01339512245016781
7959 0.012822568497298114
8091 0.012907475732419306
8395 0.03159350923843655
8653 0.014829034527614022
8820 0.009640812090913928
8867 0.005197844400648562
