31
334 0.02355915060366969
423 0.021997176427377734
458 0.028514898114797488
521 0.03139746512864586
908 0.06103783234811981
1468 0.03238043827765284
1657 0.02712882879247826
2041 0.02134737279484746
2220 0.06963868936709071
2388 0.020550509516145232
3872 0.04666843703020308
4221 0.011172974519863016
4382 0.011006787922805045
4886 0.026158927948830037
4924 0.02085097005000681
5193 0.020373664521353876
5371 0.02840260401112799
5372 0.03310287219700988
5703 0.010156199669275001
6507 0.022612595794695156
6557 0.08340745843196154
6574 0.03829840328114623
6761 0.0050652211389457125
6764 0.018527971773507373
7409 0.02213132274761716
7484 0.007279909329807478
8187 0.02355915060366969
8235 0.012250113031035919
8448 0.010442060586915696
8830 0.02969754626217535
8872 0.01788898157413958
