501
15 6.0101372993599195e-05
56 0.0001027336712532598
57 0.00030726931367955075
58 3.9886331735258645e-05
97 8.612797493712278e-05
138 5.5304247721948624e-05
158 1.722259642893919e-05
160 3.6009024944890365e-05
163 4.4209139343250144e-05
196 8.935997200289977e-05
225 4.311890533715833e-05
232 0.0001245506276326127
240 0.00010347204034115494
246 0.0001002340757964429
278 5.558192042480493e-05
281 0.00014665847838343454
286 0.00026261715830791277
290 5.516600244482883e-05
294 0.0002199543170027505
328 5.502814824397996e-05
362 0.00018227567001855016
378 7.955569410086921e-05
380 0.0001423431449207802
400 0.00015890538922556517
412 6.391293797104737e-05
413 7.562007790453742e-05
436 6.181142310095298e-05
443 5.859719717528758e-05
445 0.00030726931367955075
446 0.00010058340652177312
459 8.798716495431228e-05
463 2.104404381130732e-05
471 0.0002059351589452662
473 4.858985121920245e-05
509 1.4811799641107606e-05
511 4.409901177660094e-05
535 8.236790279729728e-05
539 0.0001391464957049546
549 6.786862826996617e-05
575 8.825864993225359e-05
578 0.0001440237055098346
632 6.4078409870285e-05
639 0.0001287387249198448
691 0.00026261715830791277
700 0.00013542473142615584
706 6.525271795805037e-05
707 9.496067334174995e-05
732 0.00011614595437539213
735 0.00017370426675739054
753 9.752607762356147e-05
807 0.0001347133110905388
837 0.0001128804268053397
838 0.00011614595437539213
855 9.464928935894339e-05
861 7.316251041712385e-05
884 0.00012936752625714268
888 0.00020908021320920737
891 5.757123449128065e-05
907 0.00026261715830791277
917 0.00020298083458234552
934 0.00023397347506023475
958 0.0002199543170027505
969 0.00010536844412685977
983 0.00010347204034115494
990 0.00010939812948263226
1002 0.00018617626542465564
1004 0.00021605372159664503
1041 0.00010734164596720007
1057 9.988723143186235e-05
1083 7.178415593526694e-05
1096 6.950834500520415e-05
1126 4.895306850942043e-05
1130 8.665197383001834e-05
1135 0.00010774605847492284
1139 0.0001415241100530177
1140 3.8493910507496085e-05
1144 0.0001523982138465608
1174 0.00018418695135817993
1209 0.00016007969731333051
1211 0.00022883910672981793
1213 0.00023971321052336105
1216 4.5550455969092306e-05
1220 0.0001251273376474703
1350 6.374802604546662e-05
1352 0.0002734912621014559
1353 0.0002875104201589402
1365 6.733409171295719e-05
1382 0.00011862016226846598
1471 0.0001753021616311125
1472 0.00018825025618924418
1474 0.0001239806629188251
1493 0.00026261715830791277
1667 0.0001376235146469122
1682 0.00015447220461114937
1685 0.00021605372159664503
1706 3.382257549850835e-05
1716 0.00020908021320920737
1729 0.00010200632301179658
1733 0.00011243128604527755
1773 0.0001002340757964429
1793 0.00014665847838343454
1819 0.00014488623116808087
1846 0.00021605372159664503
1913 0.00014576429866269
1922 7.334292682143156e-06
1929 4.2158123180710165e-05
1941 8.024367862190805e-05
2004 7.217400943451535e-05
2009 0.00012176521653240713
2069 0.0002537323685808453
2070 0.00016251677649793962
2118 6.715720793434914e-05
2153 0.00015447220461114937
2154 0.0002875104201589402
2233 0.00018227567001855016
2255 0.00014849761844045535
2278 0.00013837905578907654
2280 0.00018418695135817993
2284 0.00015447220461114937
2316 0.00012341728754011654
2321 8.691610145495967e-05
2324 0.00021605372159664503
2348 0.00018227567001855016
2355 0.0001504088997800851
2356 0.00022419450561242282
2371 8.858094887998e-06
2373 4.532432364915004e-05
2379 0.00010939812948263226
2382 0.00011154523568104574
2391 2.4157123570420575e-05
2439 5.502814824397996e-05
2441 0.0001431761810607271
2448 8.825864993225359e-05
2449 0.0002199543170027505
2469 0.00011110817958998604
2493 2.5565430128539482e-05
2535 0.0002734912621014559
2563 2.4450245822639586e-05
2586 9.502842032885344e-06
2601 0.00018617626542465564
2607 3.3290954653437934e-05
2612 8.001326955199571e-05
2617 0.00022883910672981793
2618 4.846937791309118e-05
2725 0.00010536844412685977
2744 7.52017798211394e-05
2751 0.00020019542348213994
2752 0.00023971321052336105
2814 0.0002537323685808453
2815 0.00030726931367955075
2839 0.0001391464957049546
2886 0.0002537323685808453
2903 8.718166847460814e-05
2904 0.00015139340654708521
2943 0.0001399262151792957
3031 8.691610145495967e-05
3063 0.00023397347506023475
3113 6.165346047478709e-05
3185 0.00010939812948263226
3203 0.00016251677649793962
3212 7.356359438910525e-05
3213 0.0001300045474523503
3247 0.00013263932032595027
3307 8.408656954820681e-05
3308 0.00012571095453322076
3309 0.00019756065060853997
3321 0.00011761535496899039
3322 0.00030726931367955075
3325 0.00018617626542465564
3395 7.541048004377448e-05
3477 0.0002199543170027505
3478 7.865323446718271e-05
3479 0.0001245506276326127
3482 0.00014665847838343454
3508 0.00018227567001855016
3511 0.00016007969731333051
3513 6.056183085252843e-05
3545 6.071628875522179e-05
3562 0.00019756065060853997
3605 5.380470086849468e-05
3627 6.491430390704548e-05
3628 7.733012801189119e-05
3641 0.0001228603508781383
3654 6.663037655997976e-05
3657 4.716346370617082e-05
3659 0.0002875104201589402
3692 0.0001804365299615294
3694 0.0002875104201589402
3695 0.00022419450561242282
3707 0.00015663840245623315
3710 0.00017065756051371745
3719 2.489326185102742e-05
3724 5.7716484755306535e-05
3746 1.903006184883404e-05
3766 5.131853189681648e-05
3769 0.0002537323685808453
3832 3.3290954653437934e-05
3875 3.285232498188492e-05
3884 8.433711728522342e-05
3887 5.5861184383926875e-05
3977 0.0001128804268053397
4001 0.0001677901789526326
4018 9.342327683396404e-05
4120 0.0001431761810607271
4189 4.981125419104163e-05
4215 0.0001504088997800851
4218 0.0002537323685808453
4220 4.3879500470736716e-05
4224 8.236790279729728e-05
4227 0.0001753021616311125
4290 5.656642719180506e-05
4291 7.843020694973282e-05
4292 0.00011110817958998604
4314 3.1644758795232604e-05
4315 7.256700694753944e-05
4319 0.00015890538922556517
4326 0.00011024565393173974
4328 0.00011566583790554528
4329 3.676019862375966e-05
4332 8.117636599183342e-05
4345 5.131853189681648e-05
4348 8.212725328354177e-05
4354 0.00022883910672981793
4355 0.0002875104201589402
4398 6.325661252824365e-05
4402 6.950834500520415e-05
4406 6.508321716976057e-05
4423 0.0001128804268053397
4451 0.00010200632301179658
4457 0.00010058340652177312
4461 9.19329029551259e-05
4473 0.00016128300357362823
4481 9.282164663063054e-05
4502 6.424444555902466e-05
4503 7.798719092134497e-05
4509 0.0001281179340087181
4516 0.00011663084820199027
4519 0.00010128967145643295
4533 5.685140711216779e-05
4546 7.625433537211054e-05
4566 9.68719546813797e-05
4577 3.9085797470059324e-05
4614 0.0001523982138465608
4652 4.476354154013861e-05
4675 0.00030726931367955075
4676 1.811794967986411e-05
4699 3.676019862375966e-05
4703 0.00012069415303305452
4723 9.106007793564448e-05
4724 0.00016128300357362823
4802 0.0002875104201589402
4810 0.00010856509334268535
4812 0.00020019542348213994
4834 1.7286007534181456e-05
4838 0.00030726931367955075
4839 3.088397517794058e-05
4844 0.00010734164596720007
4853 8.535239208071232e-05
4859 0.00023397347506023475
4878 6.969398876306011e-05
4885 0.0001027336712532598
4908 9.372690041743856e-05
4951 0.00018825025618924418
4953 0.0002462203859023654
5041 0.00023971321052336105
5042 0.00023971321052336105
5044 0.00010058340652177312
5055 0.00013065000625947455
5065 0.0001287387249198448
5066 0.00015890538922556517
5068 0.00017370426675739054
5073 0.0002875104201589402
5109 0.00020298083458234552
5121 0.00021244233432427055
5122 0.00030726931367955075
5140 0.0001504088997800851
5147 0.0002875104201589402
5161 5.502814824397996e-05
5162 5.6001418804450566e-05
5177 6.196989942762013e-05
5180 0.00010982004923951138
5181 0.00016007969731333051
5198 0.00010654275221462514
5199 0.00014665847838343454
5222 2.3001954162320978e-05
5225 0.00016920278300425065
5242 6.786862826996617e-05
5254 5.9796800580258657e-05
5334 9.719791862251607e-05
5335 9.852402568908913e-05
5369 7.562007790453742e-05
5378 0.00010347204034115494
5395 3.215862746722012e-05
5427 3.490353872923123e-05
5430 6.441104889224853e-05
5443 0.00011712061541501202
5469 1.1433598200043818e-05
5481 6.576478670658657e-05
5483 0.00020019542348213994
5491 0.0002734912621014559
5509 8.935997200289977e-05
5547 0.00017695423263882194
5574 0.00013401212737453773
5636 0.00010310145735752775
5687 2.724862948448243e-05
5688 0.00018617626542465564
5691 8.383730339089555e-05
5702 3.9886331735258645e-05
5762 0.0001391464957049546
5770 0.00013263932032595027
5772 0.00022883910672981793
5797 5.544288630052885e-05
5806 7.910237522724487e-05
5817 0.00017695423263882194
5818 0.00021244233432427055
5834 6.804811807694473e-05
5884 0.00016251677649793962
5894 1.5848029138067838e-05
5896 1.6219082409210568e-05
5925 0.00010734164596720007
6022 2.0770655001689466e-05
6050 0.0001431761810607271
6094 0.00011761535496899039
6114 0.00010536844412685977
6128 0.0002734912621014559
6141 0.00010982004923951138
6153 0.0001440237055098346
6162 0.0001128804268053397
6164 0.0001300045474523503
6197 5.5304247721948624e-05
6211 7.356359438910525e-05
6212 0.0001391464957049546
6229 7.458098891001271e-05
6242 3.105201474962982e-05
6277 0.00011067500849334801
6278 0.00011566583790554528
6348 9.590694438493474e-05
6349 0.0001523982138465608
6356 6.733409171295719e-05
6393 0.00014944388948364012
6394 0.0001677901789526326
6429 5.815485137703107e-05
6446 0.00022419450561242282
6450 0.00017695423263882194
6453 0.00023971321052336105
6467 4.669713069773751e-05
6468 4.669713069773751e-05
6483 0.00010734164596720007
6484 0.00015139340654708521
6490 2.724862948448243e-05
6507 6.212889280683989e-05
6509 0.00023971321052336105
6512 0.0001431761810607271
6536 7.499396958083494e-05
6540 6.040786096929821e-05
6550 0.00020019542348213994
6566 7.082295263288685e-05
6577 0.00010897983139923425
6590 8.691610145495967e-05
6614 8.484211069037113e-05
6650 9.785646144837983e-05
6661 5.889434094657216e-05
6664 0.00015775871449691997
6669 0.0002875104201589402
6679 9.527405980765772e-05
6680 9.558947467904783e-05
6687 6.196989942762013e-05
6693 0.0001128804268053397
6696 0.0001399262151792957
6702 0.0001440237055098346
6708 0.00017370426675739054
6709 0.00017370426675739054
6730 0.00013065000625947455
6731 0.00030726931367955075
6748 0.00012016732165868515
6757 0.0001287387249198448
6760 1.9892587507080337e-05
6780 0.0001523982138465608
6781 0.00018617626542465564
6789 4.7516165565500014e-05
6806 0.00019041645403432799
6826 0.00013614669170503938
6834 0.00019506105515172307
6877 0.00030726931367955075
6885 5.131853189681648e-05
6893 9.252359415714085e-05
6894 9.252359415714085e-05
6955 0.0002059351589452662
6960 3.259102983841739e-05
6968 0.0001287387249198448
6988 0.00023971321052336105
6992 4.787143878550288e-05
6995 7.843020694973282e-05
6999 6.309390310328486e-05
7003 8.771718405598661e-05
7008 0.0002059351589452662
7012 0.00022883910672981793
7033 0.00026261715830791277
7036 0.00016251677649793962
7053 0.0002875104201589402
7062 0.00030726931367955075
7080 0.0001263016457352357
7091 9.464928935894339e-05
7100 0.00015342417653056774
7103 0.0002059351589452662
7121 0.00016920278300425065
7139 6.196989942762013e-05
7178 3.714017269315804e-05
7227 0.0001504088997800851
7239 0.00030726931367955075
7243 0.00013687950893562258
7246 0.00018227567001855016
7256 0.00018418695135817993
7260 0.0001664173719040451
7271 0.00023971321052336105
7389 0.0001300045474523503
7392 5.274239335290522e-05
7415 0.0001475693727081854
7436 0.0002734912621014559
7437 0.0002875104201589402
7482 2.5340342303404983e-05
7483 2.8590308184836374e-05
7494 0.00010694056199521868
7541 0.00022419450561242282
7552 0.000126899584862824
7577 8.853165584237468e-05
7578 8.88061998220748e-05
7627 7.887728740211037e-05
7693 0.00014576429866269
7718 9.527405980765772e-05
7719 0.00012016732165868515
7735 0.0002059351589452662
7849 0.00022419450561242282
7852 0.00015447220461114937
7858 4.509923582401553e-05
7862 9.077257605451787e-05
7866 5.91933076971794e-05
7890 9.233159952796689e-06
8006 0.00030726931367955075
8007 0.00019756065060853997
8009 2.7093186202753706e-05
8010 3.97855428110104e-05
8016 3.6571316885345003e-05
8031 5.5721352358276173e-05
8032 6.056183085252843e-05
8042 6.663037655997976e-05
8045 0.0001263016457352357
8047 9.312153328472917e-05
8050 0.00026261715830791277
8053 0.00016007969731333051
8054 2.9805618738211806e-05
8058 8.853165584237468e-05
8061 7.865323446718271e-05
8088 8.509658347491132e-05
8090 9.558947467904783e-05
8101 0.0001523982138465608
8137 8.63892700805903e-05
8144 1.8182537399726556e-05
8149 0.00011811516886331826
8166 0.0001376235146469122
8170 0.00011425323385392718
8173 0.00026261715830791277
8174 0.00016508218077975113
8186 9.252359415714085e-05
8204 5.1064059112276297e-05
8213 0.0001376235146469122
8217 0.00026261715830791277
8234 4.8109734749355606e-05
8255 0.00018617626542465564
8349 4.919672615455441e-05
8437 8.433711728522342e-05
8438 0.0002734912621014559
8444 5.815485137703107e-05
8470 0.0002462203859023654
8503 7.256700694753944e-05
8515 0.00023397347506023475
8565 0.0001786642827461757
8566 0.00018418695135817993
8597 0.0001753021616311125
8621 0.000101646679848061
8626 0.0001263016457352357
8630 0.0001275049519955334
8639 3.69498153124238e-05
8648 0.00016128300357362823
8666 0.0001128804268053397
8669 0.0002875104201589402
8670 0.00010654275221462514
8678 4.409901177660094e-05
8693 8.484211069037113e-05
8694 8.88061998220748e-05
8695 4.476354154013861e-05
8696 4.787143878550288e-05
8697 0.0001376235146469122
8722 7.217400943451535e-05
8753 0.00010614816360120087
8781 8.63892700805903e-05
8783 0.00018617626542465564
8813 4.431951634967444e-05
8816 0.0002537323685808453
8868 0.00023397347506023475
8869 0.0002462203859023654
