120
102 0.020912060290873176
137 0.015626471557033367
277 0.011209391020579414
311 0.012239213378539452
314 0.01064755920068832
331 0.008092370450161352
449 0.0033754731386917555
545 0.006620574439401976
546 0.013509504259941357
695 0.017598461048073683
721 0.012921502107385676
751 0.005914815687962826
773 0.00565826340860546
800 0.005680520802225598
974 0.00840692797205224
1132 0.00869085816741857
1152 0.009011520693012464
1205 0.012921502107385676
1246 0.0072913492892182855
1561 0.014641673511179855
1853 0.01064755920068832
1916 0.01595384505931371
1921 0.0003735040936186274
1980 0.010103749505269433
1983 0.005466449993483926
2265 0.006860371591079325
2315 0.01257022704637164
2372 0.002308173556349858
2400 0.011417265337245212
2477 0.014641673511179855
2731 0.006146435953317611
2759 0.011417265337245212
2784 0.011057509849942991
2790 0.007976922529656856
2793 0.00628511352318582
2822 0.00840692797205224
2838 0.007086134684128887
3001 0.00733451007716369
3013 0.012864003049056235
3111 0.01466902015432738
3168 0.007086134684128887
3209 0.01392773787341814
3282 0.014641673511179855
3520 0.0112013307035915
3713 0.011653794966720784
3819 0.0032716942789830154
4075 0.007976922529656856
4224 0.009098606216193817
4226 0.011099751513485434
4248 0.002468337691208392
4269 0.009697093933451034
4346 0.002613432892939591
4433 0.003263238792937028
4481 0.01564790927721232
4500 0.0094845611958115
4564 0.002407805842651682
4568 0.0032297020291421827
4701 0.00869085816741857
4743 0.012207566469623963
4761 0.01372074318215865
4780 0.008276282926569359
4798 0.005086828608690041
4824 0.009098606216193817
4835 0.0026409068424792883
4959 0.01564790927721232
5017 0.004133964421252682
5022 0.008767223662035606
5193 0.012224198712812327
5247 0.01564790927721232
5255 0.0030451947815500866
5336 0.0050174063825209276
5393 0.012207566469623963
5431 0.006560357345459644
5522 0.011002690096396001
5558 0.009098606216193817
5653 0.007423151026753676
5662 0.008767223662035606
5740 0.006524497302203975
5793 0.012921502107385676
5823 0.013956082927718988
6210 0.009188859171526571
6307 0.0058184275434639944
6310 0.005842175885013467
6476 0.004426264549523432
6658 0.012207566469623963
6683 0.017055267146048245
6728 0.008772257287310152
6757 0.009011520693012464
6761 0.0010130442277891426
6788 0.008927387796894141
6800 0.011653794966720784
6834 0.0013797398596510915
6869 0.00840692797205224
6909 0.009101440805598202
6931 0.07086134684128888
6945 0.014937375535464785
7000 0.01927861249565056
7190 0.008616772583622182
7243 0.01564790927721232
7249 0.01392773787341814
7359 0.01986724712585321
7484 0.0029119637319229915
7564 0.018023041386024927
7758 0.018759704120046853
7884 0.008276282926569359
7909 0.011653794966720784
8010 0.0013797398596510915
8011 0.004052214371791139
8021 0.008616772583622182
8033 0.0030841544946156193
8087 0.007610536817589718
8337 0.01033694398741636
8350 0.005010756839878731
8430 0.008213452159132427
8531 0.005842175885013467
8639 0.0033058072938262242
8695 0.004522519158939031
8764 0.0033317033488405377
8768 0.006313803816757539
8801 0.01738471292419486
