391
14 0.0017727365556695688
15 0.0016712119691699096
20 0.0034232700142931053
69 0.0014542966451299047
77 0.0012084185587622476
93 0.0015268584693019119
109 0.004968910361406971
119 0.003181613290446392
134 0.0019134177262609697
139 0.0015151766886583081
249 0.003997336762022581
276 0.0006688829268116336
297 0.0022771146997805415
318 0.004054108505915116
360 0.005644197185016734
365 0.0030038545504981287
382 0.0033327989581656684
395 0.002560802044468174
422 0.0038024245364246096
423 0.001201093876689892
427 0.0040048026942391445
457 0.0033327989581656684
474 0.03827347231080936
480 0.0019123334097084614
524 0.0019239222233888456
527 0.001990617980675819
575 0.001227084380961379
610 0.0035277111837636404
615 0.002678931083373195
626 0.0018441210963258483
651 0.0017477941135726417
668 0.003603281630069676
682 0.005124484151447591
708 0.0013423356815646923
800 0.0015508442127760993
802 0.004874548719052963
807 0.005618869087857481
859 0.0023726991876727764
1050 0.004272050114683551
1055 0.029066566953327464
1073 0.009574191206591146
1102 0.002649243123263169
1129 0.0036142389583765527
1131 0.002484018857775223
1138 0.001967648781267541
1144 0.002758433952296647
1156 0.0075715401964137966
1225 0.0015447677012573409
1268 0.0023451244594256196
1272 0.00246024355893476
1282 0.0038024245364246096
1313 0.0018632076117970052
1326 0.011128161173606876
1330 0.0027833722528437304
1331 0.002560802044468174
1335 0.0023726991876727764
1336 0.002508658900182761
1370 0.0016015240163353586
1380 0.00203903332192382
1390 0.0009025214920742422
1411 0.0009460917758217339
1417 0.0008932082664930229
1438 0.0023328331900559465
1470 0.0024372743595264816
1475 0.0026172952935390706
1496 0.004631902620144615
1530 0.0023137466745847893
1550 0.005726346759813455
1554 0.0021048643356437182
1577 0.009056462825616335
1578 0.00429533943056026
1580 0.0022595156195782183
1586 0.002767943135079815
1587 0.0022595156195782183
1604 0.003252997831102671
1607 0.010847950848749803
1633 0.0025884600272457585
1640 0.0010542935090233898
1648 0.001215823293589801
1649 0.0023524730142494257
1664 0.0018441210963258483
1694 0.002026601294355528
1705 0.0004702446066188868
1712 0.0006655698322252756
1720 0.0019454328076098026
1749 0.0017316617682712082
1823 0.002508658900182761
1847 0.000904869939807966
1859 0.003997336762022581
1921 0.0005098534819287036
1940 0.0011156500216512395
1941 0.0019134177262609697
1955 0.001569407743664879
1956 0.0012346971182750867
1980 0.002758433952296647
1983 0.0014924005442428815
1984 0.0013202644630603362
1992 0.002026601294355528
1993 0.002091176466209233
2025 0.011866778755433825
2041 0.0011656131791258364
2045 0.004272050114683551
2122 0.0015631632156560273
2172 0.0034232700142931053
2183 0.0018255575654370687
2186 0.003997336762022581
2239 0.003252997831102671
2242 0.007602686916717562
2372 0.000630156587146997
2385 0.0030580856055046996
2387 0.005121604088936348
2410 0.005771766670166536
2411 0.0034232700142931053
2416 0.003603281630069676
2438 0.0038253577000807283
2468 0.0015447677012573409
2480 0.0029068999377854228
2492 0.0010663297034580836
2502 0.0021330986914827143
2523 0.0023524730142494257
2545 0.0030038545504981287
2555 0.002711987712187451
2578 0.0018255575654370687
2584 0.0027467402780394826
2646 0.0026172952935390706
2666 0.002324330399421355
2672 0.002064603393980247
2687 0.0033327989581656684
2701 0.002953644436034164
2705 0.002822098592508367
2717 0.0012346971182750867
2743 0.0010455511103993672
2804 0.003997336762022581
2806 0.002711987712187451
2824 0.012918474201478873
2833 0.002064603393980247
2871 0.003997336762022581
2915 0.006627916515342762
2928 0.0034793598537106256
2976 0.0022093055051142538
3021 0.0033327989581656684
3051 0.001582072158988092
3096 0.0017005056357741412
3102 0.003370897743697484
3105 0.0035277111837636404
3124 0.004272050114683551
3136 0.001582072158988092
3146 0.0017986324399433002
3149 0.001057232891042971
3157 0.003997336762022581
3160 0.005859866296777374
3212 0.0018074891215216005
3213 0.001112446580729151
3227 0.0019046341356852398
3234 0.0035797800826385543
3238 0.003997336762022581
3256 0.002091176466209233
3285 0.004272050114683551
3288 0.0038024245364246096
3302 0.0027968777501467773
3306 0.0011690787953410593
3312 0.004272050114683551
3344 0.0015447677012573409
3394 0.0010484527272232732
3400 0.002091176466209233
3413 0.001369806734697601
3414 0.002177786962074805
3418 0.001628360256752866
3439 0.0027467402780394826
3464 0.00080244822486629
3474 0.005292959907788553
3477 0.0054676881869854315
3481 0.00203903332192382
3512 0.0008420078573443578
3548 0.0035277111837636404
3563 0.0014980232030085998
3564 0.001979036049194997
3627 0.0010751421229984
3645 0.0029068999377854228
3681 0.001723737391470467
3708 0.003651238868705333
3734 0.006363226580892784
3748 0.0021188344489868173
3756 0.002026601294355528
3762 0.00246024355893476
3798 0.004272050114683551
3806 0.0025342289722391875
3857 0.0029068999377854228
3902 0.001685448871848742
3912 0.0018441210963258483
3929 0.002177786962074805
3940 0.0026474125403337457
3961 0.0028631733799067277
4005 0.007693574180613705
4061 0.0018255575654370687
4080 0.0027467402780394826
4099 0.003189955631442611
4105 0.0041662792816884115
4112 0.0022256322347213755
4182 0.002953644436034164
4191 0.007942237621001236
4221 0.0006100688115369822
4226 0.0015151766886583081
4285 0.011992010286067745
4289 0.001979036049194997
4333 0.0011286174316992503
4346 0.0007134957196012925
4364 0.000976777465046623
4412 0.0062735293986276985
4468 0.0031066138859878706
4478 0.0035277111837636404
4482 0.0012905249840439615
4493 0.0009689747704467889
4500 0.00258938878200782
4534 0.0007904208115189382
4541 0.0038024245364246096
4547 0.0010601850808677833
4566 0.0019239222233888456
4573 0.0018632076117970052
4577 0.002051697737247033
4660 0.0027574025469115884
4704 0.0016780441370211887
4724 0.0012660334080537654
4737 0.0030038545504981287
4822 0.002416837117524495
4837 0.0025884600272457585
4886 0.0028566691987801916
4948 0.0022595156195782183
4978 0.0037264152235940103
4986 0.003997336762022581
4998 0.0021330986914827143
4999 0.0026172952935390706
5003 0.00203903332192382
5013 0.0014980232030085998
5026 0.003252997831102671
5093 0.003997336762022581
5163 0.0015572063787371716
5223 0.000959407560817182
5276 0.016608894313709436
5277 0.005907288872068328
5320 0.0023137466745847893
5380 0.00035335532376486986
5385 0.003252997831102671
5438 0.003632926227096528
5441 0.0023876950699296636
5447 0.0030580856055046996
5448 0.0022595156195782183
5463 0.0014812933038014652
5538 0.003181613290446392
5570 0.0013246215616315846
5623 0.003744657880473476
5628 0.012232342422018799
5637 0.0014334480311548943
5640 0.0030580856055046996
5643 0.001369806734697601
5703 0.0005545506839697738
5717 0.0021933629697294082
5730 0.0012660334080537654
5811 0.000731468298430951
5812 0.0014334480311548943
5823 0.003810163045789115
5833 0.001882847435990485
5855 0.003992139767208106
5866 0.001663473113223773
5869 0.007062433949165835
5893 0.001628360256752866
5912 0.004159139570708459
5913 0.0014596106056477072
5916 0.003997336762022581
5938 0.003252997831102671
5939 0.000822980902023811
5946 0.0024372743595264816
5985 0.00042938843492325497
5988 0.0010842774500640039
6058 0.001532775768860631
6072 0.0030580856055046996
6074 0.004272050114683551
6086 0.0016492088707278766
6088 0.001423259470844508
6133 0.0022951831436960096
6161 0.007742593480169461
6180 0.004272050114683551
6189 0.003997336762022581
6194 0.0029736483260573757
6195 0.007604849072849219
6223 0.0014386003487057298
6278 0.0030774904077775895
6293 0.0024617601150304
6307 0.001588494259136036
6329 0.0013792169761483236
6390 0.0035277111837636404
6417 0.0033327989581656684
6430 0.0016170859141095193
6456 0.0022423621339285097
6477 0.007490116015042999
6529 0.0016563034538023237
6589 0.0027430379678428994
6599 0.0017986324399433002
6620 0.00080244822486629
6641 0.004272050114683551
6643 0.0021330986914827143
6671 0.0014924005442428815
6683 0.0009312548363676889
6694 0.001569407743664879
6713 0.0016754664561363633
6754 0.0016492088707278766
6761 0.001382860685359594
6779 0.003651238868705333
6832 0.0015569757160965867
6834 0.0003766840490467099
6849 0.001685448871848742
6858 0.00203903332192382
6899 0.0017560066564624346
6909 0.0012423963658187874
6921 0.005229435225308492
6946 0.0027833722528437304
6962 0.01385325234436498
6963 0.011634373161039237
6993 0.0006655698322252756
6996 0.001090436824237159
7000 0.0017544239140607635
7040 0.009749097438105927
7093 0.0038024245364246096
7261 0.0023137466745847893
7263 0.002560802044468174
7278 0.004272050114683551
7290 0.001882847435990485
7317 0.0026474125403337457
7328 0.0016352387573847775
7365 0.003252997831102671
7398 0.002678931083373195
7444 0.002026601294355528
7461 0.002508658900182761
7469 0.0021933629697294082
7481 0.0012863810782034934
7484 0.00039749894936546296
7545 0.0038024245364246096
7574 0.006846540028586211
7603 0.0026846713631293847
7611 0.0036882421926516967
7652 0.0016081340833295156
7695 0.0009460917758217339
7704 0.0023726991876727764
7711 0.0020143932795162823
7761 0.00246024355893476
7832 0.0021048643356437182
7944 0.00106315019060169
7953 0.0038024245364246096
7958 0.001582072158988092
7962 0.0021188344489868173
7988 0.001090436824237159
8011 0.0005531493877249995
8019 0.0017812590138622398
8043 0.000926380524028923
8053 0.003252997831102671
8063 0.0026172952935390706
8103 0.0029068999377854228
8145 0.0005055936764629113
8157 0.0030580856055046996
8175 0.0022951831436960096
8205 0.0014199154284199886
8246 0.0038024245364246096
8248 0.0022771146997805415
8323 0.0030580856055046996
8340 0.0038024245364246096
8373 0.004272050114683551
8414 0.00246024355893476
8426 0.0033327989581656684
8445 0.0024256288711642787
8601 0.003496839537377509
8604 0.0038268354525219394
8639 0.0009025214920742422
8649 0.0022423621339285097
8659 0.003651238868705333
8664 0.001112446580729151
8679 0.0024524829513451955
8695 0.00370409135482526
8697 0.0013311396644505513
8705 0.0021048643356437182
8719 0.001307358806327123
8742 0.003997336762022581
8752 0.0021625610068655124
8754 0.002951614458701723
8765 0.0017898900413192771
8775 0.0029068999377854228
8786 0.0028631733799067277
8793 0.004272050114683551
8814 0.0018485594214116938
8830 0.001621550887950292
8867 0.0010703829342989237
8880 0.001663473113223773
