515
15 6.0101372993599195e-05
35 0.00015139340654708521
37 0.00017695423263882194
52 9.785646144837983e-05
68 3.241760820520544e-05
69 0.00010460100421098168
74 0.00013614669170503938
138 5.5304247721948624e-05
141 0.00012571095453322076
148 0.00010614816360120087
158 1.722259642893919e-05
160 3.6009024944890365e-05
216 0.00013837905578907654
217 0.0001399262151792957
246 0.0001002340757964429
287 0.00019041645403432799
290 5.516600244482883e-05
292 0.00014576429866269
293 0.00030726931367955075
295 6.969398876306011e-05
318 9.719791862251607e-05
328 5.502814824397996e-05
330 6.358367031630664e-05
370 0.0001347133110905388
371 9.818910047034337e-05
375 8.334256383691721e-05
390 0.0002734912621014559
412 6.391293797104737e-05
413 7.562007790453742e-05
423 8.63892700805903e-05
436 6.181142310095298e-05
443 5.859719717528758e-05
449 6.628229345501092e-05
463 2.104404381130732e-05
466 0.00013401212737453773
480 6.877276232176413e-05
492 0.00018617626542465564
494 0.00010815385522706535
509 1.4811799641107606e-05
511 4.409901177660094e-05
524 0.00013837905578907654
528 0.00020908021320920737
569 0.0001415241100530177
575 8.825864993225359e-05
590 0.0002734912621014559
601 0.00030726931367955075
632 6.4078409870285e-05
706 6.525271795805037e-05
708 9.654815662959692e-05
723 6.212889280683989e-05
726 6.4078409870285e-05
728 0.00017370426675739054
753 9.752607762356147e-05
757 0.00010815385522706535
800 0.00011154523568104574
827 0.0002734912621014559
828 0.00022419450561242282
837 0.0001128804268053397
838 0.00011614595437539213
852 0.0002734912621014559
861 7.316251041712385e-05
866 0.00023971321052336105
867 0.0002734912621014559
891 5.757123449128065e-05
892 0.0001475693727081854
990 0.00010939812948263226
1041 0.00010734164596720007
1070 0.00013130412920165632
1077 0.00030726931367955075
1096 6.950834500520415e-05
1126 4.895306850942043e-05
1129 0.00017370426675739054
1135 0.00010774605847492284
1139 0.0001415241100530177
1140 3.8493910507496085e-05
1145 9.920086195142229e-05
1164 8.408656954820681e-05
1165 8.433711728522342e-05
1173 9.077257605451787e-05
1177 0.00010347204034115494
1179 0.0002734912621014559
1216 4.5550455969092306e-05
1234 2.8271279696782107e-05
1244 0.00020019542348213994
1265 6.576478670658657e-05
1269 8.433711728522342e-05
1279 0.00019041645403432799
1306 4.5550455969092306e-05
1310 8.285279662389543e-05
1312 0.00011243128604527755
1380 0.00015890538922556517
1399 0.0002537323685808453
1418 6.424444555902466e-05
1427 0.0001804365299615294
1500 0.00010310145735752775
1511 9.312153328472917e-05
1555 0.00015139340654708521
1559 0.00011425323385392718
1576 0.0001376235146469122
1578 0.00010856509334268535
1594 0.000126899584862824
1610 9.590694438493474e-05
1647 0.00014944388948364012
1651 0.0001753021616311125
1652 0.0002059351589452662
1658 0.00010654275221462514
1667 0.0001376235146469122
1668 0.00022419450561242282
1671 7.64676023536449e-05
1674 0.00014944388948364012
1706 3.382257549850835e-05
1713 4.787143878550288e-05
1729 0.00010200632301179658
1730 0.00019756065060853997
1739 0.00015775871449691997
1764 0.00015890538922556517
1777 4.871062309639001e-05
1778 0.0001287387249198448
1779 0.00011333374567896404
1836 0.00026261715830791277
1846 0.00021605372159664503
1877 0.00016251677649793962
1888 6.071628875522179e-05
1895 0.00011519040557349246
1922 7.334292682143156e-06
1929 4.2158123180710165e-05
1941 8.024367862190805e-05
1948 0.0001523982138465608
2042 8.383730339089555e-05
2044 0.00010536844412685977
2073 0.00010939812948263226
2124 0.00011663084820199027
2167 8.744869066327002e-05
2170 0.00020019542348213994
2215 0.00030726931367955075
2299 0.00010982004923951138
2300 0.00011024565393173974
2371 8.858094887998e-06
2377 0.0001228603508781383
2378 0.00026261715830791277
2391 2.4157123570420575e-05
2417 8.63892700805903e-05
2458 0.00017065756051371745
2460 0.00021244233432427055
2461 0.0002462203859023654
2475 0.00015447220461114937
2493 2.5565430128539482e-05
2503 0.00015342417653056774
2518 0.0001804365299615294
2526 8.070779096331723e-05
2550 5.3403616896513294e-05
2559 7.604199766141655e-05
2563 2.4450245822639586e-05
2564 4.692973938522239e-05
2575 0.00012016732165868515
2576 0.0001786642827461757
2580 8.992010952057247e-05
2586 9.502842032885344e-06
2589 0.0001228603508781383
2607 3.3290954653437934e-05
2612 8.001326955199571e-05
2613 0.00015554326811050196
2616 0.00019506105515172307
2675 0.00010694056199521868
2734 0.0001677901789526326
2772 0.00011067500849334801
2773 0.00011067500849334801
2780 9.342327683396404e-05
2781 9.68719546813797e-05
2843 7.33626397641186e-05
2850 9.252359415714085e-05
2955 4.7516165565500014e-05
2982 7.197869283035229e-05
3050 5.1064059112276297e-05
3052 0.00011379132113009053
3064 0.00016128300357362823
3069 0.00013196715204843822
3113 6.165346047478709e-05
3115 0.00019756065060853997
3156 9.342327683396404e-05
3161 0.00010536844412685977
3192 0.0002537323685808453
3212 7.356359438910525e-05
3213 0.0001300045474523503
3214 8.001326955199571e-05
3303 0.00010058340652177312
3307 8.408656954820681e-05
3308 0.00012571095453322076
3309 0.00019756065060853997
3361 0.00022883910672981793
3372 6.542281037332744e-05
3465 5.7716484755306535e-05
3501 0.00016508218077975113
3502 0.00017695423263882194
3513 6.056183085252843e-05
3519 8.586807337437805e-05
3522 0.00016378259903044513
3540 0.00013542473142615584
3542 0.0001431761810607271
3605 5.380470086849468e-05
3657 4.716346370617082e-05
3660 0.0002199543170027505
3675 0.00011519040557349246
3676 0.00012936752625714268
3691 0.00011425323385392718
3696 0.0001391464957049546
3723 6.859058854884968e-05
3724 5.7716484755306535e-05
3746 1.903006184883404e-05
3756 0.00014576429866269
3757 0.00017370426675739054
3801 0.00023397347506023475
3829 0.00019506105515172307
3832 3.3290954653437934e-05
3835 0.00011811516886331826
3875 3.285232498188492e-05
3878 0.00023971321052336105
3882 0.00012016732165868515
3903 0.00018227567001855016
3904 0.00021605372159664503
3929 0.00015663840245623315
3930 0.00020908021320920737
3932 4.895306850942043e-05
3951 9.920086195142229e-05
3954 0.00010774605847492284
3969 6.0101372993599195e-05
3970 6.663037655997976e-05
4001 0.0001677901789526326
4015 8.798716495431228e-05
4027 0.00016378259903044513
4031 0.00026261715830791277
4046 9.312153328472917e-05
4047 0.00016508218077975113
4105 9.988723143186235e-05
4158 0.00011519040557349246
4220 4.3879500470736716e-05
4247 4.846937791309118e-05
4250 8.612797493712278e-05
4314 3.1644758795232604e-05
4315 7.256700694753944e-05
4329 3.676019862375966e-05
4332 8.117636599183342e-05
4345 5.131853189681648e-05
4363 7.025520142447097e-05
4381 4.3226837668107787e-05
4417 0.00019506105515172307
4423 0.0001128804268053397
4450 0.00019756065060853997
4453 3.6854914742017664e-05
4467 5.5861184383926875e-05
4495 3.207260550754382e-05
4499 9.312153328472917e-05
4502 6.424444555902466e-05
4503 7.798719092134497e-05
4519 0.00010128967145643295
4533 5.685140711216779e-05
4546 7.625433537211054e-05
4563 4.728074758348793e-05
4567 6.341986704442123e-05
4577 3.9085797470059324e-05
4642 0.00026261715830791277
4652 4.476354154013861e-05
4654 0.0001523982138465608
4659 6.610917985376751e-05
4676 1.811794967986411e-05
4686 0.0001804365299615294
4699 3.676019862375966e-05
4735 0.00021244233432427055
4736 0.00021605372159664503
4751 0.00010856509334268535
4754 0.00013542473142615584
4755 0.0001376235146469122
4756 0.00014071861357331354
4757 0.00015663840245623315
4758 0.00017065756051371745
4759 5.0810908270240366e-05
4760 0.0001347133110905388
4776 0.0001664173719040451
4777 0.00016920278300425065
4778 0.00020298083458234552
4808 0.0001245506276326127
4829 8.383730339089555e-05
4834 1.7286007534181456e-05
4864 0.00016920278300425065
4908 9.372690041743856e-05
4933 2.564069103539461e-05
4935 0.00011862016226846598
4937 0.00021605372159664503
4938 0.00023397347506023475
4972 4.681329625334851e-05
4976 0.00021605372159664503
4981 0.00016508218077975113
5016 8.117636599183342e-05
5024 6.025437603138515e-05
5025 0.00023397347506023475
5107 0.00014944388948364012
5110 0.00018418695135817993
5111 0.00014849761844045535
5115 0.00019268344080366
5140 0.0001504088997800851
5161 5.502814824397996e-05
5162 5.6001418804450566e-05
5216 0.00016378259903044513
5222 2.3001954162320978e-05
5228 4.931901336427842e-05
5264 0.00011425323385392718
5291 0.00011067500849334801
5334 9.719791862251607e-05
5335 9.852402568908913e-05
5379 2.541525611908456e-05
5380 3.8298201700263376e-05
5427 3.490353872923123e-05
5443 0.00011712061541501202
5447 0.00016251677649793962
5455 8.908229930004346e-05
5469 1.1433598200043818e-05
5481 6.576478670658657e-05
5484 0.00012936752625714268
5535 0.00014944388948364012
5622 6.733409171295719e-05
5625 0.0001347133110905388
5626 0.00016007969731333051
5635 0.00022883910672981793
5644 7.711306116076915e-05
5652 0.00014576429866269
5657 0.00018825025618924418
5659 0.0002199543170027505
5677 0.0002875104201589402
5678 0.00030726931367955075
5687 2.724862948448243e-05
5691 8.383730339089555e-05
5702 3.9886331735258645e-05
5797 5.544288630052885e-05
5818 0.00021244233432427055
5834 6.804811807694473e-05
5836 0.0001786642827461757
5854 7.178415593526694e-05
5858 6.663037655997976e-05
5862 6.610917985376751e-05
5894 1.5848029138067838e-05
5896 1.6219082409210568e-05
5907 0.0001786642827461757
5911 7.47870417645905e-05
5912 0.00010498321344481378
5941 0.00016251677649793962
6000 3.4631041686461846e-05
6014 9.818910047034337e-05
6022 2.0770655001689466e-05
6106 7.217400943451535e-05
6114 0.00010536844412685977
6131 0.00016378259903044513
6132 0.00016508218077975113
6159 7.101368253390731e-05
6160 7.955569410086921e-05
6162 0.0001128804268053397
6164 0.0001300045474523503
6195 9.622649587425546e-05
6211 7.356359438910525e-05
6215 0.00013614669170503938
6242 3.105201474962982e-05
6249 0.00010897983139923425
6251 0.0001228603508781383
6254 8.141235399539764e-05
6255 0.00018227567001855016
6264 4.7398314413738584e-05
6277 0.00011067500849334801
6297 9.164022082905678e-05
6328 9.920086195142229e-05
6356 6.733409171295719e-05
6408 4.3989132524856074e-05
6429 5.815485137703107e-05
6467 4.669713069773751e-05
6468 4.669713069773751e-05
6469 0.0001786642827461757
6478 0.00016920278300425065
6516 9.818910047034337e-05
6566 7.082295263288685e-05
6577 0.00010897983139923425
6589 5.9343481706634316e-05
6605 0.00010200632301179658
6614 8.484211069037113e-05
6615 0.00020298083458234552
6619 5.7716484755306535e-05
6620 0.0001281179340087181
6621 0.0001399262151792957
6622 0.00014576429866269
6638 9.282164663063054e-05
6639 0.00023971321052336105
6640 0.00030726931367955075
6661 5.889434094657216e-05
6679 9.527405980765772e-05
6680 9.558947467904783e-05
6681 0.00020298083458234552
6682 6.698096388147314e-05
6687 6.196989942762013e-05
6730 0.00013065000625947455
6760 1.9892587507080337e-05
6789 4.7516165565500014e-05
6796 8.260974660633398e-05
6833 2.7093186202753706e-05
6837 0.00030726931367955075
6867 0.00030726931367955075
6868 0.00016508218077975113
6880 0.0002875104201589402
6885 5.131853189681648e-05
6893 9.252359415714085e-05
6894 9.252359415714085e-05
6905 2.9805618738211806e-05
6908 8.935997200289977e-05
6929 5.904359505253569e-05
6933 0.0002875104201589402
6934 0.00010200632301179658
6975 0.0001440237055098346
6992 4.787143878550288e-05
6995 7.843020694973282e-05
6999 6.309390310328486e-05
7003 8.771718405598661e-05
7036 0.00016251677649793962
7124 6.859058854884968e-05
7135 0.00022419450561242282
7136 0.0001664173719040451
7137 0.00016920278300425065
7139 6.196989942762013e-05
7175 0.00019041645403432799
7243 0.00013687950893562258
7321 3.8200641252257444e-05
7327 0.00011761535496899039
7346 8.070779096331723e-05
7373 7.27647006365303e-05
7376 0.00013263932032595027
7392 5.274239335290522e-05
7406 6.698096388147314e-05
7408 8.691610145495967e-05
7414 0.00010460100421098168
7420 0.00023971321052336105
7422 0.00013401212737453773
7423 0.00030726931367955075
7454 0.00014944388948364012
7482 2.5340342303404983e-05
7483 2.8590308184836374e-05
7494 0.00010694056199521868
7503 3.173002815645075e-05
7558 0.00013614669170503938
7582 0.00015775871449691997
7627 7.887728740211037e-05
7646 0.0001664173719040451
7647 0.00022419450561242282
7695 0.00018617626542465564
7696 0.0002734912621014559
7715 0.00014071861357331354
7724 9.920086195142229e-05
7784 7.082295263288685e-05
7799 9.403242760948e-05
7808 4.7398314413738584e-05
7827 0.00015775871449691997
7850 0.000126899584862824
7877 8.853165584237468e-05
7878 0.0002734912621014559
7884 0.00010982004923951138
7886 7.910237522724487e-05
7890 9.233159952796689e-06
7891 6.932340577943291e-05
7892 0.0001002340757964429
7893 5.131853189681648e-05
7911 0.00010774605847492284
7912 0.00011761535496899039
7957 0.00011379132113009053
7958 9.496067334174995e-05
8009 2.7093186202753706e-05
8010 3.97855428110104e-05
8018 0.0001281179340087181
8047 9.312153328472917e-05
8054 2.9805618738211806e-05
8061 7.865323446718271e-05
8062 0.00018825025618924418
8068 0.00011379132113009053
8088 8.509658347491132e-05
8090 9.558947467904783e-05
8103 0.00014576429866269
8144 1.8182537399726556e-05
8149 0.00011811516886331826
8150 0.00012176521653240713
8156 0.0002199543170027505
8204 5.1064059112276297e-05
8228 0.0002537323685808453
8234 4.8109734749355606e-05
8247 0.00016378259903044513
8282 0.0002875104201589402
8349 4.919672615455441e-05
8358 0.00017370426675739054
8435 0.00019756065060853997
8442 8.001326955199571e-05
8449 0.00016251677649793962
8450 0.0002537323685808453
8474 8.408656954820681e-05
8487 0.00012571095453322076
8503 7.256700694753944e-05
8516 8.024367862190805e-05
8520 5.874554257904601e-05
8521 6.610917985376751e-05
8530 0.0001147195668623605
8539 7.955569410086921e-05
8559 0.00011379132113009053
8560 0.00017215710736717137
8590 0.00013614669170503938
8626 0.0001263016457352357
8633 5.949411993323993e-05
8638 6.491430390704548e-05
8666 0.0001128804268053397
8678 4.409901177660094e-05
8685 0.00012571095453322076
8695 4.476354154013861e-05
8696 4.787143878550288e-05
8828 0.00016508218077975113
8845 0.0001431761810607271
