163
15 0.0026516011689057227
143 0.008213875631012531
209 0.006038961305120141
261 0.008955273256425065
274 0.0111943706375866
277 0.004855553041092568
278 0.0024522082912171363
312 0.009372703383652967
369 0.012066109543802845
378 0.003509902702113596
381 0.010096109500871966
450 0.008955273256425065
521 0.0027200774245113987
524 0.0061051195306547025
546 0.005851889221509251
695 0.01524619150204403
696 0.007595367033941739
730 0.01057586204051581
807 0.005943391229895454
829 0.0070107169741496864
849 0.006430947671692541
1145 0.006635861954654051
1193 0.004532487515886393
1246 0.0063167629980851485
1268 0.0037208534121084707
1380 0.006470397818580042
1395 0.008213875631012531
1417 0.00283438860802984
1419 0.007807010501372184
1455 0.009085614537228774
1498 0.007663625868029032
1603 0.007960645321867079
1655 0.011586357004159003
1720 0.006173378364741997
1799 0.0050001502054006315
1901 0.00840094771462342
1980 0.0043766241668865115
2022 0.011586357004159003
2111 0.013556357047089882
2318 0.005420452708049349
2319 0.006470397818580042
2372 0.001999655308718936
2384 0.005167222398903897
2401 0.0038938667732487326
2446 0.009224370594655723
2450 0.012861895343385082
2519 0.013556357047089882
2661 0.008126109457941087
2724 0.004648730564646407
2790 0.0069107002113363855
2815 0.013556357047089882
2829 0.00731073389615996
2867 0.0111943706375866
2868 0.013556357047089882
2928 0.005520469470862651
2954 0.0020963567698996837
2960 0.009224370594655723
3027 0.027112714094179764
3111 0.012708309539640058
3116 0.007529208808407177
3189 0.007734123091368687
3248 0.010603278917051505
3506 0.004030221967575616
3626 0.002863941962473214
3653 0.0029396530490224736
3675 0.005707541554473542
3796 0.006173378364741997
3943 0.0033926023763798823
4163 0.023421031504116552
4220 0.02413221908760569
4564 0.0020859704082378436
4567 0.004273875545150772
4579 0.013556357047089882
4713 0.0037431331211514236
4715 0.013556357047089882
4741 0.0061051195306547025
4761 0.01783017368968636
4774 0.0111943706375866
4808 0.011586357004159003
4820 0.012684618140873637
4835 0.0007626381145773522
5001 0.005764123048437808
5006 0.0111943706375866
5181 0.004845130093180819
5218 0.006316966122718743
5251 0.010322631731370357
5252 0.01057586204051581
5403 0.013556357047089882
5406 0.00860586199758493
5431 0.005683477898294246
5438 0.005764123048437808
5494 0.0111943706375866
5521 0.01057586204051581
5532 0.008955273256425065
5627 0.007062526051764364
5637 0.004548713801833105
5778 0.009891195217910456
5823 0.004030221967575616
5855 0.01583515835878958
5947 0.013556357047089882
6099 0.012066109543802845
6147 0.008305377639398733
6156 0.007734123091368687
6174 0.0058222339557211945
6293 0.0039059114696398177
6346 0.011040938941725302
6421 0.0061051195306547025
6430 0.0025657229478816875
6463 0.00788245588036593
6506 0.0058222339557211945
6508 0.002741052934131471
6603 0.005735646172749237
6683 0.008865361635322108
6717 0.019064066998705945
6761 0.0008776373260549502
6821 0.009085614537228774
6909 0.003942455794504172
6931 0.012277956135866885
6959 0.009704123134299567
6973 0.002706206584897523
6996 0.00692049509243583
7000 0.005567256083727472
7044 0.03805385442262091
7078 0.008305377639398733
7102 0.005233380624438459
7153 0.010096109500871966
7156 0.013556357047089882
7172 0.005445024091868904
7205 0.010322631731370357
7212 0.004631734644654358
7257 0.008126109457941087
7261 0.007342136724796287
7421 0.01057586204051581
7503 0.004273875545150772
7521 0.0042172940511865055
7541 0.009085614537228774
7652 0.00510303934363475
7762 0.010096109500871966
7795 0.013556357047089882
7884 0.0071700470898496925
7947 0.010322631731370357
7988 0.003460247546217915
7998 0.010096109500871966
8011 0.0035105817577398483
8025 0.006392208377078895
8062 0.0034700872553046153
8210 0.0070107169741496864
8220 0.013556357047089882
8224 0.01057586204051581
8415 0.012684618140873637
8506 0.0070107169741496864
8533 0.004422208334148015
8597 0.01817122907445755
8677 0.006280010433336599
8679 0.0019455960047181562
8739 0.0039059114696398177
8758 0.030323905167039113
8764 0.005772753327198952
8768 0.01093975908844128
8800 0.005324882632824663
8813 0.016252218915882174
8867 0.0016983055962515104
8876 0.007960645321867079
