88
102 0.00013687950893562258
145 5.786216925096193e-05
342 0.0001804365299615294
430 2.1595466130645556e-05
463 2.104404381130732e-05
720 0.00026261715830791277
773 0.00011110817958998604
1432 0.00015139340654708521
1497 6.663037655997976e-05
2371 8.858094887998e-06
2391 2.4157123570420575e-05
2559 7.604199766141655e-05
2744 7.52017798211394e-05
2748 0.00020019542348213994
3182 0.00017215710736717137
3249 0.00012016732165868515
3269 0.00010310145735752775
3352 0.00020298083458234552
3372 6.542281037332744e-05
3375 0.00010236864012694453
3465 5.7716484755306535e-05
3471 0.0001804365299615294
3572 5.234992335902794e-05
3573 0.00016128300357362823
3654 6.663037655997976e-05
3719 2.489326185102742e-05
3746 1.903006184883404e-05
3819 6.424444555902466e-05
3875 3.285232498188492e-05
3887 5.5861184383926875e-05
4042 0.00012571095453322076
4044 0.00014488623116808087
4163 0.00017695423263882194
4186 0.00022419450561242282
4247 4.846937791309118e-05
4375 7.541048004377448e-05
4676 1.811794967986411e-05
4699 3.676019862375966e-05
4712 8.484211069037113e-05
4739 0.00013687950893562258
4740 0.00013837905578907654
4741 0.00016128300357362823
4759 5.0810908270240366e-05
4760 0.0001347133110905388
4818 9.048676041112919e-05
4834 1.7286007534181456e-05
4933 2.564069103539461e-05
4948 0.00011110817958998604
4950 0.00011425323385392718
5192 8.001326955199571e-05
5291 0.00011067500849334801
5293 0.00019756065060853997
5430 6.441104889224853e-05
5469 1.1433598200043818e-05
5558 9.68719546813797e-05
5561 0.00016007969731333051
5687 2.724862948448243e-05
5776 0.00018227567001855016
5777 0.00022419450561242282
5822 9.134928606937549e-05
5894 1.5848029138067838e-05
5896 1.6219082409210568e-05
6242 3.105201474962982e-05
6246 0.00010128967145643295
6495 0.00017215710736717137
6586 5.24803957997587e-05
6588 6.576478670658657e-05
6682 6.698096388147314e-05
6905 2.9805618738211806e-05
6908 8.935997200289977e-05
6960 3.259102983841739e-05
6972 6.133906307779394e-05
7177 0.00015447220461114937
7235 0.00030726931367955075
7414 0.00010460100421098168
7503 3.173002815645075e-05
7890 9.233159952796689e-06
7938 4.907474504580058e-05
7943 7.64676023536449e-05
8016 3.6571316885345003e-05
8084 0.00011333374567896404
8086 0.00014944388948364012
8474 8.408656954820681e-05
8505 0.00015890538922556517
8756 9.372690041743856e-05
8757 9.818910047034337e-05
8763 6.542281037332744e-05
8866 3.8493910507496085e-05
