225
58 3.9886331735258645e-05
68 3.241760820520544e-05
96 0.00016128300357362823
102 0.00013687950893562258
158 1.722259642893919e-05
163 4.4209139343250144e-05
225 4.311890533715833e-05
226 0.00011712061541501202
240 0.00010347204034115494
278 5.558192042480493e-05
290 5.516600244482883e-05
328 5.502814824397996e-05
330 6.358367031630664e-05
331 0.00015890538922556517
430 2.1595466130645556e-05
436 6.181142310095298e-05
463 2.104404381130732e-05
545 0.0001300045474523503
546 0.00013263932032595027
578 0.0001440237055098346
671 0.00014576429866269
672 0.00015775871449691997
751 0.00011614595437539213
785 9.134928606937549e-05
825 0.00018617626542465564
1030 0.0002537323685808453
1083 7.178415593526694e-05
1090 0.0002875104201589402
1126 4.895306850942043e-05
1133 0.00017065756051371745
1216 4.5550455969092306e-05
1234 2.8271279696782107e-05
1246 0.00014071861357331354
1247 0.0001431761810607271
1494 0.00014576429866269
1496 0.00019506105515172307
1916 0.00014071861357331354
1917 0.00015663840245623315
1922 7.334292682143156e-06
1984 0.00010734164596720007
1987 0.00012571095453322076
1993 0.00014576429866269
1994 0.0001504088997800851
2123 0.00011243128604527755
2144 0.0001263016457352357
2146 0.0001347133110905388
2261 0.00023397347506023475
2283 0.0002734912621014559
2284 0.00015447220461114937
2316 0.00012341728754011654
2317 0.00019041645403432799
2371 8.858094887998e-06
2391 2.4157123570420575e-05
2447 0.00020908021320920737
2448 8.825864993225359e-05
2493 2.5565430128539482e-05
2501 0.00017065756051371745
2502 0.00017695423263882194
2562 0.00017215710736717137
2586 9.502842032885344e-06
2728 0.00010939812948263226
2739 7.583058115843726e-05
2740 0.00019268344080366
2744 7.52017798211394e-05
2797 0.00010347204034115494
2825 0.00011614595437539213
2826 0.00021244233432427055
2830 8.285279662389543e-05
2840 0.00014944388948364012
2998 0.00022883910672981793
3113 6.165346047478709e-05
3137 0.00011379132113009053
3249 0.00012016732165868515
3269 0.00010310145735752775
3572 5.234992335902794e-05
3573 0.00016128300357362823
3576 5.3536945098705395e-05
3619 0.00019268344080366
3719 2.489326185102742e-05
3743 3.233112827567267e-05
3746 1.903006184883404e-05
3832 3.3290954653437934e-05
3875 3.285232498188492e-05
3882 0.00012016732165868515
3887 5.5861184383926875e-05
3989 0.00030726931367955075
4071 0.00023971321052336105
4072 0.00014944388948364012
4074 0.00015663840245623315
4075 0.00015663840245623315
4268 0.00019041645403432799
4308 7.955569410086921e-05
4375 7.541048004377448e-05
4376 0.00014488623116808087
4398 6.325661252824365e-05
4442 0.00017695423263882194
4467 5.5861184383926875e-05
4479 0.00016007969731333051
4490 0.00019756065060853997
4492 6.969398876306011e-05
4563 4.728074758348793e-05
4565 0.00013837905578907654
4699 3.676019862375966e-05
4712 8.484211069037113e-05
4739 0.00013687950893562258
4740 0.00013837905578907654
4741 0.00016128300357362823
4759 5.0810908270240366e-05
4760 0.0001347133110905388
4818 9.048676041112919e-05
4821 8.691610145495967e-05
4823 0.0001786642827461757
4834 1.7286007534181456e-05
5021 0.00017215710736717137
5079 0.0001415241100530177
5216 0.00016378259903044513
5222 2.3001954162320978e-05
5242 6.786862826996617e-05
5405 0.00019506105515172307
5411 8.164949036359771e-05
5430 6.441104889224853e-05
5462 0.00010654275221462514
5469 1.1433598200043818e-05
5484 0.00012936752625714268
5521 0.00021605372159664503
5616 0.00013687950893562258
5631 0.00015663840245623315
5632 0.00026261715830791277
5676 9.312153328472917e-05
5687 2.724862948448243e-05
5776 0.00018227567001855016
5777 0.00022419450561242282
5822 9.134928606937549e-05
5823 0.0001475693727081854
5894 1.5848029138067838e-05
5896 1.6219082409210568e-05
5941 0.00016251677649793962
6000 3.4631041686461846e-05
6022 2.0770655001689466e-05
6043 0.0001504088997800851
6044 0.00020908021320920737
6092 0.00014576429866269
6093 0.0002199543170027505
6193 0.00010694056199521868
6242 3.105201474962982e-05
6246 0.00010128967145643295
6251 0.0001228603508781383
6277 0.00011067500849334801
6278 0.00011566583790554528
6279 0.0002734912621014559
6328 9.920086195142229e-05
6380 0.00011067500849334801
6399 8.212725328354177e-05
6408 4.3989132524856074e-05
6416 0.00023971321052336105
6502 0.0001423431449207802
6578 6.025437603138515e-05
6582 0.00030726931367955075
6595 7.66818067754729e-05
6682 6.698096388147314e-05
6686 0.00011333374567896404
6687 6.196989942762013e-05
6704 0.00010694056199521868
6725 8.458895984833521e-05
6727 8.612797493712278e-05
6760 1.9892587507080337e-05
6833 2.7093186202753706e-05
6905 2.9805618738211806e-05
6908 8.935997200289977e-05
6913 0.0002537323685808453
6930 0.0001391464957049546
6944 0.00014665847838343454
6984 0.00016508218077975113
6985 0.00017370426675739054
7067 3.508605365233e-05
7073 5.516600244482883e-05
7165 6.628229345501092e-05
7167 0.00011243128604527755
7171 0.00012341728754011654
7174 7.256700694753944e-05
7177 0.00015447220461114937
7211 0.00010498321344481378
7369 9.372690041743856e-05
7503 3.173002815645075e-05
7582 0.00015775871449691997
7610 0.00013263932032595027
7611 0.0002875104201589402
7627 7.887728740211037e-05
7644 0.0002734912621014559
7651 0.00011566583790554528
7755 0.00020298083458234552
7836 6.424444555902466e-05
7839 0.00010614816360120087
7890 9.233159952796689e-06
7938 4.907474504580058e-05
7943 7.64676023536449e-05
7972 0.0002537323685808453
7977 0.00014849761844045535
7979 0.0001786642827461757
7981 6.950834500520415e-05
7987 7.843020694973282e-05
8009 2.7093186202753706e-05
8010 3.97855428110104e-05
8016 3.6571316885345003e-05
8024 0.00014488623116808087
8025 0.00030726931367955075
8081 0.0001664173719040451
8084 0.00011333374567896404
8086 0.00014944388948364012
8144 1.8182537399726556e-05
8161 0.00020908021320920737
8326 0.0002059351589452662
8328 0.0002734912621014559
8387 0.0002199543170027505
8447 4.100899018649567e-05
8474 8.408656954820681e-05
8505 0.00015890538922556517
8756 9.372690041743856e-05
8757 9.818910047034337e-05
8762 0.00018825025618924418
8763 6.542281037332744e-05
8800 0.00011379132113009053
8818 7.139739654402146e-05
8819 7.139739654402146e-05
8866 3.8493910507496085e-05
