45
276 4.8109734749355606e-05
463 2.104404381130732e-05
779 0.00013401212737453773
780 0.00013614669170503938
1638 7.33626397641186e-05
1641 7.583058115843726e-05
1729 0.00010200632301179658
1881 8.408656954820681e-05
1882 9.496067334174995e-05
2076 7.66818067754729e-05
2371 8.858094887998e-06
2379 0.00010939812948263226
2382 0.00011154523568104574
2417 8.63892700805903e-05
2563 2.4450245822639586e-05
2564 4.692973938522239e-05
2586 9.502842032885344e-06
2589 0.0001228603508781383
2982 7.197869283035229e-05
3605 5.380470086849468e-05
3746 1.903006184883404e-05
4485 7.159039254876493e-05
4644 0.00015139340654708521
4839 3.088397517794058e-05
4846 4.681329625334851e-05
4972 4.681329625334851e-05
5434 7.159039254876493e-05
5469 1.1433598200043818e-05
5702 3.9886331735258645e-05
6022 2.0770655001689466e-05
6064 0.00010498321344481378
6067 0.00016378259903044513
6069 0.0001786642827461757
6071 0.0002199543170027505
6141 0.00010982004923951138
6348 9.590694438493474e-05
6349 0.0001523982138465608
6568 3.9584588186023764e-05
6667 0.00012069415303305452
6668 0.00017695423263882194
6689 7.376538112671329e-05
7346 8.070779096331723e-05
8009 2.7093186202753706e-05
8016 3.6571316885345003e-05
8811 0.00011913044365880717
