34
342 0.04466806541714305
695 0.02851602484641569
696 0.08523689671423507
1417 0.01590406941172299
1431 0.03747827886521176
1640 0.01877228164677758
1721 0.02009566038108943
2265 0.033349028567746714
2743 0.01861661838238873
3248 0.029748088072838942
3270 0.05024903327216286
3277 0.04339702401267985
3351 0.05024903327216286
3470 0.04466806541714305
3653 0.016494719886181654
4044 0.035867391449164905
4186 0.055500595389386446
4278 0.05098039268111701
4798 0.024727639070021033
5193 0.019807729395760712
5336 0.024390169915032286
5824 0.036531618043759664
6031 0.03444648804784876
6724 0.13540856265823192
6931 0.03444648804784876
7212 0.02598917772833834
7375 0.02598917772833834
7415 0.025894559709118577
7450 0.053485299079702786
7884 0.0402319308930455
7944 0.01892997978265787
8011 0.009849132153659018
8533 0.024813502319386085
8820 0.017674822166675534
