121
68 3.241760820520544e-05
69 0.00010460100421098168
102 0.00013687950893562258
125 0.00015554326811050196
137 0.00015342417653056774
158 1.722259642893919e-05
225 4.311890533715833e-05
226 0.00011712061541501202
243 6.309390310328486e-05
290 5.516600244482883e-05
330 6.358367031630664e-05
331 0.00015890538922556517
425 0.00022419450561242282
426 0.00022883910672981793
511 4.409901177660094e-05
512 0.0002875104201589402
535 8.236790279729728e-05
545 0.0001300045474523503
546 0.00013263932032595027
751 0.00011614595437539213
1065 0.00015554326811050196
1126 4.895306850942043e-05
1133 0.00017065756051371745
1293 0.0002734912621014559
1432 0.00015139340654708521
1536 0.0001475693727081854
1537 0.00019268344080366
1916 0.00014071861357331354
1917 0.00015663840245623315
1922 7.334292682143156e-06
1987 0.00012571095453322076
1993 0.00014576429866269
1994 0.0001504088997800851
2329 0.0001423431449207802
2586 9.502842032885344e-06
2783 8.718166847460814e-05
2785 0.00010856509334268535
2840 0.00014944388948364012
2940 7.910237522724487e-05
3002 0.0001440237055098346
3048 0.00018227567001855016
3050 5.1064059112276297e-05
3051 7.910237522724487e-05
3465 5.7716484755306535e-05
3471 0.0001804365299615294
3719 2.489326185102742e-05
3727 6.424444555902466e-05
3736 0.0002734912621014559
3832 3.3290954653437934e-05
3887 5.5861184383926875e-05
4072 0.00014944388948364012
4074 0.00015663840245623315
4075 0.00015663840245623315
4078 0.0002875104201589402
4132 0.00018825025618924418
4153 0.0002875104201589402
4163 0.00017695423263882194
4247 4.846937791309118e-05
4268 0.00019041645403432799
4296 9.527405980765772e-05
4301 0.00011154523568104574
4354 0.00022883910672981793
4355 0.0002875104201589402
4375 7.541048004377448e-05
4376 0.00014488623116808087
4432 6.4078409870285e-05
4467 5.5861184383926875e-05
4479 0.00016007969731333051
4577 3.9085797470059324e-05
4659 6.610917985376751e-05
4699 3.676019862375966e-05
4700 0.00017065756051371745
4797 9.988723143186235e-05
5018 0.00010982004923951138
5320 0.00022419450561242282
5321 0.0002462203859023654
5430 6.441104889224853e-05
5469 1.1433598200043818e-05
5568 0.0001753021616311125
5687 2.724862948448243e-05
5732 0.00022883910672981793
5808 0.00011913044365880717
5822 9.134928606937549e-05
5823 0.0001475693727081854
5894 1.5848029138067838e-05
5896 1.6219082409210568e-05
6000 3.4631041686461846e-05
6021 0.0002199543170027505
6022 2.0770655001689466e-05
6043 0.0001504088997800851
6044 0.00020908021320920737
6227 0.00010536844412685977
6264 4.7398314413738584e-05
6294 0.00017065756051371745
6295 0.00020019542348213994
6375 0.00030726931367955075
6450 0.00017695423263882194
6578 6.025437603138515e-05
6682 6.698096388147314e-05
6756 0.00017695423263882194
6784 9.68719546813797e-05
6787 0.0001753021616311125
6833 2.7093186202753706e-05
6905 2.9805618738211806e-05
6908 8.935997200289977e-05
6930 0.0001391464957049546
6999 6.309390310328486e-05
7174 7.256700694753944e-05
7414 0.00010460100421098168
7883 0.00016251677649793962
7890 9.233159952796689e-06
7938 4.907474504580058e-05
7943 7.64676023536449e-05
8016 3.6571316885345003e-05
8024 0.00014488623116808087
8474 8.408656954820681e-05
8695 4.476354154013861e-05
8696 4.787143878550288e-05
8865 0.00021605372159664503
8874 0.0001786642827461757
8875 0.0001804365299615294
