199
17 0.0033155763796353004
53 0.0028144902497867835
56 0.0028345587560651745
69 0.002886080958291854
82 0.006898596862983958
91 0.004321862051671671
139 0.003006898629814166
148 0.0029287691455538766
164 0.004978484071260526
169 0.00586156682197492
338 0.0076784741159291355
375 0.002299532287661319
389 0.005682025190465055
393 0.012531436896107957
396 0.006068832424546478
423 0.0023835949689109005
490 0.004204869603097678
496 0.004262093769333013
521 0.005103303155584853
524 0.01145418710704876
726 0.007072034535776841
757 0.011936435390509058
780 0.003756468472059786
856 0.0072459570118889125
858 0.008952326542881792
872 0.007277123017360334
961 0.003452429823883144
1135 0.00492958541125052
1145 0.004149981779690769
1164 0.0023269733413186105
1172 0.005009072432184912
1237 0.018941926803493533
1242 0.0034052472648839587
1309 0.002286018958241969
1358 0.004668530037566198
1363 0.004518979946004109
1379 0.01315323370382263
1417 0.0035451795592695216
1430 0.004629554411225578
1439 0.0029841088476272645
1460 0.035978436004735076
1468 0.015789222999165086
1476 0.004518979946004109
1496 0.0018384207922679246
1499 0.008534119392912884
1558 0.0031523988238582015
1564 0.008466354558764209
1568 0.002737083844306735
1665 0.004978484071260526
1741 0.013058318856933907
1772 0.0027655915897767773
1921 0.0002023628990193802
1956 0.002450281278062943
1959 0.0032315136983857187
1984 0.01572054837439645
2041 0.0023131828105871863
2075 0.0021157531330743486
2084 0.0031652655723757176
2094 0.005768801424521536
2169 0.005523658247903502
2213 0.005961209804548917
2270 0.004384411234607544
2468 0.00306562258980172
2523 0.004668530037566198
2531 0.0042916458371541595
2586 0.004123355860923222
2666 0.0046126804521024415
2680 0.0070008138352708775
2687 0.006614006601189454
2731 0.003330112358608613
2738 0.0020922666850897616
2759 0.006185824873120471
2766 0.009500087559481308
2829 0.004572037916483938
2954 0.0013110342647669848
3050 0.010912699195436628
3184 0.003018440030802535
3229 0.0012948539857619255
3323 0.008477969422638254
3334 0.012371649746240942
3418 0.009694541095157156
3544 0.0016752432364908255
3638 0.014005590112698594
3730 0.006068832424546478
3781 0.006313975601164512
3796 0.003860750556278277
3804 0.006614006601189454
3835 0.0032589547520430104
3847 0.004629554411225578
3872 0.0025284756904908794
3912 0.003659695426454702
3926 0.00306562258980172
3954 0.002972857192348336
3970 0.003676841584535849
4005 0.0025446754642793525
4099 0.01266106228950287
4221 0.0012106938334216892
4231 0.005600511448290598
4403 0.0019178277730228462
4489 0.02209463299161401
4547 0.0021039586279760036
4659 0.002299532287661319
4660 0.0018240402812903286
4719 0.0031652655723757176
4802 0.0037169195926900368
4830 0.0023131828105871863
4915 0.005415307300747004
5169 0.00399760400052612
5171 0.003114521249811726
5172 0.0020749172190897658
5177 0.0074338391853800735
5181 0.00303008135858367
5187 0.004416811958069355
5193 0.002207672626152897
5197 0.0075459880119138545
5336 0.0027184090307775925
5350 0.006455639658627901
5371 0.0030776815491934356
5380 0.0007012407508770328
5381 0.004226793480529378
5435 0.001975274236515768
5594 0.01136405038093011
5670 0.0035869985352797087
5695 0.004352772952311302
5732 0.0039048386030727357
5807 0.002182539839087326
5811 0.0014516135581865003
5821 0.0054509613567285085
5897 0.0013425182269122405
5954 0.004591676837179102
5976 0.002886080958291854
5980 0.007932795245995277
5997 0.003950421441526935
6000 0.004978484071260526
6086 0.006545776384746556
6095 0.0064903284426231726
6122 0.008409739206195355
6300 0.003950421441526935
6310 0.0031652655723757176
6338 0.004416811958069355
6378 0.0059012649442810455
6414 0.0026462002735558464
6464 0.006455639658627901
6469 0.0025768720048188034
6482 0.0035694222724571376
6706 0.004554837136560811
6712 0.006793548232699321
6761 0.004939766745411454
6764 0.004015349919955159
6824 0.0033596644264297596
6832 0.0030898496409223286
6834 0.0007475370756623562
6889 0.016145982571320334
6921 0.005188959720468642
6922 0.0075459880119138545
6930 0.006516365561711432
6968 0.002907255647240168
6993 0.0013208367258712127
6996 0.0021639938214737427
7074 0.007610517241305179
7252 0.0063650682355610175
7303 0.0032589547520430104
7336 0.0035013284838931505
7350 0.003756468472059786
7370 0.005172099916533823
7375 0.0028966266198767196
7484 0.0007888446642206246
7492 0.0031652655723757176
7581 0.004978484071260526
7653 0.004484054217181542
7662 0.005682025190465055
7666 0.0028756173649439267
7682 0.004750043779740654
7695 0.0018775381681168156
7702 0.0031523988238582015
7903 0.002035285066876993
7904 0.017970201828036752
7943 0.002520448413158744
7961 0.01647911655962379
8011 0.0010977360914294883
8019 0.0035349443587792437
8033 0.001670981537330444
8117 0.008524187538666026
8126 0.005961209804548917
8235 0.003982234886250067
8251 0.007932795245995277
8346 0.007932795245995277
8368 0.00492958541125052
8445 0.0048137093077904106
8448 0.0011314926332571188
8514 0.0011956706049560167
8609 0.004629554411225578
8639 0.0017910720632185427
8679 0.0012167504425791566
8681 0.004321862051671671
8758 0.002709167998116719
8820 0.00196994921981523
8845 0.004204869603097678
8872 0.001938434535897478
