431
46 0.00016920278300425065
51 0.00022883910672981793
53 0.00010200632301179658
58 3.9886331735258645e-05
68 3.241760820520544e-05
69 0.00010460100421098168
74 0.00013614669170503938
92 0.00010774605847492284
93 0.00010982004923951138
95 0.00030726931367955075
96 0.00016128300357362823
138 5.5304247721948624e-05
141 0.00012571095453322076
145 5.786216925096193e-05
146 0.000101646679848061
148 0.00010614816360120087
149 0.00015139340654708521
158 1.722259642893919e-05
160 3.6009024944890365e-05
276 4.8109734749355606e-05
277 5.502814824397996e-05
278 5.558192042480493e-05
290 5.516600244482883e-05
292 0.00014576429866269
328 5.502814824397996e-05
330 6.358367031630664e-05
334 9.252359415714085e-05
386 0.00012122674224136485
387 0.0002875104201589402
436 6.181142310095298e-05
437 0.00017695423263882194
438 0.0001786642827461757
463 2.104404381130732e-05
466 0.00013401212737453773
473 4.858985121920245e-05
480 6.877276232176413e-05
509 1.4811799641107606e-05
511 4.409901177660094e-05
645 6.341986704442123e-05
706 6.525271795805037e-05
708 9.654815662959692e-05
773 0.00011110817958998604
785 9.134928606937549e-05
847 0.00016508218077975113
859 0.00017065756051371745
881 0.00020298083458234552
969 0.00010536844412685977
1055 0.00011614595437539213
1072 0.00015775871449691997
1073 0.00016920278300425065
1074 0.00017215710736717137
1173 9.077257605451787e-05
1216 4.5550455969092306e-05
1220 0.0001251273376474703
1234 2.8271279696782107e-05
1265 6.576478670658657e-05
1266 0.00018617626542465564
1362 0.0002462203859023654
1412 6.804811807694473e-05
1418 6.424444555902466e-05
1422 0.00021244233432427055
1448 0.00026261715830791277
1541 0.00014488623116808087
1565 0.00015342417653056774
1572 0.00014849761844045535
1594 0.000126899584862824
1607 0.00019756065060853997
1610 9.590694438493474e-05
1611 0.0001786642827461757
1621 0.00011198624708459517
1622 0.00011333374567896404
1632 0.00023397347506023475
1658 0.00010654275221462514
1704 0.00018227567001855016
1706 3.382257549850835e-05
1729 0.00010200632301179658
1793 0.00014665847838343454
1848 6.508321716976057e-05
1918 0.0001376235146469122
1919 0.00014071861357331354
1922 7.334292682143156e-06
1929 4.2158123180710165e-05
1936 0.00011024565393173974
1937 0.0002537323685808453
1957 8.88061998220748e-05
1961 0.0001523982138465608
2029 0.00012122674224136485
2030 0.0001228603508781383
2042 8.383730339089555e-05
2044 0.00010536844412685977
2049 0.00022419450561242282
2050 0.0002734912621014559
2165 0.0002734912621014559
2288 0.00018418695135817993
2289 0.00019268344080366
2341 8.744869066327002e-05
2343 0.0001263016457352357
2371 8.858094887998e-06
2373 4.532432364915004e-05
2374 8.586807337437805e-05
2384 3.364472337590274e-05
2391 2.4157123570420575e-05
2493 2.5565430128539482e-05
2550 5.3403616896513294e-05
2559 7.604199766141655e-05
2563 2.4450245822639586e-05
2564 4.692973938522239e-05
2582 7.458098891001271e-05
2586 9.502842032885344e-06
2606 0.00013196715204843822
2607 3.3290954653437934e-05
2638 0.00012176521653240713
2640 0.00016128300357362823
2656 0.00019041645403432799
2667 8.358930576913648e-05
2714 8.691610145495967e-05
2734 0.0001677901789526326
2739 7.583058115843726e-05
2762 0.00010200632301179658
2764 0.00017215710736717137
2765 0.00012936752625714268
2772 0.00011067500849334801
2776 9.222735356398462e-05
2794 0.00012341728754011654
2827 0.0001196461249524729
2830 8.285279662389543e-05
2834 0.00014849761844045535
2940 7.910237522724487e-05
3050 5.1064059112276297e-05
3052 0.00011379132113009053
3075 0.00016128300357362823
3104 0.00010939812948263226
3137 0.00011379132113009053
3202 0.00019756065060853997
3212 7.356359438910525e-05
3214 8.001326955199571e-05
3226 8.164949036359771e-05
3228 4.566391685271689e-05
3229 4.669713069773751e-05
3230 4.692973938522239e-05
3249 0.00012016732165868515
3337 0.00015775871449691997
3338 0.00016007969731333051
3409 8.458895984833521e-05
3421 8.586807337437805e-05
3438 0.0002462203859023654
3439 0.00030726931367955075
3487 0.00014849761844045535
3513 6.056183085252843e-05
3519 8.586807337437805e-05
3522 0.00016378259903044513
3572 5.234992335902794e-05
3586 6.228840662358072e-05
3627 6.491430390704548e-05
3628 7.733012801189119e-05
3654 6.663037655997976e-05
3657 4.716346370617082e-05
3666 0.0001804365299615294
3667 0.00023971321052336105
3723 6.859058854884968e-05
3743 3.233112827567267e-05
3745 0.00019506105515172307
3746 1.903006184883404e-05
3819 6.424444555902466e-05
3832 3.3290954653437934e-05
3835 0.00011811516886331826
3840 0.00010774605847492284
3841 0.00015139340654708521
3875 3.285232498188492e-05
3887 5.5861184383926875e-05
3902 0.00012122674224136485
3912 0.00013263932032595027
4002 0.0001263016457352357
4003 0.0001300045474523503
4005 9.222735356398462e-05
4006 0.0002875104201589402
4027 0.00016378259903044513
4030 0.0002734912621014559
4037 0.0001391464957049546
4038 0.00014488623116808087
4080 0.00019756065060853997
4099 0.0001147195668623605
4105 9.988723143186235e-05
4112 0.00016007969731333051
4113 0.0002199543170027505
4114 0.00021605372159664503
4135 0.0002734912621014559
4136 0.00013196715204843822
4150 0.00022883910672981793
4154 0.00012571095453322076
4158 0.00011519040557349246
4170 0.00015775871449691997
4189 4.981125419104163e-05
4220 4.3879500470736716e-05
4224 8.236790279729728e-05
4227 0.0001753021616311125
4247 4.846937791309118e-05
4248 0.00030726931367955075
4250 8.612797493712278e-05
4329 3.676019862375966e-05
4331 0.00023971321052336105
4363 7.025520142447097e-05
4371 0.00013263932032595027
4390 8.825864993225359e-05
4392 8.334256383691721e-05
4398 6.325661252824365e-05
4402 6.950834500520415e-05
4424 0.0002059351589452662
4425 0.00022883910672981793
4439 0.0002734912621014559
4440 0.0002875104201589402
4450 0.00019756065060853997
4453 3.6854914742017664e-05
4457 0.00010058340652177312
4467 5.5861184383926875e-05
4477 0.0002537323685808453
4481 9.282164663063054e-05
4492 6.969398876306011e-05
4495 3.207260550754382e-05
4499 9.312153328472917e-05
4513 9.19329029551259e-05
4514 0.0002462203859023654
4533 5.685140711216779e-05
4545 0.00018227567001855016
4563 4.728074758348793e-05
4566 9.68719546813797e-05
4577 3.9085797470059324e-05
4588 0.00016508218077975113
4659 6.610917985376751e-05
4676 1.811794967986411e-05
4759 5.0810908270240366e-05
4768 0.00012176521653240713
4769 0.00012936752625714268
4818 9.048676041112919e-05
4829 8.383730339089555e-05
4834 1.7286007534181456e-05
4839 3.088397517794058e-05
4846 4.681329625334851e-05
4869 0.00013614669170503938
4871 0.00015775871449691997
4917 0.00020019542348213994
4918 0.00020298083458234552
4933 2.564069103539461e-05
4942 6.804811807694473e-05
4972 4.681329625334851e-05
5018 0.00010982004923951138
5021 0.00017215710736717137
5080 0.00010575674440844711
5160 0.00021244233432427055
5161 5.502814824397996e-05
5162 5.6001418804450566e-05
5165 0.00020019542348213994
5194 0.00011712061541501202
5197 0.0001391464957049546
5217 7.159039254876493e-05
5222 2.3001954162320978e-05
5242 6.786862826996617e-05
5254 5.9796800580258657e-05
5336 0.00018825025618924418
5345 0.00021605372159664503
5366 0.00013542473142615584
5379 2.541525611908456e-05
5380 3.8298201700263376e-05
5395 3.215862746722012e-05
5427 3.490353872923123e-05
5455 8.908229930004346e-05
5481 6.576478670658657e-05
5550 4.944160821510571e-05
5611 0.00012122674224136485
5622 6.733409171295719e-05
5625 0.0001347133110905388
5661 0.00017215710736717137
5662 0.00030726931367955075
5669 0.0001300045474523503
5685 0.0002059351589452662
5686 0.0002199543170027505
5687 2.724862948448243e-05
5691 8.383730339089555e-05
5699 8.260974660633398e-05
5700 0.00010575674440844711
5701 0.00010575674440844711
5702 3.9886331735258645e-05
5719 0.0002537323685808453
5738 9.19329029551259e-05
5739 0.0001281179340087181
5740 0.00015447220461114937
5831 0.00013401212737453773
5834 6.804811807694473e-05
5854 7.178415593526694e-05
5858 6.663037655997976e-05
5868 7.256700694753944e-05
5872 0.00013130412920165632
5873 0.0002537323685808453
5909 6.663037655997976e-05
5911 7.47870417645905e-05
5934 5.434466680855229e-05
5938 5.91933076971794e-05
5984 3.088397517794058e-05
5988 7.044371782011974e-05
5989 0.00013130412920165632
6000 3.4631041686461846e-05
6014 9.818910047034337e-05
6022 2.0770655001689466e-05
6079 0.0001251273376474703
6084 7.843020694973282e-05
6085 0.00011862016226846598
6106 7.217400943451535e-05
6131 0.00016378259903044513
6132 0.00016508218077975113
6133 0.00013614669170503938
6173 0.00013196715204843822
6242 3.105201474962982e-05
6246 0.00010128967145643295
6254 8.141235399539764e-05
6256 0.00019041645403432799
6257 0.00021605372159664503
6278 0.00011566583790554528
6334 0.00014944388948364012
6380 0.00011067500849334801
6408 4.3989132524856074e-05
6413 9.590694438493474e-05
6434 0.00014576429866269
6481 0.00012936752625714268
6490 2.724862948448243e-05
6493 0.0001251273376474703
6506 8.88061998220748e-05
6557 0.00026261715830791277
6568 3.9584588186023764e-05
6569 4.981125419104163e-05
6590 8.691610145495967e-05
6595 7.66818067754729e-05
6619 5.7716484755306535e-05
6623 0.00010460100421098168
6624 0.00011663084820199027
6625 0.00011811516886331826
6665 0.00012936752625714268
6670 0.00010734164596720007
6675 5.7716484755306535e-05
6730 0.00013065000625947455
6732 0.00018227567001855016
6760 1.9892587507080337e-05
6789 4.7516165565500014e-05
6833 2.7093186202753706e-05
6836 0.00013614669170503938
6905 2.9805618738211806e-05
6934 0.00010200632301179658
6960 3.259102983841739e-05
6962 0.00010460100421098168
6968 0.0001287387249198448
6971 0.00022419450561242282
6992 4.787143878550288e-05
7067 3.508605365233e-05
7116 0.00023971321052336105
7124 6.859058854884968e-05
7139 6.196989942762013e-05
7142 0.00015139340654708521
7143 0.0001523982138465608
7144 0.00023397347506023475
7178 3.714017269315804e-05
7197 0.00011198624708459517
7321 3.8200641252257444e-05
7344 8.96392359620217e-05
7345 0.00011425323385392718
7373 7.27647006365303e-05
7376 0.00013263932032595027
7389 0.0001300045474523503
7392 5.274239335290522e-05
7406 6.698096388147314e-05
7408 8.691610145495967e-05
7503 3.173002815645075e-05
7504 0.00012571095453322076
7559 8.509658347491132e-05
7577 8.853165584237468e-05
7578 8.88061998220748e-05
7581 0.00015775871449691997
7658 0.00018227567001855016
7701 0.00011425323385392718
7720 0.0001677901789526326
7721 0.00016920278300425065
7725 0.00018418695135817993
7784 7.082295263288685e-05
7831 0.00015139340654708521
7836 6.424444555902466e-05
7858 4.509923582401553e-05
7863 7.64676023536449e-05
7866 5.91933076971794e-05
7890 9.233159952796689e-06
7904 6.056183085252843e-05
7906 0.00018418695135817993
7922 0.00010774605847492284
7938 4.907474504580058e-05
7942 9.134928606937549e-05
7943 7.64676023536449e-05
7960 9.954283828468142e-05
7995 9.134928606937549e-05
8009 2.7093186202753706e-05
8010 3.97855428110104e-05
8031 5.5721352358276173e-05
8032 6.056183085252843e-05
8042 6.663037655997976e-05
8054 2.9805618738211806e-05
8058 8.853165584237468e-05
8059 0.00011425323385392718
8060 0.0001147195668623605
8069 5.287392225192349e-05
8137 8.63892700805903e-05
8144 1.8182537399726556e-05
8158 0.00010939812948263226
8179 0.00017370426675739054
8181 0.00019041645403432799
8442 8.001326955199571e-05
8513 4.3335009582674306e-05
8558 0.00017370426675739054
8626 0.0001263016457352357
8630 0.0001275049519955334
8633 5.949411993323993e-05
8638 6.491430390704548e-05
8661 7.843020694973282e-05
8663 8.001326955199571e-05
8690 0.0001677901789526326
8692 0.00023971321052336105
8695 4.476354154013861e-05
8696 4.787143878550288e-05
8737 0.0002537323685808453
8738 8.853165584237468e-05
8756 9.372690041743856e-05
8757 9.818910047034337e-05
8763 6.542281037332744e-05
8766 0.00021244233432427055
8811 0.00011913044365880717
8866 3.8493910507496085e-05
