266
14 0.0001275049519955334
53 0.00010200632301179658
66 0.00030726931367955075
68 3.241760820520544e-05
101 0.00022883910672981793
143 0.00018617626542465564
148 0.00010614816360120087
149 0.00015139340654708521
160 3.6009024944890365e-05
225 4.311890533715833e-05
226 0.00011712061541501202
276 4.8109734749355606e-05
277 5.502814824397996e-05
389 0.0002059351589452662
424 0.00019041645403432799
430 2.1595466130645556e-05
443 5.859719717528758e-05
449 6.628229345501092e-05
463 2.104404381130732e-05
473 4.858985121920245e-05
480 6.877276232176413e-05
509 1.4811799641107606e-05
521 6.165346047478709e-05
578 0.0001440237055098346
710 0.00023971321052336105
814 0.00014488623116808087
828 0.00022419450561242282
872 6.593667904531496e-05
1096 6.950834500520415e-05
1126 4.895306850942043e-05
1135 0.00010774605847492284
1136 0.0001786642827461757
1140 3.8493910507496085e-05
1145 9.920086195142229e-05
1146 0.0001504088997800851
1234 2.8271279696782107e-05
1238 0.00022883910672981793
1254 8.96392359620217e-05
1332 0.00018418695135817993
1333 0.00021244233432427055
1365 6.733409171295719e-05
1367 0.0001275049519955334
1418 6.424444555902466e-05
1461 0.00014488623116808087
1469 6.358367031630664e-05
1497 6.663037655997976e-05
1500 0.00010310145735752775
1647 0.00014944388948364012
1706 3.382257549850835e-05
1729 0.00010200632301179658
1730 0.00019756065060853997
1773 0.0001002340757964429
1777 4.871062309639001e-05
1834 0.00014849761844045535
1922 7.334292682143156e-06
1942 0.0001376235146469122
1985 9.496067334174995e-05
2316 0.00012341728754011654
2317 0.00019041645403432799
2371 8.858094887998e-06
2377 0.0001228603508781383
2391 2.4157123570420575e-05
2448 8.825864993225359e-05
2550 5.3403616896513294e-05
2559 7.604199766141655e-05
2563 2.4450245822639586e-05
2564 4.692973938522239e-05
2571 6.593667904531496e-05
2582 7.458098891001271e-05
2586 9.502842032885344e-06
2590 8.771718405598661e-05
2618 4.846937791309118e-05
2718 8.88061998220748e-05
2780 9.342327683396404e-05
2790 0.00011425323385392718
2791 0.00015663840245623315
2830 8.285279662389543e-05
2955 4.7516165565500014e-05
2958 6.950834500520415e-05
2969 0.00023397347506023475
2976 5.461691012835996e-05
2989 0.0001523982138465608
3064 0.00016128300357362823
3075 0.00016128300357362823
3226 8.164949036359771e-05
3261 0.00020298083458234552
3269 0.00010310145735752775
3321 0.00011761535496899039
3368 0.00010058340652177312
3372 6.542281037332744e-05
3375 0.00010236864012694453
3409 8.458895984833521e-05
3513 6.056183085252843e-05
3519 8.586807337437805e-05
3545 6.071628875522179e-05
3558 0.00016007969731333051
3572 5.234992335902794e-05
3576 5.3536945098705395e-05
3639 0.00016920278300425065
3707 0.00015663840245623315
3719 2.489326185102742e-05
3720 0.00018617626542465564
3743 3.233112827567267e-05
3746 1.903006184883404e-05
3819 6.424444555902466e-05
3875 3.285232498188492e-05
3887 5.5861184383926875e-05
3932 4.895306850942043e-05
3943 7.689695691525318e-05
4005 9.222735356398462e-05
4015 8.798716495431228e-05
4046 9.312153328472917e-05
4050 0.0001786642827461757
4051 0.00020019542348213994
4099 0.0001147195668623605
4220 4.3879500470736716e-05
4308 7.955569410086921e-05
4326 0.00011024565393173974
4328 0.00011566583790554528
4388 0.0001415241100530177
4392 8.334256383691721e-05
4457 0.00010058340652177312
4467 5.5861184383926875e-05
4481 9.282164663063054e-05
4502 6.424444555902466e-05
4503 7.798719092134497e-05
4563 4.728074758348793e-05
4577 3.9085797470059324e-05
4652 4.476354154013861e-05
4658 8.334256383691721e-05
4659 6.610917985376751e-05
4676 1.811794967986411e-05
4759 5.0810908270240366e-05
4768 0.00012176521653240713
4769 0.00012936752625714268
4781 0.0001753021616311125
4834 1.7286007534181456e-05
4839 3.088397517794058e-05
4846 4.681329625334851e-05
5080 0.00010575674440844711
5161 5.502814824397996e-05
5162 5.6001418804450566e-05
5194 0.00011712061541501202
5197 0.0001391464957049546
5217 7.159039254876493e-05
5254 5.9796800580258657e-05
5287 0.0002734912621014559
5366 0.00013542473142615584
5408 0.00010774605847492284
5411 8.164949036359771e-05
5469 1.1433598200043818e-05
5481 6.576478670658657e-05
5622 6.733409171295719e-05
5627 0.0002199543170027505
5628 0.0002875104201589402
5642 9.852402568908913e-05
5687 2.724862948448243e-05
5699 8.260974660633398e-05
5702 3.9886331735258645e-05
5862 6.610917985376751e-05
5865 0.0001196461249524729
5894 1.5848029138067838e-05
5896 1.6219082409210568e-05
5975 0.00010460100421098168
6000 3.4631041686461846e-05
6018 0.0001431761810607271
6106 7.217400943451535e-05
6120 0.0001504088997800851
6121 0.0001523982138465608
6159 7.101368253390731e-05
6160 7.955569410086921e-05
6175 0.00015139340654708521
6176 0.00030726931367955075
6211 7.356359438910525e-05
6264 4.7398314413738584e-05
6265 0.0001275049519955334
6277 0.00011067500849334801
6371 0.0001664173719040451
6429 5.815485137703107e-05
6452 8.63892700805903e-05
6467 4.669713069773751e-05
6468 4.669713069773751e-05
6470 0.0001263016457352357
6506 8.88061998220748e-05
6507 6.212889280683989e-05
6540 6.040786096929821e-05
6556 0.00016378259903044513
6566 7.082295263288685e-05
6568 3.9584588186023764e-05
6569 4.981125419104163e-05
6586 5.24803957997587e-05
6588 6.576478670658657e-05
6589 5.9343481706634316e-05
6600 0.00013065000625947455
6605 0.00010200632301179658
6730 0.00013065000625947455
6762 7.139739654402146e-05
6763 7.27647006365303e-05
6789 4.7516165565500014e-05
6826 0.00013614669170503938
6833 2.7093186202753706e-05
6905 2.9805618738211806e-05
6919 7.3968006896828e-05
6920 9.403242760948e-05
6929 5.904359505253569e-05
6960 3.259102983841739e-05
6962 0.00010460100421098168
6968 0.0001287387249198448
6992 4.787143878550288e-05
6995 7.843020694973282e-05
7067 3.508605365233e-05
7073 5.516600244482883e-05
7121 0.00016920278300425065
7303 0.00020298083458234552
7390 0.00013065000625947455
7469 7.887728740211037e-05
7476 8.117636599183342e-05
7480 9.252359415714085e-05
7482 2.5340342303404983e-05
7483 2.8590308184836374e-05
7554 8.260974660633398e-05
7677 6.988034244141115e-05
7678 8.260974660633398e-05
7679 8.260974660633398e-05
7738 0.00022419450561242282
7808 4.7398314413738584e-05
7818 2.996997446737178e-05
7858 4.509923582401553e-05
7862 9.077257605451787e-05
7890 9.233159952796689e-06
7893 5.131853189681648e-05
7894 6.374802604546662e-05
7902 7.376538112671329e-05
7903 8.141235399539764e-05
7938 4.907474504580058e-05
7943 7.64676023536449e-05
8009 2.7093186202753706e-05
8010 3.97855428110104e-05
8031 5.5721352358276173e-05
8032 6.056183085252843e-05
8054 2.9805618738211806e-05
8144 1.8182537399726556e-05
8149 0.00011811516886331826
8234 4.8109734749355606e-05
8342 0.00016251677649793962
8344 0.00018617626542465564
8349 4.919672615455441e-05
8447 4.100899018649567e-05
8489 0.00013837905578907654
8509 0.00018617626542465564
8597 0.0001753021616311125
8598 0.00030726931367955075
8633 5.949411993323993e-05
8639 3.69498153124238e-05
8642 9.164022082905678e-05
8661 7.843020694973282e-05
8663 8.001326955199571e-05
8678 4.409901177660094e-05
8687 0.00013837905578907654
8753 0.00010614816360120087
8756 9.372690041743856e-05
8757 9.818910047034337e-05
8799 0.00012069415303305452
8800 0.00011379132113009053
8866 3.8493910507496085e-05
8871 7.025520142447097e-05
