203
56 0.0001027336712532598
58 3.9886331735258645e-05
75 0.00022883910672981793
158 1.722259642893919e-05
160 3.6009024944890365e-05
225 4.311890533715833e-05
226 0.00011712061541501202
290 5.516600244482883e-05
323 0.00018825025618924418
443 5.859719717528758e-05
456 0.00016378259903044513
463 2.104404381130732e-05
507 0.00018617626542465564
511 4.409901177660094e-05
545 0.0001300045474523503
546 0.00013263932032595027
891 5.757123449128065e-05
897 0.00014488623116808087
1069 0.0002537323685808453
1140 3.8493910507496085e-05
1158 0.00022419450561242282
1159 0.00026261715830791277
1234 2.8271279696782107e-05
1246 0.00014071861357331354
1247 0.0001431761810607271
1265 6.576478670658657e-05
1269 8.433711728522342e-05
1273 0.00017695423263882194
1276 0.00030726931367955075
1306 4.5550455969092306e-05
1312 0.00011243128604527755
1511 9.312153328472917e-05
1617 0.00019506105515172307
1618 0.00020019542348213994
1638 7.33626397641186e-05
1641 7.583058115843726e-05
1828 0.00016128300357362823
1881 8.408656954820681e-05
1916 0.00014071861357331354
1922 7.334292682143156e-06
1929 4.2158123180710165e-05
1931 7.754816608258265e-05
1935 0.0002875104201589402
1941 8.024367862190805e-05
1957 8.88061998220748e-05
1984 0.00010734164596720007
2000 0.00017695423263882194
2002 0.00018617626542465564
2004 7.217400943451535e-05
2009 0.00012176521653240713
2010 0.00020908021320920737
2076 7.66818067754729e-05
2167 8.744869066327002e-05
2169 0.0002875104201589402
2371 8.858094887998e-06
2391 2.4157123570420575e-05
2479 0.00013542473142615584
2493 2.5565430128539482e-05
2563 2.4450245822639586e-05
2564 4.692973938522239e-05
2586 9.502842032885344e-06
2589 0.0001228603508781383
2714 8.691610145495967e-05
2762 0.00010200632301179658
2763 0.00023397347506023475
2792 0.0002059351589452662
2793 0.00021605372159664503
2797 0.00010347204034115494
2843 7.33626397641186e-05
2844 0.0002199543170027505
2945 0.0001196461249524729
2947 0.00022883910672981793
3050 5.1064059112276297e-05
3051 7.910237522724487e-05
3052 0.00011379132113009053
3182 0.00017215710736717137
3183 0.0002875104201589402
3337 0.00015775871449691997
3338 0.00016007969731333051
3572 5.234992335902794e-05
3573 0.00016128300357362823
3647 8.094151528426567e-05
3719 2.489326185102742e-05
3727 6.424444555902466e-05
3875 3.285232498188492e-05
3916 0.00020908021320920737
3931 0.0001664173719040451
3977 0.0001128804268053397
4037 0.0001391464957049546
4038 0.00014488623116808087
4136 0.00013196715204843822
4154 0.00012571095453322076
4163 0.00017695423263882194
4308 7.955569410086921e-05
4309 0.00022883910672981793
4314 3.1644758795232604e-05
4315 7.256700694753944e-05
4375 7.541048004377448e-05
4376 0.00014488623116808087
4384 0.0001753021616311125
4444 0.00014665847838343454
4519 0.00010128967145643295
4546 7.625433537211054e-05
4567 6.341986704442123e-05
4568 0.00022419450561242282
4699 3.676019862375966e-05
4739 0.00013687950893562258
4740 0.00013837905578907654
4741 0.00016128300357362823
4759 5.0810908270240366e-05
4760 0.0001347133110905388
4797 9.988723143186235e-05
4821 8.691610145495967e-05
4823 0.0001786642827461757
4834 1.7286007534181456e-05
5111 0.00014849761844045535
5161 5.502814824397996e-05
5162 5.6001418804450566e-05
5294 9.68719546813797e-05
5319 0.0001664173719040451
5334 9.719791862251607e-05
5335 9.852402568908913e-05
5364 0.0001804365299615294
5365 0.00020019542348213994
5405 0.00019506105515172307
5411 8.164949036359771e-05
5430 6.441104889224853e-05
5434 7.159039254876493e-05
5466 0.00015447220461114937
5469 1.1433598200043818e-05
5588 6.913916575845257e-05
5593 0.0002059351589452662
5597 0.00021244233432427055
5669 0.0001300045474523503
5687 2.724862948448243e-05
5688 0.00018617626542465564
5689 0.00019041645403432799
5690 0.00019756065060853997
5810 5.261121850249547e-05
5822 9.134928606937549e-05
5823 0.0001475693727081854
5894 1.5848029138067838e-05
5896 1.6219082409210568e-05
5966 0.00026261715830791277
6022 2.0770655001689466e-05
6064 0.00010498321344481378
6067 0.00016378259903044513
6069 0.0001786642827461757
6071 0.0002199543170027505
6242 3.105201474962982e-05
6249 0.00010897983139923425
6278 0.00011566583790554528
6292 8.853165584237468e-05
6297 9.164022082905678e-05
6308 0.0001523982138465608
6327 0.00010384546306881737
6467 4.669713069773751e-05
6468 4.669713069773751e-05
6507 6.212889280683989e-05
6516 9.818910047034337e-05
6536 7.499396958083494e-05
6568 3.9584588186023764e-05
6578 6.025437603138515e-05
6586 5.24803957997587e-05
6588 6.576478670658657e-05
6667 0.00012069415303305452
6668 0.00017695423263882194
6682 6.698096388147314e-05
6689 7.376538112671329e-05
6725 8.458895984833521e-05
6727 8.612797493712278e-05
6732 0.00018227567001855016
6760 1.9892587507080337e-05
6815 7.178415593526694e-05
6822 8.535239208071232e-05
7085 0.00018418695135817993
7101 0.00011862016226846598
7392 5.274239335290522e-05
7414 0.00010460100421098168
7694 6.804811807694473e-05
7757 0.00018418695135817993
7883 0.00016251677649793962
7886 7.910237522724487e-05
8009 2.7093186202753706e-05
8010 3.97855428110104e-05
8016 3.6571316885345003e-05
8084 0.00011333374567896404
8086 0.00014944388948364012
8204 5.1064059112276297e-05
8259 0.0002537323685808453
8444 5.815485137703107e-05
8447 4.100899018649567e-05
8509 0.00018617626542465564
8633 5.949411993323993e-05
8638 6.491430390704548e-05
8746 0.00011811516886331826
8781 8.63892700805903e-05
8800 0.00011379132113009053
8818 7.139739654402146e-05
8819 7.139739654402146e-05
8866 3.8493910507496085e-05
8874 0.0001786642827461757
8875 0.0001804365299615294
