24
69 0.038841839563677864
145 0.021486152181857194
360 0.0753735499082443
872 0.024484486818826954
1460 0.05380108717374736
1468 0.023610736244121862
1499 0.0382850078320953
1984 0.03526206336756981
2075 0.028474510915958935
2170 0.09421928619968722
2724 0.039126815585773925
4915 0.024293670251962253
5032 0.02567367688497205
5172 0.027924927573583093
6338 0.059442927602350065
6414 0.03561344534827243
6469 0.017340201199093193
6834 0.010060603143289208
6921 0.03491737478565357
7666 0.03870101703653701
7961 0.0369635739497117
8033 0.022488626523238887
8758 0.03646088597465417
8872 0.026088098128953553
