407
15 6.0101372993599195e-05
17 0.00012016732165868515
56 0.0001027336712532598
58 3.9886331735258645e-05
68 3.241760820520544e-05
69 0.00010460100421098168
82 8.334256383691721e-05
84 0.00020908021320920737
91 0.00015663840245623315
132 8.334256383691721e-05
138 5.5304247721948624e-05
139 0.00010897983139923425
145 5.786216925096193e-05
146 0.000101646679848061
148 0.00010614816360120087
158 1.722259642893919e-05
160 3.6009024944890365e-05
163 4.4209139343250144e-05
164 0.0001804365299615294
169 0.00021244233432427055
225 4.311890533715833e-05
228 0.0002734912621014559
240 0.00010347204034115494
278 5.558192042480493e-05
338 0.0001391464957049546
375 8.334256383691721e-05
389 0.0002059351589452662
393 0.00015139340654708521
396 0.0002199543170027505
423 8.63892700805903e-05
430 2.1595466130645556e-05
436 6.181142310095298e-05
449 6.628229345501092e-05
463 2.104404381130732e-05
473 4.858985121920245e-05
490 0.0001523982138465608
496 0.00015447220461114937
509 1.4811799641107606e-05
510 0.00019041645403432799
521 6.165346047478709e-05
524 0.00013837905578907654
723 6.212889280683989e-05
726 6.4078409870285e-05
753 9.752607762356147e-05
757 0.00010815385522706535
779 0.00013401212737453773
780 0.00013614669170503938
855 9.464928935894339e-05
856 0.00026261715830791277
858 0.00010815385522706535
872 6.593667904531496e-05
891 5.757123449128065e-05
960 0.00012069415303305452
961 0.0001251273376474703
1126 4.895306850942043e-05
1135 0.00010774605847492284
1136 0.0001786642827461757
1140 3.8493910507496085e-05
1145 9.920086195142229e-05
1146 0.0001504088997800851
1164 8.408656954820681e-05
1165 8.433711728522342e-05
1173 9.077257605451787e-05
1234 2.8271279696782107e-05
1238 0.00022883910672981793
1243 0.00012341728754011654
1306 4.5550455969092306e-05
1310 8.285279662389543e-05
1350 6.374802604546662e-05
1356 0.00014488623116808087
1359 0.00016920278300425065
1364 0.00016378259903044513
1380 0.00015890538922556517
1418 6.424444555902466e-05
1431 0.0001677901789526326
1440 0.00010815385522706535
1461 0.00014488623116808087
1469 6.358367031630664e-05
1477 0.00016378259903044513
1497 6.663037655997976e-05
1500 0.00010310145735752775
1503 0.00015663840245623315
1535 0.0002734912621014559
1559 0.00011425323385392718
1565 0.00015342417653056774
1573 0.0001347133110905388
1666 0.0001804365299615294
1742 0.00015775871449691997
1773 0.0001002340757964429
1777 4.871062309639001e-05
1922 7.334292682143156e-06
1929 4.2158123180710165e-05
1936 0.00011024565393173974
1957 8.88061998220748e-05
1960 0.00011712061541501202
1985 9.496067334174995e-05
2004 7.217400943451535e-05
2009 0.00012176521653240713
2042 8.383730339089555e-05
2044 0.00010536844412685977
2065 0.00016128300357362823
2076 7.66818067754729e-05
2083 0.00010422176939821458
2085 0.0001147195668623605
2095 0.00020908021320920737
2118 6.715720793434914e-05
2167 8.744869066327002e-05
2170 0.00020019542348213994
2214 0.00021605372159664503
2242 0.00013614669170503938
2271 0.00015890538922556517
2371 8.858094887998e-06
2373 4.532432364915004e-05
2377 0.0001228603508781383
2384 3.364472337590274e-05
2391 2.4157123570420575e-05
2455 0.00010128967145643295
2469 0.00011110817958998604
2493 2.5565430128539482e-05
2523 0.0001504088997800851
2524 0.00016920278300425065
2532 0.00015554326811050196
2550 5.3403616896513294e-05
2563 2.4450245822639586e-05
2571 6.593667904531496e-05
2586 9.502842032885344e-06
2587 0.00014944388948364012
2590 8.771718405598661e-05
2607 3.3290954653437934e-05
2612 8.001326955199571e-05
2618 4.846937791309118e-05
2667 8.358930576913648e-05
2673 0.00014849761844045535
2680 0.00022883910672981793
2681 0.0002537323685808453
2688 0.00023971321052336105
2732 0.00012069415303305452
2739 7.583058115843726e-05
2759 0.00015554326811050196
2760 0.00022419450561242282
2767 0.00017215710736717137
2830 8.285279662389543e-05
2955 4.7516165565500014e-05
2976 5.461691012835996e-05
3050 5.1064059112276297e-05
3051 7.910237522724487e-05
3067 0.00010093525951244397
3185 0.00010939812948263226
3212 7.356359438910525e-05
3228 4.566391685271689e-05
3229 4.669713069773751e-05
3230 4.692973938522239e-05
3321 0.00011761535496899039
3324 0.00030726931367955075
3333 0.00016007969731333051
3335 0.00022419450561242282
3368 0.00010058340652177312
3372 6.542281037332744e-05
3383 0.00010815385522706535
3419 0.00011712061541501202
3519 8.586807337437805e-05
3545 6.071628875522179e-05
3572 5.234992335902794e-05
3576 5.3536945098705395e-05
3639 0.00016920278300425065
3727 6.424444555902466e-05
3729 0.00012936752625714268
3730 0.0002199543170027505
3740 0.00016378259903044513
3743 3.233112827567267e-05
3746 1.903006184883404e-05
3756 0.00014576429866269
3757 0.00017370426675739054
3766 5.131853189681648e-05
3781 0.00022883910672981793
3796 0.0001399262151792957
3804 0.00023971321052336105
3832 3.3290954653437934e-05
3835 0.00011811516886331826
3847 0.0001677901789526326
3872 9.164022082905678e-05
3875 3.285232498188492e-05
3912 0.00013263932032595027
3926 0.00011110817958998604
3932 4.895306850942043e-05
3951 9.920086195142229e-05
3954 0.00010774605847492284
3969 6.0101372993599195e-05
3970 6.663037655997976e-05
4099 0.0001147195668623605
4220 4.3879500470736716e-05
4230 0.00020298083458234552
4290 5.656642719180506e-05
4291 7.843020694973282e-05
4314 3.1644758795232604e-05
4329 3.676019862375966e-05
4388 0.0001415241100530177
4390 8.825864993225359e-05
4402 6.950834500520415e-05
4453 3.6854914742017664e-05
4461 9.19329029551259e-05
4485 7.159039254876493e-05
4486 0.00012571095453322076
4488 0.00020019542348213994
4495 3.207260550754382e-05
4546 7.625433537211054e-05
4563 4.728074758348793e-05
4658 8.334256383691721e-05
4659 6.610917985376751e-05
4670 7.541048004377448e-05
4676 1.811794967986411e-05
4699 3.676019862375966e-05
4712 8.484211069037113e-05
4718 0.0001147195668623605
4801 0.0001347133110905388
4829 8.383730339089555e-05
4834 1.7286007534181456e-05
4835 0.0001440237055098346
4839 3.088397517794058e-05
4844 0.00010734164596720007
4911 6.341986704442123e-05
4913 6.457822376461287e-05
4914 6.542281037332744e-05
4933 2.564069103539461e-05
5168 0.00014488623116808087
5170 0.0001128804268053397
5171 7.52017798211394e-05
5176 0.0001347133110905388
5177 6.196989942762013e-05
5180 0.00010982004923951138
5185 0.00015447220461114937
5186 0.00016007969731333051
5192 8.001326955199571e-05
5194 0.00011712061541501202
5196 0.0002734912621014559
5222 2.3001954162320978e-05
5228 4.931901336427842e-05
5264 0.00011425323385392718
5327 0.00014944388948364012
5334 9.719791862251607e-05
5335 9.852402568908913e-05
5349 0.00023397347506023475
5369 7.562007790453742e-05
5370 0.00011154523568104574
5379 2.541525611908456e-05
5380 3.8298201700263376e-05
5395 3.215862746722012e-05
5416 0.00013332088986277624
5434 7.159039254876493e-05
5438 0.0001753021616311125
5457 0.0001423431449207802
5469 1.1433598200043818e-05
5588 6.913916575845257e-05
5593 0.0002059351589452662
5669 0.0001300045474523503
5676 9.312153328472917e-05
5687 2.724862948448243e-05
5691 8.383730339089555e-05
5694 0.00015775871449691997
5699 8.260974660633398e-05
5700 0.00010575674440844711
5701 0.00010575674440844711
5729 9.106007793564448e-05
5731 0.0001415241100530177
5806 7.910237522724487e-05
5810 5.261121850249547e-05
5820 0.00019756065060853997
5834 6.804811807694473e-05
5894 1.5848029138067838e-05
5896 1.6219082409210568e-05
5953 0.0001664173719040451
5955 0.00016378259903044513
5975 0.00010460100421098168
5979 0.0002875104201589402
5996 0.0001431761810607271
5998 0.00014488623116808087
5999 0.0001804365299615294
6022 2.0770655001689466e-05
6084 7.843020694973282e-05
6085 0.00011862016226846598
6094 0.00011761535496899039
6101 0.0002059351589452662
6120 0.0001504088997800851
6121 0.0001523982138465608
6208 0.0001228603508781383
6242 3.105201474962982e-05
6262 0.0001128804268053397
6297 9.164022082905678e-05
6299 0.0001431761810607271
6309 0.0001147195668623605
6325 0.00015890538922556517
6336 0.00015890538922556517
6337 0.00016007969731333051
6377 0.00010694056199521868
6408 4.3989132524856074e-05
6413 9.590694438493474e-05
6463 0.00023397347506023475
6467 4.669713069773751e-05
6468 4.669713069773751e-05
6481 0.00012936752625714268
6540 6.040786096929821e-05
6566 7.082295263288685e-05
6578 6.025437603138515e-05
6613 0.00014944388948364012
6675 5.7716484755306535e-05
6689 7.376538112671329e-05
6705 0.00016508218077975113
6711 0.0002462203859023654
6760 1.9892587507080337e-05
6762 7.139739654402146e-05
6763 7.27647006365303e-05
6823 0.00012176521653240713
6831 0.00011198624708459517
6833 2.7093186202753706e-05
6885 5.131853189681648e-05
6888 0.00019506105515172307
6905 2.9805618738211806e-05
6919 7.3968006896828e-05
6920 9.403242760948e-05
6921 0.0002734912621014559
6929 5.904359505253569e-05
6960 3.259102983841739e-05
6967 0.00010536844412685977
6992 4.787143878550288e-05
6995 7.843020694973282e-05
7067 3.508605365233e-05
7073 5.516600244482883e-05
7139 6.196989942762013e-05
7178 3.714017269315804e-05
7251 7.689695691525318e-05
7301 0.00011024565393173974
7302 0.00011811516886331826
7321 3.8200641252257444e-05
7335 0.000126899584862824
7346 8.070779096331723e-05
7349 0.00013614669170503938
7369 9.372690041743856e-05
7373 7.27647006365303e-05
7374 0.00010498321344481378
7444 9.886126874785542e-05
7447 0.00012176521653240713
7482 2.5340342303404983e-05
7483 2.8590308184836374e-05
7503 3.173002815645075e-05
7504 0.00012571095453322076
7579 0.00015775871449691997
7580 0.0001804365299615294
7651 0.00011566583790554528
7652 0.00016251677649793962
7661 0.0002059351589452662
7665 0.00010422176939821458
7671 9.134928606937549e-05
7677 6.988034244141115e-05
7681 0.00017215710736717137
7694 6.804811807694473e-05
7701 0.00011425323385392718
7775 0.00010536844412685977
7784 7.082295263288685e-05
7818 2.996997446737178e-05
7836 6.424444555902466e-05
7858 4.509923582401553e-05
7863 7.64676023536449e-05
7886 7.910237522724487e-05
7890 9.233159952796689e-06
7891 6.932340577943291e-05
7892 0.0001002340757964429
7894 6.374802604546662e-05
7902 7.376538112671329e-05
7903 8.141235399539764e-05
7915 0.00018617626542465564
7938 4.907474504580058e-05
7942 9.134928606937549e-05
7960 9.954283828468142e-05
8009 2.7093186202753706e-05
8010 3.97855428110104e-05
8018 0.0001281179340087181
8031 5.5721352358276173e-05
8032 6.056183085252843e-05
8042 6.663037655997976e-05
8109 8.285279662389543e-05
8116 0.00015447220461114937
8125 0.00021605372159664503
8234 4.8109734749355606e-05
8249 0.00023397347506023475
8250 0.0002875104201589402
8345 0.0002875104201589402
8367 0.0001786642827461757
8444 5.815485137703107e-05
8447 4.100899018649567e-05
8503 7.256700694753944e-05
8513 4.3335009582674306e-05
8520 5.874554257904601e-05
8521 6.610917985376751e-05
8539 7.955569410086921e-05
8542 0.00022419450561242282
8608 0.0001677901789526326
8633 5.949411993323993e-05
8638 6.491430390704548e-05
8678 4.409901177660094e-05
8680 0.00015663840245623315
8756 9.372690041743856e-05
8757 9.818910047034337e-05
8818 7.139739654402146e-05
8819 7.139739654402146e-05
8841 0.0001275049519955334
8844 0.0001523982138465608
8871 7.025520142447097e-05
