105
158 1.722259642893919e-05
160 3.6009024944890365e-05
330 6.358367031630664e-05
334 9.252359415714085e-05
339 0.0001523982138465608
779 0.00013401212737453773
780 0.00013614669170503938
881 0.00020298083458234552
1083 7.178415593526694e-05
1173 9.077257605451787e-05
1234 2.8271279696782107e-05
1402 0.00023397347506023475
1412 6.804811807694473e-05
1594 0.000126899584862824
1610 9.590694438493474e-05
1658 0.00010654275221462514
1922 7.334292682143156e-06
2040 4.7398314413738584e-05
2288 0.00018418695135817993
2289 0.00019268344080366
2434 0.00010536844412685977
2586 9.502842032885344e-06
2667 8.358930576913648e-05
2792 0.0002059351589452662
2793 0.00021605372159664503
2830 8.285279662389543e-05
2832 0.0001196461249524729
2833 0.0001391464957049546
2834 0.00014849761844045535
3024 0.0001347133110905388
3025 0.00026261715830791277
3104 0.00010939812948263226
3249 0.00012016732165868515
3586 6.228840662358072e-05
3654 6.663037655997976e-05
3666 0.0001804365299615294
3667 0.00023971321052336105
3731 5.3138049876864844e-05
3745 0.00019506105515172307
3746 1.903006184883404e-05
3819 6.424444555902466e-05
3875 3.285232498188492e-05
3969 6.0101372993599195e-05
3970 6.663037655997976e-05
4150 0.00022883910672981793
4154 0.00012571095453322076
4189 4.981125419104163e-05
4224 8.236790279729728e-05
4227 0.0001753021616311125
4406 6.508321716976057e-05
4408 0.00013687950893562258
4453 3.6854914742017664e-05
4455 0.00021244233432427055
4485 7.159039254876493e-05
4492 6.969398876306011e-05
4511 0.00019041645403432799
4650 0.0001786642827461757
4869 0.00013614669170503938
4871 0.00015775871449691997
4917 0.00020019542348213994
4918 0.00020298083458234552
5024 6.025437603138515e-05
5031 6.913916575845257e-05
5044 0.00010058340652177312
5080 0.00010575674440844711
5149 0.0001376235146469122
5568 0.0001753021616311125
5611 0.00012122674224136485
5702 3.9886331735258645e-05
5911 7.47870417645905e-05
5984 3.088397517794058e-05
5985 7.52017798211394e-05
5987 7.798719092134497e-05
6022 2.0770655001689466e-05
6057 0.00011024565393173974
6159 7.101368253390731e-05
6160 7.955569410086921e-05
6242 3.105201474962982e-05
6246 0.00010128967145643295
6380 0.00011067500849334801
6408 4.3989132524856074e-05
6409 0.00010575674440844711
6490 2.724862948448243e-05
6491 7.604199766141655e-05
6789 4.7516165565500014e-05
6833 2.7093186202753706e-05
6905 2.9805618738211806e-05
6929 5.904359505253569e-05
6992 4.787143878550288e-05
7124 6.859058854884968e-05
7282 0.00022883910672981793
7503 3.173002815645075e-05
7720 0.0001677901789526326
7721 0.00016920278300425065
7890 9.233159952796689e-06
8054 2.9805618738211806e-05
8442 8.001326955199571e-05
8507 0.00022883910672981793
8520 5.874554257904601e-05
8521 6.610917985376751e-05
8690 0.0001677901789526326
8692 0.00023971321052336105
8738 8.853165584237468e-05
8740 0.00019756065060853997
8813 4.431951634967444e-05
