198
15 6.0101372993599195e-05
58 3.9886331735258645e-05
68 3.241760820520544e-05
97 8.612797493712278e-05
246 0.0001002340757964429
278 5.558192042480493e-05
295 6.969398876306011e-05
310 8.408656954820681e-05
317 0.00021244233432427055
330 6.358367031630664e-05
371 9.818910047034337e-05
378 7.955569410086921e-05
412 6.391293797104737e-05
413 7.562007790453742e-05
430 2.1595466130645556e-05
463 2.104404381130732e-05
480 6.877276232176413e-05
494 0.00010815385522706535
575 8.825864993225359e-05
706 6.525271795805037e-05
708 9.654815662959692e-05
723 6.212889280683989e-05
726 6.4078409870285e-05
753 9.752607762356147e-05
757 0.00010815385522706535
837 0.0001128804268053397
838 0.00011614595437539213
861 7.316251041712385e-05
891 5.757123449128065e-05
892 0.0001475693727081854
1113 0.00030726931367955075
1365 6.733409171295719e-05
1432 0.00015139340654708521
1628 0.00016378259903044513
1638 7.33626397641186e-05
1641 7.583058115843726e-05
1777 4.871062309639001e-05
1922 7.334292682143156e-06
1929 4.2158123180710165e-05
1931 7.754816608258265e-05
2070 0.00016251677649793962
2123 0.00011243128604527755
2280 0.00018418695135817993
2318 0.00019506105515172307
2321 8.691610145495967e-05
2326 0.00011913044365880717
2371 8.858094887998e-06
2379 0.00010939812948263226
2382 0.00011154523568104574
2384 3.364472337590274e-05
2385 0.00011712061541501202
2493 2.5565430128539482e-05
2648 0.00023397347506023475
2739 7.583058115843726e-05
2773 0.00011067500849334801
2783 8.718166847460814e-05
2785 0.00010856509334268535
2903 8.718166847460814e-05
2904 0.00015139340654708521
3050 5.1064059112276297e-05
3051 7.910237522724487e-05
3052 0.00011379132113009053
3104 0.00010939812948263226
3284 0.00019756065060853997
3413 8.001326955199571e-05
3415 0.00015663840245623315
3513 6.056183085252843e-05
3605 5.380470086849468e-05
3610 0.00018418695135817993
3616 0.0002059351589452662
3617 0.00022883910672981793
3618 0.0002537323685808453
3627 6.491430390704548e-05
3628 7.733012801189119e-05
3727 6.424444555902466e-05
3743 3.233112827567267e-05
3762 0.00017695423263882194
3829 0.00019506105515172307
3901 0.00010384546306881737
4018 9.342327683396404e-05
4126 0.00019506105515172307
4247 4.846937791309118e-05
4290 5.656642719180506e-05
4291 7.843020694973282e-05
4314 3.1644758795232604e-05
4315 7.256700694753944e-05
4392 8.334256383691721e-05
4406 6.508321716976057e-05
4408 0.00013687950893562258
4453 3.6854914742017664e-05
4461 9.19329029551259e-05
4486 0.00012571095453322076
4502 6.424444555902466e-05
4503 7.798719092134497e-05
4519 0.00010128967145643295
4546 7.625433537211054e-05
4577 3.9085797470059324e-05
4614 0.0001523982138465608
4659 6.610917985376751e-05
4676 1.811794967986411e-05
4821 8.691610145495967e-05
4822 0.00017695423263882194
4853 8.535239208071232e-05
4894 0.00014849761844045535
4898 0.00022419450561242282
4992 0.00017695423263882194
5011 0.00010310145735752775
5044 0.00010058340652177312
5055 0.00013065000625947455
5056 0.00013614669170503938
5150 0.00030726931367955075
5177 6.196989942762013e-05
5198 0.00010654275221462514
5199 0.00014665847838343454
5211 0.00019506105515172307
5212 0.0002059351589452662
5222 2.3001954162320978e-05
5228 4.931901336427842e-05
5378 0.00010347204034115494
5408 0.00010774605847492284
5455 8.908229930004346e-05
5600 0.00018227567001855016
5601 0.00030726931367955075
5636 0.00010310145735752775
5638 0.00026261715830791277
5687 2.724862948448243e-05
5691 8.383730339089555e-05
5702 3.9886331735258645e-05
5762 0.0001391464957049546
5806 7.910237522724487e-05
5810 5.261121850249547e-05
5894 1.5848029138067838e-05
6141 0.00010982004923951138
6242 3.105201474962982e-05
6302 8.509658347491132e-05
6356 6.733409171295719e-05
6358 0.0002734912621014559
6536 7.499396958083494e-05
6578 6.025437603138515e-05
6586 5.24803957997587e-05
6588 6.576478670658657e-05
6702 0.0001440237055098346
6780 0.0001523982138465608
6781 0.00018617626542465564
6789 4.7516165565500014e-05
6831 0.00011198624708459517
6885 5.131853189681648e-05
6893 9.252359415714085e-05
6894 9.252359415714085e-05
6905 2.9805618738211806e-05
6908 8.935997200289977e-05
6960 3.259102983841739e-05
7233 0.00017370426675739054
7316 0.00019041645403432799
7364 0.00023397347506023475
7385 0.00017065756051371745
7389 0.0001300045474523503
7482 2.5340342303404983e-05
7496 0.00018227567001855016
7577 8.853165584237468e-05
7578 8.88061998220748e-05
7677 6.988034244141115e-05
7718 9.527405980765772e-05
7719 0.00012016732165868515
7720 0.0001677901789526326
7721 0.00016920278300425065
7858 4.509923582401553e-05
7863 7.64676023536449e-05
7866 5.91933076971794e-05
7871 0.00018418695135817993
7872 0.00018617626542465564
7890 9.233159952796689e-06
8009 2.7093186202753706e-05
8010 3.97855428110104e-05
8016 3.6571316885345003e-05
8088 8.509658347491132e-05
8090 9.558947467904783e-05
8137 8.63892700805903e-05
8144 1.8182537399726556e-05
8174 0.00016508218077975113
8204 5.1064059112276297e-05
8234 4.8109734749355606e-05
8266 0.0002537323685808453
8442 8.001326955199571e-05
8503 7.256700694753944e-05
8504 0.00019756065060853997
8633 5.949411993323993e-05
8638 6.491430390704548e-05
8678 4.409901177660094e-05
8695 4.476354154013861e-05
8696 4.787143878550288e-05
8799 0.00012069415303305452
8813 4.431951634967444e-05
8824 0.00011712061541501202
8827 0.0001415241100530177
8866 3.8493910507496085e-05
8882 0.0001147195668623605
8883 0.00011519040557349246
