435
24 0.00014849761844045535
68 3.241760820520544e-05
70 0.00011566583790554528
92 0.00010774605847492284
93 0.00010982004923951138
105 0.0002734912621014559
106 0.00030726931367955075
116 0.0001523982138465608
145 5.786216925096193e-05
148 0.00010614816360120087
158 1.722259642893919e-05
161 8.88061998220748e-05
163 4.4209139343250144e-05
243 6.309390310328486e-05
276 4.8109734749355606e-05
277 5.502814824397996e-05
290 5.516600244482883e-05
310 8.408656954820681e-05
412 6.391293797104737e-05
430 2.1595466130645556e-05
443 5.859719717528758e-05
480 6.877276232176413e-05
509 1.4811799641107606e-05
524 0.00013837905578907654
573 0.00014576429866269
722 0.00011663084820199027
891 5.757123449128065e-05
903 0.00022883910672981793
960 0.00012069415303305452
961 0.0001251273376474703
969 0.00010536844412685977
977 0.00010384546306881737
1055 0.00011614595437539213
1096 6.950834500520415e-05
1102 8.285279662389543e-05
1103 9.527405980765772e-05
1111 9.886126874785542e-05
1204 0.00030726931367955075
1208 0.00012571095453322076
1234 2.8271279696782107e-05
1254 8.96392359620217e-05
1298 0.00017370426675739054
1301 0.00030726931367955075
1374 9.920086195142229e-05
1391 6.491430390704548e-05
1412 6.804811807694473e-05
1497 6.663037655997976e-05
1504 0.0001239806629188251
1508 0.00011198624708459517
1511 9.312153328472917e-05
1512 0.0001275049519955334
1517 9.106007793564448e-05
1539 0.00011198624708459517
1578 0.00010856509334268535
1583 8.88061998220748e-05
1587 9.954283828468142e-05
1646 0.00026261715830791277
1649 8.744869066327002e-05
1659 0.0001786642827461757
1671 7.64676023536449e-05
1706 3.382257549850835e-05
1713 4.787143878550288e-05
1733 0.00011243128604527755
1765 0.00016920278300425065
1777 4.871062309639001e-05
1785 0.00010734164596720007
1834 0.00014849761844045535
1848 6.508321716976057e-05
1888 6.071628875522179e-05
1901 0.00011243128604527755
1922 7.334292682143156e-06
1929 4.2158123180710165e-05
1936 0.00011024565393173974
1942 0.0001376235146469122
1966 0.0002875104201589402
1984 0.00010734164596720007
1985 9.496067334174995e-05
1987 0.00012571095453322076
1993 0.00014576429866269
1994 0.0001504088997800851
2026 8.535239208071232e-05
2040 4.7398314413738584e-05
2047 0.00019041645403432799
2063 0.00019756065060853997
2073 0.00010939812948263226
2113 0.00016508218077975113
2123 0.00011243128604527755
2148 8.383730339089555e-05
2149 8.408656954820681e-05
2167 8.744869066327002e-05
2184 0.00013130412920165632
2201 0.00017215710736717137
2216 0.0001677901789526326
2264 0.00020019542348213994
2265 0.0002059351589452662
2299 0.00010982004923951138
2300 0.00011024565393173974
2321 8.691610145495967e-05
2326 0.00011913044365880717
2371 8.858094887998e-06
2384 3.364472337590274e-05
2391 2.4157123570420575e-05
2404 0.00012341728754011654
2417 8.63892700805903e-05
2434 0.00010536844412685977
2439 5.502814824397996e-05
2493 2.5565430128539482e-05
2504 0.00018418695135817993
2544 0.00019041645403432799
2545 0.00019756065060853997
2546 0.00021605372159664503
2559 7.604199766141655e-05
2563 2.4450245822639586e-05
2564 4.692973938522239e-05
2580 8.992010952057247e-05
2582 7.458098891001271e-05
2586 9.502842032885344e-06
2590 8.771718405598661e-05
2607 3.3290954653437934e-05
2626 0.0001287387249198448
2635 0.00015554326811050196
2636 0.00016508218077975113
2673 0.00014849761844045535
2728 0.00010939812948263226
2797 0.00010347204034115494
2830 8.285279662389543e-05
2840 0.00014944388948364012
2843 7.33626397641186e-05
2850 9.252359415714085e-05
2916 0.00015890538922556517
2929 0.0001251273376474703
2930 0.0001523982138465608
2958 6.950834500520415e-05
2963 8.509658347491132e-05
2976 5.461691012835996e-05
2982 7.197869283035229e-05
3050 5.1064059112276297e-05
3051 7.910237522724487e-05
3075 0.00016128300357362823
3100 0.00016920278300425065
3117 0.00017065756051371745
3156 9.342327683396404e-05
3161 0.00010536844412685977
3185 0.00010939812948263226
3195 0.00019756065060853997
3218 0.00019041645403432799
3223 0.00013687950893562258
3228 4.566391685271689e-05
3229 4.669713069773751e-05
3230 4.692973938522239e-05
3235 0.0001287387249198448
3409 8.458895984833521e-05
3436 0.00014665847838343454
3474 0.00011862016226846598
3475 0.000126899584862824
3519 8.586807337437805e-05
3576 5.3536945098705395e-05
3586 6.228840662358072e-05
3657 4.716346370617082e-05
3719 2.489326185102742e-05
3723 6.859058854884968e-05
3724 5.7716484755306535e-05
3727 6.424444555902466e-05
3729 0.00012936752625714268
3731 5.3138049876864844e-05
3743 3.233112827567267e-05
3762 0.00017695423263882194
3819 6.424444555902466e-05
3872 9.164022082905678e-05
3875 3.285232498188492e-05
3891 8.334256383691721e-05
3892 0.00011110817958998604
3902 0.00012122674224136485
3905 0.0002199543170027505
3913 0.00026261715830791277
3932 4.895306850942043e-05
3943 7.689695691525318e-05
3951 9.920086195142229e-05
3952 0.0001804365299615294
3973 0.00018227567001855016
3974 0.00010128967145643295
3976 0.0002199543170027505
3986 0.0001504088997800851
3996 7.417147870601431e-05
4005 9.222735356398462e-05
4015 8.798716495431228e-05
4016 0.00017370426675739054
4017 0.00019506105515172307
4040 0.00018418695135817993
4120 0.0001431761810607271
4121 0.00015890538922556517
4147 0.00019756065060853997
4189 4.981125419104163e-05
4203 0.00011614595437539213
4247 4.846937791309118e-05
4267 0.00011519040557349246
4290 5.656642719180506e-05
4292 0.00011110817958998604
4296 9.527405980765772e-05
4314 3.1644758795232604e-05
4345 5.131853189681648e-05
4381 4.3226837668107787e-05
4382 6.14960082295629e-05
4392 8.334256383691721e-05
4423 0.0001128804268053397
4432 6.4078409870285e-05
4434 0.00013065000625947455
4435 0.00010856509334268535
4437 0.00022883910672981793
4438 0.00030726931367955075
4453 3.6854914742017664e-05
4454 0.0001804365299615294
4467 5.5861184383926875e-05
4473 0.00016128300357362823
4495 3.207260550754382e-05
4499 9.312153328472917e-05
4513 9.19329029551259e-05
4561 0.0001440237055098346
4563 4.728074758348793e-05
4567 6.341986704442123e-05
4658 8.334256383691721e-05
4659 6.610917985376751e-05
4676 1.811794967986411e-05
4699 3.676019862375966e-05
4703 0.00012069415303305452
4759 5.0810908270240366e-05
4760 0.0001347133110905388
4768 0.00012176521653240713
4769 0.00012936752625714268
4801 0.0001347133110905388
4808 0.0001245506276326127
4809 0.0002059351589452662
4818 9.048676041112919e-05
4829 8.383730339089555e-05
4830 0.0002734912621014559
4834 1.7286007534181456e-05
4839 3.088397517794058e-05
4846 4.681329625334851e-05
4864 0.00016920278300425065
4894 0.00014849761844045535
4911 6.341986704442123e-05
4913 6.457822376461287e-05
4914 6.542281037332744e-05
4926 0.00010236864012694453
4927 0.00010236864012694453
4933 2.564069103539461e-05
4942 6.804811807694473e-05
4972 4.681329625334851e-05
4973 0.00014576429866269
5033 0.0001347133110905388
5037 0.00022883910672981793
5051 0.0001281179340087181
5080 0.00010575674440844711
5161 5.502814824397996e-05
5162 5.6001418804450566e-05
5198 0.00010654275221462514
5242 6.786862826996617e-05
5254 5.9796800580258657e-05
5264 0.00011425323385392718
5329 0.00014849761844045535
5379 2.541525611908456e-05
5380 3.8298201700263376e-05
5381 0.00022419450561242282
5395 3.215862746722012e-05
5427 3.490353872923123e-05
5437 0.00013065000625947455
5439 8.024367862190805e-05
5440 8.586807337437805e-05
5469 1.1433598200043818e-05
5484 0.00012936752625714268
5569 9.527405980765772e-05
5644 7.711306116076915e-05
5702 3.9886331735258645e-05
5729 9.106007793564448e-05
5733 0.0001804365299615294
5762 0.0001391464957049546
5797 5.544288630052885e-05
5810 5.261121850249547e-05
5834 6.804811807694473e-05
5840 0.00012230970742046953
5858 6.663037655997976e-05
5862 6.610917985376751e-05
5865 0.0001196461249524729
5882 0.00030726931367955075
5894 1.5848029138067838e-05
5896 1.6219082409210568e-05
5909 6.663037655997976e-05
5925 0.00010734164596720007
5984 3.088397517794058e-05
5985 7.52017798211394e-05
5987 7.798719092134497e-05
6000 3.4631041686461846e-05
6005 0.00010897983139923425
6022 2.0770655001689466e-05
6058 0.00017695423263882194
6064 0.00010498321344481378
6075 0.00016920278300425065
6106 7.217400943451535e-05
6134 0.00013332088986277624
6197 5.5304247721948624e-05
6199 0.0001251273376474703
6211 7.356359438910525e-05
6242 3.105201474962982e-05
6249 0.00010897983139923425
6254 8.141235399539764e-05
6256 0.00019041645403432799
6264 4.7398314413738584e-05
6297 9.164022082905678e-05
6299 0.0001431761810607271
6334 0.00014944388948364012
6345 0.0001251273376474703
6356 6.733409171295719e-05
6399 8.212725328354177e-05
6408 4.3989132524856074e-05
6409 0.00010575674440844711
6452 8.63892700805903e-05
6461 0.00014849761844045535
6475 8.691610145495967e-05
6476 0.00010774605847492284
6490 2.724862948448243e-05
6491 7.604199766141655e-05
6502 0.0001423431449207802
6516 9.818910047034337e-05
6568 3.9584588186023764e-05
6569 4.981125419104163e-05
6578 6.025437603138515e-05
6586 5.24803957997587e-05
6588 6.576478670658657e-05
6589 5.9343481706634316e-05
6590 8.691610145495967e-05
6600 0.00013065000625947455
6601 0.00021605372159664503
6614 8.484211069037113e-05
6653 0.0001423431449207802
6661 5.889434094657216e-05
6725 8.458895984833521e-05
6727 8.612797493712278e-05
6728 9.527405980765772e-05
6730 0.00013065000625947455
6760 1.9892587507080337e-05
6815 7.178415593526694e-05
6822 8.535239208071232e-05
6833 2.7093186202753706e-05
6905 2.9805618738211806e-05
6919 7.3968006896828e-05
6920 9.403242760948e-05
6929 5.904359505253569e-05
6960 3.259102983841739e-05
6962 0.00010460100421098168
6972 6.133906307779394e-05
6977 0.00015342417653056774
6992 4.787143878550288e-05
6995 7.843020694973282e-05
7036 0.00016251677649793962
7039 0.0001753021616311125
7041 0.00021244233432427055
7067 3.508605365233e-05
7073 5.516600244482883e-05
7091 9.464928935894339e-05
7095 0.00030726931367955075
7133 0.00018617626542465564
7178 3.714017269315804e-05
7197 0.00011198624708459517
7236 0.00010536844412685977
7237 0.00010536844412685977
7265 0.00023397347506023475
7321 3.8200641252257444e-05
7367 0.0001664173719040451
7392 5.274239335290522e-05
7406 6.698096388147314e-05
7408 8.691610145495967e-05
7415 0.0001475693727081854
7482 2.5340342303404983e-05
7483 2.8590308184836374e-05
7491 0.0001147195668623605
7503 3.173002815645075e-05
7520 9.558947467904783e-05
7560 0.00014849761844045535
7620 0.0001027336712532598
7664 0.0001196461249524729
7694 6.804811807694473e-05
7701 0.00011425323385392718
7818 2.996997446737178e-05
7866 5.91933076971794e-05
7877 8.853165584237468e-05
7886 7.910237522724487e-05
7890 9.233159952796689e-06
7893 5.131853189681648e-05
7911 0.00010774605847492284
7912 0.00011761535496899039
7938 4.907474504580058e-05
7981 6.950834500520415e-05
7987 7.843020694973282e-05
8016 3.6571316885345003e-05
8042 6.663037655997976e-05
8054 2.9805618738211806e-05
8096 0.00013065000625947455
8109 8.285279662389543e-05
8116 0.00015447220461114937
8144 1.8182537399726556e-05
8179 0.00017370426675739054
8186 9.252359415714085e-05
8204 5.1064059112276297e-05
8349 4.919672615455441e-05
8418 0.00030726931367955075
8437 8.433711728522342e-05
8444 5.815485137703107e-05
8447 4.100899018649567e-05
8474 8.408656954820681e-05
8513 4.3335009582674306e-05
8516 8.024367862190805e-05
8526 0.00010939812948263226
8531 9.752607762356147e-05
8539 7.955569410086921e-05
8550 0.00013542473142615584
8582 0.00010774605847492284
8591 0.00011761535496899039
8639 3.69498153124238e-05
8648 0.00016128300357362823
8693 8.484211069037113e-05
8694 8.88061998220748e-05
8695 4.476354154013861e-05
8696 4.787143878550288e-05
8697 0.0001376235146469122
8704 0.00015139340654708521
8738 8.853165584237468e-05
8746 0.00011811516886331826
8763 6.542281037332744e-05
8767 0.0001239806629188251
8818 7.139739654402146e-05
8819 7.139739654402146e-05
8866 3.8493910507496085e-05
8890 0.00010058340652177312
8891 0.00010058340652177312
8892 0.00010384546306881737
