59
225 4.311890533715833e-05
226 0.00011712061541501202
430 2.1595466130645556e-05
463 2.104404381130732e-05
545 0.0001300045474523503
546 0.00013263932032595027
800 0.00011154523568104574
1010 0.0002537323685808453
1334 9.886126874785542e-05
2562 0.00017215710736717137
2607 3.3290954653437934e-05
2612 8.001326955199571e-05
2823 0.00016508218077975113
2989 0.0001523982138465608
3572 5.234992335902794e-05
3573 0.00016128300357362823
3719 2.489326185102742e-05
3724 5.7716484755306535e-05
3746 1.903006184883404e-05
3875 3.285232498188492e-05
4108 9.654815662959692e-05
4163 0.00017695423263882194
4646 0.00020019542348213994
4676 1.811794967986411e-05
4699 3.676019862375966e-05
4712 8.484211069037113e-05
4739 0.00013687950893562258
4740 0.00013837905578907654
4741 0.00016128300357362823
5291 0.00011067500849334801
5293 0.00019756065060853997
5430 6.441104889224853e-05
5481 6.576478670658657e-05
5687 2.724862948448243e-05
5776 0.00018227567001855016
5777 0.00022419450561242282
6117 0.00021605372159664503
6682 6.698096388147314e-05
6930 0.0001391464957049546
6984 0.00016508218077975113
6985 0.00017370426675739054
6999 6.309390310328486e-05
7003 8.771718405598661e-05
7009 0.00017370426675739054
7563 0.00017695423263882194
7991 0.00016007969731333051
7992 0.00022419450561242282
8016 3.6571316885345003e-05
8429 0.00016128300357362823
8503 7.256700694753944e-05
8505 0.00015890538922556517
8756 9.372690041743856e-05
8757 9.818910047034337e-05
8763 6.542281037332744e-05
8803 0.0001281179340087181
8804 0.00013542473142615584
8810 0.00023971321052336105
8874 0.0001786642827461757
8875 0.0001804365299615294
