409
15 6.0101372993599195e-05
58 3.9886331735258645e-05
68 3.241760820520544e-05
88 0.0002875104201589402
102 0.00013687950893562258
158 1.722259642893919e-05
160 3.6009024944890365e-05
163 4.4209139343250144e-05
196 8.935997200289977e-05
219 0.00018825025618924418
225 4.311890533715833e-05
226 0.00011712061541501202
243 6.309390310328486e-05
261 0.00020298083458234552
274 0.0002537323685808453
276 4.8109734749355606e-05
277 5.502814824397996e-05
290 5.516600244482883e-05
295 6.969398876306011e-05
311 0.00012016732165868515
312 0.00021244233432427055
386 0.00012122674224136485
424 0.00019041645403432799
425 0.00022419450561242282
426 0.00022883910672981793
430 2.1595466130645556e-05
441 0.0002734912621014559
443 5.859719717528758e-05
449 6.628229345501092e-05
450 0.00020298083458234552
463 2.104404381130732e-05
509 1.4811799641107606e-05
539 0.0001391464957049546
545 0.0001300045474523503
546 0.00013263932032595027
575 8.825864993225359e-05
621 0.00011110817958998604
695 0.00011519040557349246
700 0.00013542473142615584
701 0.00030726931367955075
825 0.00018617626542465564
941 9.719791862251607e-05
983 0.00010347204034115494
984 0.00014944388948364012
1040 0.00030726931367955075
1083 7.178415593526694e-05
1085 0.00030726931367955075
1140 3.8493910507496085e-05
1144 0.0001523982138465608
1183 0.00010310145735752775
1185 0.0002059351589452662
1216 4.5550455969092306e-05
1234 2.8271279696782107e-05
1246 0.00014071861357331354
1247 0.0001431761810607271
1249 0.0001147195668623605
1279 0.00019041645403432799
1324 0.0002875104201589402
1334 9.886126874785542e-05
1396 0.00018617626542465564
1424 0.00018825025618924418
1456 0.0002059351589452662
1497 6.663037655997976e-05
1662 0.00022883910672981793
1663 0.00030726931367955075
1722 8.117636599183342e-05
1726 0.00030726931367955075
1786 0.00021244233432427055
1787 0.00021244233432427055
1854 0.00020908021320920737
1873 0.00030726931367955075
1888 6.071628875522179e-05
1922 7.334292682143156e-06
2000 0.00017695423263882194
2002 0.00018617626542465564
2023 0.00026261715830791277
2032 0.00011024565393173974
2034 0.00020298083458234552
2035 0.0002875104201589402
2160 0.00018418695135817993
2266 0.0001347133110905388
2267 0.00019506105515172307
2268 0.0002734912621014559
2371 8.858094887998e-06
2373 4.532432364915004e-05
2374 8.586807337437805e-05
2384 3.364472337590274e-05
2385 0.00011712061541501202
2388 0.00018418695135817993
2391 2.4157123570420575e-05
2403 0.0001431761810607271
2426 0.00019041645403432799
2447 0.00020908021320920737
2493 2.5565430128539482e-05
2542 0.00023397347506023475
2559 7.604199766141655e-05
2562 0.00017215710736717137
2563 2.4450245822639586e-05
2564 4.692973938522239e-05
2571 6.593667904531496e-05
2607 3.3290954653437934e-05
2612 8.001326955199571e-05
2618 4.846937791309118e-05
2780 9.342327683396404e-05
2781 9.68719546813797e-05
2783 8.718166847460814e-05
2785 0.00010856509334268535
2786 0.0001399262151792957
2790 0.00011425323385392718
2800 0.0002875104201589402
2823 0.00016508218077975113
2830 8.285279662389543e-05
2831 0.00020908021320920737
2836 0.00019756065060853997
2839 0.0001391464957049546
2868 0.0002537323685808453
2955 4.7516165565500014e-05
2982 7.197869283035229e-05
2985 0.00017065756051371745
3002 0.0001440237055098346
3014 0.0001263016457352357
3042 0.0001287387249198448
3103 0.00012122674224136485
3112 0.0001440237055098346
3168 0.0001275049519955334
3206 0.0001753021616311125
3214 8.001326955199571e-05
3249 0.00012016732165868515
3278 0.0001753021616311125
3299 0.00030726931367955075
3300 0.00020298083458234552
3352 0.00020298083458234552
3368 0.00010058340652177312
3369 0.00018617626542465564
3392 0.00020908021320920737
3465 5.7716484755306535e-05
3487 0.00014849761844045535
3490 0.0001245506276326127
3507 9.134928606937549e-05
3545 6.071628875522179e-05
3557 0.00015775871449691997
3572 5.234992335902794e-05
3573 0.00016128300357362823
3586 6.228840662358072e-05
3647 8.094151528426567e-05
3654 6.663037655997976e-05
3675 0.00011519040557349246
3676 0.00012936752625714268
3702 0.00016007969731333051
3719 2.489326185102742e-05
3723 6.859058854884968e-05
3743 3.233112827567267e-05
3746 1.903006184883404e-05
3832 3.3290954653437934e-05
3875 3.285232498188492e-05
3884 8.433711728522342e-05
3885 0.0001391464957049546
3891 8.334256383691721e-05
3892 0.00011110817958998604
3977 0.0001128804268053397
4007 0.00020298083458234552
4015 8.798716495431228e-05
4061 0.00013130412920165632
4104 0.0002875104201589402
4108 9.654815662959692e-05
4154 0.00012571095453322076
4163 0.00017695423263882194
4189 4.981125419104163e-05
4243 0.00014665847838343454
4277 0.0002059351589452662
4314 3.1644758795232604e-05
4315 7.256700694753944e-05
4329 3.676019862375966e-05
4345 5.131853189681648e-05
4348 8.212725328354177e-05
4361 0.00022419450561242282
4375 7.541048004377448e-05
4376 0.00014488623116808087
4381 4.3226837668107787e-05
4390 8.825864993225359e-05
4398 6.325661252824365e-05
4432 6.4078409870285e-05
4453 3.6854914742017664e-05
4486 0.00012571095453322076
4492 6.969398876306011e-05
4495 3.207260550754382e-05
4499 9.312153328472917e-05
4533 5.685140711216779e-05
4566 9.68719546813797e-05
4569 0.00010422176939821458
4570 0.00015775871449691997
4577 3.9085797470059324e-05
4586 0.00016920278300425065
4642 0.00026261715830791277
4646 0.00020019542348213994
4652 4.476354154013861e-05
4657 0.0002537323685808453
4659 6.610917985376751e-05
4676 1.811794967986411e-05
4699 3.676019862375966e-05
4712 8.484211069037113e-05
4718 0.0001147195668623605
4729 0.00030726931367955075
4739 0.00013687950893562258
4740 0.00013837905578907654
4741 0.00016128300357362823
4759 5.0810908270240366e-05
4760 0.0001347133110905388
4773 0.0002537323685808453
4806 0.00020908021320920737
4807 0.00026261715830791277
4818 9.048676041112919e-05
4821 8.691610145495967e-05
4834 1.7286007534181456e-05
4839 3.088397517794058e-05
4846 4.681329625334851e-05
4853 8.535239208071232e-05
4893 0.00016378259903044513
4933 2.564069103539461e-05
4948 0.00011110817958998604
4950 0.00011425323385392718
4981 0.00016508218077975113
5011 0.00010310145735752775
5079 0.0001415241100530177
5177 6.196989942762013e-05
5179 0.00013687950893562258
5222 2.3001954162320978e-05
5264 0.00011425323385392718
5266 0.00019506105515172307
5291 0.00011067500849334801
5293 0.00019756065060853997
5395 3.215862746722012e-05
5405 0.00019506105515172307
5411 8.164949036359771e-05
5412 0.00010856509334268535
5427 3.490353872923123e-05
5430 6.441104889224853e-05
5469 1.1433598200043818e-05
5484 0.00012936752625714268
5550 4.944160821510571e-05
5570 0.0001347133110905388
5598 0.0002875104201589402
5687 2.724862948448243e-05
5691 8.383730339089555e-05
5705 0.00011566583790554528
5706 0.0002199543170027505
5768 0.0001677901789526326
5776 0.00018227567001855016
5777 0.00022419450561242282
5822 9.134928606937549e-05
5823 0.0001475693727081854
5826 0.0001391464957049546
5828 0.00018227567001855016
5854 7.178415593526694e-05
5909 6.663037655997976e-05
5911 7.47870417645905e-05
5964 0.0001440237055098346
5994 0.00015890538922556517
5996 0.0001431761810607271
6022 2.0770655001689466e-05
6033 0.00011519040557349246
6145 0.0001804365299615294
6146 0.00018825025618924418
6153 0.0001440237055098346
6155 0.0001753021616311125
6156 0.0002734912621014559
6227 0.00010536844412685977
6242 3.105201474962982e-05
6246 0.00010128967145643295
6264 4.7398314413738584e-05
6281 0.0002734912621014559
6292 8.853165584237468e-05
6302 8.509658347491132e-05
6306 0.00011425323385392718
6356 6.733409171295719e-05
6371 0.0001664173719040451
6408 4.3989132524856074e-05
6417 9.954283828468142e-05
6420 0.00013837905578907654
6540 6.040786096929821e-05
6568 3.9584588186023764e-05
6569 4.981125419104163e-05
6602 0.0001300045474523503
6619 5.7716484755306535e-05
6638 9.282164663063054e-05
6647 0.0001523982138465608
6650 9.785646144837983e-05
6661 5.889434094657216e-05
6682 6.698096388147314e-05
6687 6.196989942762013e-05
6704 0.00010694056199521868
6712 6.025437603138515e-05
6716 0.00021605372159664503
6722 0.00026261715830791277
6723 0.0002734912621014559
6760 1.9892587507080337e-05
6811 0.00014576429866269
6815 7.178415593526694e-05
6822 8.535239208071232e-05
6903 0.0002059351589452662
6905 2.9805618738211806e-05
6908 8.935997200289977e-05
6930 0.0001391464957049546
6956 0.00014944388948364012
6957 0.0001664173719040451
6958 0.0002199543170027505
6984 0.00016508218077975113
6985 0.00017370426675739054
6992 4.787143878550288e-05
6999 6.309390310328486e-05
7003 8.771718405598661e-05
7004 0.00030726931367955075
7124 6.859058854884968e-05
7152 0.00022883910672981793
7177 0.00015447220461114937
7178 3.714017269315804e-05
7189 0.00016920278300425065
7197 0.00011198624708459517
7233 0.00017370426675739054
7285 0.0002462203859023654
7321 3.8200641252257444e-05
7358 0.00019506105515172307
7385 0.00017065756051371745
7389 0.0001300045474523503
7449 0.00021605372159664503
7476 8.117636599183342e-05
7480 9.252359415714085e-05
7502 9.68719546813797e-05
7503 3.173002815645075e-05
7575 0.0002059351589452662
7582 0.00015775871449691997
7602 9.654815662959692e-05
7603 0.00020298083458234552
7606 0.00020908021320920737
7610 0.00013263932032595027
7626 0.0002875104201589402
7677 6.988034244141115e-05
7718 9.527405980765772e-05
7743 0.00026261715830791277
7744 0.00026261715830791277
7757 0.00018418695135817993
7784 7.082295263288685e-05
7803 0.0002734912621014559
7808 4.7398314413738584e-05
7809 0.0002875104201589402
7818 2.996997446737178e-05
7866 5.91933076971794e-05
7868 0.00021244233432427055
7869 0.00022883910672981793
7890 9.233159952796689e-06
7919 0.00030726931367955075
7936 0.00030726931367955075
7938 4.907474504580058e-05
7942 9.134928606937549e-05
7951 0.00020019542348213994
7989 0.00011862016226846598
7995 9.134928606937549e-05
7997 0.00022883910672981793
7998 0.00016251677649793962
8016 3.6571316885345003e-05
8031 5.5721352358276173e-05
8032 6.056183085252843e-05
8069 5.287392225192349e-05
8144 1.8182537399726556e-05
8209 0.00015890538922556517
8234 4.8109734749355606e-05
8335 0.0002199543170027505
8415 0.0002875104201589402
8429 0.00016128300357362823
8437 8.433711728522342e-05
8444 5.815485137703107e-05
8474 8.408656954820681e-05
8503 7.256700694753944e-05
8505 0.00015890538922556517
8531 9.752607762356147e-05
8532 0.0001002340757964429
8550 0.00013542473142615584
8552 0.0002462203859023654
8553 0.00030726931367955075
8562 0.00013614669170503938
8563 0.0001376235146469122
8596 0.0002059351589452662
8630 0.0001275049519955334
8633 5.949411993323993e-05
8638 6.491430390704548e-05
8639 3.69498153124238e-05
8648 0.00016128300357362823
8651 0.0002734912621014559
8678 4.409901177660094e-05
8679 0.0002462203859023654
8693 8.484211069037113e-05
8702 0.00030726931367955075
8703 0.0002875104201589402
8754 0.00017695423263882194
8756 9.372690041743856e-05
8757 9.818910047034337e-05
8762 0.00018825025618924418
8763 6.542281037332744e-05
8764 0.0001287387249198448
8767 0.0001239806629188251
8781 8.63892700805903e-05
8800 0.00011379132113009053
8803 0.0001281179340087181
8804 0.00013542473142615584
8810 0.00023971321052336105
8866 3.8493910507496085e-05
8874 0.0001786642827461757
8875 0.0001804365299615294
8897 0.00015342417653056774
