76
15 0.005638141432831116
74 0.012771992805003272
80 0.02582106868491119
158 0.0016156608355232217
257 0.0256563592405071
334 0.008679687064509887
757 0.010145970081932697
1411 0.0063836297715971725
1498 0.0162952886878091
1921 0.0027521354266635705
2288 0.01807573499412861
2414 0.011961306654570458
2444 0.017659855612195203
2492 0.0023983064558478298
2558 0.007133539822721519
2717 0.008330956345414005
2754 0.024636253840422298
2824 0.010895713109405207
3160 0.01976933840123314
3214 0.0256563592405071
3225 0.007659581664425082
3256 0.014109938050948612
3400 0.014109938050948612
3569 0.026971503836383942
3582 0.021882402508971308
3583 0.023098063991177687
3653 0.006250630693710943
3656 0.00442442935315152
3771 0.03615146998825722
3791 0.018780438042871904
3806 0.01709937653900336
3872 0.008596817347668989
4108 0.009057233388241766
4125 0.030972892528613516
4136 0.012379907990059804
4462 0.008624274011958758
4468 0.00524036710767954
4534 0.010666520845971354
4547 0.007153459335118411
4568 0.011898902212629094
4800 0.015611701246408947
4872 0.029598856075716853
4924 0.007681936334213035
4951 0.010718156001117883
5045 0.009435782304442548
5612 0.011372344493210985
5703 0.0037417577728907896
5863 0.006201736956387116
5985 0.002897241966166383
6203 0.012379907990059804
6303 0.007982955283456944
6430 0.005455537215495799
6482 0.012136035726354267
6537 0.0070352237568884314
6761 0.0018661341038221048
6837 0.012771992805003272
7385 0.05250620756538456
7579 0.008330956345414005
7643 0.023802767039920982
7702 0.010718156001117883
7722 0.01587300212772507
7923 0.01010771445398434
7944 0.014346932045803859
8011 0.01119690813258078
8033 0.0056813372269235085
8043 0.006250630693710943
8061 0.010761902946077439
8145 0.0017057134032248745
8205 0.009580692522286448
8368 0.016760590398251767
8719 0.008821231524796691
8739 0.008305201230181507
8803 0.015017160657435805
8814 0.004157637154824196
8828 0.013276451250447302
8867 0.007222268009322212
