70
77 8.691610145495967e-05
80 0.0001376235146469122
158 1.722259642893919e-05
473 4.858985121920245e-05
509 1.4811799641107606e-05
535 8.236790279729728e-05
988 0.00013263932032595027
1011 8.56095506062492e-05
1055 0.00011614595437539213
1412 6.804811807694473e-05
1922 7.334292682143156e-06
2319 0.0001228603508781383
2618 4.846937791309118e-05
2830 8.285279662389543e-05
3156 9.342327683396404e-05
3161 0.00010536844412685977
3214 8.001326955199571e-05
3215 0.0002734912621014559
3572 5.234992335902794e-05
3806 0.00018227567001855016
3819 6.424444555902466e-05
3875 3.285232498188492e-05
4158 0.00011519040557349246
4652 4.476354154013861e-05
4834 1.7286007534181456e-05
5011 0.00010310145735752775
5012 0.00010774605847492284
5161 5.502814824397996e-05
5162 5.6001418804450566e-05
5222 2.3001954162320978e-05
5289 0.0001300045474523503
5379 2.541525611908456e-05
5411 8.164949036359771e-05
5438 0.0001753021616311125
5469 1.1433598200043818e-05
5550 4.944160821510571e-05
5611 0.00012122674224136485
5702 3.9886331735258645e-05
5894 1.5848029138067838e-05
5896 1.6219082409210568e-05
5934 5.434466680855229e-05
5938 5.91933076971794e-05
5984 3.088397517794058e-05
6022 2.0770655001689466e-05
6057 0.00011024565393173974
6242 3.105201474962982e-05
6490 2.724862948448243e-05
6540 6.040786096929821e-05
6547 0.0001475693727081854
6675 5.7716484755306535e-05
6678 0.00012230970742046953
6760 1.9892587507080337e-05
7067 3.508605365233e-05
7165 6.628229345501092e-05
7167 0.00011243128604527755
7171 0.00012341728754011654
7482 2.5340342303404983e-05
7483 2.8590308184836374e-05
7559 8.509658347491132e-05
8031 5.5721352358276173e-05
8032 6.056183085252843e-05
8054 2.9805618738211806e-05
8069 5.287392225192349e-05
8109 8.285279662389543e-05
8114 0.0001804365299615294
8349 4.919672615455441e-05
8539 7.955569410086921e-05
8661 7.843020694973282e-05
8663 8.001326955199571e-05
8813 4.431951634967444e-05
