415
15 6.0101372993599195e-05
17 0.00012016732165868515
26 0.00026261715830791277
27 0.0002734912621014559
68 3.241760820520544e-05
74 0.00013614669170503938
92 0.00010774605847492284
93 0.00010982004923951138
104 0.00030726931367955075
132 8.334256383691721e-05
134 0.0001376235146469122
138 5.5304247721948624e-05
145 5.786216925096193e-05
158 1.722259642893919e-05
163 4.4209139343250144e-05
171 0.00015139340654708521
243 6.309390310328486e-05
250 0.00016251677649793962
311 0.00012016732165868515
314 0.00020908021320920737
379 0.00030726931367955075
380 0.0001423431449207802
382 0.00023971321052336105
400 0.00015890538922556517
430 2.1595466130645556e-05
443 5.859719717528758e-05
447 0.00019506105515172307
449 6.628229345501092e-05
459 8.798716495431228e-05
463 2.104404381130732e-05
473 4.858985121920245e-05
488 0.00019506105515172307
498 0.00016007969731333051
509 1.4811799641107606e-05
511 4.409901177660094e-05
527 0.0001431761810607271
535 8.236790279729728e-05
551 0.0001431761810607271
553 0.00018617626542465564
554 0.00019756065060853997
571 0.0001804365299615294
575 8.825864993225359e-05
578 0.0001440237055098346
668 8.63892700805903e-05
687 0.00021605372159664503
800 0.00011154523568104574
802 0.0001753021616311125
804 0.00030726931367955075
807 0.0001347133110905388
855 9.464928935894339e-05
865 0.00030726931367955075
891 5.757123449128065e-05
903 0.00022883910672981793
983 0.00010347204034115494
1054 0.00019506105515172307
1055 0.00011614595437539213
1070 0.00013130412920165632
1096 6.950834500520415e-05
1140 3.8493910507496085e-05
1142 0.0002875104201589402
1209 0.00016007969731333051
1223 0.00014849761844045535
1234 2.8271279696782107e-05
1239 0.00013196715204843822
1295 0.00020298083458234552
1306 4.5550455969092306e-05
1310 8.285279662389543e-05
1326 0.00015890538922556517
1327 0.00016007969731333051
1350 6.374802604546662e-05
1391 6.491430390704548e-05
1392 0.00026261715830791277
1412 6.804811807694473e-05
1424 0.00018825025618924418
1511 9.312153328472917e-05
1512 0.0001275049519955334
1520 0.00019506105515172307
1621 0.00011198624708459517
1622 0.00011333374567896404
1706 3.382257549850835e-05
1777 4.871062309639001e-05
1783 0.0002875104201589402
1798 0.00010498321344481378
1800 0.00011333374567896404
1848 6.508321716976057e-05
1865 0.00022883910672981793
1866 0.0002537323685808453
1921 0.00018418695135817993
1922 7.334292682143156e-06
1981 9.920086195142229e-05
1986 0.00030726931367955075
2026 8.535239208071232e-05
2040 4.7398314413738584e-05
2042 8.383730339089555e-05
2043 0.00019506105515172307
2235 0.00022883910672981793
2278 0.00013837905578907654
2294 8.535239208071232e-05
2320 0.00014665847838343454
2321 8.691610145495967e-05
2326 0.00011913044365880717
2370 0.00017215710736717137
2371 8.858094887998e-06
2377 0.0001228603508781383
2384 3.364472337590274e-05
2385 0.00011712061541501202
2388 0.00018418695135817993
2391 2.4157123570420575e-05
2433 0.00018617626542465564
2439 5.502814824397996e-05
2448 8.825864993225359e-05
2458 0.00017065756051371745
2475 0.00015447220461114937
2479 0.00013542473142615584
2493 2.5565430128539482e-05
2550 5.3403616896513294e-05
2577 0.00022883910672981793
2586 9.502842032885344e-06
2607 3.3290954653437934e-05
2612 8.001326955199571e-05
2618 4.846937791309118e-05
2626 0.0001287387249198448
2632 0.0002462203859023654
2665 0.00026261715830791277
2699 0.00013065000625947455
2704 0.00030726931367955075
2744 7.52017798211394e-05
2748 0.00020019542348213994
2749 0.0002059351589452662
2762 0.00010200632301179658
2765 0.00012936752625714268
2776 9.222735356398462e-05
2777 0.00019756065060853997
2783 8.718166847460814e-05
2785 0.00010856509334268535
2830 8.285279662389543e-05
2843 7.33626397641186e-05
2849 0.00026261715830791277
2900 0.00017065756051371745
2937 0.0002059351589452662
2955 4.7516165565500014e-05
2976 5.461691012835996e-05
3050 5.1064059112276297e-05
3052 0.00011379132113009053
3076 9.818910047034337e-05
3079 0.00011862016226846598
3080 0.00019756065060853997
3137 0.00011379132113009053
3141 0.00026261715830791277
3149 7.541048004377448e-05
3150 7.604199766141655e-05
3170 0.00019268344080366
3214 8.001326955199571e-05
3216 0.00026261715830791277
3226 8.164949036359771e-05
3269 0.00010310145735752775
3321 0.00011761535496899039
3368 0.00010058340652177312
3370 0.00011811516886331826
3372 6.542281037332744e-05
3375 0.00010236864012694453
3395 7.541048004377448e-05
3409 8.458895984833521e-05
3410 0.0002734912621014559
3421 8.586807337437805e-05
3427 0.00019041645403432799
3564 0.00010774605847492284
3565 0.0001423431449207802
3572 5.234992335902794e-05
3586 6.228840662358072e-05
3605 5.380470086849468e-05
3625 0.0001431761810607271
3657 4.716346370617082e-05
3675 0.00011519040557349246
3676 0.00012936752625714268
3723 6.859058854884968e-05
3731 5.3138049876864844e-05
3743 3.233112827567267e-05
3746 1.903006184883404e-05
3806 0.00018227567001855016
3832 3.3290954653437934e-05
3857 0.00020908021320920737
3875 3.285232498188492e-05
3932 4.895306850942043e-05
3943 7.689695691525318e-05
4005 9.222735356398462e-05
4046 9.312153328472917e-05
4050 0.0001786642827461757
4051 0.00020019542348213994
4068 0.00019756065060853997
4069 0.00020908021320920737
4099 0.0001147195668623605
4105 9.988723143186235e-05
4126 0.00019506105515172307
4189 4.981125419104163e-05
4191 0.00019041645403432799
4247 4.846937791309118e-05
4250 8.612797493712278e-05
4286 0.0001228603508781383
4288 0.0001423431449207802
4290 5.656642719180506e-05
4292 0.00011110817958998604
4301 0.00011154523568104574
4314 3.1644758795232604e-05
4315 7.256700694753944e-05
4321 0.00010200632301179658
4329 3.676019862375966e-05
4363 7.025520142447097e-05
4367 0.00026261715830791277
4388 0.0001415241100530177
4392 8.334256383691721e-05
4402 6.950834500520415e-05
4423 0.0001128804268053397
4457 0.00010058340652177312
4461 9.19329029551259e-05
4465 0.00017370426675739054
4467 5.5861184383926875e-05
4474 0.00022883910672981793
4476 0.0002462203859023654
4486 0.00012571095453322076
4533 5.685140711216779e-05
4540 0.0002734912621014559
4541 0.0001376235146469122
4567 6.341986704442123e-05
4569 0.00010422176939821458
4570 0.00015775871449691997
4676 1.811794967986411e-05
4759 5.0810908270240366e-05
4785 0.0002734912621014559
4831 0.00013065000625947455
4832 0.0001347133110905388
4833 0.0001431761810607271
4834 1.7286007534181456e-05
4933 2.564069103539461e-05
4935 0.00011862016226846598
4942 6.804811807694473e-05
4948 0.00011110817958998604
4950 0.00011425323385392718
4972 4.681329625334851e-05
4974 0.00013263932032595027
5011 0.00010310145735752775
5012 0.00010774605847492284
5024 6.025437603138515e-05
5043 0.00010422176939821458
5044 0.00010058340652177312
5059 0.00016508218077975113
5060 0.00022419450561242282
5161 5.502814824397996e-05
5162 5.6001418804450566e-05
5191 0.00014849761844045535
5217 7.159039254876493e-05
5222 2.3001954162320978e-05
5289 0.0001300045474523503
5334 9.719791862251607e-05
5335 9.852402568908913e-05
5379 2.541525611908456e-05
5395 3.215862746722012e-05
5411 8.164949036359771e-05
5427 3.490353872923123e-05
5469 1.1433598200043818e-05
5509 8.935997200289977e-05
5517 0.0002734912621014559
5554 0.0001440237055098346
5555 0.0001440237055098346
5566 0.00018227567001855016
5588 6.913916575845257e-05
5611 0.00012122674224136485
5676 9.312153328472917e-05
5687 2.724862948448243e-05
5699 8.260974660633398e-05
5722 0.00019268344080366
5738 9.19329029551259e-05
5744 0.00015890538922556517
5762 0.0001391464957049546
5787 0.00013687950893562258
5808 0.00011913044365880717
5810 5.261121850249547e-05
5811 0.00010310145735752775
5814 0.00018617626542465564
5815 0.0002734912621014559
5894 1.5848029138067838e-05
5895 0.00030726931367955075
5896 1.6219082409210568e-05
5925 0.00010734164596720007
5984 3.088397517794058e-05
5985 7.52017798211394e-05
5986 0.00019506105515172307
5987 7.798719092134497e-05
6022 2.0770655001689466e-05
6030 0.0001391464957049546
6222 0.00010347204034115494
6227 0.00010536844412685977
6242 3.105201474962982e-05
6264 4.7398314413738584e-05
6274 0.00021244233432427055
6292 8.853165584237468e-05
6347 0.0002059351589452662
6366 0.0001251273376474703
6436 0.0001804365299615294
6450 0.00017695423263882194
6467 4.669713069773751e-05
6468 4.669713069773751e-05
6490 2.724862948448243e-05
6491 7.604199766141655e-05
6540 6.040786096929821e-05
6547 0.0001475693727081854
6578 6.025437603138515e-05
6579 0.00016920278300425065
6595 7.66818067754729e-05
6619 5.7716484755306535e-05
6638 9.282164663063054e-05
6642 0.00015342417653056774
6650 9.785646144837983e-05
6670 0.00010734164596720007
6687 6.196989942762013e-05
6712 6.025437603138515e-05
6760 1.9892587507080337e-05
6779 0.00023971321052336105
6815 7.178415593526694e-05
6822 8.535239208071232e-05
6833 2.7093186202753706e-05
6885 5.131853189681648e-05
6887 0.00020019542348213994
6905 2.9805618738211806e-05
6919 7.3968006896828e-05
6960 3.259102983841739e-05
6961 0.0001423431449207802
6972 6.133906307779394e-05
6973 0.00011913044365880717
6974 0.00019041645403432799
6975 0.0001440237055098346
6992 4.787143878550288e-05
6995 7.843020694973282e-05
6998 0.00016251677649793962
7067 3.508605365233e-05
7072 0.00030726931367955075
7139 6.196989942762013e-05
7147 0.00019756065060853997
7165 6.628229345501092e-05
7174 7.256700694753944e-05
7178 3.714017269315804e-05
7229 0.0001664173719040451
7231 0.0001804365299615294
7233 0.00017370426675739054
7321 3.8200641252257444e-05
7346 8.070779096331723e-05
7369 9.372690041743856e-05
7370 0.00019756065060853997
7373 7.27647006365303e-05
7374 0.00010498321344481378
7390 0.00013065000625947455
7415 0.0001475693727081854
7450 0.00012936752625714268
7451 0.0001300045474523503
7482 2.5340342303404983e-05
7483 2.8590308184836374e-05
7552 0.000126899584862824
7554 8.260974660633398e-05
7597 0.0001786642827461757
7746 0.0002462203859023654
7836 6.424444555902466e-05
7841 0.0001300045474523503
7858 4.509923582401553e-05
7862 9.077257605451787e-05
7890 9.233159952796689e-06
7893 5.131853189681648e-05
7894 6.374802604546662e-05
7897 0.00013542473142615584
7911 0.00010774605847492284
7912 0.00011761535496899039
8009 2.7093186202753706e-05
8010 3.97855428110104e-05
8031 5.5721352358276173e-05
8032 6.056183085252843e-05
8042 6.663037655997976e-05
8047 9.312153328472917e-05
8054 2.9805618738211806e-05
8061 7.865323446718271e-05
8071 0.00013687950893562258
8079 0.00015775871449691997
8099 0.00015447220461114937
8109 8.285279662389543e-05
8115 0.0002537323685808453
8144 1.8182537399726556e-05
8158 0.00010939812948263226
8204 5.1064059112276297e-05
8349 4.919672615455441e-05
8444 5.815485137703107e-05
8474 8.408656954820681e-05
8503 7.256700694753944e-05
8504 0.00019756065060853997
8539 7.955569410086921e-05
8577 0.0002537323685808453
8621 0.000101646679848061
8626 0.0001263016457352357
8633 5.949411993323993e-05
8638 6.491430390704548e-05
8639 3.69498153124238e-05
8648 0.00016128300357362823
8661 7.843020694973282e-05
8663 8.001326955199571e-05
8678 4.409901177660094e-05
8695 4.476354154013861e-05
8696 4.787143878550288e-05
8738 8.853165584237468e-05
8756 9.372690041743856e-05
8757 9.818910047034337e-05
8763 6.542281037332744e-05
8764 0.0001287387249198448
8765 0.00015663840245623315
8779 0.0001475693727081854
8811 0.00011913044365880717
8813 4.431951634967444e-05
8866 3.8493910507496085e-05
8879 0.0001196461249524729
