63
94 0.00016128300357362823
163 4.4209139343250144e-05
463 2.104404381130732e-05
473 4.858985121920245e-05
509 1.4811799641107606e-05
668 8.63892700805903e-05
1057 9.988723143186235e-05
1290 0.0001664173719040451
1412 6.804811807694473e-05
1922 7.334292682143156e-06
2040 4.7398314413738584e-05
2042 8.383730339089555e-05
2320 0.00014665847838343454
2550 5.3403616896513294e-05
2586 9.502842032885344e-06
2588 0.00019756065060853997
2827 0.0001196461249524729
2955 4.7516165565500014e-05
3572 5.234992335902794e-05
3586 6.228840662358072e-05
3605 5.380470086849468e-05
3731 5.3138049876864844e-05
3875 3.285232498188492e-05
3969 6.0101372993599195e-05
3970 6.663037655997976e-05
4005 9.222735356398462e-05
4203 0.00011614595437539213
4298 0.00011614595437539213
4392 8.334256383691721e-05
4790 0.0002875104201589402
5080 0.00010575674440844711
5222 2.3001954162320978e-05
5379 2.541525611908456e-05
5509 8.935997200289977e-05
5611 0.00012122674224136485
5631 0.00015663840245623315
5807 0.00022883910672981793
5984 3.088397517794058e-05
5985 7.52017798211394e-05
5987 7.798719092134497e-05
6000 3.4631041686461846e-05
6012 0.00014665847838343454
6302 8.509658347491132e-05
6490 2.724862948448243e-05
6491 7.604199766141655e-05
6593 7.754816608258265e-05
6789 4.7516165565500014e-05
7067 3.508605365233e-05
7482 2.5340342303404983e-05
7720 0.0001677901789526326
7721 0.00016920278300425065
7890 9.233159952796689e-06
8031 5.5721352358276173e-05
8032 6.056183085252843e-05
8054 2.9805618738211806e-05
8442 8.001326955199571e-05
8520 5.874554257904601e-05
8521 6.610917985376751e-05
8661 7.843020694973282e-05
8663 8.001326955199571e-05
8670 0.00010654275221462514
8738 8.853165584237468e-05
8879 0.0001196461249524729
