552
52 9.785646144837983e-05
64 0.00023971321052336105
68 3.241760820520544e-05
70 0.00011566583790554528
145 5.786216925096193e-05
146 0.000101646679848061
158 1.722259642893919e-05
161 8.88061998220748e-05
163 4.4209139343250144e-05
211 0.0002875104201589402
278 5.558192042480493e-05
290 5.516600244482883e-05
317 0.00021244233432427055
328 5.502814824397996e-05
412 6.391293797104737e-05
413 7.562007790453742e-05
430 2.1595466130645556e-05
434 0.0002462203859023654
443 5.859719717528758e-05
446 0.00010058340652177312
447 0.00019506105515172307
458 0.00011198624708459517
463 2.104404381130732e-05
473 4.858985121920245e-05
491 0.00022419450561242282
494 0.00010815385522706535
509 1.4811799641107606e-05
511 4.409901177660094e-05
527 0.0001431761810607271
569 0.0001415241100530177
632 6.4078409870285e-05
639 0.0001287387249198448
641 0.00023971321052336105
645 6.341986704442123e-05
668 8.63892700805903e-05
779 0.00013401212737453773
780 0.00013614669170503938
782 0.00023397347506023475
790 0.0002462203859023654
793 0.00026261715830791277
872 6.593667904531496e-05
891 5.757123449128065e-05
892 0.0001475693727081854
927 0.00026261715830791277
928 0.0002875104201589402
956 0.0001523982138465608
970 0.0002537323685808453
988 0.00013263932032595027
1030 0.0002537323685808453
1065 0.00015554326811050196
1102 8.285279662389543e-05
1103 9.527405980765772e-05
1126 4.895306850942043e-05
1130 8.665197383001834e-05
1132 0.0001786642827461757
1135 0.00010774605847492284
1138 0.0002734912621014559
1140 3.8493910507496085e-05
1169 0.00020298083458234552
1170 0.00022883910672981793
1173 9.077257605451787e-05
1183 0.00010310145735752775
1234 2.8271279696782107e-05
1265 6.576478670658657e-05
1269 8.433711728522342e-05
1306 4.5550455969092306e-05
1307 0.00022883910672981793
1308 0.0002537323685808453
1312 0.00011243128604527755
1314 0.00013401212737453773
1350 6.374802604546662e-05
1362 0.0002462203859023654
1365 6.733409171295719e-05
1374 9.920086195142229e-05
1382 0.00011862016226846598
1384 0.00016251677649793962
1412 6.804811807694473e-05
1446 0.00023397347506023475
1447 0.00023971321052336105
1511 9.312153328472917e-05
1513 0.00019268344080366
1520 0.00019506105515172307
1521 0.00011110817958998604
1539 0.00011198624708459517
1552 0.00022883910672981793
1572 0.00014849761844045535
1576 0.0001376235146469122
1594 0.000126899584862824
1610 9.590694438493474e-05
1617 0.00019506105515172307
1618 0.00020019542348213994
1632 0.00023397347506023475
1649 8.744869066327002e-05
1658 0.00010654275221462514
1671 7.64676023536449e-05
1706 3.382257549850835e-05
1712 0.0001677901789526326
1717 0.0001251273376474703
1722 8.117636599183342e-05
1765 0.00016920278300425065
1766 0.0002734912621014559
1777 4.871062309639001e-05
1779 0.00011333374567896404
1827 0.0002875104201589402
1848 6.508321716976057e-05
1922 7.334292682143156e-06
1929 4.2158123180710165e-05
1931 7.754816608258265e-05
1932 0.0001275049519955334
1936 0.00011024565393173974
1941 8.024367862190805e-05
1953 0.0001281179340087181
1957 8.88061998220748e-05
1984 0.00010734164596720007
1985 9.496067334174995e-05
2004 7.217400943451535e-05
2021 0.00022419450561242282
2022 0.00022883910672981793
2026 8.535239208071232e-05
2042 8.383730339089555e-05
2083 0.00010422176939821458
2084 0.00022419450561242282
2091 0.00023971321052336105
2148 8.383730339089555e-05
2149 8.408656954820681e-05
2151 0.00011566583790554528
2165 0.0002734912621014559
2233 0.00018227567001855016
2234 0.00016251677649793962
2238 0.00011913044365880717
2239 0.0001251273376474703
2241 0.00023971321052336105
2252 0.00015554326811050196
2271 0.00015890538922556517
2288 0.00018418695135817993
2289 0.00019268344080366
2294 8.535239208071232e-05
2329 0.0001423431449207802
2333 0.00015890538922556517
2341 8.744869066327002e-05
2343 0.0001263016457352357
2371 8.858094887998e-06
2373 4.532432364915004e-05
2391 2.4157123570420575e-05
2404 0.00012341728754011654
2405 0.0001677901789526326
2434 0.00010536844412685977
2448 8.825864993225359e-05
2493 2.5565430128539482e-05
2500 0.00015447220461114937
2550 5.3403616896513294e-05
2559 7.604199766141655e-05
2563 2.4450245822639586e-05
2575 0.00012016732165868515
2580 8.992010952057247e-05
2586 9.502842032885344e-06
2590 8.771718405598661e-05
2604 0.00020019542348213994
2606 0.00013196715204843822
2607 3.3290954653437934e-05
2618 4.846937791309118e-05
2630 0.0002875104201589402
2685 7.754816608258265e-05
2699 0.00013065000625947455
2701 0.00017065756051371745
2734 0.0001677901789526326
2739 7.583058115843726e-05
2773 0.00011067500849334801
2780 9.342327683396404e-05
2781 9.68719546813797e-05
2797 0.00010347204034115494
2828 0.00016128300357362823
2843 7.33626397641186e-05
2844 0.0002199543170027505
2873 0.00018418695135817993
2894 0.00013130412920165632
2955 4.7516165565500014e-05
2982 7.197869283035229e-05
3001 0.0002462203859023654
3014 0.0001263016457352357
3016 0.00015554326811050196
3018 0.00016508218077975113
3068 0.00026261715830791277
3104 0.00010939812948263226
3113 6.165346047478709e-05
3149 7.541048004377448e-05
3150 7.604199766141655e-05
3177 0.00016378259903044513
3178 0.00030726931367955075
3184 0.0002199543170027505
3212 7.356359438910525e-05
3213 0.0001300045474523503
3228 4.566391685271689e-05
3229 4.669713069773751e-05
3230 4.692973938522239e-05
3247 0.00013263932032595027
3321 0.00011761535496899039
3337 0.00015775871449691997
3338 0.00016007969731333051
3446 0.00020908021320920737
3474 0.00011862016226846598
3475 0.000126899584862824
3478 7.865323446718271e-05
3480 0.00020019542348213994
3481 0.00023397347506023475
3503 0.00021244233432427055
3504 0.00026261715830791277
3505 0.0002734912621014559
3507 9.134928606937549e-05
3519 8.586807337437805e-05
3522 0.00016378259903044513
3545 6.071628875522179e-05
3560 0.00015447220461114937
3572 5.234992335902794e-05
3586 6.228840662358072e-05
3605 5.380470086849468e-05
3657 4.716346370617082e-05
3691 0.00011425323385392718
3719 2.489326185102742e-05
3723 6.859058854884968e-05
3724 5.7716484755306535e-05
3743 3.233112827567267e-05
3746 1.903006184883404e-05
3748 0.0001523982138465608
3766 5.131853189681648e-05
3771 0.00019268344080366
3782 0.00013614669170503938
3783 0.0002059351589452662
3788 0.0001300045474523503
3817 0.0002462203859023654
3832 3.3290954653437934e-05
3875 3.285232498188492e-05
3877 0.00030726931367955075
3887 5.5861184383926875e-05
3903 0.00018227567001855016
3904 0.00021605372159664503
3932 4.895306850942043e-05
3943 7.689695691525318e-05
3944 0.00020019542348213994
3969 6.0101372993599195e-05
3970 6.663037655997976e-05
3977 0.0001128804268053397
4005 9.222735356398462e-05
4105 9.988723143186235e-05
4108 9.654815662959692e-05
4131 0.00018227567001855016
4136 0.00013196715204843822
4143 0.0001376235146469122
4144 0.00013837905578907654
4154 0.00012571095453322076
4213 0.00019506105515172307
4214 0.0002537323685808453
4215 0.0001504088997800851
4216 0.0001677901789526326
4220 4.3879500470736716e-05
4314 3.1644758795232604e-05
4315 7.256700694753944e-05
4322 0.00017370426675739054
4323 0.00018418695135817993
4329 3.676019862375966e-05
4332 8.117636599183342e-05
4336 0.00012571095453322076
4345 5.131853189681648e-05
4348 8.212725328354177e-05
4363 7.025520142447097e-05
4371 0.00013263932032595027
4381 4.3226837668107787e-05
4382 6.14960082295629e-05
4392 8.334256383691721e-05
4398 6.325661252824365e-05
4402 6.950834500520415e-05
4406 6.508321716976057e-05
4432 6.4078409870285e-05
4444 0.00014665847838343454
4453 3.6854914742017664e-05
4474 0.00022883910672981793
4477 0.0002537323685808453
4485 7.159039254876493e-05
4492 6.969398876306011e-05
4511 0.00019041645403432799
4518 0.00015139340654708521
4619 0.00010856509334268535
4620 0.0002734912621014559
4652 4.476354154013861e-05
4699 3.676019862375966e-05
4703 0.00012069415303305452
4705 0.00014071861357331354
4712 8.484211069037113e-05
4719 0.00023397347506023475
4759 5.0810908270240366e-05
4762 0.0001399262151792957
4763 0.00015890538922556517
4781 0.0001753021616311125
4791 0.0002199543170027505
4797 9.988723143186235e-05
4810 0.00010856509334268535
4821 8.691610145495967e-05
4828 0.0002734912621014559
4829 8.383730339089555e-05
4834 1.7286007534181456e-05
4865 0.00017370426675739054
4866 0.00021244233432427055
4923 8.188778632745044e-05
4933 2.564069103539461e-05
4961 0.00022883910672981793
4962 0.00023971321052336105
4984 0.0002537323685808453
5000 0.00013065000625947455
5001 0.0002199543170027505
5006 0.00026261715830791277
5018 0.00010982004923951138
5024 6.025437603138515e-05
5031 6.913916575845257e-05
5139 0.0001804365299615294
5151 0.0001431761810607271
5161 5.502814824397996e-05
5162 5.6001418804450566e-05
5169 0.0002734912621014559
5217 7.159039254876493e-05
5219 0.00014071861357331354
5222 2.3001954162320978e-05
5228 4.931901336427842e-05
5233 0.0001431761810607271
5327 0.00014944388948364012
5359 0.00014071861357331354
5378 0.00010347204034115494
5379 2.541525611908456e-05
5395 3.215862746722012e-05
5412 0.00010856509334268535
5416 0.00013332088986277624
5420 0.0002875104201589402
5425 0.00020019542348213994
5427 3.490353872923123e-05
5455 8.908229930004346e-05
5469 1.1433598200043818e-05
5550 4.944160821510571e-05
5569 9.527405980765772e-05
5588 6.913916575845257e-05
5611 0.00012122674224136485
5622 6.733409171295719e-05
5624 0.0001415241100530177
5644 7.711306116076915e-05
5651 0.00023971321052336105
5669 0.0001300045474523503
5671 0.00021244233432427055
5674 0.00010236864012694453
5687 2.724862948448243e-05
5699 8.260974660633398e-05
5700 0.00010575674440844711
5701 0.00010575674440844711
5702 3.9886331735258645e-05
5719 0.0002537323685808453
5729 9.106007793564448e-05
5738 9.19329029551259e-05
5739 0.0001281179340087181
5740 0.00015447220461114937
5797 5.544288630052885e-05
5826 0.0001391464957049546
5827 0.00017370426675739054
5834 6.804811807694473e-05
5862 6.610917985376751e-05
5864 0.00021244233432427055
5865 0.0001196461249524729
5894 1.5848029138067838e-05
5896 1.6219082409210568e-05
5910 0.00019756065060853997
5984 3.088397517794058e-05
5998 0.00014488623116808087
5999 0.0001804365299615294
6000 3.4631041686461846e-05
6012 0.00014665847838343454
6014 9.818910047034337e-05
6022 2.0770655001689466e-05
6031 0.00026261715830791277
6032 0.00017215710736717137
6035 9.818910047034337e-05
6038 0.00011663084820199027
6056 0.00019506105515172307
6064 0.00010498321344481378
6065 0.00019506105515172307
6066 0.00019756065060853997
6079 0.0001251273376474703
6080 0.00014071861357331354
6084 7.843020694973282e-05
6085 0.00011862016226846598
6087 0.00010236864012694453
6173 0.00013196715204843822
6195 9.622649587425546e-05
6196 0.0001753021616311125
6197 5.5304247721948624e-05
6199 0.0001251273376474703
6201 0.00017215710736717137
6211 7.356359438910525e-05
6218 9.464928935894339e-05
6229 7.458098891001271e-05
6242 3.105201474962982e-05
6254 8.141235399539764e-05
6264 4.7398314413738584e-05
6308 0.0001523982138465608
6327 0.00010384546306881737
6352 0.00011519040557349246
6356 6.733409171295719e-05
6380 0.00011067500849334801
6384 0.00015663840245623315
6408 4.3989132524856074e-05
6409 0.00010575674440844711
6429 5.815485137703107e-05
6443 0.0001275049519955334
6450 0.00017695423263882194
6451 0.00026261715830791277
6490 2.724862948448243e-05
6493 0.0001251273376474703
6507 6.212889280683989e-05
6516 9.818910047034337e-05
6540 6.040786096929821e-05
6558 0.00016128300357362823
6559 0.0002734912621014559
6565 0.00011333374567896404
6566 7.082295263288685e-05
6572 0.00011614595437539213
6589 5.9343481706634316e-05
6593 7.754816608258265e-05
6594 0.00016251677649793962
6619 5.7716484755306535e-05
6620 0.0001281179340087181
6621 0.0001399262151792957
6622 0.00014576429866269
6623 0.00010460100421098168
6633 0.00011811516886331826
6637 0.0002734912621014559
6647 0.0001523982138465608
6653 0.0001423431449207802
6661 5.889434094657216e-05
6670 0.00010734164596720007
6671 0.00023397347506023475
6675 5.7716484755306535e-05
6678 0.00012230970742046953
6701 0.00022883910672981793
6704 0.00010694056199521868
6712 6.025437603138515e-05
6760 1.9892587507080337e-05
6789 4.7516165565500014e-05
6815 7.178415593526694e-05
6822 8.535239208071232e-05
6905 2.9805618738211806e-05
6919 7.3968006896828e-05
6920 9.403242760948e-05
6929 5.904359505253569e-05
6960 3.259102983841739e-05
6962 0.00010460100421098168
6972 6.133906307779394e-05
6973 0.00011913044365880717
6992 4.787143878550288e-05
6995 7.843020694973282e-05
6999 6.309390310328486e-05
7003 8.771718405598661e-05
7007 0.00026261715830791277
7014 0.00019268344080366
7015 0.00020908021320920737
7067 3.508605365233e-05
7069 0.0001664173719040451
7139 6.196989942762013e-05
7156 0.0001475693727081854
7157 0.00014849761844045535
7165 6.628229345501092e-05
7167 0.00011243128604527755
7171 0.00012341728754011654
7195 0.00018418695135817993
7321 3.8200641252257444e-05
7359 0.00016378259903044513
7361 0.00019506105515172307
7362 0.0002875104201589402
7390 0.00013065000625947455
7392 5.274239335290522e-05
7441 0.0002875104201589402
7482 2.5340342303404983e-05
7483 2.8590308184836374e-05
7558 0.00013614669170503938
7581 0.00015775871449691997
7587 0.00013687950893562258
7658 0.00018227567001855016
7660 0.00011913044365880717
7694 6.804811807694473e-05
7720 0.0001677901789526326
7721 0.00016920278300425065
7755 0.00020298083458234552
7757 0.00018418695135817993
7762 0.0002734912621014559
7784 7.082295263288685e-05
7818 2.996997446737178e-05
7831 0.00015139340654708521
7852 0.00015447220461114937
7853 0.00021244233432427055
7858 4.509923582401553e-05
7862 9.077257605451787e-05
7866 5.91933076971794e-05
7890 9.233159952796689e-06
7891 6.932340577943291e-05
7893 5.131853189681648e-05
7894 6.374802604546662e-05
7897 0.00013542473142615584
7904 6.056183085252843e-05
7906 0.00018418695135817993
7911 0.00010774605847492284
7912 0.00011761535496899039
7929 0.0002875104201589402
8009 2.7093186202753706e-05
8010 3.97855428110104e-05
8054 2.9805618738211806e-05
8068 0.00011379132113009053
8071 0.00013687950893562258
8096 0.00013065000625947455
8097 0.00022419450561242282
8098 0.0001300045474523503
8144 1.8182537399726556e-05
8145 0.0001263016457352357
8146 0.00022883910672981793
8149 0.00011811516886331826
8213 0.0001376235146469122
8226 0.00023971321052336105
8234 4.8109734749355606e-05
8244 0.00023971321052336105
8288 0.0002734912621014559
8352 0.0002875104201589402
8357 0.00021244233432427055
8370 0.0002734912621014559
8386 0.0002734912621014559
8442 8.001326955199571e-05
8444 5.815485137703107e-05
8474 8.408656954820681e-05
8513 4.3335009582674306e-05
8520 5.874554257904601e-05
8521 6.610917985376751e-05
8590 0.00013614669170503938
8661 7.843020694973282e-05
8663 8.001326955199571e-05
8685 0.00012571095453322076
8738 8.853165584237468e-05
8740 0.00019756065060853997
8756 9.372690041743856e-05
8757 9.818910047034337e-05
8763 6.542281037332744e-05
8764 0.0001287387249198448
8765 0.00015663840245623315
8781 8.63892700805903e-05
8813 4.431951634967444e-05
8814 9.988723143186235e-05
8828 0.00016508218077975113
8845 0.0001431761810607271
8846 0.00023971321052336105
8866 3.8493910507496085e-05
8879 0.0001196461249524729
