743
14 0.0001275049519955334
15 6.0101372993599195e-05
58 3.9886331735258645e-05
68 3.241760820520544e-05
72 0.00013837905578907654
77 8.691610145495967e-05
80 0.0001376235146469122
82 8.334256383691721e-05
103 0.00019268344080366
138 5.5304247721948624e-05
143 0.00018617626542465564
158 1.722259642893919e-05
160 3.6009024944890365e-05
163 4.4209139343250144e-05
204 0.00019506105515172307
205 0.00019756065060853997
206 0.00020019542348213994
225 4.311890533715833e-05
227 0.0002734912621014559
250 0.00016251677649793962
295 6.969398876306011e-05
297 0.00016378259903044513
328 5.502814824397996e-05
371 9.818910047034337e-05
377 0.00011913044365880717
400 0.00015890538922556517
412 6.391293797104737e-05
427 0.0001440237055098346
430 2.1595466130645556e-05
436 6.181142310095298e-05
443 5.859719717528758e-05
446 0.00010058340652177312
463 2.104404381130732e-05
473 4.858985121920245e-05
480 6.877276232176413e-05
507 0.00018617626542465564
509 1.4811799641107606e-05
511 4.409901177660094e-05
517 0.00021605372159664503
522 0.00011110817958998604
532 0.0002059351589452662
549 6.786862826996617e-05
550 0.0001804365299615294
619 0.00017695423263882194
620 0.00018418695135817993
632 6.4078409870285e-05
645 6.341986704442123e-05
668 8.63892700805903e-05
671 0.00014576429866269
675 0.0002537323685808453
690 0.00021244233432427055
706 6.525271795805037e-05
707 9.496067334174995e-05
722 0.00011663084820199027
723 6.212889280683989e-05
726 6.4078409870285e-05
745 0.00023971321052336105
751 0.00011614595437539213
753 9.752607762356147e-05
757 0.00010815385522706535
765 7.499396958083494e-05
785 9.134928606937549e-05
807 0.0001347133110905388
813 0.00020908021320920737
816 0.0002875104201589402
817 0.00030726931367955075
841 0.00014576429866269
844 0.00023397347506023475
845 0.00030726931367955075
872 6.593667904531496e-05
884 0.00012936752625714268
886 0.0001677901789526326
891 5.757123449128065e-05
892 0.0001475693727081854
914 0.00018227567001855016
941 9.719791862251607e-05
975 0.00014488623116808087
977 0.00010384546306881737
980 0.00030726931367955075
998 0.0002059351589452662
1011 8.56095506062492e-05
1083 7.178415593526694e-05
1086 0.0002199543170027505
1126 4.895306850942043e-05
1135 0.00010774605847492284
1139 0.0001415241100530177
1183 0.00010310145735752775
1209 0.00016007969731333051
1216 4.5550455969092306e-05
1220 0.0001251273376474703
1222 0.0001786642827461757
1226 0.00011110817958998604
1227 0.00014488623116808087
1234 2.8271279696782107e-05
1249 0.0001147195668623605
1250 0.00026261715830791277
1265 6.576478670658657e-05
1266 0.00018617626542465564
1267 0.00021244233432427055
1269 8.433711728522342e-05
1306 4.5550455969092306e-05
1310 8.285279662389543e-05
1315 0.00023971321052336105
1318 0.00017370426675739054
1320 0.00022419450561242282
1391 6.491430390704548e-05
1394 0.00014488623116808087
1438 0.00014071861357331354
1439 0.0001677901789526326
1468 0.00015554326811050196
1494 0.00014576429866269
1496 0.00019506105515172307
1497 6.663037655997976e-05
1500 0.00010310145735752775
1511 9.312153328472917e-05
1517 9.106007793564448e-05
1519 0.0001376235146469122
1529 0.00022883910672981793
1579 0.00015447220461114937
1581 0.00016251677649793962
1605 0.00023397347506023475
1621 0.00011198624708459517
1622 0.00011333374567896404
1638 7.33626397641186e-05
1641 7.583058115843726e-05
1649 8.744869066327002e-05
1706 3.382257549850835e-05
1713 4.787143878550288e-05
1721 0.0001399262151792957
1722 8.117636599183342e-05
1729 0.00010200632301179658
1733 0.00011243128604527755
1739 0.00015775871449691997
1740 0.00022883910672981793
1758 0.00017370426675739054
1765 0.00016920278300425065
1777 4.871062309639001e-05
1778 0.0001287387249198448
1780 0.00016128300357362823
1785 0.00010734164596720007
1848 6.508321716976057e-05
1850 0.00021244233432427055
1888 6.071628875522179e-05
1922 7.334292682143156e-06
1929 4.2158123180710165e-05
1957 8.88061998220748e-05
1987 0.00012571095453322076
1993 0.00014576429866269
2004 7.217400943451535e-05
2009 0.00012176521653240713
2011 0.00023971321052336105
2013 0.00016378259903044513
2020 0.00013065000625947455
2025 0.00012571095453322076
2026 8.535239208071232e-05
2040 4.7398314413738584e-05
2044 0.00010536844412685977
2073 0.00010939812948263226
2078 0.0002875104201589402
2093 0.00011811516886331826
2114 0.00016251677649793962
2116 0.00022883910672981793
2118 6.715720793434914e-05
2126 0.0001300045474523503
2130 0.00023971321052336105
2137 0.00015342417653056774
2148 8.383730339089555e-05
2149 8.408656954820681e-05
2167 8.744869066327002e-05
2180 0.00022883910672981793
2214 0.00021605372159664503
2294 8.535239208071232e-05
2319 0.0001228603508781383
2371 8.858094887998e-06
2373 4.532432364915004e-05
2384 3.364472337590274e-05
2385 0.00011712061541501202
2398 0.0001027336712532598
2399 0.000126899584862824
2403 0.0001431761810607271
2404 0.00012341728754011654
2415 0.0001275049519955334
2431 0.0001391464957049546
2439 5.502814824397996e-05
2445 0.00018825025618924418
2447 0.00020908021320920737
2448 8.825864993225359e-05
2462 0.00011712061541501202
2493 2.5565430128539482e-05
2500 0.00015447220461114937
2523 0.0001504088997800851
2526 8.070779096331723e-05
2563 2.4450245822639586e-05
2571 6.593667904531496e-05
2579 0.00013130412920165632
2580 8.992010952057247e-05
2585 0.00019756065060853997
2586 9.502842032885344e-06
2592 0.0002462203859023654
2599 0.00012341728754011654
2607 3.3290954653437934e-05
2612 8.001326955199571e-05
2618 4.846937791309118e-05
2625 0.00016251677649793962
2654 0.00013332088986277624
2659 0.00030726931367955075
2661 0.00018227567001855016
2673 0.00014849761844045535
2683 0.0002462203859023654
2714 8.691610145495967e-05
2718 8.88061998220748e-05
2721 0.0001475693727081854
2722 0.00014944388948364012
2725 0.00010536844412685977
2732 0.00012069415303305452
2762 0.00010200632301179658
2764 0.00017215710736717137
2773 0.00011067500849334801
2780 9.342327683396404e-05
2781 9.68719546813797e-05
2790 0.00011425323385392718
2791 0.00015663840245623315
2830 8.285279662389543e-05
2877 0.00014944388948364012
2879 0.0002734912621014559
2903 8.718166847460814e-05
2955 4.7516165565500014e-05
2958 6.950834500520415e-05
2969 0.00023397347506023475
2988 0.0002734912621014559
3050 5.1064059112276297e-05
3051 7.910237522724487e-05
3097 0.00012230970742046953
3113 6.165346047478709e-05
3114 0.00023971321052336105
3149 7.541048004377448e-05
3150 7.604199766141655e-05
3167 0.00026261715830791277
3168 0.0001275049519955334
3169 0.0001391464957049546
3185 0.00010939812948263226
3195 0.00019756065060853997
3197 0.0002462203859023654
3198 0.00030726931367955075
3204 0.00017065756051371745
3228 4.566391685271689e-05
3229 4.669713069773751e-05
3230 4.692973938522239e-05
3249 0.00012016732165868515
3255 0.00021605372159664503
3367 0.00017065756051371745
3372 6.542281037332744e-05
3395 7.541048004377448e-05
3401 0.0001504088997800851
3421 8.586807337437805e-05
3511 0.00016007969731333051
3533 0.0002537323685808453
3572 5.234992335902794e-05
3576 5.3536945098705395e-05
3582 0.00010815385522706535
3583 0.00011663084820199027
3596 8.285279662389543e-05
3605 5.380470086849468e-05
3647 8.094151528426567e-05
3682 0.0001239806629188251
3719 2.489326185102742e-05
3726 0.00026261715830791277
3727 6.424444555902466e-05
3729 0.00012936752625714268
3731 5.3138049876864844e-05
3737 0.00020908021320920737
3743 3.233112827567267e-05
3746 1.903006184883404e-05
3756 0.00014576429866269
3757 0.00017370426675739054
3818 0.0002734912621014559
3819 6.424444555902466e-05
3821 0.00018418695135817993
3822 0.00030726931367955075
3827 0.00013614669170503938
3828 0.0001753021616311125
3832 3.3290954653437934e-05
3835 0.00011811516886331826
3840 0.00010774605847492284
3841 0.00015139340654708521
3853 0.0002537323685808453
3854 0.00030726931367955075
3871 0.00023971321052336105
3875 3.285232498188492e-05
3881 0.00020298083458234552
3883 0.00023971321052336105
3891 8.334256383691721e-05
3892 0.00011110817958998604
3909 0.00019506105515172307
3910 0.00030726931367955075
3917 0.00022419450561242282
3932 4.895306850942043e-05
3943 7.689695691525318e-05
3977 0.0001128804268053397
3991 0.0002734912621014559
3994 0.0001147195668623605
3996 7.417147870601431e-05
4001 0.0001677901789526326
4015 8.798716495431228e-05
4018 9.342327683396404e-05
4027 0.00016378259903044513
4108 9.654815662959692e-05
4112 0.00016007969731333051
4113 0.0002199543170027505
4198 0.00013332088986277624
4207 0.00015663840245623315
4220 4.3879500470736716e-05
4224 8.236790279729728e-05
4225 0.00010897983139923425
4256 0.00020298083458234552
4266 0.00015342417653056774
4267 0.00011519040557349246
4290 5.656642719180506e-05
4291 7.843020694973282e-05
4292 0.00011110817958998604
4298 0.00011614595437539213
4302 0.00018617626542465564
4314 3.1644758795232604e-05
4315 7.256700694753944e-05
4329 3.676019862375966e-05
4345 5.131853189681648e-05
4363 7.025520142447097e-05
4371 0.00013263932032595027
4375 7.541048004377448e-05
4381 4.3226837668107787e-05
4382 6.14960082295629e-05
4392 8.334256383691721e-05
4398 6.325661252824365e-05
4423 0.0001128804268053397
4453 3.6854914742017664e-05
4455 0.00021244233432427055
4461 9.19329029551259e-05
4467 5.5861184383926875e-05
4473 0.00016128300357362823
4486 0.00012571095453322076
4487 0.0002734912621014559
4492 6.969398876306011e-05
4495 3.207260550754382e-05
4499 9.312153328472917e-05
4502 6.424444555902466e-05
4513 9.19329029551259e-05
4525 9.818910047034337e-05
4528 0.0002199543170027505
4529 0.00023971321052336105
4533 5.685140711216779e-05
4541 0.0001376235146469122
4561 0.0001440237055098346
4563 4.728074758348793e-05
4566 9.68719546813797e-05
4577 3.9085797470059324e-05
4638 0.00030726931367955075
4652 4.476354154013861e-05
4676 1.811794967986411e-05
4683 0.00017695423263882194
4687 0.0002199543170027505
4688 0.0001804365299615294
4699 3.676019862375966e-05
4703 0.00012069415303305452
4707 0.0002462203859023654
4708 0.00017065756051371745
4710 0.00018227567001855016
4723 9.106007793564448e-05
4726 0.0002059351589452662
4727 0.00022883910672981793
4739 0.00013687950893562258
4740 0.00013837905578907654
4751 0.00010856509334268535
4754 0.00013542473142615584
4755 0.0001376235146469122
4776 0.0001664173719040451
4797 9.988723143186235e-05
4808 0.0001245506276326127
4834 1.7286007534181456e-05
4839 3.088397517794058e-05
4843 0.00020298083458234552
4851 0.0001399262151792957
4852 0.00015663840245623315
4853 8.535239208071232e-05
4860 0.00020019542348213994
4926 0.00010236864012694453
4927 0.00010236864012694453
4933 2.564069103539461e-05
4942 6.804811807694473e-05
4951 0.00018825025618924418
4981 0.00016508218077975113
5000 0.00013065000625947455
5002 0.00014665847838343454
5003 0.00018227567001855016
5011 0.00010310145735752775
5012 0.00010774605847492284
5020 0.0002875104201589402
5024 6.025437603138515e-05
5028 0.00018825025618924418
5051 0.0001281179340087181
5072 0.00016508218077975113
5086 0.00017370426675739054
5089 0.0002875104201589402
5160 0.00021244233432427055
5161 5.502814824397996e-05
5162 5.6001418804450566e-05
5163 0.00020019542348213994
5166 0.0001347133110905388
5182 0.00019756065060853997
5183 0.00020908021320920737
5185 0.00015447220461114937
5186 0.00016007969731333051
5187 0.00023971321052336105
5194 0.00011712061541501202
5222 2.3001954162320978e-05
5236 0.00010200632301179658
5242 6.786862826996617e-05
5250 0.00023397347506023475
5251 0.00023971321052336105
5267 0.0001677901789526326
5275 0.00017065756051371745
5288 0.0002462203859023654
5332 0.00022883910672981793
5333 0.00023397347506023475
5366 0.00013542473142615584
5378 0.00010347204034115494
5395 3.215862746722012e-05
5408 0.00010774605847492284
5411 8.164949036359771e-05
5412 0.00010856509334268535
5416 0.00013332088986277624
5427 3.490353872923123e-05
5430 6.441104889224853e-05
5439 8.024367862190805e-05
5440 8.586807337437805e-05
5448 9.954283828468142e-05
5455 8.908229930004346e-05
5469 1.1433598200043818e-05
5499 0.00022419450561242282
5500 0.00023971321052336105
5547 0.00017695423263882194
5550 4.944160821510571e-05
5602 0.00018825025618924418
5616 0.00013687950893562258
5618 0.00014071861357331354
5622 6.733409171295719e-05
5623 0.00022419450561242282
5636 0.00010310145735752775
5640 0.00030726931367955075
5642 9.852402568908913e-05
5644 7.711306116076915e-05
5657 0.00018825025618924418
5659 0.0002199543170027505
5668 0.00023397347506023475
5674 0.00010236864012694453
5687 2.724862948448243e-05
5691 8.383730339089555e-05
5702 3.9886331735258645e-05
5711 0.00020019542348213994
5728 0.00022419450561242282
5754 0.00017215710736717137
5758 0.00020908021320920737
5759 0.0002875104201589402
5765 0.00015554326811050196
5766 0.00018418695135817993
5787 0.00013687950893562258
5797 5.544288630052885e-05
5801 0.0002537323685808453
5806 7.910237522724487e-05
5810 5.261121850249547e-05
5814 0.00018617626542465564
5822 9.134928606937549e-05
5830 0.00030726931367955075
5841 0.00014488623116808087
5844 0.00021244233432427055
5845 0.0002875104201589402
5854 7.178415593526694e-05
5862 6.610917985376751e-05
5868 7.256700694753944e-05
5888 8.358930576913648e-05
5891 0.00010310145735752775
5892 0.00011712061541501202
5894 1.5848029138067838e-05
5896 1.6219082409210568e-05
5909 6.663037655997976e-05
5912 0.00010498321344481378
5934 5.434466680855229e-05
5938 5.91933076971794e-05
5941 0.00016251677649793962
5944 0.00030726931367955075
5964 0.0001440237055098346
5982 0.0001376235146469122
5984 3.088397517794058e-05
5985 7.52017798211394e-05
5986 0.00019506105515172307
5987 7.798719092134497e-05
5988 7.044371782011974e-05
5989 0.00013130412920165632
6000 3.4631041686461846e-05
6005 0.00010897983139923425
6022 2.0770655001689466e-05
6051 0.0001677901789526326
6062 0.0002199543170027505
6064 0.00010498321344481378
6065 0.00019506105515172307
6066 0.00019756065060853997
6084 7.843020694973282e-05
6087 0.00010236864012694453
6092 0.00014576429866269
6095 0.0001753021616311125
6133 0.00013614669170503938
6135 0.0002875104201589402
6159 7.101368253390731e-05
6160 7.955569410086921e-05
6173 0.00013196715204843822
6183 0.0002875104201589402
6195 9.622649587425546e-05
6197 5.5304247721948624e-05
6211 7.356359438910525e-05
6212 0.0001391464957049546
6218 9.464928935894339e-05
6242 3.105201474962982e-05
6246 0.00010128967145643295
6254 8.141235399539764e-05
6264 4.7398314413738584e-05
6265 0.0001275049519955334
6297 9.164022082905678e-05
6299 0.0001431761810607271
6328 9.920086195142229e-05
6356 6.733409171295719e-05
6386 0.00013837905578907654
6405 0.00014071861357331354
6429 5.815485137703107e-05
6443 0.0001275049519955334
6470 0.0001263016457352357
6471 0.0002734912621014559
6472 0.00023397347506023475
6475 8.691610145495967e-05
6487 0.00012936752625714268
6490 2.724862948448243e-05
6491 7.604199766141655e-05
6495 0.00017215710736717137
6507 6.212889280683989e-05
6513 0.0002462203859023654
6514 0.0002875104201589402
6540 6.040786096929821e-05
6545 0.0001677901789526326
6546 0.0001786642827461757
6552 0.00020908021320920737
6553 0.00016508218077975113
6554 0.00022419450561242282
6566 7.082295263288685e-05
6578 6.025437603138515e-05
6586 5.24803957997587e-05
6588 6.576478670658657e-05
6589 5.9343481706634316e-05
6593 7.754816608258265e-05
6595 7.66818067754729e-05
6596 0.00015890538922556517
6598 0.00012936752625714268
6602 0.0001300045474523503
6605 0.00010200632301179658
6606 0.00014944388948364012
6614 8.484211069037113e-05
6656 0.0002059351589452662
6657 0.00023971321052336105
6658 0.0002875104201589402
6661 5.889434094657216e-05
6675 5.7716484755306535e-05
6686 0.00011333374567896404
6687 6.196989942762013e-05
6705 0.00016508218077975113
6706 7.910237522724487e-05
6707 0.00016251677649793962
6732 0.00018227567001855016
6757 0.0001287387249198448
6760 1.9892587507080337e-05
6831 0.00011198624708459517
6833 2.7093186202753706e-05
6834 0.00019506105515172307
6846 0.00021605372159664503
6859 0.0002537323685808453
6885 5.131853189681648e-05
6887 0.00020019542348213994
6905 2.9805618738211806e-05
6919 7.3968006896828e-05
6960 3.259102983841739e-05
6968 0.0001287387249198448
6972 6.133906307779394e-05
6980 0.00011379132113009053
6982 0.0001147195668623605
6983 0.00013263932032595027
6999 6.309390310328486e-05
7067 3.508605365233e-05
7073 5.516600244482883e-05
7091 9.464928935894339e-05
7099 0.00030726931367955075
7110 0.00019506105515172307
7165 6.628229345501092e-05
7167 0.00011243128604527755
7171 0.00012341728754011654
7178 3.714017269315804e-05
7197 0.00011198624708459517
7199 0.00021605372159664503
7236 0.00010536844412685977
7237 0.00010536844412685977
7243 0.00013687950893562258
7264 0.00017695423263882194
7296 0.00018825025618924418
7301 0.00011024565393173974
7302 0.00011811516886331826
7308 0.00030726931367955075
7321 3.8200641252257444e-05
7335 0.000126899584862824
7355 0.00017215710736717137
7365 0.00020019542348213994
7373 7.27647006365303e-05
7389 0.0001300045474523503
7392 5.274239335290522e-05
7393 0.0002734912621014559
7422 0.00013401212737453773
7435 0.00019041645403432799
7443 0.00014576429866269
7444 9.886126874785542e-05
7446 0.00015554326811050196
7469 7.887728740211037e-05
7473 0.00023971321052336105
7482 2.5340342303404983e-05
7483 2.8590308184836374e-05
7494 0.00010694056199521868
7503 3.173002815645075e-05
7544 0.0002734912621014559
7552 0.000126899584862824
7559 8.509658347491132e-05
7560 0.00014849761844045535
7565 0.00022419450561242282
7571 0.00015890538922556517
7572 0.00018418695135817993
7590 0.0001239806629188251
7593 0.0002199543170027505
7597 0.0001786642827461757
7602 9.654815662959692e-05
7603 0.00020298083458234552
7607 0.00023971321052336105
7614 0.00014665847838343454
7620 0.0001027336712532598
7625 0.00019506105515172307
7651 0.00011566583790554528
7694 6.804811807694473e-05
7697 0.00021605372159664503
7713 0.00016920278300425065
7775 0.00010536844412685977
7784 7.082295263288685e-05
7808 4.7398314413738584e-05
7812 0.0001786642827461757
7814 0.0001275049519955334
7818 2.996997446737178e-05
7836 6.424444555902466e-05
7841 0.0001300045474523503
7843 0.00012571095453322076
7847 0.00015775871449691997
7858 4.509923582401553e-05
7862 9.077257605451787e-05
7866 5.91933076971794e-05
7884 0.00010982004923951138
7890 9.233159952796689e-06
7891 6.932340577943291e-05
7893 5.131853189681648e-05
7904 6.056183085252843e-05
7938 4.907474504580058e-05
7942 9.134928606937549e-05
7976 0.0002537323685808453
7989 0.00011862016226846598
7994 0.0002462203859023654
8009 2.7093186202753706e-05
8010 3.97855428110104e-05
8016 3.6571316885345003e-05
8031 5.5721352358276173e-05
8032 6.056183085252843e-05
8054 2.9805618738211806e-05
8058 8.853165584237468e-05
8066 0.00018227567001855016
8069 5.287392225192349e-05
8077 0.0001300045474523503
8101 0.0001523982138465608
8105 0.0001281179340087181
8142 0.00020298083458234552
8144 1.8182537399726556e-05
8148 0.0001753021616311125
8158 0.00010939812948263226
8181 0.00019041645403432799
8234 4.8109734749355606e-05
8247 0.00016378259903044513
8275 0.00016007969731333051
8278 0.0001804365299615294
8301 0.00014488623116808087
8302 0.00020908021320920737
8346 0.0001399262151792957
8416 0.00021605372159664503
8422 0.00026261715830791277
8437 8.433711728522342e-05
8444 5.815485137703107e-05
8474 8.408656954820681e-05
8479 0.00019041645403432799
8503 7.256700694753944e-05
8513 4.3335009582674306e-05
8516 8.024367862190805e-05
8530 0.0001147195668623605
8531 9.752607762356147e-05
8532 0.0001002340757964429
8535 0.00012341728754011654
8550 0.00013542473142615584
8559 0.00011379132113009053
8560 0.00017215710736717137
8567 0.00023397347506023475
8591 0.00011761535496899039
8600 8.383730339089555e-05
8630 0.0001275049519955334
8633 5.949411993323993e-05
8634 0.00019268344080366
8639 3.69498153124238e-05
8678 4.409901177660094e-05
8693 8.484211069037113e-05
8694 8.88061998220748e-05
8695 4.476354154013861e-05
8696 4.787143878550288e-05
8717 9.106007793564448e-05
8718 9.403242760948e-05
8753 0.00010614816360120087
8756 9.372690041743856e-05
8760 0.00022419450561242282
8763 6.542281037332744e-05
8767 0.0001239806629188251
8813 4.431951634967444e-05
8814 9.988723143186235e-05
8818 7.139739654402146e-05
8819 7.139739654402146e-05
8821 0.00019041645403432799
8866 3.8493910507496085e-05
8874 0.0001786642827461757
8875 0.0001804365299615294
8890 0.00010058340652177312
8891 0.00010058340652177312
8892 0.00010384546306881737
