253
2 0.00014944388948364012
56 0.0001027336712532598
158 1.722259642893919e-05
163 4.4209139343250144e-05
170 0.0002462203859023654
295 6.969398876306011e-05
412 6.391293797104737e-05
480 6.877276232176413e-05
509 1.4811799641107606e-05
527 0.0001431761810607271
668 8.63892700805903e-05
753 9.752607762356147e-05
757 0.00010815385522706535
779 0.00013401212737453773
780 0.00013614669170503938
782 0.00023397347506023475
903 0.00022883910672981793
1065 0.00015554326811050196
1126 4.895306850942043e-05
1135 0.00010774605847492284
1139 0.0001415241100530177
1140 3.8493910507496085e-05
1145 9.920086195142229e-05
1173 9.077257605451787e-05
1194 0.0001027336712532598
1216 4.5550455969092306e-05
1234 2.8271279696782107e-05
1254 8.96392359620217e-05
1260 0.00017215710736717137
1263 0.00022419450561242282
1265 6.576478670658657e-05
1269 8.433711728522342e-05
1279 0.00019041645403432799
1365 6.733409171295719e-05
1367 0.0001275049519955334
1412 6.804811807694473e-05
1418 6.424444555902466e-05
1511 9.312153328472917e-05
1521 0.00011110817958998604
1610 9.590694438493474e-05
1611 0.0001786642827461757
1647 0.00014944388948364012
1671 7.64676023536449e-05
1704 0.00018227567001855016
1706 3.382257549850835e-05
1777 4.871062309639001e-05
1782 0.00014665847838343454
1848 6.508321716976057e-05
1922 7.334292682143156e-06
1947 0.00021244233432427055
2026 8.535239208071232e-05
2032 0.00011024565393173974
2034 0.00020298083458234552
2095 0.00020908021320920737
2288 0.00018418695135817993
2289 0.00019268344080366
2341 8.744869066327002e-05
2371 8.858094887998e-06
2384 3.364472337590274e-05
2411 0.00013837905578907654
2417 8.63892700805903e-05
2469 0.00011110817958998604
2493 2.5565430128539482e-05
2503 0.00015342417653056774
2550 5.3403616896513294e-05
2586 9.502842032885344e-06
2599 0.00012341728754011654
2606 0.00013196715204843822
2634 0.00023397347506023475
2678 0.0001664173719040451
2728 0.00010939812948263226
2834 0.00014849761844045535
2894 0.00013130412920165632
2955 4.7516165565500014e-05
2982 7.197869283035229e-05
3069 0.00013196715204843822
3076 9.818910047034337e-05
3079 0.00011862016226846598
3080 0.00019756065060853997
3104 0.00010939812948263226
3137 0.00011379132113009053
3184 0.0002199543170027505
3214 8.001326955199571e-05
3226 8.164949036359771e-05
3257 0.0001504088997800851
3372 6.542281037332744e-05
3409 8.458895984833521e-05
3413 8.001326955199571e-05
3478 7.865323446718271e-05
3480 0.00020019542348213994
3481 0.00023397347506023475
3586 6.228840662358072e-05
3594 0.00018227567001855016
3642 0.00013542473142615584
3644 0.0001753021616311125
3654 6.663037655997976e-05
3719 2.489326185102742e-05
3723 6.859058854884968e-05
3746 1.903006184883404e-05
3819 6.424444555902466e-05
3832 3.3290954653437934e-05
3840 0.00010774605847492284
3841 0.00015139340654708521
3869 0.0001523982138465608
3887 5.5861184383926875e-05
3891 8.334256383691721e-05
3977 0.0001128804268053397
3978 0.00018617626542465564
4015 8.798716495431228e-05
4027 0.00016378259903044513
4122 0.00026261715830791277
4247 4.846937791309118e-05
4250 8.612797493712278e-05
4301 0.00011154523568104574
4314 3.1644758795232604e-05
4315 7.256700694753944e-05
4343 0.00022883910672981793
4363 7.025520142447097e-05
4392 8.334256383691721e-05
4398 6.325661252824365e-05
4485 7.159039254876493e-05
4492 6.969398876306011e-05
4563 4.728074758348793e-05
4567 6.341986704442123e-05
4652 4.476354154013861e-05
4658 8.334256383691721e-05
4676 1.811794967986411e-05
4679 0.00012122674224136485
4699 3.676019862375966e-05
4703 0.00012069415303305452
4735 0.00021244233432427055
4736 0.00021605372159664503
4781 0.0001753021616311125
4839 3.088397517794058e-05
4844 0.00010734164596720007
4923 8.188778632745044e-05
4933 2.564069103539461e-05
4948 0.00011110817958998604
4950 0.00011425323385392718
5018 0.00010982004923951138
5080 0.00010575674440844711
5222 2.3001954162320978e-05
5228 4.931901336427842e-05
5236 0.00010200632301179658
5254 5.9796800580258657e-05
5377 0.0002059351589452662
5379 2.541525611908456e-05
5380 3.8298201700263376e-05
5385 0.00011519040557349246
5395 3.215862746722012e-05
5469 1.1433598200043818e-05
5539 0.0001391464957049546
5545 0.00019756065060853997
5568 0.0001753021616311125
5588 6.913916575845257e-05
5611 0.00012122674224136485
5644 7.711306116076915e-05
5657 0.00018825025618924418
5660 0.0002537323685808453
5687 2.724862948448243e-05
5691 8.383730339089555e-05
5699 8.260974660633398e-05
5702 3.9886331735258645e-05
5733 0.0001804365299615294
5808 0.00011913044365880717
5810 5.261121850249547e-05
5984 3.088397517794058e-05
6000 3.4631041686461846e-05
6001 0.00017215710736717137
6018 0.0001431761810607271
6022 2.0770655001689466e-05
6079 0.0001251273376474703
6080 0.00014071861357331354
6106 7.217400943451535e-05
6159 7.101368253390731e-05
6160 7.955569410086921e-05
6171 0.00022419450561242282
6195 9.622649587425546e-05
6196 0.0001753021616311125
6197 5.5304247721948624e-05
6199 0.0001251273376474703
6222 0.00010347204034115494
6242 3.105201474962982e-05
6264 4.7398314413738584e-05
6309 0.0001147195668623605
6328 9.920086195142229e-05
6345 0.0001251273376474703
6356 6.733409171295719e-05
6362 0.00017695423263882194
6429 5.815485137703107e-05
6490 2.724862948448243e-05
6565 0.00011333374567896404
6566 7.082295263288685e-05
6571 0.00014849761844045535
6572 0.00011614595437539213
6605 0.00010200632301179658
6670 0.00010734164596720007
6679 9.527405980765772e-05
6680 9.558947467904783e-05
6681 0.00020298083458234552
6760 1.9892587507080337e-05
6789 4.7516165565500014e-05
6833 2.7093186202753706e-05
6905 2.9805618738211806e-05
7080 0.0001263016457352357
7291 0.00016920278300425065
7321 3.8200641252257444e-05
7389 0.0001300045474523503
7390 0.00013065000625947455
7482 2.5340342303404983e-05
7483 2.8590308184836374e-05
7503 3.173002815645075e-05
7720 0.0001677901789526326
7721 0.00016920278300425065
7757 0.00018418695135817993
7784 7.082295263288685e-05
7831 0.00015139340654708521
7890 9.233159952796689e-06
7938 4.907474504580058e-05
7943 7.64676023536449e-05
8009 2.7093186202753706e-05
8010 3.97855428110104e-05
8042 6.663037655997976e-05
8054 2.9805618738211806e-05
8058 8.853165584237468e-05
8059 0.00011425323385392718
8060 0.0001147195668623605
8061 7.865323446718271e-05
8071 0.00013687950893562258
8081 0.0001664173719040451
8088 8.509658347491132e-05
8090 9.558947467904783e-05
8096 0.00013065000625947455
8097 0.00022419450561242282
8144 1.8182537399726556e-05
8145 0.0001263016457352357
8149 0.00011811516886331826
8234 4.8109734749355606e-05
8289 0.00023397347506023475
8349 4.919672615455441e-05
8408 0.00030726931367955075
8442 8.001326955199571e-05
8444 5.815485137703107e-05
8487 0.00012571095453322076
8489 0.00013837905578907654
8711 0.0002199543170027505
8717 9.106007793564448e-05
8718 9.403242760948e-05
8738 8.853165584237468e-05
8781 8.63892700805903e-05
8866 3.8493910507496085e-05
8873 0.00013614669170503938
8879 0.0001196461249524729
