249
58 3.9886331735258645e-05
102 0.00013687950893562258
145 5.786216925096193e-05
158 1.722259642893919e-05
225 4.311890533715833e-05
226 0.00011712061541501202
243 6.309390310328486e-05
328 5.502814824397996e-05
330 6.358367031630664e-05
331 0.00015890538922556517
344 9.164022082905678e-05
360 0.00020298083458234552
430 2.1595466130645556e-05
436 6.181142310095298e-05
463 2.104404381130732e-05
473 4.858985121920245e-05
509 1.4811799641107606e-05
545 0.0001300045474523503
546 0.00013263932032595027
645 6.341986704442123e-05
647 0.00017215710736717137
648 0.00018227567001855016
649 0.00018617626542465564
695 0.00011519040557349246
696 0.00017215710736717137
751 0.00011614595437539213
773 0.00011110817958998604
825 0.00018617626542465564
941 9.719791862251607e-05
983 0.00010347204034115494
1052 0.00021605372159664503
1083 7.178415593526694e-05
1093 0.00016378259903044513
1334 9.886126874785542e-05
1381 0.00014665847838343454
1404 0.00022419450561242282
1671 7.64676023536449e-05
1722 8.117636599183342e-05
1798 0.00010498321344481378
1803 0.00023971321052336105
1916 0.00014071861357331354
1917 0.00015663840245623315
1922 7.334292682143156e-06
1970 0.00012122674224136485
1973 0.0001275049519955334
1984 0.00010734164596720007
1987 0.00012571095453322076
1993 0.00014576429866269
1994 0.0001504088997800851
2090 0.0002199543170027505
2124 0.00011663084820199027
2266 0.0001347133110905388
2284 0.00015447220461114937
2316 0.00012341728754011654
2341 8.744869066327002e-05
2371 8.858094887998e-06
2391 2.4157123570420575e-05
2392 0.0001281179340087181
2460 0.00021244233432427055
2493 2.5565430128539482e-05
2559 7.604199766141655e-05
2586 9.502842032885344e-06
2607 3.3290954653437934e-05
2615 0.0002199543170027505
2648 0.00023397347506023475
2714 8.691610145495967e-05
2744 7.52017798211394e-05
2783 8.718166847460814e-05
2785 0.00010856509334268535
2797 0.00010347204034115494
2825 0.00011614595437539213
2830 8.285279662389543e-05
2831 0.00020908021320920737
2839 0.0001391464957049546
2840 0.00014944388948364012
2903 8.718166847460814e-05
2940 7.910237522724487e-05
2958 6.950834500520415e-05
2961 0.00020908021320920737
3002 0.0001440237055098346
3112 0.0001440237055098346
3117 0.00017065756051371745
3206 0.0001753021616311125
3212 7.356359438910525e-05
3213 0.0001300045474523503
3214 8.001326955199571e-05
3226 8.164949036359771e-05
3249 0.00012016732165868515
3269 0.00010310145735752775
3372 6.542281037332744e-05
3375 0.00010236864012694453
3395 7.541048004377448e-05
3413 8.001326955199571e-05
3414 9.852402568908913e-05
3415 0.00015663840245623315
3465 5.7716484755306535e-05
3466 0.00030726931367955075
3507 9.134928606937549e-05
3545 6.071628875522179e-05
3557 0.00015775871449691997
3572 5.234992335902794e-05
3573 0.00016128300357362823
3666 0.0001804365299615294
3668 0.0002462203859023654
3679 0.0002734912621014559
3719 2.489326185102742e-05
3724 5.7716484755306535e-05
3819 6.424444555902466e-05
3832 3.3290954653437934e-05
3875 3.285232498188492e-05
3891 8.334256383691721e-05
3892 0.00011110817958998604
4015 8.798716495431228e-05
4223 0.0001786642827461757
4247 4.846937791309118e-05
4268 0.00019041645403432799
4308 7.955569410086921e-05
4340 0.00012936752625714268
4375 7.541048004377448e-05
4376 0.00014488623116808087
4381 4.3226837668107787e-05
4398 6.325661252824365e-05
4435 0.00010856509334268535
4436 0.0001128804268053397
4460 0.00011862016226846598
4467 5.5861184383926875e-05
4479 0.00016007969731333051
4481 9.282164663063054e-05
4492 6.969398876306011e-05
4563 4.728074758348793e-05
4566 9.68719546813797e-05
4576 0.0001475693727081854
4577 3.9085797470059324e-05
4596 0.00017370426675739054
4652 4.476354154013861e-05
4657 0.0002537323685808453
4658 8.334256383691721e-05
4659 6.610917985376751e-05
4676 1.811794967986411e-05
4699 3.676019862375966e-05
4712 8.484211069037113e-05
4739 0.00013687950893562258
4740 0.00013837905578907654
4741 0.00016128300357362823
4759 5.0810908270240366e-05
4760 0.0001347133110905388
4806 0.00020908021320920737
4821 8.691610145495967e-05
4823 0.0001786642827461757
4839 3.088397517794058e-05
4893 0.00016378259903044513
4933 2.564069103539461e-05
5362 0.00017370426675739054
5395 3.215862746722012e-05
5405 0.00019506105515172307
5408 0.00010774605847492284
5412 0.00010856509334268535
5430 6.441104889224853e-05
5469 1.1433598200043818e-05
5616 0.00013687950893562258
5687 2.724862948448243e-05
5770 0.00013263932032595027
5776 0.00018227567001855016
5777 0.00022419450561242282
5822 9.134928606937549e-05
5823 0.0001475693727081854
5854 7.178415593526694e-05
5894 1.5848029138067838e-05
5896 1.6219082409210568e-05
6022 2.0770655001689466e-05
6040 0.00014488623116808087
6041 0.0001475693727081854
6153 0.0001440237055098346
6155 0.0001753021616311125
6227 0.00010536844412685977
6242 3.105201474962982e-05
6246 0.00010128967145643295
6251 0.0001228603508781383
6277 0.00011067500849334801
6292 8.853165584237468e-05
6302 8.509658347491132e-05
6306 0.00011425323385392718
6345 0.0001251273376474703
6429 5.815485137703107e-05
6430 0.0002537323685808453
6516 9.818910047034337e-05
6540 6.040786096929821e-05
6543 0.00021605372159664503
6586 5.24803957997587e-05
6588 6.576478670658657e-05
6603 0.0002734912621014559
6638 9.282164663063054e-05
6650 9.785646144837983e-05
6682 6.698096388147314e-05
6687 6.196989942762013e-05
6712 6.025437603138515e-05
6760 1.9892587507080337e-05
6833 2.7093186202753706e-05
6905 2.9805618738211806e-05
6908 8.935997200289977e-05
6930 0.0001391464957049546
6956 0.00014944388948364012
6957 0.0001664173719040451
6958 0.0002199543170027505
6992 4.787143878550288e-05
6999 6.309390310328486e-05
7003 8.771718405598661e-05
7165 6.628229345501092e-05
7167 0.00011243128604527755
7171 0.00012341728754011654
7189 0.00016920278300425065
7211 0.00010498321344481378
7476 8.117636599183342e-05
7480 9.252359415714085e-05
7503 3.173002815645075e-05
7671 9.134928606937549e-05
7674 0.00018825025618924418
7677 6.988034244141115e-05
7678 8.260974660633398e-05
7679 8.260974660633398e-05
7745 0.00019041645403432799
7818 2.996997446737178e-05
7890 9.233159952796689e-06
8009 2.7093186202753706e-05
8010 3.97855428110104e-05
8016 3.6571316885345003e-05
8024 0.00014488623116808087
8025 0.00030726931367955075
8028 0.00019268344080366
8061 7.865323446718271e-05
8081 0.0001664173719040451
8084 0.00011333374567896404
8234 4.8109734749355606e-05
8387 0.0002199543170027505
8429 0.00016128300357362823
8474 8.408656954820681e-05
8501 0.00019268344080366
8596 0.0002059351589452662
8695 4.476354154013861e-05
8696 4.787143878550288e-05
8699 0.0001664173719040451
8762 0.00018825025618924418
8763 6.542281037332744e-05
8767 0.0001239806629188251
8799 0.00012069415303305452
8818 7.139739654402146e-05
8819 7.139739654402146e-05
8866 3.8493910507496085e-05
8873 0.00013614669170503938
