455
14 0.0001275049519955334
15 6.0101372993599195e-05
41 0.0002734912621014559
52 9.785646144837983e-05
58 3.9886331735258645e-05
60 0.00017215710736717137
62 0.00014576429866269
68 3.241760820520544e-05
70 0.00011566583790554528
92 0.00010774605847492284
93 0.00010982004923951138
96 0.00016128300357362823
97 8.612797493712278e-05
143 0.00018617626542465564
148 0.00010614816360120087
158 1.722259642893919e-05
161 8.88061998220748e-05
163 4.4209139343250144e-05
168 0.00014488623116808087
196 8.935997200289977e-05
200 0.00016920278300425065
225 4.311890533715833e-05
238 0.00012176521653240713
278 5.558192042480493e-05
290 5.516600244482883e-05
292 0.00014576429866269
318 9.719791862251607e-05
328 5.502814824397996e-05
330 6.358367031630664e-05
412 6.391293797104737e-05
413 7.562007790453742e-05
423 8.63892700805903e-05
427 0.0001440237055098346
430 2.1595466130645556e-05
436 6.181142310095298e-05
443 5.859719717528758e-05
449 6.628229345501092e-05
494 0.00010815385522706535
522 0.00011110817958998604
549 6.786862826996617e-05
575 8.825864993225359e-05
632 6.4078409870285e-05
639 0.0001287387249198448
640 0.00022883910672981793
645 6.341986704442123e-05
706 6.525271795805037e-05
707 9.496067334174995e-05
710 0.00023971321052336105
723 6.212889280683989e-05
726 6.4078409870285e-05
751 0.00011614595437539213
753 9.752607762356147e-05
757 0.00010815385522706535
881 0.00020298083458234552
969 0.00010536844412685977
977 0.00010384546306881737
979 0.0001415241100530177
983 0.00010347204034115494
985 0.0002462203859023654
1014 0.00017695423263882194
1057 9.988723143186235e-05
1083 7.178415593526694e-05
1089 0.00017215710736717137
1110 0.00015554326811050196
1126 4.895306850942043e-05
1140 3.8493910507496085e-05
1145 9.920086195142229e-05
1146 0.0001504088997800851
1173 9.077257605451787e-05
1177 0.00010347204034115494
1194 0.0001027336712532598
1234 2.8271279696782107e-05
1239 0.00013196715204843822
1240 0.00014576429866269
1254 8.96392359620217e-05
1256 0.00020019542348213994
1265 6.576478670658657e-05
1271 0.00023397347506023475
1306 4.5550455969092306e-05
1371 0.00011519040557349246
1374 9.920086195142229e-05
1412 6.804811807694473e-05
1476 0.00018825025618924418
1508 0.00011198624708459517
1521 0.00011110817958998604
1539 0.00011198624708459517
1572 0.00014849761844045535
1576 0.0001376235146469122
1610 9.590694438493474e-05
1632 0.00023397347506023475
1638 7.33626397641186e-05
1641 7.583058115843726e-05
1647 0.00014944388948364012
1671 7.64676023536449e-05
1674 0.00014944388948364012
1678 0.00015663840245623315
1682 0.00015447220461114937
1684 0.00020908021320920737
1706 3.382257549850835e-05
1713 4.787143878550288e-05
1765 0.00016920278300425065
1777 4.871062309639001e-05
1779 0.00011333374567896404
1790 0.0002462203859023654
1848 6.508321716976057e-05
1901 0.00011243128604527755
1922 7.334292682143156e-06
1929 4.2158123180710165e-05
1931 7.754816608258265e-05
1932 0.0001275049519955334
2032 0.00011024565393173974
2040 4.7398314413738584e-05
2101 0.0002462203859023654
2123 0.00011243128604527755
2148 8.383730339089555e-05
2149 8.408656954820681e-05
2151 0.00011566583790554528
2167 8.744869066327002e-05
2180 0.00022883910672981793
2186 0.00023397347506023475
2294 8.535239208071232e-05
2341 8.744869066327002e-05
2343 0.0001263016457352357
2370 0.00017215710736717137
2371 8.858094887998e-06
2377 0.0001228603508781383
2384 3.364472337590274e-05
2402 8.825864993225359e-05
2404 0.00012341728754011654
2411 0.00013837905578907654
2417 8.63892700805903e-05
2431 0.0001391464957049546
2477 0.00020908021320920737
2493 2.5565430128539482e-05
2503 0.00015342417653056774
2550 5.3403616896513294e-05
2559 7.604199766141655e-05
2563 2.4450245822639586e-05
2579 0.00013130412920165632
2582 7.458098891001271e-05
2586 9.502842032885344e-06
2638 0.00012176521653240713
2640 0.00016128300357362823
2647 0.00018825025618924418
2713 0.0002734912621014559
2718 8.88061998220748e-05
2724 0.00018617626542465564
2739 7.583058115843726e-05
2779 0.0002875104201589402
2780 9.342327683396404e-05
2781 9.68719546813797e-05
2783 8.718166847460814e-05
2785 0.00010856509334268535
2792 0.0002059351589452662
2793 0.00021605372159664503
2832 0.0001196461249524729
2833 0.0001391464957049546
2862 0.00012230970742046953
2955 4.7516165565500014e-05
2982 7.197869283035229e-05
2988 0.0002734912621014559
2990 0.00023971321052336105
3024 0.0001347133110905388
3050 5.1064059112276297e-05
3052 0.00011379132113009053
3076 9.818910047034337e-05
3079 0.00011862016226846598
3104 0.00010939812948263226
3113 6.165346047478709e-05
3143 0.00022883910672981793
3149 7.541048004377448e-05
3150 7.604199766141655e-05
3156 9.342327683396404e-05
3157 0.00026261715830791277
3158 0.0002875104201589402
3185 0.00010939812948263226
3226 8.164949036359771e-05
3227 0.0002059351589452662
3241 0.00026261715830791277
3337 0.00015775871449691997
3338 0.00016007969731333051
3368 0.00010058340652177312
3370 0.00011811516886331826
3372 6.542281037332744e-05
3375 0.00010236864012694453
3395 7.541048004377448e-05
3409 8.458895984833521e-05
3413 8.001326955199571e-05
3421 8.586807337437805e-05
3434 0.00018617626542465564
3465 5.7716484755306535e-05
3497 0.00023397347506023475
3513 6.056183085252843e-05
3545 6.071628875522179e-05
3586 6.228840662358072e-05
3657 4.716346370617082e-05
3723 6.859058854884968e-05
3724 5.7716484755306535e-05
3731 5.3138049876864844e-05
3743 3.233112827567267e-05
3745 0.00019506105515172307
3746 1.903006184883404e-05
3748 0.0001523982138465608
3756 0.00014576429866269
3766 5.131853189681648e-05
3767 0.00017065756051371745
3788 0.0001300045474523503
3819 6.424444555902466e-05
3832 3.3290954653437934e-05
3875 3.285232498188492e-05
3882 0.00012016732165868515
3887 5.5861184383926875e-05
3914 0.00012936752625714268
3969 6.0101372993599195e-05
3970 6.663037655997976e-05
3994 0.0001147195668623605
4150 0.00022883910672981793
4189 4.981125419104163e-05
4199 0.00030726931367955075
4247 4.846937791309118e-05
4249 0.00013542473142615584
4290 5.656642719180506e-05
4291 7.843020694973282e-05
4314 3.1644758795232604e-05
4356 0.00014944388948364012
4363 7.025520142447097e-05
4381 4.3226837668107787e-05
4382 6.14960082295629e-05
4384 0.0001753021616311125
4388 0.0001415241100530177
4390 8.825864993225359e-05
4398 6.325661252824365e-05
4406 6.508321716976057e-05
4408 0.00013687950893562258
4432 6.4078409870285e-05
4450 0.00019756065060853997
4453 3.6854914742017664e-05
4457 0.00010058340652177312
4459 0.0002734912621014559
4485 7.159039254876493e-05
4495 3.207260550754382e-05
4502 6.424444555902466e-05
4503 7.798719092134497e-05
4567 6.341986704442123e-05
4659 6.610917985376751e-05
4676 1.811794967986411e-05
4699 3.676019862375966e-05
4723 9.106007793564448e-05
4724 0.00016128300357362823
4735 0.00021244233432427055
4736 0.00021605372159664503
4810 0.00010856509334268535
4829 8.383730339089555e-05
4839 3.088397517794058e-05
4846 4.681329625334851e-05
4847 0.00021605372159664503
4853 8.535239208071232e-05
4869 0.00013614669170503938
4871 0.00015775871449691997
4917 0.00020019542348213994
4918 0.00020298083458234552
4923 8.188778632745044e-05
4933 2.564069103539461e-05
4935 0.00011862016226846598
4942 6.804811807694473e-05
4972 4.681329625334851e-05
4981 0.00016508218077975113
5024 6.025437603138515e-05
5031 6.913916575845257e-05
5033 0.0001347133110905388
5036 0.0001677901789526326
5149 0.0001376235146469122
5161 5.502814824397996e-05
5162 5.6001418804450566e-05
5286 0.0002875104201589402
5312 0.0002734912621014559
5327 0.00014944388948364012
5355 0.00015447220461114937
5377 0.0002059351589452662
5379 2.541525611908456e-05
5380 3.8298201700263376e-05
5439 8.024367862190805e-05
5469 1.1433598200043818e-05
5537 0.00022883910672981793
5558 9.68719546813797e-05
5563 0.00016128300357362823
5588 6.913916575845257e-05
5611 0.00012122674224136485
5636 0.00010310145735752775
5639 0.0002199543170027505
5642 9.852402568908913e-05
5669 0.0001300045474523503
5687 2.724862948448243e-05
5688 0.00018617626542465564
5689 0.00019041645403432799
5690 0.00019756065060853997
5691 8.383730339089555e-05
5702 3.9886331735258645e-05
5754 0.00017215710736717137
5756 0.0002537323685808453
5757 0.00026261715830791277
5806 7.910237522724487e-05
5810 5.261121850249547e-05
5826 0.0001391464957049546
5827 0.00017370426675739054
5831 0.00013401212737453773
5832 0.00013542473142615584
5858 6.663037655997976e-05
5894 1.5848029138067838e-05
5975 0.00010460100421098168
5984 3.088397517794058e-05
5985 7.52017798211394e-05
5987 7.798719092134497e-05
6000 3.4631041686461846e-05
6014 9.818910047034337e-05
6022 2.0770655001689466e-05
6043 0.0001504088997800851
6045 0.00016920278300425065
6047 0.0002059351589452662
6059 0.00014849761844045535
6079 0.0001251273376474703
6080 0.00014071861357331354
6083 0.00030726931367955075
6094 0.00011761535496899039
6106 7.217400943451535e-05
6124 0.00019041645403432799
6159 7.101368253390731e-05
6162 0.0001128804268053397
6197 5.5304247721948624e-05
6211 7.356359438910525e-05
6287 0.0002734912621014559
6327 0.00010384546306881737
6352 0.00011519040557349246
6356 6.733409171295719e-05
6384 0.00015663840245623315
6385 0.0002462203859023654
6393 0.00014944388948364012
6396 0.0002734912621014559
6405 0.00014071861357331354
6408 4.3989132524856074e-05
6413 9.590694438493474e-05
6438 0.00021605372159664503
6460 0.00030726931367955075
6480 0.00014488623116808087
6485 0.00019268344080366
6490 2.724862948448243e-05
6491 7.604199766141655e-05
6505 0.00013196715204843822
6507 6.212889280683989e-05
6512 0.0001431761810607271
6517 0.0001391464957049546
6536 7.499396958083494e-05
6557 0.00026261715830791277
6558 0.00016128300357362823
6566 7.082295263288685e-05
6572 0.00011614595437539213
6573 0.0001504088997800851
6589 5.9343481706634316e-05
6590 8.691610145495967e-05
6614 8.484211069037113e-05
6638 9.282164663063054e-05
6639 0.00023971321052336105
6650 9.785646144837983e-05
6670 0.00010734164596720007
6675 5.7716484755306535e-05
6760 1.9892587507080337e-05
6784 9.68719546813797e-05
6788 0.00023971321052336105
6833 2.7093186202753706e-05
6857 0.00014665847838343454
6865 0.0002199543170027505
6868 0.00016508218077975113
6885 5.131853189681648e-05
6893 9.252359415714085e-05
6894 9.252359415714085e-05
6905 2.9805618738211806e-05
6929 5.904359505253569e-05
6960 3.259102983841739e-05
6967 0.00010536844412685977
6972 6.133906307779394e-05
6973 0.00011913044365880717
6992 4.787143878550288e-05
7021 0.0001677901789526326
7067 3.508605365233e-05
7068 0.00023971321052336105
7174 7.256700694753944e-05
7321 3.8200641252257444e-05
7327 0.00011761535496899039
7341 0.00014071861357331354
7346 8.070779096331723e-05
7349 0.00013614669170503938
7373 7.27647006365303e-05
7389 0.0001300045474523503
7406 6.698096388147314e-05
7408 8.691610145495967e-05
7482 2.5340342303404983e-05
7496 0.00018227567001855016
7503 3.173002815645075e-05
7577 8.853165584237468e-05
7578 8.88061998220748e-05
7660 0.00011913044365880717
7664 0.0001196461249524729
7671 9.134928606937549e-05
7781 0.0002059351589452662
7808 4.7398314413738584e-05
7812 0.0001786642827461757
7850 0.000126899584862824
7866 5.91933076971794e-05
7890 9.233159952796689e-06
7938 4.907474504580058e-05
7943 7.64676023536449e-05
8009 2.7093186202753706e-05
8010 3.97855428110104e-05
8016 3.6571316885345003e-05
8054 2.9805618738211806e-05
8137 8.63892700805903e-05
8144 1.8182537399726556e-05
8149 0.00011811516886331826
8176 0.0002059351589452662
8204 5.1064059112276297e-05
8295 0.00021244233432427055
8351 0.0001376235146469122
8358 0.00017370426675739054
8444 5.815485137703107e-05
8483 0.0001504088997800851
8485 0.00023397347506023475
8516 8.024367862190805e-05
8520 5.874554257904601e-05
8521 6.610917985376751e-05
8526 0.00010939812948263226
8558 0.00017370426675739054
8562 0.00013614669170503938
8563 0.0001376235146469122
8564 0.00014071861357331354
8565 0.0001786642827461757
8626 0.0001263016457352357
8628 0.0002462203859023654
8630 0.0001275049519955334
8633 5.949411993323993e-05
8638 6.491430390704548e-05
8639 3.69498153124238e-05
8652 0.00010982004923951138
8653 0.0002537323685808453
8678 4.409901177660094e-05
8683 0.00018617626542465564
8738 8.853165584237468e-05
8763 6.542281037332744e-05
8813 4.431951634967444e-05
8818 7.139739654402146e-05
8819 7.139739654402146e-05
8828 0.00016508218077975113
8847 0.00016007969731333051
8866 3.8493910507496085e-05
8882 0.0001147195668623605
8883 0.00011519040557349246
