322
17 0.0019123770903967893
19 0.004352418085443169
68 0.0010318061583028245
70 0.0018407391918111062
158 0.0002740853203119751
167 0.004037969408558024
206 0.003185967167987198
215 0.004037969408558024
243 0.0030122832024454
255 0.002627164991266325
270 0.0036418109271002448
446 0.0016007130695036465
456 0.002606483075998798
480 0.0010944693889492175
523 0.002143866122212289
549 0.0010800807413248901
708 0.0030729898995820277
715 0.004575522972243704
722 0.007424386565543837
919 0.002606483075998798
941 0.0015468354477926125
969 0.0016768635251045967
1011 0.0027248296964389033
1032 0.003918421569931929
1048 0.0023632335277523893
1049 0.004575522972243704
1068 0.0041793644907859254
1095 0.001106175661939963
1102 0.00151621860893901
1110 0.0031466129538603124
1216 0.00156260939891375
1222 0.0023632335277523893
1239 0.0023197346958605237
1242 0.001964097975995569
1248 0.0018256799640667084
1258 0.003918421569931929
1268 0.0013421649807962698
1299 0.0048899716491288495
1309 0.0013185430777002784
1326 0.002547554040100717
1364 0.0010715739738319187
1438 0.01335130423951662
1499 0.0032815720998938826
1523 0.0020689295123131174
1554 0.004818635854098655
1577 0.0017277359140535924
1585 0.002816100216566395
1618 0.006208514726829128
1621 0.0018036256098052277
1622 0.0026484136043015177
1640 0.0012067895344357016
1648 0.002783366897110937
1664 0.002110860040615837
1702 0.0024927882905177675
1712 0.0007618397543864315
1784 0.0017082656229637269
1881 0.0015112312871815633
1912 0.0023197346958605237
1914 0.003918421569931929
1921 0.00011672002925582107
1935 0.0017544808354279723
1955 0.0017964113637306918
1980 0.0015787108601983488
1984 0.0015112312871815633
2011 0.0041793644907859254
2025 0.0013583223539701931
2065 0.003277310958071808
2072 0.0017409930891950332
2204 0.004037969408558024
2248 0.004575522972243704
2290 0.0048899716491288495
2294 0.003144036639684479
2301 0.0048899716491288495
2367 0.003104257363414564
2372 0.0007213042363593305
2384 0.0018638909367474769
2404 0.002670260847903324
2438 0.0052544020408966
2468 0.0017682073151892063
2492 0.0004068555594741854
2502 0.0024416361807864636
2558 0.0012101540770688291
2578 0.0020896114275806444
2586 0.004756585510993574
2598 0.005892293927986706
2635 0.002627164991266325
2674 0.0017018826580381943
2700 0.002715893177318303
2707 0.0020689295123131174
2713 0.004149623015178218
2738 0.0012067895344357016
2779 0.0014867647199005133
2780 0.0107915357515057
2832 0.0022144170887902774
2899 0.002715893177318303
2903 0.007227953781147983
2921 0.0024927882905177675
2962 0.0027085026854586055
3050 0.005035431200180044
3072 0.004575522972243704
3087 0.004037969408558024
3096 0.0019464716295200435
3133 0.003910469453664174
3146 0.0020587917750065276
3149 0.0012101540770688291
3160 0.0016768635251045967
3190 0.0048899716491288495
3229 0.00597482624858717
3254 0.0034383406551237506
3273 0.009151045944487408
3332 0.002547554040100717
3366 0.002715893177318303
3408 0.0013461728753006489
3413 0.0015679394945377898
3414 0.007478364871553303
3416 0.004575522972243704
3448 0.004352418085443169
3478 0.0019821342740390076
3512 0.0009637982795673809
3619 0.0041793644907859254
3627 0.0012306537515035254
3653 0.0010603748498259635
3727 0.0010224044621821922
3740 0.002606483075998798
3786 0.0016007130695036465
3806 0.005801574182876139
3819 0.0010224044621821922
3835 0.003759437088963901
3872 0.0014583886571938464
3906 0.0033808680062462483
3914 0.004117583550013055
3915 0.004352418085443169
3940 0.0030303418542034478
3941 0.0048899716491288495
3943 0.002447520285816915
3952 0.002871518491102053
3954 0.0034294031183161153
4017 0.003104257363414564
4108 0.0015364949497910139
4267 0.0024416361807864636
4268 0.029330768413456138
4271 0.004352418085443169
4333 0.0012918638816414633
4335 0.002715893177318303
4364 0.0022361226967674477
4372 0.002110860040615837
4383 0.0039146601810133175
4409 0.002178339613632622
4412 0.004787300410143279
4413 0.006288073279368958
4433 0.002039524245585642
4437 0.0017964113637306918
4461 0.0018877551538153015
4468 0.0017779816972484151
4518 0.009779943298257699
4534 0.001809499072084426
4542 0.0021901799330951454
4552 0.002715893177318303
4653 0.000712379789653063
4655 0.002425308717500982
4659 0.0013263373730617966
4660 0.003156241129589872
4684 0.002816100216566395
4727 0.013109243832287232
4728 0.0036418109271002448
4819 0.005760128634171309
4830 0.0026684215993559323
4835 0.0005501889255165183
4847 0.000745000171803289
4854 0.0013583223539701931
4911 0.0048899716491288495
4915 0.002082314593025336
4927 0.0016291237871630885
4928 0.04072809467907721
4943 0.006497623160375694
4944 0.002670260847903324
4956 0.0037235207316728787
4991 0.0048899716491288495
5017 0.0038755916449243898
5028 0.011755264709795788
5029 0.0029958683627831144
5045 0.0016007130695036465
5052 0.002038905406938742
5163 0.001782445158518798
5184 0.0033273622502151
5198 0.0022144170887902774
5218 0.001139309961418916
5219 0.0033273622502151
5223 0.002928477364208636
5226 0.0026927414323819317
5255 0.001903246738468804
5264 0.0048899716491288495
5265 0.0018182586073324982
5293 0.004287732244424578
5304 0.0024927882905177675
5308 0.002110860040615837
5314 0.003918421569931929
5372 0.0020689295123131174
5379 0.001646683613429237
5380 0.00080893129476172
5437 0.0029958683627831144
5441 0.00683264526707551
5456 0.001417681163146406
5459 0.002816100216566395
5578 0.0029007870914380695
5600 0.009779943298257699
5604 0.0048899716491288495
5608 0.0036418109271002448
5610 0.0048899716491288495
5611 0.0048899716491288495
5619 0.015676053552067127
5623 0.009644165764487268
5637 0.0016407860499469413
5639 0.0041793644907859254
5669 0.011170562195018637
5703 0.0012695249586593751
5730 0.0014491560974329706
5812 0.0016407860499469413
5869 0.005774260409968495
5892 0.0016407860499469413
5893 0.0018638909367474769
5913 0.0016707328539646077
5939 0.0009420192110665407
5985 0.001474489214923963
5988 0.0024822208767536656
6034 0.005499519077523026
6058 0.0035089616708559447
6107 0.0011485978072864299
6115 0.0016768635251045967
6153 0.0048899716491288495
6161 0.001266072046119547
6328 0.001652626369409465
6335 0.002378292755496787
6410 0.0016830430467287155
6411 0.002547554040100717
6430 0.0037019716819435776
6466 0.0024927882905177675
6469 0.0007431514799611369
6471 0.004020000952830073
6494 0.003982624403979483
6508 0.0009887369512402806
6512 0.004575522972243704
6537 0.0011934754587578588
6553 0.0033273622502151
6554 0.00525432998253265
6555 0.0035678954178891284
6707 0.002517715600090022
6713 0.0019178107113989444
6728 0.002741330402284422
6761 0.004748644817761606
6795 0.0023632335277523893
6823 0.012224901185731737
6825 0.004037969408558024
6828 0.0048899716491288495
6834 0.0004311687061409661
6849 0.0038584740244822983
6852 0.0020291502360432027
6978 0.0024416361807864636
6979 0.002178339613632622
6981 0.001810907596270298
6983 0.005477039892200126
6984 0.004221720081231674
7084 0.0048899716491288495
7238 0.0016768635251045967
7291 0.007881494973798975
7322 0.0018238077580720626
7328 0.001871764363363647
7375 0.0016707328539646077
7385 0.004453651534563869
7390 0.0020689295123131174
7409 0.0013832076717260726
7436 0.0030303418542034478
7452 0.0020689295123131174
7470 0.0012552756880850134
7478 0.003918421569931929
7484 0.0013649829993389023
7526 0.0041793644907859254
7544 0.004575522972243704
7553 0.0020195162505312276
7595 0.0030664193293611034
7648 0.0035678954178891284
7695 0.005414685966979744
7699 0.004787300410143279
7740 0.0041793644907859254
7800 0.002992917838770306
7828 0.0025106172564224117
7863 0.0014445807103533272
7886 0.0029312037687573207
7961 0.0015841531692733584
7974 0.004037969408558024
8006 0.018302091888974817
8011 0.0006331584955923655
8137 0.0026927414323819317
8145 0.0008680862855698022
8270 0.0029007870914380695
8319 0.003814864521757488
8350 0.0015658615124621031
8351 0.0029958683627831144
8447 0.004575522972243704
8519 0.0048899716491288495
8533 0.0015951537205319626
8585 0.004352418085443169
8592 0.001871764363363647
8601 0.0013342107996779662
8627 0.004020000952830073
8639 0.0030991943379620854
8641 0.004352418085443169
8679 0.0007018042731304778
8697 0.0007618397543864315
8699 0.0036418109271002448
8705 0.0024093179270493273
8723 0.0011485978072864299
8754 0.008446361017981269
8772 0.003230294996067613
8782 0.0013748235267111084
8814 0.001410626891815352
8820 0.001136238567857713
8867 0.0006126030900764376
8890 0.0048899716491288495
8892 0.006402852278014586
8893 0.004957879108228395
8894 0.0166368112510755
