425
15 6.0101372993599195e-05
53 0.00010200632301179658
58 3.9886331735258645e-05
77 8.691610145495967e-05
80 0.0001376235146469122
109 0.00011913044365880717
138 5.5304247721948624e-05
141 0.00012571095453322076
158 1.722259642893919e-05
163 4.4209139343250144e-05
196 8.935997200289977e-05
225 4.311890533715833e-05
273 0.00022419450561242282
310 8.408656954820681e-05
328 5.502814824397996e-05
371 9.818910047034337e-05
380 0.0001423431449207802
384 0.00016920278300425065
385 0.0002059351589452662
389 0.0002059351589452662
430 2.1595466130645556e-05
436 6.181142310095298e-05
443 5.859719717528758e-05
447 0.00019506105515172307
459 8.798716495431228e-05
473 4.858985121920245e-05
480 6.877276232176413e-05
509 1.4811799641107606e-05
511 4.409901177660094e-05
535 8.236790279729728e-05
551 0.0001431761810607271
602 0.00013401212737453773
632 6.4078409870285e-05
633 0.00010058340652177312
753 9.752607762356147e-05
757 0.00010815385522706535
884 0.00012936752625714268
886 0.0001677901789526326
891 5.757123449128065e-05
917 0.00020298083458234552
991 0.00019756065060853997
992 0.00020019542348213994
1029 0.00026261715830791277
1055 0.00011614595437539213
1083 7.178415593526694e-05
1140 3.8493910507496085e-05
1164 8.408656954820681e-05
1165 8.433711728522342e-05
1208 0.00012571095453322076
1234 2.8271279696782107e-05
1254 8.96392359620217e-05
1281 0.0002462203859023654
1295 0.00020298083458234552
1306 4.5550455969092306e-05
1341 0.0002734912621014559
1342 0.00030726931367955075
1343 0.000126899584862824
1345 0.00022419450561242282
1346 0.00030726931367955075
1365 6.733409171295719e-05
1367 0.0001275049519955334
1369 0.00022883910672981793
1377 0.0002875104201589402
1408 0.00019041645403432799
1412 6.804811807694473e-05
1458 0.0001786642827461757
1468 0.00015554326811050196
1497 6.663037655997976e-05
1503 0.00015663840245623315
1511 9.312153328472917e-05
1524 0.0001300045474523503
1667 0.0001376235146469122
1706 3.382257549850835e-05
1707 0.00015554326811050196
1729 0.00010200632301179658
1798 0.00010498321344481378
1800 0.00011333374567896404
1828 0.00016128300357362823
1913 0.00014576429866269
1922 7.334292682143156e-06
1956 0.0001128804268053397
1960 0.00011712061541501202
1984 0.00010734164596720007
2004 7.217400943451535e-05
2009 0.00012176521653240713
2040 4.7398314413738584e-05
2319 0.0001228603508781383
2341 8.744869066327002e-05
2343 0.0001263016457352357
2348 0.00018227567001855016
2371 8.858094887998e-06
2373 4.532432364915004e-05
2418 0.00023971321052336105
2493 2.5565430128539482e-05
2514 0.00019756065060853997
2582 7.458098891001271e-05
2586 9.502842032885344e-06
2607 3.3290954653437934e-05
2612 8.001326955199571e-05
2689 0.0001300045474523503
2728 0.00010939812948263226
2729 0.00019506105515172307
2742 0.0001677901789526326
2743 0.00030726931367955075
2744 7.52017798211394e-05
2797 0.00010347204034115494
2843 7.33626397641186e-05
2850 9.252359415714085e-05
2851 0.00022419450561242282
2958 6.950834500520415e-05
2969 0.00023397347506023475
2976 5.461691012835996e-05
2977 0.00015890538922556517
3031 8.691610145495967e-05
3046 0.0002875104201589402
3097 0.00012230970742046953
3182 0.00017215710736717137
3214 8.001326955199571e-05
3226 8.164949036359771e-05
3237 0.0002059351589452662
3249 0.00012016732165868515
3257 0.0001504088997800851
3277 0.00017215710736717137
3345 0.00011110817958998604
3395 7.541048004377448e-05
3401 0.0001504088997800851
3409 8.458895984833521e-05
3450 0.00011198624708459517
3465 5.7716484755306535e-05
3508 0.00018227567001855016
3564 0.00010774605847492284
3565 0.0001423431449207802
3572 5.234992335902794e-05
3576 5.3536945098705395e-05
3582 0.00010815385522706535
3583 0.00011663084820199027
3586 6.228840662358072e-05
3594 0.00018227567001855016
3605 5.380470086849468e-05
3625 0.0001431761810607271
3626 0.00015342417653056774
3627 6.491430390704548e-05
3657 4.716346370617082e-05
3704 0.00013130412920165632
3724 5.7716484755306535e-05
3731 5.3138049876864844e-05
3746 1.903006184883404e-05
3800 0.00015775871449691997
3806 0.00018227567001855016
3875 3.285232498188492e-05
3902 0.00012122674224136485
3931 0.0001664173719040451
4015 8.798716495431228e-05
4059 0.00021244233432427055
4068 0.00019756065060853997
4069 0.00020908021320920737
4128 0.00016128300357362823
4180 0.0002734912621014559
4189 4.981125419104163e-05
4290 5.656642719180506e-05
4291 7.843020694973282e-05
4308 7.955569410086921e-05
4314 3.1644758795232604e-05
4322 0.00017370426675739054
4329 3.676019862375966e-05
4341 0.00030726931367955075
4392 8.334256383691721e-05
4399 9.282164663063054e-05
4435 0.00010856509334268535
4436 0.0001128804268053397
4457 0.00010058340652177312
4467 5.5861184383926875e-05
4471 0.00017065756051371745
4474 0.00022883910672981793
4481 9.282164663063054e-05
4486 0.00012571095453322076
4495 3.207260550754382e-05
4499 9.312153328472917e-05
4502 6.424444555902466e-05
4503 7.798719092134497e-05
4516 0.00011663084820199027
4525 9.818910047034337e-05
4527 0.0001753021616311125
4533 5.685140711216779e-05
4577 3.9085797470059324e-05
4619 0.00010856509334268535
4625 0.00017695423263882194
4670 7.541048004377448e-05
4699 3.676019862375966e-05
4723 9.106007793564448e-05
4724 0.00016128300357362823
4831 0.00013065000625947455
4834 1.7286007534181456e-05
4835 0.0001440237055098346
4878 6.969398876306011e-05
4890 0.00023971321052336105
4908 9.372690041743856e-05
4933 2.564069103539461e-05
4948 0.00011110817958998604
4950 0.00011425323385392718
5011 0.00010310145735752775
5012 0.00010774605847492284
5018 0.00010982004923951138
5033 0.0001347133110905388
5034 0.00019506105515172307
5044 0.00010058340652177312
5055 0.00013065000625947455
5056 0.00013614669170503938
5059 0.00016508218077975113
5060 0.00022419450561242282
5080 0.00010575674440844711
5161 5.502814824397996e-05
5162 5.6001418804450566e-05
5168 0.00014488623116808087
5177 6.196989942762013e-05
5180 0.00010982004923951138
5185 0.00015447220461114937
5186 0.00016007969731333051
5198 0.00010654275221462514
5222 2.3001954162320978e-05
5228 4.931901336427842e-05
5233 0.0001431761810607271
5242 6.786862826996617e-05
5324 0.00023397347506023475
5377 0.0002059351589452662
5378 0.00010347204034115494
5379 2.541525611908456e-05
5395 3.215862746722012e-05
5411 8.164949036359771e-05
5427 3.490353872923123e-05
5443 0.00011712061541501202
5469 1.1433598200043818e-05
5481 6.576478670658657e-05
5509 8.935997200289977e-05
5558 9.68719546813797e-05
5561 0.00016007969731333051
5568 0.0001753021616311125
5600 0.00018227567001855016
5611 0.00012122674224136485
5612 0.0001415241100530177
5687 2.724862948448243e-05
5699 8.260974660633398e-05
5702 3.9886331735258645e-05
5729 9.106007793564448e-05
5770 0.00013263932032595027
5774 0.0001677901789526326
5775 0.00014576429866269
5806 7.910237522724487e-05
5834 6.804811807694473e-05
5894 1.5848029138067838e-05
5896 1.6219082409210568e-05
5907 0.0001786642827461757
5909 6.663037655997976e-05
5959 0.00019756065060853997
5982 0.0001376235146469122
5984 3.088397517794058e-05
5985 7.52017798211394e-05
5987 7.798719092134497e-05
5988 7.044371782011974e-05
5991 0.0001664173719040451
6000 3.4631041686461846e-05
6018 0.0001431761810607271
6022 2.0770655001689466e-05
6035 9.818910047034337e-05
6038 0.00011663084820199027
6040 0.00014488623116808087
6041 0.0001475693727081854
6042 0.00019756065060853997
6064 0.00010498321344481378
6074 0.0002734912621014559
6104 0.0002462203859023654
6105 0.0002875104201589402
6173 0.00013196715204843822
6242 3.105201474962982e-05
6246 0.00010128967145643295
6254 8.141235399539764e-05
6297 9.164022082905678e-05
6302 8.509658347491132e-05
6305 0.00017215710736717137
6329 0.0002462203859023654
6336 0.00015890538922556517
6337 0.00016007969731333051
6356 6.733409171295719e-05
6391 0.00021605372159664503
6452 8.63892700805903e-05
6466 0.00019268344080366
6467 4.669713069773751e-05
6468 4.669713069773751e-05
6487 0.00012936752625714268
6490 2.724862948448243e-05
6491 7.604199766141655e-05
6505 0.00013196715204843822
6507 6.212889280683989e-05
6512 0.0001431761810607271
6517 0.0001391464957049546
6534 0.00018418695135817993
6540 6.040786096929821e-05
6595 7.66818067754729e-05
6605 0.00010200632301179658
6633 0.00011811516886331826
6638 9.282164663063054e-05
6642 0.00015342417653056774
6661 5.889434094657216e-05
6687 6.196989942762013e-05
6732 0.00018227567001855016
6760 1.9892587507080337e-05
6767 0.0001786642827461757
6789 4.7516165565500014e-05
6796 8.260974660633398e-05
6798 0.00018418695135817993
6833 2.7093186202753706e-05
6885 5.131853189681648e-05
6905 2.9805618738211806e-05
6919 7.3968006896828e-05
6929 5.904359505253569e-05
6960 3.259102983841739e-05
6961 0.0001423431449207802
6972 6.133906307779394e-05
6973 0.00011913044365880717
6992 4.787143878550288e-05
6995 7.843020694973282e-05
6999 6.309390310328486e-05
7025 0.00016007969731333051
7067 3.508605365233e-05
7073 5.516600244482883e-05
7082 0.00020019542348213994
7084 0.00015447220461114937
7091 9.464928935894339e-05
7104 0.00017695423263882194
7136 0.0001664173719040451
7137 0.00016920278300425065
7139 6.196989942762013e-05
7141 0.0002462203859023654
7165 6.628229345501092e-05
7167 0.00011243128604527755
7178 3.714017269315804e-05
7225 0.00023971321052336105
7233 0.00017370426675739054
7243 0.00013687950893562258
7251 7.689695691525318e-05
7260 0.0001664173719040451
7280 0.0002059351589452662
7321 3.8200641252257444e-05
7339 0.0001504088997800851
7346 8.070779096331723e-05
7390 0.00013065000625947455
7432 0.00018617626542465564
7469 7.887728740211037e-05
7476 8.117636599183342e-05
7477 0.0002462203859023654
7482 2.5340342303404983e-05
7483 2.8590308184836374e-05
7502 9.68719546813797e-05
7552 0.000126899584862824
7554 8.260974660633398e-05
7558 0.00013614669170503938
7559 8.509658347491132e-05
7577 8.853165584237468e-05
7578 8.88061998220748e-05
7582 0.00015775871449691997
7615 0.00016007969731333051
7627 7.887728740211037e-05
7633 0.00030726931367955075
7646 0.0001664173719040451
7651 0.00011566583790554528
7652 0.00016251677649793962
7664 0.0001196461249524729
7671 9.134928606937549e-05
7677 6.988034244141115e-05
7678 8.260974660633398e-05
7679 8.260974660633398e-05
7685 0.00016378259903044513
7689 0.0002537323685808453
7792 0.000101646679848061
7799 9.403242760948e-05
7808 4.7398314413738584e-05
7818 2.996997446737178e-05
7886 7.910237522724487e-05
7890 9.233159952796689e-06
7922 0.00010774605847492284
8009 2.7093186202753706e-05
8010 3.97855428110104e-05
8016 3.6571316885345003e-05
8042 6.663037655997976e-05
8054 2.9805618738211806e-05
8068 0.00011379132113009053
8069 5.287392225192349e-05
8124 0.0001300045474523503
8137 8.63892700805903e-05
8144 1.8182537399726556e-05
8158 0.00010939812948263226
8181 0.00019041645403432799
8204 5.1064059112276297e-05
8213 0.0001376235146469122
8346 0.0001399262151792957
8349 4.919672615455441e-05
8357 0.00021244233432427055
8437 8.433711728522342e-05
8439 0.0002199543170027505
8444 5.815485137703107e-05
8474 8.408656954820681e-05
8489 0.00013837905578907654
8503 7.256700694753944e-05
8600 8.383730339089555e-05
8633 5.949411993323993e-05
8638 6.491430390704548e-05
8661 7.843020694973282e-05
8663 8.001326955199571e-05
8666 0.0001128804268053397
8678 4.409901177660094e-05
8695 4.476354154013861e-05
8696 4.787143878550288e-05
8736 0.0002875104201589402
8738 8.853165584237468e-05
8753 0.00010614816360120087
8756 9.372690041743856e-05
8757 9.818910047034337e-05
8779 0.0001475693727081854
8801 0.00015890538922556517
8802 0.00016007969731333051
8811 0.00011913044365880717
8818 7.139739654402146e-05
8819 7.139739654402146e-05
8866 3.8493910507496085e-05
8879 0.0001196461249524729
