28
15 0.017278175358676002
102 0.0393506510849764
274 0.07294396350943527
542 0.0672636003140907
695 0.033115383692611765
757 0.062184977921522985
800 0.03206745614159612
3111 0.041404492371085344
3330 0.05607690721006955
4437 0.032451302054489914
4500 0.026770938859145364
4680 0.03485073312435624
4774 0.07294396350943527
5431 0.01851713766863609
5811 0.015124876751427084
6154 0.041404492371085344
6307 0.032845961938909644
6931 0.08000474643371325
7000 0.018138479498595955
7503 0.027849124520014704
7611 0.038131665249834475
7702 0.032845961938909644
7944 0.021983202328247846
8011 0.011437701855862086
8506 0.09136547282440237
8627 0.03630968602556195
8758 0.02822778269005484
8764 0.018808002775712714
