87
97 8.612797493712278e-05
138 5.5304247721948624e-05
141 0.00012571095453322076
318 9.719791862251607e-05
436 6.181142310095298e-05
443 5.859719717528758e-05
458 0.00011198624708459517
492 0.00018617626542465564
509 1.4811799641107606e-05
1083 7.178415593526694e-05
1126 4.895306850942043e-05
1195 0.00018825025618924418
1305 0.00019506105515172307
1350 6.374802604546662e-05
1489 0.0001677901789526326
1490 0.00018617626542465564
1759 0.0001391464957049546
1888 6.071628875522179e-05
1895 0.00011519040557349246
1929 4.2158123180710165e-05
1931 7.754816608258265e-05
1953 0.0001281179340087181
2391 2.4157123570420575e-05
2493 2.5565430128539482e-05
2575 0.00012016732165868515
2586 9.502842032885344e-06
2607 3.3290954653437934e-05
2772 0.00011067500849334801
2903 8.718166847460814e-05
3002 0.0001440237055098346
3069 0.00013196715204843822
3345 0.00011110817958998604
3350 0.00023971321052336105
3436 0.00014665847838343454
3437 0.00019506105515172307
3490 0.0001245506276326127
3492 0.00017370426675739054
3627 6.491430390704548e-05
3647 8.094151528426567e-05
3696 0.0001391464957049546
3743 3.233112827567267e-05
3868 0.00020298083458234552
3890 0.00016007969731333051
4042 0.00012571095453322076
4044 0.00014488623116808087
4329 3.676019862375966e-05
4337 0.00016920278300425065
4516 0.00011663084820199027
4652 4.476354154013861e-05
4670 7.541048004377448e-05
4699 3.676019862375966e-05
4723 9.106007793564448e-05
4759 5.0810908270240366e-05
4834 1.7286007534181456e-05
4837 0.00016508218077975113
4839 3.088397517794058e-05
4849 0.00023971321052336105
4878 6.969398876306011e-05
5236 0.00010200632301179658
5616 0.00013687950893562258
5862 6.610917985376751e-05
6000 3.4631041686461846e-05
6014 9.818910047034337e-05
6197 5.5304247721948624e-05
6350 0.00023397347506023475
6429 5.815485137703107e-05
6507 6.212889280683989e-05
6614 8.484211069037113e-05
6946 0.00015890538922556517
6952 0.0002875104201589402
7003 8.771718405598661e-05
7087 0.0001376235146469122
7101 0.00011862016226846598
7139 6.196989942762013e-05
7321 3.8200641252257444e-05
7373 7.27647006365303e-05
7374 0.00010498321344481378
7482 2.5340342303404983e-05
7483 2.8590308184836374e-05
7554 8.260974660633398e-05
7627 7.887728740211037e-05
7632 0.00016251677649793962
7713 0.00016920278300425065
7911 0.00010774605847492284
7912 0.00011761535496899039
8495 0.00015342417653056774
8829 0.00011663084820199027
