232
68 3.241760820520544e-05
142 0.0002199543170027505
158 1.722259642893919e-05
161 8.88061998220748e-05
238 0.00012176521653240713
278 5.558192042480493e-05
310 8.408656954820681e-05
371 9.818910047034337e-05
412 6.391293797104737e-05
423 8.63892700805903e-05
430 2.1595466130645556e-05
436 6.181142310095298e-05
443 5.859719717528758e-05
487 0.0001786642827461757
509 1.4811799641107606e-05
535 8.236790279729728e-05
544 0.00020019542348213994
576 0.00022419450561242282
584 0.00021244233432427055
597 0.00011198624708459517
632 6.4078409870285e-05
633 0.00010058340652177312
695 0.00011519040557349246
841 0.00014576429866269
983 0.00010347204034115494
984 0.00014944388948364012
1038 0.00020908021320920737
1039 0.00023971321052336105
1041 0.00010734164596720007
1096 6.950834500520415e-05
1126 4.895306850942043e-05
1130 8.665197383001834e-05
1193 0.00015447220461114937
1234 2.8271279696782107e-05
1306 4.5550455969092306e-05
1312 0.00011243128604527755
1350 6.374802604546662e-05
1374 9.920086195142229e-05
1382 0.00011862016226846598
1468 0.00015554326811050196
1477 0.00016378259903044513
1658 0.00010654275221462514
1729 0.00010200632301179658
1777 4.871062309639001e-05
1848 6.508321716976057e-05
1929 4.2158123180710165e-05
1931 7.754816608258265e-05
1932 0.0001275049519955334
1985 9.496067334174995e-05
2059 0.00014071861357331354
2118 6.715720793434914e-05
2148 8.383730339089555e-05
2149 8.408656954820681e-05
2252 0.00015554326811050196
2271 0.00015890538922556517
2299 0.00010982004923951138
2300 0.00011024565393173974
2321 8.691610145495967e-05
2326 0.00011913044365880717
2371 8.858094887998e-06
2391 2.4157123570420575e-05
2526 8.070779096331723e-05
2563 2.4450245822639586e-05
2618 4.846937791309118e-05
2710 0.00021605372159664503
2739 7.583058115843726e-05
2742 0.0001677901789526326
2773 0.00011067500849334801
2774 0.0002734912621014559
2913 0.00016378259903044513
3009 0.00023397347506023475
3119 0.0002537323685808453
3122 0.00018825025618924418
3137 0.00011379132113009053
3156 9.342327683396404e-05
3161 0.00010536844412685977
3214 8.001326955199571e-05
3226 8.164949036359771e-05
3236 0.00026261715830791277
3345 0.00011110817958998604
3372 6.542281037332744e-05
3386 0.00020908021320920737
3436 0.00014665847838343454
3437 0.00019506105515172307
3465 5.7716484755306535e-05
3545 6.071628875522179e-05
3596 8.285279662389543e-05
3599 0.00023397347506023475
3605 5.380470086849468e-05
3611 0.00018825025618924418
3647 8.094151528426567e-05
3649 0.0001347133110905388
3704 0.00013130412920165632
3724 5.7716484755306535e-05
3743 3.233112827567267e-05
3746 1.903006184883404e-05
3860 0.00023971321052336105
3875 3.285232498188492e-05
3884 8.433711728522342e-05
3885 0.0001391464957049546
3920 0.00017370426675739054
4015 8.798716495431228e-05
4120 0.0001431761810607271
4121 0.00015890538922556517
4131 0.00018227567001855016
4154 0.00012571095453322076
4189 4.981125419104163e-05
4215 0.0001504088997800851
4216 0.0001677901789526326
4220 4.3879500470736716e-05
4244 0.0002537323685808453
4247 4.846937791309118e-05
4250 8.612797493712278e-05
4329 3.676019862375966e-05
4337 0.00016920278300425065
4345 5.131853189681648e-05
4348 8.212725328354177e-05
4381 4.3226837668107787e-05
4406 6.508321716976057e-05
4457 0.00010058340652177312
4502 6.424444555902466e-05
4503 7.798719092134497e-05
4577 3.9085797470059324e-05
4676 1.811794967986411e-05
4699 3.676019862375966e-05
4723 9.106007793564448e-05
4724 0.00016128300357362823
4821 8.691610145495967e-05
4824 0.00017370426675739054
4834 1.7286007534181456e-05
4853 8.535239208071232e-05
4869 0.00013614669170503938
4871 0.00015775871449691997
4894 0.00014849761844045535
4898 0.00022419450561242282
5024 6.025437603138515e-05
5031 6.913916575845257e-05
5055 0.00013065000625947455
5056 0.00013614669170503938
5074 0.00022883910672981793
5111 0.00014849761844045535
5115 0.00019268344080366
5151 0.0001431761810607271
5177 6.196989942762013e-05
5222 2.3001954162320978e-05
5223 0.00019268344080366
5254 5.9796800580258657e-05
5257 0.00030726931367955075
5395 3.215862746722012e-05
5408 0.00010774605847492284
5411 8.164949036359771e-05
5416 0.00013332088986277624
5469 1.1433598200043818e-05
5635 0.00022883910672981793
5644 7.711306116076915e-05
5652 0.00014576429866269
5669 0.0001300045474523503
5785 0.00030726931367955075
5797 5.544288630052885e-05
5894 1.5848029138067838e-05
5896 1.6219082409210568e-05
5998 0.00014488623116808087
6000 3.4631041686461846e-05
6211 7.356359438910525e-05
6242 3.105201474962982e-05
6246 0.00010128967145643295
6247 0.00018227567001855016
6254 8.141235399539764e-05
6255 0.00018227567001855016
6540 6.040786096929821e-05
6566 7.082295263288685e-05
6577 0.00010897983139923425
6586 5.24803957997587e-05
6590 8.691610145495967e-05
6591 0.0002199543170027505
6605 0.00010200632301179658
6619 5.7716484755306535e-05
6620 0.0001281179340087181
6621 0.0001399262151792957
6622 0.00014576429866269
6638 9.282164663063054e-05
6643 0.0002059351589452662
6650 9.785646144837983e-05
6760 1.9892587507080337e-05
6831 0.00011198624708459517
6832 0.00026261715830791277
6857 0.00014665847838343454
6946 0.00015890538922556517
6947 0.0002734912621014559
6960 3.259102983841739e-05
6972 6.133906307779394e-05
6973 0.00011913044365880717
6992 4.787143878550288e-05
7014 0.00019268344080366
7015 0.00020908021320920737
7060 0.00019041645403432799
7101 0.00011862016226846598
7102 0.00020019542348213994
7114 0.0002734912621014559
7205 0.0002875104201589402
7414 0.00010460100421098168
7444 9.886126874785542e-05
7554 8.260974660633398e-05
7558 0.00013614669170503938
7660 0.00011913044365880717
7710 0.00014488623116808087
7724 9.920086195142229e-05
7858 4.509923582401553e-05
7890 9.233159952796689e-06
7911 0.00010774605847492284
7912 0.00011761535496899039
7974 0.00026261715830791277
7995 9.134928606937549e-05
8009 2.7093186202753706e-05
8016 3.6571316885345003e-05
8061 7.865323446718271e-05
8068 0.00011379132113009053
8093 0.00026261715830791277
8144 1.8182537399726556e-05
8150 0.00012176521653240713
8351 0.0001376235146469122
8437 8.433711728522342e-05
8516 8.024367862190805e-05
8530 0.0001147195668623605
8685 0.00012571095453322076
8693 8.484211069037113e-05
8717 9.106007793564448e-05
8718 9.403242760948e-05
8753 0.00010614816360120087
8799 0.00012069415303305452
8800 0.00011379132113009053
8866 3.8493910507496085e-05
