286
52 0.0018476626788727988
68 0.000612088398993201
70 0.002183927854691143
96 0.003045241796288506
145 0.0010925162126368066
201 0.003730212962337517
239 0.0035544200914375936
240 0.0019536924227126543
276 0.000908377025606477
281 0.0027691109308329845
339 0.0028774849190689616
362 0.0034416118034011
375 0.0031472412242144325
423 0.0016311465571148744
443 0.003319183609488324
456 0.006184875095590368
458 0.008457808762863662
459 0.0016613169789678622
522 0.0020978730858177024
530 0.003730212962337517
549 0.020503227631930118
569 0.002672167094899351
575 0.003332885966933237
645 0.001197453082838733
707 0.0017929862729272785
726 0.001209887264330466
814 0.0027356485003600353
823 0.004790811162695961
840 0.004790811162695961
851 0.004958568039915505
861 0.0013814074000792537
983 0.0019536924227126543
1076 0.005801661278627449
1138 0.016033002569396108
1173 0.0034776993866612277
1209 0.005801661278627449
1253 0.0033850206393793957
1286 0.0028585127948042867
1304 0.003683017210830839
1309 0.0015643731430342288
1311 0.002122855129736257
1338 0.002641996673046363
1422 0.0029166446768952607
1436 0.004526110449542783
1489 0.007030520667222589
1495 0.003683017210830839
1516 0.0017193377427170838
1592 0.0035152603336112945
1651 0.0077766700700009
1657 0.016093373012487106
1711 0.0031681060907327576
1728 0.0019260176921210403
1778 0.004279789582588676
1825 0.004790811162695961
1877 0.004958568039915505
1921 0.00013848139064249958
1930 0.0014642145256948654
1947 0.0028774849190689616
2030 0.005801661278627449
2040 0.0036381246280555463
2041 0.004748885897158863
2169 0.0037799610467644726
2270 0.0030003492135132134
2289 0.005801661278627449
2330 0.0035953208439701923
2485 0.008519771916356684
2492 0.0004827099858168302
2563 0.0008860971131379278
2574 0.013613531829943246
2606 0.0006285783641344045
2634 0.0029368678080525287
2688 0.0024546621332528513
2704 0.003092437547795184
2728 0.003683017210830839
2738 0.00143178419339829
2764 0.0024426343093297783
2771 0.002089694228162537
2772 0.002089694228162537
2773 0.005163885864085116
2776 0.003730212962337517
2786 0.01740498383588235
2822 0.003116975413366826
2893 0.0024791999988244937
2939 0.0014935601017483182
2947 0.004790811162695961
2981 0.0013590553188646177
3019 0.00295754542942786
3051 0.002148534436252896
3068 0.0074751563075572975
3121 0.0035544200914375936
3129 0.005801661278627449
3160 0.001989499097581725
3212 0.0024546621332528513
3213 0.0015107590217105628
3260 0.0038325533851649644
3283 0.003730212962337517
3344 0.00839149234327081
3346 0.0044177364613068055
3349 0.004526110449542783
3369 0.006690523632901858
3385 0.015790871695936067
3398 0.004153035748153628
3436 0.007366034421661678
3461 0.010433098159983684
3481 0.0027691109308329845
3491 0.0032797720875886957
3582 0.002202148557576562
3595 0.0015643731430342288
3604 0.004063622831695124
3701 0.003022521742492376
3729 0.0024426343093297783
3792 0.004153035748153628
3819 0.002426044486534016
3827 0.002570634145074811
3872 0.0017302916271791397
3890 0.03324773916741614
3893 0.0033099425094416835
3901 0.005882229450440469
3970 0.0012580718557257196
3993 0.010545781000833886
4047 0.003116975413366826
4060 0.004958568039915505
4067 0.004233096258512526
4121 0.0030003492135132134
4131 0.0034416118034011
4158 0.004349902095215952
4190 0.003730212962337517
4202 0.004790811162695961
4217 0.0031681060907327576
4221 0.0016570089330305321
4222 0.0036381246280555463
4248 0.0009151675761895521
4275 0.005801661278627449
4337 0.0023735932771187782
4338 0.003194777970622631
4346 0.0009689634666619247
4349 0.0015506739009807718
4382 0.0008161813078351199
4389 0.002672167094899351
4399 0.0011943706162112445
4403 0.0026248236046033024
4458 0.003798302198822212
4468 0.00210946981029473
4494 0.0033411358501635193
4519 0.0028585127948042867
4547 0.005759140990137704
4552 0.0032222461425810375
4680 0.0022889252687606854
4724 0.0017193377427170838
4779 0.0038325533851649644
4798 0.001886006369747367
4800 0.0031421856322221397
4835 0.0003263832608996295
4850 0.004526110449542783
4872 0.0029786984398232005
4909 0.0035393819344076796
4973 0.0008838985089191565
5004 0.0034416118034011
5017 0.006130879438298469
5019 0.0041471028763666335
5032 0.0013054411975409518
5055 0.0044177364613068055
5057 0.005141268290149622
5060 0.012467901653467305
5112 0.002803836388858767
5116 0.0036381246280555463
5178 0.0011700757281757428
5181 0.0020735514381833168
5218 0.001351723683039392
5224 0.0036381246280555463
5229 0.0009312098455560367
5255 0.0022580893507257
5362 0.0029166446768952607
5379 0.003907384845425309
5380 0.0019194979875701828
5381 0.0007231219778659899
5396 0.0006071984914997155
5451 0.004320792625373172
5510 0.0033744748749569608
5532 0.0038325533851649644
5575 0.0025303306761904243
5613 0.002672167094899351
5617 0.018091295096270932
5623 0.0012713589520039713
5643 0.0037205343938184845
5653 0.002752227605258249
5655 0.003683017210830839
5675 0.0019328587305324778
5703 0.0007531080263233582
5773 0.004320792625373172
5790 0.004233096258512526
5811 0.001986742285145083
5863 0.0037446928656151026
5864 0.008022398658889403
5905 0.004233096258512526
5939 0.0011176499114348788
5949 0.003683017210830839
6015 0.01483154683714746
6060 0.002803836388858767
6115 0.001989499097581725
6137 0.004526110449542783
6203 0.0024917187691857654
6248 0.0034416118034011
6256 0.0034416118034011
6259 0.004011199329444702
6325 0.004790811162695961
6329 0.0018730467832861765
6422 0.008835472922613611
6430 0.001098042448034112
6441 0.005801661278627449
6548 0.002786309850795229
6557 0.003092437547795184
6592 0.004153035748153628
6606 0.011556106152726243
6620 0.0010897654918205334
6622 0.002641996673046363
6623 0.011008910421032995
6644 0.00388833503500045
6713 0.0022753686406428155
6761 0.009014376603208472
6790 0.000897169634575712
6823 0.0032231377890818143
6845 0.005428586577238294
6846 0.004526110449542783
6884 0.0046489747439870345
6932 0.002259081071136522
6974 0.0022493443090832402
6993 0.0009038776746957662
7004 0.0033124387470633587
7065 0.003947717923984017
7088 0.002598518564689156
7102 0.0022397095045266287
7115 0.005163885864085116
7222 0.008158774435886865
7234 0.0032797720875886957
7347 0.001523872527680261
7348 0.00295754542942786
7351 0.0035152603336112945
7370 0.0017696909672038398
7415 0.001975008791373451
7425 0.0032797720875886957
7484 0.0026991189252464167
7548 0.003116975413366826
7559 0.007711902435224433
7560 0.0016067388812042577
7617 0.005428586577238294
7647 0.0031421856322221397
7680 0.0015597840291433226
7702 0.002157255974801269
7716 0.0026569582291639197
7717 0.007665106770329929
7725 0.003746093566572353
7730 0.004079387217943433
7865 0.0046489747439870345
7913 0.013324424281571726
7941 0.004790811162695961
7943 0.0017247983844285472
8011 0.0022536149843118097
8019 0.004838080626634303
8043 0.0012580718557257196
8105 0.004079387217943433
8138 0.0016311465571148744
8164 0.004958568039915505
8184 0.003730212962337517
8272 0.005428586577238294
8301 0.005801661278627449
8350 0.0009289008972232815
8356 0.003092437547795184
8496 0.0028968564856788554
8627 0.0023847463279500435
8639 0.008579690540121027
8644 0.005163885864085116
8679 0.0008326491376124313
8686 0.0023735932771187782
8697 0.0009038776746957662
8698 0.002598518564689156
8723 0.0013627431611872899
8734 0.0035544200914375936
8765 0.0024307616874696117
8809 0.012033597988334106
8829 0.003116975413366826
8830 0.004404297115153124
8852 0.005428586577238294
8867 0.0007268172255144175
8886 0.004790811162695961
8897 0.023206645114509795
