381
58 3.9886331735258645e-05
68 3.241760820520544e-05
125 0.00015554326811050196
132 8.334256383691721e-05
137 0.00015342417653056774
158 1.722259642893919e-05
163 4.4209139343250144e-05
225 4.311890533715833e-05
226 0.00011712061541501202
243 6.309390310328486e-05
261 0.00020298083458234552
290 5.516600244482883e-05
311 0.00012016732165868515
318 9.719791862251607e-05
330 6.358367031630664e-05
331 0.00015890538922556517
378 7.955569410086921e-05
449 6.628229345501092e-05
450 0.00020298083458234552
463 2.104404381130732e-05
509 1.4811799641107606e-05
511 4.409901177660094e-05
545 0.0001300045474523503
546 0.00013263932032595027
621 0.00011110817958998604
668 8.63892700805903e-05
670 0.0002059351589452662
690 0.00021244233432427055
695 0.00011519040557349246
706 6.525271795805037e-05
707 9.496067334174995e-05
751 0.00011614595437539213
753 9.752607762356147e-05
757 0.00010815385522706535
829 0.00015890538922556517
983 0.00010347204034115494
988 0.00013263932032595027
1096 6.950834500520415e-05
1098 0.00017695423263882194
1126 4.895306850942043e-05
1133 0.00017065756051371745
1140 3.8493910507496085e-05
1152 0.0001677901789526326
1153 0.00017695423263882194
1216 4.5550455969092306e-05
1217 9.818910047034337e-05
1218 0.0002734912621014559
1234 2.8271279696782107e-05
1239 0.00013196715204843822
1246 0.00014071861357331354
1247 0.0001431761810607271
1306 4.5550455969092306e-05
1396 0.00018617626542465564
1418 6.424444555902466e-05
1436 0.00018825025618924418
1456 0.0002059351589452662
1511 9.312153328472917e-05
1539 0.00011198624708459517
1569 9.920086195142229e-05
1573 0.0001347133110905388
1578 0.00010856509334268535
1604 0.0001804365299615294
1634 0.00018617626542465564
1678 0.00015663840245623315
1679 0.0001677901789526326
1722 8.117636599183342e-05
1798 0.00010498321344481378
1800 0.00011333374567896404
1848 6.508321716976057e-05
1911 0.00016920278300425065
1916 0.00014071861357331354
1917 0.00015663840245623315
1922 7.334292682143156e-06
1970 0.00012122674224136485
1973 0.0001275049519955334
1984 0.00010734164596720007
2073 0.00010939812948263226
2090 0.0002199543170027505
2266 0.0001347133110905388
2267 0.00019506105515172307
2284 0.00015447220461114937
2286 0.00022419450561242282
2310 0.0001391464957049546
2312 0.00017065756051371745
2320 0.00014665847838343454
2333 0.00015890538922556517
2371 8.858094887998e-06
2373 4.532432364915004e-05
2374 8.586807337437805e-05
2391 2.4157123570420575e-05
2451 0.00014576429866269
2475 0.00015447220461114937
2493 2.5565430128539482e-05
2499 0.00020019542348213994
2526 8.070779096331723e-05
2559 7.604199766141655e-05
2562 0.00017215710736717137
2571 6.593667904531496e-05
2580 8.992010952057247e-05
2586 9.502842032885344e-06
2607 3.3290954653437934e-05
2612 8.001326955199571e-05
2613 0.00015554326811050196
2618 4.846937791309118e-05
2654 0.00013332088986277624
2714 8.691610145495967e-05
2732 0.00012069415303305452
2742 0.0001677901789526326
2762 0.00010200632301179658
2765 0.00012936752625714268
2767 0.00017215710736717137
2783 8.718166847460814e-05
2785 0.00010856509334268535
2790 0.00011425323385392718
2797 0.00010347204034115494
2830 8.285279662389543e-05
2831 0.00020908021320920737
2843 7.33626397641186e-05
2850 9.252359415714085e-05
2862 0.00012230970742046953
2916 0.00015890538922556517
2940 7.910237522724487e-05
2955 4.7516165565500014e-05
3002 0.0001440237055098346
3003 0.00026261715830791277
3031 8.691610145495967e-05
3042 0.0001287387249198448
3112 0.0001440237055098346
3113 6.165346047478709e-05
3249 0.00012016732165868515
3293 0.00020298083458234552
3300 0.00020298083458234552
3303 0.00010058340652177312
3305 0.0002199543170027505
3352 0.00020298083458234552
3368 0.00010058340652177312
3370 0.00011811516886331826
3413 8.001326955199571e-05
3414 9.852402568908913e-05
3415 0.00015663840245623315
3421 8.586807337437805e-05
3572 5.234992335902794e-05
3573 0.00016128300357362823
3586 6.228840662358072e-05
3605 5.380470086849468e-05
3647 8.094151528426567e-05
3663 0.0002059351589452662
3719 2.489326185102742e-05
3727 6.424444555902466e-05
3746 1.903006184883404e-05
3766 5.131853189681648e-05
3796 0.0001399262151792957
3819 6.424444555902466e-05
3832 3.3290954653437934e-05
3875 3.285232498188492e-05
3887 5.5861184383926875e-05
3891 8.334256383691721e-05
3892 0.00011110817958998604
4015 8.798716495431228e-05
4061 0.00013130412920165632
4072 0.00014944388948364012
4074 0.00015663840245623315
4075 0.00015663840245623315
4163 0.00017695423263882194
4198 0.00013332088986277624
4215 0.0001504088997800851
4224 8.236790279729728e-05
4225 0.00010897983139923425
4231 0.00023397347506023475
4268 0.00019041645403432799
4277 0.0002059351589452662
4308 7.955569410086921e-05
4345 5.131853189681648e-05
4349 0.0001415241100530177
4372 0.00018825025618924418
4375 7.541048004377448e-05
4381 4.3226837668107787e-05
4402 6.950834500520415e-05
4432 6.4078409870285e-05
4453 3.6854914742017664e-05
4467 5.5861184383926875e-05
4479 0.00016007969731333051
4492 6.969398876306011e-05
4561 0.0001440237055098346
4563 4.728074758348793e-05
4565 0.00013837905578907654
4566 9.68719546813797e-05
4567 6.341986704442123e-05
4576 0.0001475693727081854
4577 3.9085797470059324e-05
4646 0.00020019542348213994
4676 1.811794967986411e-05
4699 3.676019862375966e-05
4700 0.00017065756051371745
4739 0.00013687950893562258
4740 0.00013837905578907654
4741 0.00016128300357362823
4759 5.0810908270240366e-05
4760 0.0001347133110905388
4779 0.00016251677649793962
4818 9.048676041112919e-05
4834 1.7286007534181456e-05
4839 3.088397517794058e-05
4851 0.0001399262151792957
4852 0.00015663840245623315
4878 6.969398876306011e-05
4879 0.0001753021616311125
4893 0.00016378259903044513
4907 0.00023397347506023475
4908 9.372690041743856e-05
4933 2.564069103539461e-05
4935 0.00011862016226846598
4972 4.681329625334851e-05
5021 0.00017215710736717137
5055 0.00013065000625947455
5056 0.00013614669170503938
5076 0.00022883910672981793
5222 2.3001954162320978e-05
5228 4.931901336427842e-05
5242 6.786862826996617e-05
5254 5.9796800580258657e-05
5291 0.00011067500849334801
5293 0.00019756065060853997
5373 0.00016508218077975113
5395 3.215862746722012e-05
5397 0.00021244233432427055
5411 8.164949036359771e-05
5412 0.00010856509334268535
5427 3.490353872923123e-05
5430 6.441104889224853e-05
5437 0.00013065000625947455
5469 1.1433598200043818e-05
5568 0.0001753021616311125
5644 7.711306116076915e-05
5687 2.724862948448243e-05
5729 9.106007793564448e-05
5738 9.19329029551259e-05
5739 0.0001281179340087181
5768 0.0001677901789526326
5797 5.544288630052885e-05
5822 9.134928606937549e-05
5854 7.178415593526694e-05
5894 1.5848029138067838e-05
5896 1.6219082409210568e-05
5912 0.00010498321344481378
5922 0.00030726931367955075
5925 0.00010734164596720007
5927 0.0001475693727081854
5928 0.0001504088997800851
5998 0.00014488623116808087
6000 3.4631041686461846e-05
6022 2.0770655001689466e-05
6033 0.00011519040557349246
6153 0.0001440237055098346
6155 0.0001753021616311125
6195 9.622649587425546e-05
6196 0.0001753021616311125
6208 0.0001228603508781383
6209 0.0001804365299615294
6227 0.00010536844412685977
6229 7.458098891001271e-05
6230 0.0001239806629188251
6242 3.105201474962982e-05
6246 0.00010128967145643295
6264 4.7398314413738584e-05
6292 8.853165584237468e-05
6328 9.920086195142229e-05
6371 0.0001664173719040451
6408 4.3989132524856074e-05
6411 0.0002199543170027505
6436 0.0001804365299615294
6516 9.818910047034337e-05
6540 6.040786096929821e-05
6578 6.025437603138515e-05
6586 5.24803957997587e-05
6588 6.576478670658657e-05
6605 0.00010200632301179658
6606 0.00014944388948364012
6607 0.00022883910672981793
6619 5.7716484755306535e-05
6650 9.785646144837983e-05
6661 5.889434094657216e-05
6675 5.7716484755306535e-05
6678 0.00012230970742046953
6682 6.698096388147314e-05
6687 6.196989942762013e-05
6704 0.00010694056199521868
6756 0.00017695423263882194
6757 0.0001287387249198448
6760 1.9892587507080337e-05
6784 9.68719546813797e-05
6787 0.0001753021616311125
6826 0.00013614669170503938
6833 2.7093186202753706e-05
6903 0.0002059351589452662
6905 2.9805618738211806e-05
6908 8.935997200289977e-05
6930 0.0001391464957049546
6944 0.00014665847838343454
6956 0.00014944388948364012
6957 0.0001664173719040451
6958 0.0002199543170027505
6984 0.00016508218077975113
6985 0.00017370426675739054
6999 6.309390310328486e-05
7003 8.771718405598661e-05
7101 0.00011862016226846598
7189 0.00016920278300425065
7211 0.00010498321344481378
7260 0.0001664173719040451
7321 3.8200641252257444e-05
7335 0.000126899584862824
7392 5.274239335290522e-05
7503 3.173002815645075e-05
7514 0.00022883910672981793
7515 0.00023397347506023475
7554 8.260974660633398e-05
7602 9.654815662959692e-05
7603 0.00020298083458234552
7627 7.887728740211037e-05
7632 0.00016251677649793962
7781 0.0002059351589452662
7883 0.00016251677649793962
7884 0.00010982004923951138
7886 7.910237522724487e-05
7890 9.233159952796689e-06
7904 6.056183085252843e-05
7938 4.907474504580058e-05
7943 7.64676023536449e-05
7971 0.00019506105515172307
7972 0.0002537323685808453
7995 9.134928606937549e-05
7998 0.00016251677649793962
8009 2.7093186202753706e-05
8010 3.97855428110104e-05
8016 3.6571316885345003e-05
8020 0.00016920278300425065
8024 0.00014488623116808087
8031 5.5721352358276173e-05
8033 0.00018617626542465564
8045 0.0001263016457352357
8061 7.865323446718271e-05
8064 0.00020298083458234552
8069 5.287392225192349e-05
8079 0.00015775871449691997
8080 0.00030726931367955075
8084 0.00011333374567896404
8086 0.00014944388948364012
8186 9.252359415714085e-05
8254 0.0002537323685808453
8335 0.0002199543170027505
8387 0.0002199543170027505
8429 0.00016128300357362823
8503 7.256700694753944e-05
8505 0.00015890538922556517
8510 0.00019268344080366
8531 9.752607762356147e-05
8532 0.0001002340757964429
8633 5.949411993323993e-05
8638 6.491430390704548e-05
8639 3.69498153124238e-05
8652 0.00010982004923951138
8666 0.0001128804268053397
8689 0.0001523982138465608
8693 8.484211069037113e-05
8694 8.88061998220748e-05
8700 0.00016508218077975113
8701 0.00019268344080366
8717 9.106007793564448e-05
8718 9.403242760948e-05
8756 9.372690041743856e-05
8757 9.818910047034337e-05
8763 6.542281037332744e-05
8767 0.0001239806629188251
8800 0.00011379132113009053
8813 4.431951634967444e-05
8834 0.0001391464957049546
8838 0.00023397347506023475
8866 3.8493910507496085e-05
8874 0.0001786642827461757
8875 0.0001804365299615294
