86
139 0.009429400557572578
141 0.010877048803884109
375 0.0072111546496563695
423 0.0074747686889147635
443 0.005070079817729736
455 0.02658625362633161
458 0.009689528485610796
522 0.009613554335009275
549 0.011744567284309483
665 0.01732176324342554
992 0.03464352648685108
1138 0.024490541141601815
1139 0.003330657577114612
1338 0.0121070138803678
1364 0.005826033255785189
1390 0.005616662877860089
1489 0.06443506320250605
1510 0.008057272860519478
1573 0.01980013707937997
1654 0.03464352648685108
1711 0.01451792305656176
1838 0.024876629752004605
1876 0.01406164574902561
1894 0.009966765965737522
1972 0.011032273128001877
2040 0.016671794412060365
2270 0.013749173094934336
2372 0.003921654100594418
2575 0.015458796969261336
2606 0.002880475610402319
2666 0.007232503815675186
2771 0.009576074521288518
2956 0.026372288967000966
3068 0.022836723476809345
3160 0.009116927903481302
3171 0.041482021984159095
3436 0.01687751576225394
3464 0.004993876816886328
3491 0.015029635197493828
3901 0.008985153076400973
4038 0.012536175652135308
4131 0.01577126962335261
4248 0.00419377763069387
4338 0.014640147593532833
4346 0.004440298604509014
4519 0.013099204263569158
4687 0.01561213936909854
4798 0.008642669966220944
4835 0.0014956592149963604
5116 0.016671794412060365
5224 0.016671794412060365
5380 0.0021990365294493356
5510 0.007731806509610123
5617 0.011843399841109402
5651 0.017093791439061243
5653 0.012612149802736828
5863 0.017160145947284742
5912 0.006470894332097383
6015 0.00849574042127864
6107 0.006244803612431075
6388 0.008270809692618194
6430 0.005031806169632047
6606 0.008826022822146902
6761 0.00172119164915631
6834 0.004688436416290117
7010 0.015029635197493828
7086 0.015936641849554362
7425 0.030059270394987656
7484 0.004947511195014791
7521 0.008270809692618194
7666 0.009017712707542603
7716 0.012175575574421067
7793 0.008794904959280772
7913 0.010176582946443129
8011 0.0034424151216672296
8033 0.005240068316094498
8105 0.01869389094047864
8182 0.016475645032562432
8356 0.014171170121935212
8475 0.014551058404147941
8496 0.013274915157673976
8739 0.007660137056963525
8766 0.013553023715436405
8809 0.01838141828638737
8814 0.003834713880663093
8874 0.023559986727675935
