464
46 0.00016920278300425065
55 0.00019756065060853997
58 3.9886331735258645e-05
97 8.612797493712278e-05
132 8.334256383691721e-05
134 0.0001376235146469122
138 5.5304247721948624e-05
139 0.00010897983139923425
141 0.00012571095453322076
142 0.0002199543170027505
145 5.786216925096193e-05
158 1.722259642893919e-05
160 3.6009024944890365e-05
161 8.88061998220748e-05
163 4.4209139343250144e-05
168 0.00014488623116808087
212 0.00026261715830791277
225 4.311890533715833e-05
238 0.00012176521653240713
239 0.00018825025618924418
255 0.00016508218077975113
276 4.8109734749355606e-05
309 0.0002734912621014559
310 8.408656954820681e-05
328 5.502814824397996e-05
329 0.00019756065060853997
362 0.00018227567001855016
371 9.818910047034337e-05
378 7.955569410086921e-05
412 6.391293797104737e-05
430 2.1595466130645556e-05
436 6.181142310095298e-05
443 5.859719717528758e-05
458 0.00011198624708459517
462 0.00022419450561242282
463 2.104404381130732e-05
473 4.858985121920245e-05
487 0.0001786642827461757
509 1.4811799641107606e-05
544 0.00020019542348213994
549 6.786862826996617e-05
573 0.00014576429866269
645 6.341986704442123e-05
659 0.0001263016457352357
662 0.00030726931367955075
695 0.00011519040557349246
723 6.212889280683989e-05
726 6.4078409870285e-05
753 9.752607762356147e-05
757 0.00010815385522706535
855 9.464928935894339e-05
917 0.00020298083458234552
924 0.0002734912621014559
941 9.719791862251607e-05
946 0.0002199543170027505
983 0.00010347204034115494
1035 0.00015663840245623315
1038 0.00020908021320920737
1041 0.00010734164596720007
1070 0.00013130412920165632
1096 6.950834500520415e-05
1126 4.895306850942043e-05
1135 0.00010774605847492284
1139 0.0001415241100530177
1140 3.8493910507496085e-05
1174 0.00018418695135817993
1183 0.00010310145735752775
1216 4.5550455969092306e-05
1234 2.8271279696782107e-05
1239 0.00013196715204843822
1240 0.00014576429866269
1302 0.0002875104201589402
1334 9.886126874785542e-05
1339 0.0001399262151792957
1350 6.374802604546662e-05
1436 0.00018825025618924418
1437 0.00023971321052336105
1489 0.0001677901789526326
1490 0.00018617626542465564
1500 0.00010310145735752775
1517 9.106007793564448e-05
1573 0.0001347133110905388
1593 0.00018617626542465564
1623 0.0001664173719040451
1630 0.0002734912621014559
1634 0.00018617626542465564
1649 8.744869066327002e-05
1651 0.0001753021616311125
1652 0.0002059351589452662
1658 0.00010654275221462514
1706 3.382257549850835e-05
1712 0.0001677901789526326
1713 4.787143878550288e-05
1729 0.00010200632301179658
1749 0.00020019542348213994
1777 4.871062309639001e-05
1779 0.00011333374567896404
1844 0.00018617626542465564
1877 0.00016251677649793962
1922 7.334292682143156e-06
1948 0.0001523982138465608
1953 0.0001281179340087181
1987 0.00012571095453322076
1993 0.00014576429866269
1994 0.0001504088997800851
2041 0.00019268344080366
2042 8.383730339089555e-05
2233 0.00018227567001855016
2242 0.00013614669170503938
2252 0.00015554326811050196
2271 0.00015890538922556517
2316 0.00012341728754011654
2321 8.691610145495967e-05
2326 0.00011913044365880717
2331 0.00019041645403432799
2371 8.858094887998e-06
2373 4.532432364915004e-05
2384 3.364472337590274e-05
2389 8.070779096331723e-05
2391 2.4157123570420575e-05
2462 0.00011712061541501202
2469 0.00011110817958998604
2493 2.5565430128539482e-05
2503 0.00015342417653056774
2550 5.3403616896513294e-05
2563 2.4450245822639586e-05
2564 4.692973938522239e-05
2575 0.00012016732165868515
2586 9.502842032885344e-06
2607 3.3290954653437934e-05
2612 8.001326955199571e-05
2667 8.358930576913648e-05
2742 0.0001677901789526326
2744 7.52017798211394e-05
2772 0.00011067500849334801
2780 9.342327683396404e-05
2781 9.68719546813797e-05
2790 0.00011425323385392718
2791 0.00015663840245623315
2825 0.00011614595437539213
2840 0.00014944388948364012
2843 7.33626397641186e-05
2844 0.0002199543170027505
2940 7.910237522724487e-05
2945 0.0001196461249524729
2948 0.0002537323685808453
2955 4.7516165565500014e-05
2976 5.461691012835996e-05
3020 0.00015663840245623315
3022 0.00023971321052336105
3122 0.00018825025618924418
3156 9.342327683396404e-05
3161 0.00010536844412685977
3214 8.001326955199571e-05
3345 0.00011110817958998604
3368 0.00010058340652177312
3370 0.00011811516886331826
3372 6.542281037332744e-05
3386 0.00020908021320920737
3395 7.541048004377448e-05
3399 0.0002199543170027505
3413 8.001326955199571e-05
3436 0.00014665847838343454
3437 0.00019506105515172307
3465 5.7716484755306535e-05
3490 0.0001245506276326127
3492 0.00017370426675739054
3511 0.00016007969731333051
3530 0.0001786642827461757
3582 0.00010815385522706535
3583 0.00011663084820199027
3605 5.380470086849468e-05
3647 8.094151528426567e-05
3657 4.716346370617082e-05
3664 0.0001431761810607271
3691 0.00011425323385392718
3719 2.489326185102742e-05
3723 6.859058854884968e-05
3724 5.7716484755306535e-05
3743 3.233112827567267e-05
3746 1.903006184883404e-05
3803 0.0002734912621014559
3819 6.424444555902466e-05
3832 3.3290954653437934e-05
3847 0.0001677901789526326
3860 0.00023971321052336105
3872 9.164022082905678e-05
3875 3.285232498188492e-05
3890 0.00016007969731333051
3901 0.00010384546306881737
3932 4.895306850942043e-05
3949 0.00030726931367955075
3993 0.00018617626542465564
4015 8.798716495431228e-05
4067 0.00022419450561242282
4105 9.988723143186235e-05
4120 0.0001431761810607271
4121 0.00015890538922556517
4131 0.00018227567001855016
4158 0.00011519040557349246
4189 4.981125419104163e-05
4190 0.00019756065060853997
4203 0.00011614595437539213
4205 0.00030726931367955075
4215 0.0001504088997800851
4216 0.0001677901789526326
4217 0.0002537323685808453
4220 4.3879500470736716e-05
4221 0.00019268344080366
4247 4.846937791309118e-05
4308 7.955569410086921e-05
4314 3.1644758795232604e-05
4315 7.256700694753944e-05
4329 3.676019862375966e-05
4332 8.117636599183342e-05
4336 0.00012571095453322076
4337 0.00016920278300425065
4345 5.131853189681648e-05
4348 8.212725328354177e-05
4363 7.025520142447097e-05
4364 0.00030726931367955075
4381 4.3226837668107787e-05
4402 6.950834500520415e-05
4406 6.508321716976057e-05
4453 3.6854914742017664e-05
4461 9.19329029551259e-05
4502 6.424444555902466e-05
4503 7.798719092134497e-05
4518 0.00015139340654708521
4546 7.625433537211054e-05
4566 9.68719546813797e-05
4577 3.9085797470059324e-05
4619 0.00010856509334268535
4639 0.0002875104201589402
4659 6.610917985376751e-05
4676 1.811794967986411e-05
4699 3.676019862375966e-05
4712 8.484211069037113e-05
4713 0.00020298083458234552
4723 9.106007793564448e-05
4759 5.0810908270240366e-05
4776 0.0001664173719040451
4777 0.00016920278300425065
4778 0.00020298083458234552
4834 1.7286007534181456e-05
4839 3.088397517794058e-05
4844 0.00010734164596720007
4846 4.681329625334851e-05
4849 0.00023971321052336105
4869 0.00013614669170503938
4871 0.00015775871449691997
4908 9.372690041743856e-05
4933 2.564069103539461e-05
4972 4.681329625334851e-05
5000 0.00013065000625947455
5002 0.00014665847838343454
5003 0.00018227567001855016
5016 8.117636599183342e-05
5018 0.00010982004923951138
5054 0.00023397347506023475
5059 0.00016508218077975113
5107 0.00014944388948364012
5111 0.00014849761844045535
5115 0.00019268344080366
5151 0.0001431761810607271
5177 6.196989942762013e-05
5179 0.00013687950893562258
5180 0.00010982004923951138
5191 0.00014849761844045535
5217 7.159039254876493e-05
5222 2.3001954162320978e-05
5223 0.00019268344080366
5228 4.931901336427842e-05
5289 0.0001300045474523503
5307 0.00013263932032595027
5334 9.719791862251607e-05
5335 9.852402568908913e-05
5378 0.00010347204034115494
5379 2.541525611908456e-05
5395 3.215862746722012e-05
5416 0.00013332088986277624
5434 7.159039254876493e-05
5443 0.00011712061541501202
5445 0.0002059351589452662
5446 0.0002199543170027505
5469 1.1433598200043818e-05
5481 6.576478670658657e-05
5547 0.00017695423263882194
5616 0.00013687950893562258
5635 0.00022883910672981793
5644 7.711306116076915e-05
5652 0.00014576429866269
5654 0.00019506105515172307
5674 0.00010236864012694453
5796 0.00023971321052336105
5854 7.178415593526694e-05
5862 6.610917985376751e-05
5863 0.00021244233432427055
5894 1.5848029138067838e-05
5896 1.6219082409210568e-05
5909 6.663037655997976e-05
5981 0.0001664173719040451
6000 3.4631041686461846e-05
6014 9.818910047034337e-05
6131 0.00016378259903044513
6132 0.00016508218077975113
6193 0.00010694056199521868
6197 5.5304247721948624e-05
6214 0.0001664173719040451
6215 0.00013614669170503938
6242 3.105201474962982e-05
6246 0.00010128967145643295
6247 0.00018227567001855016
6251 0.0001228603508781383
6254 8.141235399539764e-05
6255 0.00018227567001855016
6277 0.00011067500849334801
6302 8.509658347491132e-05
6305 0.00017215710736717137
6308 0.0001523982138465608
6328 9.920086195142229e-05
6408 4.3989132524856074e-05
6490 2.724862948448243e-05
6495 0.00017215710736717137
6498 0.00018617626542465564
6507 6.212889280683989e-05
6556 0.00016378259903044513
6565 0.00011333374567896404
6566 7.082295263288685e-05
6568 3.9584588186023764e-05
6572 0.00011614595437539213
6577 0.00010897983139923425
6586 5.24803957997587e-05
6589 5.9343481706634316e-05
6590 8.691610145495967e-05
6591 0.0002199543170027505
6605 0.00010200632301179658
6619 5.7716484755306535e-05
6620 0.0001281179340087181
6621 0.0001399262151792957
6622 0.00014576429866269
6638 9.282164663063054e-05
6643 0.0002059351589452662
6650 9.785646144837983e-05
6675 5.7716484755306535e-05
6679 9.527405980765772e-05
6680 9.558947467904783e-05
6682 6.698096388147314e-05
6686 0.00011333374567896404
6760 1.9892587507080337e-05
6789 4.7516165565500014e-05
6815 7.178415593526694e-05
6822 8.535239208071232e-05
6831 0.00011198624708459517
6833 2.7093186202753706e-05
6874 0.00020298083458234552
6875 0.0002734912621014559
6905 2.9805618738211806e-05
6929 5.904359505253569e-05
6960 3.259102983841739e-05
6972 6.133906307779394e-05
6989 0.00015775871449691997
6990 0.00026261715830791277
6992 4.787143878550288e-05
7003 8.771718405598661e-05
7009 0.00017370426675739054
7014 0.00019268344080366
7015 0.00020908021320920737
7034 0.0001786642827461757
7064 0.00020908021320920737
7091 9.464928935894339e-05
7100 0.00015342417653056774
7101 0.00011862016226846598
7102 0.00020019542348213994
7178 3.714017269315804e-05
7197 0.00011198624708459517
7211 0.00010498321344481378
7321 3.8200641252257444e-05
7335 0.000126899584862824
7346 8.070779096331723e-05
7347 0.00015663840245623315
7350 0.00018617626542465564
7414 0.00010460100421098168
7482 2.5340342303404983e-05
7483 2.8590308184836374e-05
7547 0.00016508218077975113
7548 0.00021605372159664503
7558 0.00013614669170503938
7559 8.509658347491132e-05
7594 0.00019268344080366
7596 0.00026261715830791277
7660 0.00011913044365880717
7665 0.00010422176939821458
7677 6.988034244141115e-05
7678 8.260974660633398e-05
7679 8.260974660633398e-05
7713 0.00016920278300425065
7715 0.00014071861357331354
7724 9.920086195142229e-05
7736 0.00030726931367955075
7836 6.424444555902466e-05
7839 0.00010614816360120087
7858 4.509923582401553e-05
7866 5.91933076971794e-05
7870 0.00021605372159664503
7886 7.910237522724487e-05
7890 9.233159952796689e-06
7893 5.131853189681648e-05
7894 6.374802604546662e-05
7897 0.00013542473142615584
7911 0.00010774605847492284
7912 0.00011761535496899039
7938 4.907474504580058e-05
7957 0.00011379132113009053
8009 2.7093186202753706e-05
8010 3.97855428110104e-05
8016 3.6571316885345003e-05
8018 0.0001281179340087181
8030 0.0002875104201589402
8031 5.5721352358276173e-05
8042 6.663037655997976e-05
8054 2.9805618738211806e-05
8058 8.853165584237468e-05
8068 0.00011379132113009053
8069 5.287392225192349e-05
8094 0.00021244233432427055
8099 0.00015447220461114937
8103 0.00014576429866269
8104 0.00021605372159664503
8144 1.8182537399726556e-05
8149 0.00011811516886331826
8150 0.00012176521653240713
8162 0.00013332088986277624
8163 0.00026261715830791277
8170 0.00011425323385392718
8186 9.252359415714085e-05
8204 5.1064059112276297e-05
8265 0.0002875104201589402
8349 4.919672615455441e-05
8437 8.433711728522342e-05
8442 8.001326955199571e-05
8444 5.815485137703107e-05
8474 8.408656954820681e-05
8503 7.256700694753944e-05
8626 0.0001263016457352357
8633 5.949411993323993e-05
8638 6.491430390704548e-05
8639 3.69498153124238e-05
8642 9.164022082905678e-05
8685 0.00012571095453322076
8695 4.476354154013861e-05
8696 4.787143878550288e-05
8721 0.0002875104201589402
8722 7.217400943451535e-05
8803 0.0001281179340087181
8804 0.00013542473142615584
8808 0.00021244233432427055
8811 0.00011913044365880717
8813 4.431951634967444e-05
8814 9.988723143186235e-05
8824 0.00011712061541501202
8827 0.0001415241100530177
8829 0.00011663084820199027
8847 0.00016007969731333051
