265
2 0.00014944388948364012
15 6.0101372993599195e-05
68 3.241760820520544e-05
69 0.00010460100421098168
97 8.612797493712278e-05
138 5.5304247721948624e-05
141 0.00012571095453322076
158 1.722259642893919e-05
160 3.6009024944890365e-05
163 4.4209139343250144e-05
328 5.502814824397996e-05
373 0.00019756065060853997
375 8.334256383691721e-05
378 7.955569410086921e-05
412 6.391293797104737e-05
413 7.562007790453742e-05
423 8.63892700805903e-05
436 6.181142310095298e-05
449 6.628229345501092e-05
463 2.104404381130732e-05
522 0.00011110817958998604
575 8.825864993225359e-05
602 0.00013401212737453773
668 8.63892700805903e-05
723 6.212889280683989e-05
726 6.4078409870285e-05
773 0.00011110817958998604
824 0.00030726931367955075
840 0.0002537323685808453
977 0.00010384546306881737
979 0.0001415241100530177
991 0.00019756065060853997
992 0.00020019542348213994
1083 7.178415593526694e-05
1126 4.895306850942043e-05
1135 0.00010774605847492284
1139 0.0001415241100530177
1140 3.8493910507496085e-05
1151 0.00030726931367955075
1177 0.00010347204034115494
1183 0.00010310145735752775
1185 0.0002059351589452662
1216 4.5550455969092306e-05
1234 2.8271279696782107e-05
1254 8.96392359620217e-05
1418 6.424444555902466e-05
1427 0.0001804365299615294
1449 0.00022419450561242282
1489 0.0001677901789526326
1490 0.00018617626542465564
1511 9.312153328472917e-05
1539 0.00011198624708459517
1557 0.00019506105515172307
1658 0.00010654275221462514
1759 0.0001391464957049546
1777 4.871062309639001e-05
1778 0.0001287387249198448
1785 0.00010734164596720007
1844 0.00018617626542465564
1872 0.00017695423263882194
1922 7.334292682143156e-06
2040 4.7398314413738584e-05
2054 0.00015447220461114937
2167 8.744869066327002e-05
2178 0.0001523982138465608
2191 0.00021244233432427055
2245 0.0002734912621014559
2278 0.00013837905578907654
2371 8.858094887998e-06
2377 0.0001228603508781383
2391 2.4157123570420575e-05
2448 8.825864993225359e-05
2493 2.5565430128539482e-05
2503 0.00015342417653056774
2575 0.00012016732165868515
2586 9.502842032885344e-06
2602 0.00021244233432427055
2607 3.3290954653437934e-05
2618 4.846937791309118e-05
2647 0.00018825025618924418
2772 0.00011067500849334801
2780 9.342327683396404e-05
2781 9.68719546813797e-05
2929 0.0001251273376474703
2930 0.0001523982138465608
2940 7.910237522724487e-05
2955 4.7516165565500014e-05
2957 0.0001523982138465608
3040 0.00026261715830791277
3113 6.165346047478709e-05
3115 0.00019756065060853997
3156 9.342327683396404e-05
3161 0.00010536844412685977
3172 0.00023971321052336105
3226 8.164949036359771e-05
3269 0.00010310145735752775
3354 0.00016508218077975113
3368 0.00010058340652177312
3370 0.00011811516886331826
3409 8.458895984833521e-05
3478 7.865323446718271e-05
3482 0.00014665847838343454
3513 6.056183085252843e-05
3533 0.0002537323685808453
3540 0.00013542473142615584
3627 6.491430390704548e-05
3628 7.733012801189119e-05
3647 8.094151528426567e-05
3649 0.0001347133110905388
3731 5.3138049876864844e-05
3743 3.233112827567267e-05
3832 3.3290954653437934e-05
3875 3.285232498188492e-05
3882 0.00012016732165868515
3901 0.00010384546306881737
4015 8.798716495431228e-05
4027 0.00016378259903044513
4037 0.0001391464957049546
4038 0.00014488623116808087
4067 0.00022419450561242282
4189 4.981125419104163e-05
4224 8.236790279729728e-05
4225 0.00010897983139923425
4243 0.00014665847838343454
4247 4.846937791309118e-05
4314 3.1644758795232604e-05
4315 7.256700694753944e-05
4363 7.025520142447097e-05
4381 4.3226837668107787e-05
4382 6.14960082295629e-05
4388 0.0001415241100530177
4432 6.4078409870285e-05
4453 3.6854914742017664e-05
4457 0.00010058340652177312
4502 6.424444555902466e-05
4503 7.798719092134497e-05
4509 0.0001281179340087181
4516 0.00011663084820199027
4525 9.818910047034337e-05
4532 0.00022419450561242282
4533 5.685140711216779e-05
4541 0.0001376235146469122
4546 7.625433537211054e-05
4551 0.00017065756051371745
4563 4.728074758348793e-05
4577 3.9085797470059324e-05
4652 4.476354154013861e-05
4670 7.541048004377448e-05
4698 0.00023971321052336105
4756 0.00014071861357331354
4757 0.00015663840245623315
4758 0.00017065756051371745
4829 8.383730339089555e-05
4834 1.7286007534181456e-05
4900 0.00014944388948364012
4901 0.00019041645403432799
4908 9.372690041743856e-05
4933 2.564069103539461e-05
4935 0.00011862016226846598
4972 4.681329625334851e-05
5011 0.00010310145735752775
5012 0.00010774605847492284
5065 0.0001287387249198448
5066 0.00015890538922556517
5177 6.196989942762013e-05
5222 2.3001954162320978e-05
5254 5.9796800580258657e-05
5379 2.541525611908456e-05
5380 3.8298201700263376e-05
5411 8.164949036359771e-05
5427 3.490353872923123e-05
5450 0.00022883910672981793
5469 1.1433598200043818e-05
5616 0.00013687950893562258
5729 9.106007793564448e-05
5738 9.19329029551259e-05
5739 0.0001281179340087181
5740 0.00015447220461114937
5775 0.00014576429866269
5862 6.610917985376751e-05
5876 0.00019041645403432799
5894 1.5848029138067838e-05
5896 1.6219082409210568e-05
6000 3.4631041686461846e-05
6197 5.5304247721948624e-05
6215 0.00013614669170503938
6242 3.105201474962982e-05
6249 0.00010897983139923425
6297 9.164022082905678e-05
6299 0.0001431761810607271
6350 0.00023397347506023475
6356 6.733409171295719e-05
6429 5.815485137703107e-05
6467 4.669713069773751e-05
6468 4.669713069773751e-05
6589 5.9343481706634316e-05
6590 8.691610145495967e-05
6605 0.00010200632301179658
6614 8.484211069037113e-05
6687 6.196989942762013e-05
6712 6.025437603138515e-05
6740 0.00026261715830791277
6760 1.9892587507080337e-05
6833 2.7093186202753706e-05
6885 5.131853189681648e-05
6893 9.252359415714085e-05
6894 9.252359415714085e-05
7003 8.771718405598661e-05
7178 3.714017269315804e-05
7251 7.689695691525318e-05
7321 3.8200641252257444e-05
7424 0.00017370426675739054
7476 8.117636599183342e-05
7480 9.252359415714085e-05
7481 0.00030726931367955075
7482 2.5340342303404983e-05
7494 0.00010694056199521868
7503 3.173002815645075e-05
7559 8.509658347491132e-05
7620 0.0001027336712532598
7665 0.00010422176939821458
7710 0.00014488623116808087
7789 0.00018227567001855016
7792 0.000101646679848061
7799 9.403242760948e-05
7818 2.996997446737178e-05
7836 6.424444555902466e-05
7839 0.00010614816360120087
7858 4.509923582401553e-05
7862 9.077257605451787e-05
7866 5.91933076971794e-05
7890 9.233159952796689e-06
7891 6.932340577943291e-05
7892 0.0001002340757964429
7911 0.00010774605847492284
7912 0.00011761535496899039
7922 0.00010774605847492284
8031 5.5721352358276173e-05
8032 6.056183085252843e-05
8054 2.9805618738211806e-05
8058 8.853165584237468e-05
8059 0.00011425323385392718
8060 0.0001147195668623605
8069 5.287392225192349e-05
8103 0.00014576429866269
8104 0.00021605372159664503
8402 0.00030726931367955075
8444 5.815485137703107e-05
8474 8.408656954820681e-05
8495 0.00015342417653056774
8599 0.00023971321052336105
8633 5.949411993323993e-05
8638 6.491430390704548e-05
8678 4.409901177660094e-05
8685 0.00012571095453322076
8695 4.476354154013861e-05
8696 4.787143878550288e-05
8717 9.106007793564448e-05
8718 9.403242760948e-05
8803 0.0001281179340087181
8804 0.00013542473142615584
8808 0.00021244233432427055
8834 0.0001391464957049546
8866 3.8493910507496085e-05
8873 0.00013614669170503938
