275
1 0.0033682546794177627
69 0.0021679166268099275
79 0.0027213544173143277
141 0.0026054326204652633
142 0.004558681100298866
276 0.000997102223456412
287 0.003946491717102165
362 0.003777769235361207
375 0.001727323090499084
423 0.0035809356974800966
443 0.0012144609795957278
458 0.0023209800791114234
487 0.007405842268994966
523 0.005584023388087822
541 0.005668265413600406
549 0.007033083896999285
575 0.0018292118330145207
602 0.002777479253864838
693 0.004042753775609665
695 0.002387388126676662
726 0.003984186898353348
769 0.010885786580651714
775 0.0033682546794177627
840 0.0052587508576569615
909 0.004742823532967761
941 0.002014483373869449
983 0.00428903638846685
1024 0.011917641230030114
1038 0.004333308977024316
1138 0.0029331694623081247
1164 0.0017479357889439793
1173 0.003817381652335115
1268 0.005243807366831938
1286 0.006275432740221504
1336 0.007479303976823953
1436 0.00993639131248462
1448 0.004646561474460261
1457 0.003702921134497483
1488 0.003477549011222934
1489 0.01543444537176308
1516 0.0018872730571220084
1628 0.003201526249987356
1633 0.00385861134294077
1651 0.004268125898884215
1657 0.01987344434797826
1711 0.003477549011222934
1746 0.00496819565624231
1749 0.0025813841708414984
1778 0.0023489077709091337
1843 0.00385861134294077
1890 0.004333308977024316
1921 0.0006080299198442772
1940 0.003326193785481137
1947 0.003158541585582674
1978 0.0039015960073454517
2035 0.004849236301713516
2040 0.003993476335912135
2041 0.0034751537107891215
2171 0.003993476335912135
2178 0.004558681100298866
2189 0.004849236301713516
2200 0.003568056141526119
2232 0.003777769235361207
2270 0.003293406578554039
2277 0.0028679863841680232
2289 0.006368335170958502
2299 0.0022849052740457313
2323 0.004477838992719303
2345 0.006368335170958502
2361 0.006368335170958502
2492 0.001059716806072297
2574 0.002490537606098144
2668 0.005668265413600406
2713 0.0018013867352711644
2738 0.003143265764111595
2771 0.0022938038969598077
2776 0.004094559344705368
2780 0.004015455163350958
2793 0.002557895038505857
2822 0.0034214241746724234
2843 0.004558681100298866
3046 0.003702921134497483
3051 0.0023583912881659694
3068 0.008205287853876846
3121 0.0078031920146909035
3160 0.002183822265252498
3213 0.004974964592423621
3306 0.005228229124281063
3308 0.008189118689410736
3344 0.002302781619781292
3369 0.0097920221852083
3385 0.004333308977024316
3436 0.012128261326828996
3464 0.001196207702649516
3482 0.006368335170958502
3539 0.0028067562941160485
3582 0.0024172421376189236
3598 0.009698472603427032
3604 0.005575668536511914
3648 0.002792011694043911
3663 0.005934819188898604
3760 0.0021999824046834934
3791 0.004149166544355421
3803 0.005668265413600406
3819 0.0013315034856326226
3860 0.00496819565624231
3872 0.0018992968558803579
3893 0.00726647843933244
3901 0.006456772792111398
3970 0.0013809532927966037
3993 0.00385861134294077
4013 0.005442893290325857
4121 0.003293406578554039
4131 0.003777769235361207
4135 0.005668265413600406
4158 0.002387388126676662
4190 0.004094559344705368
4198 0.008289458863653919
4202 0.0052587508576569615
4218 0.0052587508576569615
4221 0.002728284475780504
4222 0.003993476335912135
4233 0.0039015960073454517
4250 0.0028067562941160485
4333 0.0016824273807423708
4338 0.0035068260514741437
4349 0.0017021350727044748
4364 0.0014560798955695008
4382 0.001791802685107798
4393 0.001727323090499084
4403 0.0014406008620613472
4468 0.0011577555237896658
4504 0.0032326597464698904
4510 0.0026553186695016176
4520 0.0020992873302784426
4547 0.004741246303508715
4568 0.0013144136165113534
4571 0.003269641078131513
4660 0.001370151188039014
4687 0.0037396519884119765
4699 0.00496819565624231
4724 0.0018872730571220084
4779 0.0042068958088322395
4811 0.0022500746787674692
4828 0.005958820615015057
4830 0.0017375768553945607
4835 0.002507837893052037
4850 0.00993639131248462
4872 0.006539282156263026
4973 0.0009702327818833532
4999 0.0039015960073454517
5017 0.0016824273807423708
5019 0.0022760843693547103
5055 0.009698472603427032
5060 0.013685696698689694
5112 0.006155398956006223
5116 0.003993476335912135
5122 0.013208972675566737
5178 0.0012843621946487223
5180 0.0028369074038006245
5199 0.0022081604831086957
5218 0.0014837525078944024
5223 0.0009534577464865327
5224 0.003993476335912135
5256 0.005958820615015057
5293 0.002792011694043911
5308 0.0027490270296392297
5379 0.002144518194233425
5380 0.002106983837518898
5451 0.004742823532967761
5459 0.003667479351807398
5617 0.022695259230404996
5643 0.0020419677138166564
5653 0.0030210498364695196
5655 0.004042753775609665
5675 0.004243299166564323
5691 0.004094559344705368
5730 0.0037745461142440167
5784 0.0042068958088322395
5807 0.0016394427163376889
5823 0.0037865341276756945
5863 0.002740302376078028
5864 0.004402990891855579
5954 0.0034490967869973254
5982 0.0034490967869973254
6015 0.006105078581802559
6125 0.003946491717102165
6133 0.006842848349344847
6203 0.0027350959512922822
6248 0.003777769235361207
6259 0.004402990891855579
6300 0.002967409594449302
6303 0.0017636761672753711
6310 0.0023776297206450155
6327 0.005103060649213675
6329 0.004111991077725932
6423 0.007200243838799369
6430 0.001205293105749072
6491 0.0016942310648770285
6557 0.0033944895873472716
6585 0.004042753775609665
6586 0.00496819565624231
6592 0.004558681100298866
6606 0.00422828070084247
6622 0.002900052162041589
6644 0.00853625179776843
6683 0.0013882194188643922
6713 0.0024976139497288577
6754 0.0024584718282245786
6761 0.005359710740047208
6790 0.0009848001570226422
6823 0.0017689779493565306
6832 0.0023209800791114234
6834 0.000561522035904514
6858 0.006079164462107761
6935 0.006342421051263705
6993 0.0009921634010613993
6999 0.0033682546794177627
7004 0.005453968913769437
7016 0.004333308977024316
7017 0.005442893290325857
7088 0.0028523273547285616
7092 0.0019616615506207057
7102 0.0024584718282245786
7103 0.004149166544355421
7222 0.004477838992719303
7252 0.0015937341396017122
7348 0.003246421959744069
7351 0.00385861134294077
7383 0.006492843919488138
7415 0.0065037498804297825
7425 0.007200243838799369
7484 0.0017776522782088028
7549 0.004477838992719303
7559 0.01128687736256103
7615 0.0030395822310538803
7616 0.006635489592820472
7681 0.006368335170958502
7711 0.003002851377139388
7714 0.0070136521029482875
7716 0.002916475079454349
7725 0.002055995538862966
7729 0.0034490967869973254
7793 0.0021066865367579527
7865 0.005103060649213675
7913 0.012188233063763283
7943 0.0018932670638378472
7958 0.0023583912881659694
7959 0.003936230329403142
8011 0.00494747103532639
8019 0.005310637339003235
8043 0.0013809532927966037
8091 0.003962294875998485
8095 0.004402990891855579
8115 0.0037396519884119765
8164 0.005442893290325857
8187 0.007670421126776179
8205 0.0010583323135083867
8225 0.005668265413600406
8301 0.006368335170958502
8302 0.003002851377139388
8445 0.001205293105749072
8475 0.006970972165708084
8521 0.0024350710486718977
8572 0.001968115164701571
8627 0.0026176750390521407
8639 0.001345386689347882
8679 0.0009139776580303897
8686 0.005210865240930527
8697 0.0009921634010613993
8809 0.008805981783711158
8812 0.0024690477067146263
8813 0.003817381652335115
8815 0.0020702209453971098
8867 0.0007978086754483839
