209
58 0.0010363469050280612
96 0.004190536815883892
117 0.004513272377089984
131 0.003933580289060126
137 0.0039863447849574915
261 0.005273951013987939
311 0.003122248310851901
375 0.00216544877234579
480 0.0017868887982844367
546 0.003446302107127897
621 0.002886869086023194
695 0.0029929355523934833
707 0.004934632774470411
742 0.00543242816361649
751 0.003017763106103483
757 0.0028101083317306308
772 0.00304308724366935
775 0.0042225933298823265
941 0.0025254456290491637
983 0.008065389127000345
1125 0.0012719234593468072
1132 0.004434111309907433
1192 0.0040135751821998925
1216 0.002551199018634694
1245 0.00365622240281449
1246 0.003720076167968513
1248 0.002980701982149728
1254 0.006079217521098577
1417 0.0033384635499826686
1455 0.03210427060968302
1497 0.005273951013987939
1510 0.007258592751896557
1535 0.0038342223019689446
1538 0.0029096834811017844
1564 0.0039863447849574915
1603 0.00937638690972099
1633 0.00483732617336598
1712 0.0012438200071615208
1721 0.002109165521047287
1768 0.006823452229854573
1847 0.001691025164480776
1916 0.004069858433498396
1921 0.0001905633130707283
1980 0.0025774871186911817
1983 0.005578010197432578
1991 0.005825135376145516
2005 0.004396312542664379
2072 0.0028424376966449524
2089 0.00571496464468954
2173 0.007105988710927623
2266 0.005068175287207452
2285 0.011650270752291032
2311 0.004434111309907433
2315 0.00320669057305399
2373 0.002231067842310371
2401 0.002293181015149399
2416 0.0022446098395283403
2492 0.0006642539746517313
2568 0.006228350239604063
2570 0.010279201463297614
2578 0.0034116104940092157
2672 0.0038583404534732885
2689 0.0042225933298823265
2741 0.004359609547597264
2759 0.005825135376145516
2784 0.00282079332906709
2789 0.0029685854813591805
2829 0.00861089356865488
2986 0.00365622240281449
2988 0.003959687702042419
3111 0.0187104848907237
3225 0.002121458478485081
3248 0.006244496621703802
3268 0.008036503101780938
3291 0.007105988710927623
3304 0.00571496464468954
3370 0.0065926031160131
3374 0.005319587876450901
3408 0.002197833265796978
3572 0.03352429452707113
3585 0.004855226937282957
3595 0.00215272339216372
3599 0.002604332604950143
3653 0.003462448489227636
3662 0.005350711768280503
3813 0.005133121044382822
3850 0.0065926031160131
4075 0.004069858433498396
4163 0.004597714639292073
4251 0.0022378207365587118
4346 0.0013333841290508119
4382 0.001123141624776025
4433 0.0016649177514984836
4468 0.0029028272608137393
4480 0.004159271902205252
4547 0.001981278824595478
4564 0.002456944737399676
4567 0.0075509288057182735
4598 0.00483732617336598
4702 0.0065926031160131
4742 0.004190536815883892
4761 0.01050056876185611
4762 0.0065926031160131
4819 0.0023510729119066566
4835 0.0008982676334963565
4951 0.0029685854813591805
4971 0.007105988710927623
4982 0.004289248965332775
5080 0.003677151220969369
5193 0.004157890718643648
5255 0.003107341613826619
5381 0.000995083304818505
5431 0.0033471210946222673
5521 0.006228350239604063
5527 0.011227234792240817
5575 0.0034819710762737034
5653 0.003787321952425345
5771 0.003446302107127897
5823 0.014240900946652028
5824 0.007668444603937889
5855 0.009325661773981034
5882 0.006823452229854573
5929 0.0039080003348108405
5995 0.004128760433755792
6156 0.004554789692292929
6165 0.0033778441017357024
6210 0.00937638690972099
6212 0.0019113666273927285
6228 0.002737736367517709
6293 0.004600548786397919
6307 0.005937170962718361
6328 0.0026981655010766777
6392 0.005613617396120409
6421 0.0035954348256333818
6430 0.0015110088497728889
6450 0.005273951013987939
6531 0.005350711768280503
6608 0.005945813758531013
6665 0.00819793389852216
6685 0.0032511219624322316
6758 0.0033449548585587656
6761 0.0031011557993545183
6909 0.011608980619385461
6930 0.0015341006387994114
6931 0.010846124516523808
6958 0.012971821735354373
6986 0.004513272377089984
6993 0.007462920042969126
7000 0.008196688986245985
7104 0.005350711768280503
7105 0.004597714639292073
7109 0.00571496464468954
7110 0.006397422971317435
7125 0.00178215546690189
7178 0.0040135751821998925
7182 0.0032816334308816923
7190 0.008792625085328758
7212 0.0054554542170272904
7241 0.006823452229854573
7244 0.003556472838583873
7257 0.004785638806134401
7261 0.004323940578451458
7320 0.006079217521098577
7347 0.002096990766953595
7405 0.00571496464468954
7481 0.0072119848786743965
7503 0.0025169762685727575
7550 0.006397422971317435
7583 0.00409896694926108
7601 0.005945813758531013
7611 0.003446302107127897
7711 0.0037645075573467545
7802 0.007105988710927623
7805 0.005825135376145516
7884 0.0042225933298823265
7947 0.006079217521098577
7967 0.006079217521098577
7988 0.004075626847440343
8011 0.004134912624276672
8025 0.011293522672040264
8033 0.0015735482115385813
8065 0.010547902027975878
8087 0.02329756168649914
8104 0.00757464390485069
8107 0.005519784499993875
8137 0.004396312542664379
8145 0.00047242791051417803
8187 0.002403994959558132
8235 0.0012500115337791755
8336 0.01142992928937908
8430 0.004190536815883892
8506 0.024772562602534753
8533 0.010417330419800572
8622 0.0026410356000172584
8625 0.004359609547597264
8639 0.0033732727488022694
8688 0.0035954348256333818
8695 0.002307407734152567
8744 0.007105988710927623
8747 0.0030689282358888985
8755 0.004597714639292073
8758 0.0433703833167898
8763 0.0048912136535234525
8764 0.005099545942102864
8768 0.0064426569558750394
8801 0.002956583830645384
8823 0.004255482573059262
8867 0.0020003366206577554
8876 0.004688193454860495
