219
58 0.0009633251718824527
96 0.003895268639154945
117 0.004195264025316706
131 0.003656417450264562
137 0.0037054641226027633
261 0.004902344709479304
311 0.0029022524949111166
375 0.002012869726055843
408 0.006943883101508061
480 0.0016609833545028776
546 0.0032034732323709177
621 0.0026834582561137007
695 0.0055641024090567195
696 0.004157897400694393
707 0.004586935072204203
742 0.00504965544748091
751 0.0028051293913102836
757 0.0026121061186547595
772 0.0028286691722996943
775 0.003925066428589805
941 0.002347500950579575
983 0.007497096126181894
1125 0.0011823028361949996
1132 0.004121680702705284
1192 0.003730775846868735
1216 0.0023714397381888893
1245 0.003398602396112114
1246 0.0034579569799815715
1248 0.0027706796202638393
1254 0.005650871571102472
1417 0.0031032330559459496
1455 0.029842181081629473
1456 0.0074210951856698
1497 0.004902344709479304
1510 0.006747147192142328
1535 0.003564060296952163
1538 0.0027046651328398704
1564 0.0037054641226027633
1603 0.008715720081393766
1633 0.004496484762776507
1712 0.0011561795730525791
1721 0.0019605522323014077
1768 0.0063426669778865
1847 0.0015718743398832147
1916 0.0037830933406231703
1921 0.00017713608775951165
1980 0.0047917511203852325
1983 0.00518497966861619
1991 0.005414692233110873
2005 0.004086545263235452
2072 0.00264215753373772
2089 0.005312284209020359
2173 0.006605295739425948
2266 0.004711068085398797
2285 0.010829384466221746
2311 0.004121680702705284
2315 0.0029807448958198337
2373 0.00207386523011506
2401 0.002131601865030471
2416 0.002086453048667265
2492 0.0006174501715597395
2568 0.0057894962931820965
2570 0.009554921685395885
2578 0.0031712260147565337
2611 0.0019324614044644599
2672 0.003586479066507691
2689 0.003925066428589805
2741 0.004052428387061956
2759 0.005414692233110873
2784 0.002622038243550167
2789 0.002759416856656366
2829 0.01000520492563897
2986 0.003398602396112114
2988 0.0036806853165326555
3111 0.01739213094178382
3225 0.0019719790192964303
3248 0.005804504989822233
3268 0.007470245430652742
3291 0.006605295739425948
3304 0.005312284209020359
3370 0.0061280836552642095
3374 0.004944765966457071
3408 0.0020429723852801174
3572 0.03505741775239451
3585 0.004513124226254889
3595 0.002001040985127794
3599 0.002420829494574252
3653 0.0032184819290110547
3662 0.004973696846938245
3813 0.0047714377187623525
3850 0.0061280836552642095
4075 0.0037830933406231703
4163 0.004273756426225423
4251 0.0020801423106765263
4346 0.0012394329438060391
4382 0.0010440042745208037
4433 0.0015476064736151215
4468 0.0026982920066642617
4480 0.0038662066733235814
4547 0.001841676522591461
4564 0.002283826680021921
4567 0.00935851338883963
4598 0.004496484762776507
4702 0.0061280836552642095
4742 0.003895268639154945
4761 0.00976069128812099
4762 0.0061280836552642095
4819 0.002185414657951174
4835 0.0008349750631144994
4951 0.002759416856656366
4971 0.006605295739425948
4982 0.0039870254610003845
5022 0.004157897400694393
5080 0.0034180565549932077
5193 0.0038649228089289197
5255 0.0028883961342615998
5381 0.0009249690340182851
5431 0.004666920875835113
5521 0.0057894962931820965
5527 0.010436155917990788
5575 0.003236628940818104
5653 0.003520464579083722
5771 0.0032034732323709177
5823 0.013237477031711778
5824 0.01069218089085649
5855 0.008668569074459335
5882 0.0063426669778865
5929 0.0036326398776154968
5995 0.0038378450644396657
6156 0.0042338560012370585
6165 0.00313983882627465
6210 0.008715720081393766
6212 0.0017766903880642438
6228 0.0025448335340340763
6293 0.0042763908773292315
6307 0.005518833713312732
6328 0.0025080508587243915
6329 0.0023958755601926163
6392 0.005218077958995394
6421 0.0033420979544505416
6430 0.0014045421015504089
6450 0.004902344709479304
6531 0.004973696846938245
6608 0.005526867531642649
6665 0.007620301699710301
6685 0.003022045618195814
6758 0.003109266982345953
6761 0.002882646176635772
6794 0.006943883101508061
6909 0.01079100366517402
6930 0.0014260068268514853
6931 0.010081898940833785
6945 0.0035420605944530316
6958 0.016077090714459077
6986 0.008390528050633412
6993 0.006937077438315475
7000 0.0076191445048302804
7104 0.004973696846938245
7105 0.004273756426225423
7109 0.005312284209020359
7110 0.005946656041089107
7125 0.0016565835369846836
7178 0.011192327540606206
7182 0.0030504072270797307
7190 0.008173090526470904
7212 0.005071059068944067
7241 0.0063426669778865
7244 0.003305881256461432
7257 0.004448439323859348
7261 0.004019272678614769
7320 0.005650871571102472
7347 0.0019492353199595748
7405 0.005312284209020359
7481 0.006703823342507637
7503 0.0023396283472099074
7550 0.005946656041089107
7583 0.0038101508498551507
7601 0.005526867531642649
7611 0.0032034732323709177
7711 0.0034992577023575523
7762 0.011053735063285297
7802 0.006605295739425948
7805 0.005414692233110873
7884 0.003925066428589805
7947 0.005650871571102472
7967 0.005650871571102472
7988 0.0037884553080543026
8011 0.004804454709101961
8025 0.010497773107072658
8033 0.0014626748958204156
8065 0.009804689418958608
8087 0.025265332253516
8104 0.007040929158167444
8107 0.005130856594845255
8137 0.004086545263235452
8145 0.0004391403070633146
8187 0.0022346077808358786
8210 0.0038378450644396657
8235 0.0023238696806843206
8336 0.010624568418040718
8430 0.003895268639154945
8506 0.023027070386637996
8533 0.009683317978297008
8622 0.0024549463707477497
8625 0.004052428387061956
8639 0.0031355895740899148
8688 0.0033420979544505416
8695 0.0021448261593884294
8744 0.006605295739425948
8747 0.002852689389999708
8755 0.004273756426225423
8758 0.042685915287400004
8763 0.004546575293112586
8764 0.004740228341846294
8768 0.005988702807222598
8801 0.0027482608507083113
8823 0.003955638272518501
8867 0.0018593914929149326
8876 0.004357860040696883
