230
58 0.0009114538164733976
96 0.0036855234047389095
117 0.003969365193184268
131 0.003459533433711855
137 0.0035059391313856914
261 0.004638372302045803
311 0.0027459773605697487
370 0.003078371867792005
375 0.0019044844331143746
408 0.006569981703734551
480 0.001571545789260415
546 0.0030309785198586376
621 0.0025389643500152706
695 0.005264496894722896
696 0.00393401061758008
707 0.004339946260623977
742 0.004777750923385784
751 0.005308167925094844
757 0.0024714542507271956
772 0.0026763562168681723
775 0.0037137166978195844
814 0.0033108361337690685
913 0.003459533433711855
941 0.0022210970532406745
983 0.007093406334772099
1125 0.0011186403757844996
1132 0.0038997440494826915
1192 0.003529887916652726
1216 0.0022437468292094876
1245 0.0032156007286291543
1246 0.0032717592964441023
1248 0.0026214891791727095
1254 0.0053465938711200305
1417 0.0029361358913950137
1455 0.02823529440800327
1456 0.0070214977525952715
1497 0.004638372302045803
1510 0.006383839266411587
1538 0.0025590293179946462
1564 0.0035059391313856914
1603 0.008246412077011026
1609 0.002191596636816765
1625 0.004457395188492708
1633 0.0042543663524731564
1646 0.003414984469431284
1712 0.0010939237498882094
1721 0.0018549840351774858
1768 0.006001138756000304
1847 0.0014872349523510416
1916 0.003579388314589615
1921 0.0003351959814526144
1980 0.006800600628546734
1983 0.0049057884556907025
1991 0.005123131882097211
2005 0.003866500518292005
2072 0.0024998875126903044
2089 0.005026238136226955
2159 0.0042089079756515374
2173 0.006249625968841474
2266 0.004457395188492708
2285 0.010246263764194422
2311 0.0038997440494826915
2315 0.002820243247583381
2373 0.0019621955638780956
2391 0.002927659045860758
2401 0.0020168233030672922
2416 0.0019741055768159508
2492 0.0005842028546295996
2568 0.005477754185087676
2570 0.009040425902336106
2578 0.003000467690885028
2611 0.001828405790377912
2672 0.003393360962926508
2689 0.0037137166978195844
2741 0.0038342207046816964
2759 0.005123131882097211
2784 0.004961703137794932
2789 0.0026108328720671767
2829 0.011359755746340862
2942 0.00319749340943047
2986 0.0032156007286291543
2988 0.0034824945687193585
3111 0.01316450526670406
3225 0.0018657955336420073
3248 0.005491954721139497
3268 0.007068001445925286
3291 0.006249625968841474
3304 0.005026238136226955
3370 0.005798109919980752
3374 0.004678509337493998
3408 0.0019329661799188805
3474 0.0028998182058909937
3572 0.03316971064265019
3585 0.004270109844841164
3595 0.0018932926243901435
3599 0.0022904771371741
3653 0.0030451790559104597
3662 0.004705882401333878
3813 0.004514514149290534
3850 0.005798109919980752
4075 0.003579388314589615
4163 0.0040436310801979
4251 0.001968134647793944
4346 0.0011726942468318678
4350 0.0032340073558781886
4382 0.0009877886597389144
4433 0.0014642738173435382
4468 0.0025529993601515707
4480 0.003658026313990773
4547 0.0017425093252211516
4564 0.00216085139725151
4566 0.003162138833826282
4567 0.008854593437132881
4598 0.0042543663524731564
4702 0.005798109919980752
4742 0.0036855234047389095
4761 0.009235115603376014
4762 0.005798109919980752
4819 0.0020677384840614957
4835 0.0007900148674083341
4951 0.0026108328720671767
4971 0.006249625968841474
4982 0.0037723394746388256
5022 0.00393401061758008
5080 0.0032340073558781886
5193 0.003656811580755824
5255 0.0027328671116475137
5381 0.0008751630091096082
5431 0.004415625136367068
5521 0.005477754185087676
5527 0.009874209060868206
5575 0.003062348920927898
5653 0.0033309011017484446
5771 0.0030309785198586376
5776 0.0033309011017484446
5823 0.010437241505772746
5824 0.0067442987157710155
5855 0.008201799970449987
5858 0.005626451485030462
5882 0.006001138756000304
5929 0.003437036191897739
5995 0.007262383737324291
6034 0.002632248447361448
6156 0.004005879139631986
6165 0.002970770581782938
6210 0.008246412077011026
6212 0.0016810224440915536
6228 0.002407804036047626
6293 0.004046123676242273
6307 0.005221665744134353
6329 0.0022668668761822446
6392 0.004937104530434103
6421 0.003162138833826282
6430 0.0013289129114669254
6450 0.004638372302045803
6531 0.004705882401333878
6608 0.005229266972246506
6665 0.007209977762033593
6685 0.002859320084908347
6758 0.0029418449140657865
6761 0.0036365690228328195
6794 0.006569981703734551
6909 0.01020994962166465
6930 0.0013492218438671745
6931 0.009539027459404272
6945 0.0033513342547517146
6958 0.015211401214449744
6986 0.011908095579552804
6993 0.006563542499329257
7000 0.010092436028705954
7104 0.004705882401333878
7105 0.0040436310801979
7109 0.005026238136226955
7110 0.005626451485030462
7125 0.0015673828849932007
7178 0.010589663749958178
7182 0.0028861545302369756
7190 0.00773300103658401
7212 0.004798002042154771
7241 0.012002277512000607
7244 0.0031278722657288936
7257 0.0042089079756515374
7261 0.003802850303612436
7320 0.0053465938711200305
7347 0.0018442764950386747
7405 0.005026238136226955
7481 0.006342848239449533
7492 0.0026214891791727095
7503 0.0022136483592832203
7583 0.0036049888810167964
7601 0.005229266972246506
7611 0.0030309785198586376
7711 0.0033108361337690685
7762 0.010458533944493012
7802 0.006249625968841474
7805 0.005123131882097211
7947 0.0053465938711200305
7967 0.0053465938711200305
7988 0.0035844615606975324
8011 0.004545753301688778
8025 0.009932508401307206
8030 0.006249625968841474
8033 0.0013839154783531625
8065 0.009276744604091607
8087 0.023904891286018987
8104 0.006661802203496889
8107 0.004854579701276664
8145 0.0004154942905291361
8187 0.0021142827464831777
8210 0.0036311918686621454
8235 0.00219873823633978
8336 0.01005247627245391
8506 0.021787151211972874
8533 0.0091619085486964
8622 0.002322756950784409
8625 0.0038342207046816964
8639 0.002966750135485073
8688 0.003162138833826282
8695 0.0020293355200367447
8744 0.006249625968841474
8747 0.002699083038230493
8755 0.0040436310801979
8758 0.04263118975498026
8763 0.004301759700406523
8764 0.00448498527728534
8768 0.005666234194525997
8801 0.00260027757413171
8823 0.0037426423655367354
8867 0.0017592704125272056
8876 0.004123206038505513
