89
102 0.00013687950893562258
116 0.0001523982138465608
130 0.00011862016226846598
131 0.00015139340654708521
163 4.4209139343250144e-05
225 4.311890533715833e-05
226 0.00011712061541501202
243 6.309390310328486e-05
261 0.00020298083458234552
463 2.104404381130732e-05
545 0.0001300045474523503
546 0.00013263932032595027
575 8.825864993225359e-05
1140 3.8493910507496085e-05
1152 0.0001677901789526326
1153 0.00017695423263882194
1382 0.00011862016226846598
1432 0.00015139340654708521
1456 0.0002059351589452662
1956 0.0001128804268053397
2562 0.00017215710736717137
2728 0.00010939812948263226
2989 0.0001523982138465608
3050 5.1064059112276297e-05
3300 0.00020298083458234552
3465 5.7716484755306535e-05
3471 0.0001804365299615294
3572 5.234992335902794e-05
3573 0.00016128300357362823
3719 2.489326185102742e-05
3746 1.903006184883404e-05
3875 3.285232498188492e-05
4061 0.00013130412920165632
4161 0.0002462203859023654
4375 7.541048004377448e-05
4676 1.811794967986411e-05
4699 3.676019862375966e-05
4739 0.00013687950893562258
4740 0.00013837905578907654
4741 0.00016128300357362823
4834 1.7286007534181456e-05
4893 0.00016378259903044513
5076 0.00022883910672981793
5385 0.00011519040557349246
5395 3.215862746722012e-05
5397 0.00021244233432427055
5430 6.441104889224853e-05
5469 1.1433598200043818e-05
5481 6.576478670658657e-05
5570 0.0001347133110905388
5687 2.724862948448243e-05
5822 9.134928606937549e-05
5854 7.178415593526694e-05
5894 1.5848029138067838e-05
5896 1.6219082409210568e-05
6114 0.00010536844412685977
6227 0.00010536844412685977
6568 3.9584588186023764e-05
6569 4.981125419104163e-05
6903 0.0002059351589452662
6930 0.0001391464957049546
6956 0.00014944388948364012
6957 0.0001664173719040451
6984 0.00016508218077975113
6985 0.00017370426675739054
6999 6.309390310328486e-05
7177 0.00015447220461114937
7346 8.070779096331723e-05
7358 0.00019506105515172307
7404 0.0002199543170027505
7414 0.00010460100421098168
7503 3.173002815645075e-05
7563 0.00017695423263882194
7890 9.233159952796689e-06
7966 0.00023397347506023475
7995 9.134928606937549e-05
7998 0.00016251677649793962
8016 3.6571316885345003e-05
8064 0.00020298083458234552
8069 5.287392225192349e-05
8081 0.0001664173719040451
8474 8.408656954820681e-05
8505 0.00015890538922556517
8531 9.752607762356147e-05
8532 0.0001002340757964429
8678 4.409901177660094e-05
8756 9.372690041743856e-05
8757 9.818910047034337e-05
8763 6.542281037332744e-05
