429
15 6.0101372993599195e-05
58 3.9886331735258645e-05
102 0.00013687950893562258
117 0.00017370426675739054
132 8.334256383691721e-05
137 0.00015342417653056774
158 1.722259642893919e-05
160 3.6009024944890365e-05
163 4.4209139343250144e-05
225 4.311890533715833e-05
226 0.00011712061541501202
233 0.00030726931367955075
243 6.309390310328486e-05
261 0.00020298083458234552
290 5.516600244482883e-05
311 0.00012016732165868515
319 0.0001523982138465608
328 5.502814824397996e-05
330 6.358367031630664e-05
331 0.00015890538922556517
368 0.00023397347506023475
408 0.0002875104201589402
412 6.391293797104737e-05
424 0.00019041645403432799
430 2.1595466130645556e-05
443 5.859719717528758e-05
449 6.628229345501092e-05
450 0.00020298083458234552
463 2.104404381130732e-05
509 1.4811799641107606e-05
535 8.236790279729728e-05
545 0.0001300045474523503
546 0.00013263932032595027
591 0.00021244233432427055
645 6.341986704442123e-05
647 0.00017215710736717137
648 0.00018227567001855016
649 0.00018617626542465564
695 0.00011519040557349246
696 0.00017215710736717137
723 6.212889280683989e-05
726 6.4078409870285e-05
751 0.00011614595437539213
753 9.752607762356147e-05
757 0.00010815385522706535
825 0.00018617626542465564
941 9.719791862251607e-05
968 0.0002875104201589402
983 0.00010347204034115494
990 0.00010939812948263226
1126 4.895306850942043e-05
1130 8.665197383001834e-05
1133 0.00017065756051371745
1140 3.8493910507496085e-05
1145 9.920086195142229e-05
1146 0.0001504088997800851
1150 0.0002734912621014559
1152 0.0001677901789526326
1153 0.00017695423263882194
1193 0.00015447220461114937
1208 0.00012571095453322076
1216 4.5550455969092306e-05
1234 2.8271279696782107e-05
1246 0.00014071861357331354
1247 0.0001431761810607271
1248 0.0002462203859023654
1254 8.96392359620217e-05
1396 0.00018617626542465564
1418 6.424444555902466e-05
1456 0.0002059351589452662
1497 6.663037655997976e-05
1597 0.0002734912621014559
1598 0.0002875104201589402
1610 9.590694438493474e-05
1671 7.64676023536449e-05
1706 3.382257549850835e-05
1722 8.117636599183342e-05
1771 0.0002537323685808453
1793 0.00014665847838343454
1796 0.00026261715830791277
1798 0.00010498321344481378
1800 0.00011333374567896404
1916 0.00014071861357331354
1917 0.00015663840245623315
1922 7.334292682143156e-06
1981 9.920086195142229e-05
1984 0.00010734164596720007
1987 0.00012571095453322076
1993 0.00014576429866269
1994 0.0001504088997800851
2004 7.217400943451535e-05
2006 0.00016920278300425065
2073 0.00010939812948263226
2238 0.00011913044365880717
2246 0.00030726931367955075
2284 0.00015447220461114937
2321 8.691610145495967e-05
2329 0.0001423431449207802
2371 8.858094887998e-06
2373 4.532432364915004e-05
2391 2.4157123570420575e-05
2392 0.0001281179340087181
2493 2.5565430128539482e-05
2559 7.604199766141655e-05
2560 0.0002199543170027505
2562 0.00017215710736717137
2571 6.593667904531496e-05
2579 0.00013130412920165632
2580 8.992010952057247e-05
2586 9.502842032885344e-06
2607 3.3290954653437934e-05
2612 8.001326955199571e-05
2667 8.358930576913648e-05
2714 8.691610145495967e-05
2742 0.0001677901789526326
2768 0.0001415241100530177
2776 9.222735356398462e-05
2783 8.718166847460814e-05
2785 0.00010856509334268535
2786 0.0001399262151792957
2797 0.00010347204034115494
2830 8.285279662389543e-05
2831 0.00020908021320920737
2839 0.0001391464957049546
2840 0.00014944388948364012
2861 0.00019268344080366
2862 0.00012230970742046953
2943 0.0001399262151792957
2958 6.950834500520415e-05
2961 0.00020908021320920737
2976 5.461691012835996e-05
2987 0.00014071861357331354
3002 0.0001440237055098346
3042 0.0001287387249198448
3112 0.0001440237055098346
3137 0.00011379132113009053
3206 0.0001753021616311125
3226 8.164949036359771e-05
3249 0.00012016732165868515
3269 0.00010310145735752775
3300 0.00020298083458234552
3368 0.00010058340652177312
3370 0.00011811516886331826
3371 0.0002537323685808453
3372 6.542281037332744e-05
3375 0.00010236864012694453
3395 7.541048004377448e-05
3409 8.458895984833521e-05
3465 5.7716484755306535e-05
3478 7.865323446718271e-05
3482 0.00014665847838343454
3507 9.134928606937549e-05
3513 6.056183085252843e-05
3535 0.0002462203859023654
3572 5.234992335902794e-05
3573 0.00016128300357362823
3576 5.3536945098705395e-05
3586 6.228840662358072e-05
3594 0.00018227567001855016
3654 6.663037655997976e-05
3719 2.489326185102742e-05
3720 0.00018617626542465564
3724 5.7716484755306535e-05
3746 1.903006184883404e-05
3766 5.131853189681648e-05
3796 0.0001399262151792957
3832 3.3290954653437934e-05
3840 0.00010774605847492284
3875 3.285232498188492e-05
3884 8.433711728522342e-05
3885 0.0001391464957049546
3887 5.5861184383926875e-05
3891 8.334256383691721e-05
3892 0.00011110817958998604
4061 0.00013130412920165632
4072 0.00014944388948364012
4074 0.00015663840245623315
4075 0.00015663840245623315
4154 0.00012571095453322076
4163 0.00017695423263882194
4207 0.00015663840245623315
4247 4.846937791309118e-05
4250 8.612797493712278e-05
4268 0.00019041645403432799
4308 7.955569410086921e-05
4329 3.676019862375966e-05
4345 5.131853189681648e-05
4348 8.212725328354177e-05
4361 0.00022419450561242282
4375 7.541048004377448e-05
4376 0.00014488623116808087
4381 4.3226837668107787e-05
4398 6.325661252824365e-05
4432 6.4078409870285e-05
4453 3.6854914742017664e-05
4467 5.5861184383926875e-05
4479 0.00016007969731333051
4481 9.282164663063054e-05
4492 6.969398876306011e-05
4506 0.0002462203859023654
4513 9.19329029551259e-05
4519 0.00010128967145643295
4520 0.0002734912621014559
4533 5.685140711216779e-05
4563 4.728074758348793e-05
4566 9.68719546813797e-05
4567 6.341986704442123e-05
4596 0.00017370426675739054
4597 0.00018617626542465564
4606 0.00017215710736717137
4646 0.00020019542348213994
4676 1.811794967986411e-05
4699 3.676019862375966e-05
4703 0.00012069415303305452
4704 0.00030726931367955075
4739 0.00013687950893562258
4740 0.00013837905578907654
4741 0.00016128300357362823
4759 5.0810908270240366e-05
4760 0.0001347133110905388
4806 0.00020908021320920737
4810 0.00010856509334268535
4812 0.00020019542348213994
4818 9.048676041112919e-05
4834 1.7286007534181456e-05
4893 0.00016378259903044513
4972 4.681329625334851e-05
5021 0.00017215710736717137
5076 0.00022883910672981793
5177 6.196989942762013e-05
5180 0.00010982004923951138
5192 8.001326955199571e-05
5217 7.159039254876493e-05
5242 6.786862826996617e-05
5254 5.9796800580258657e-05
5291 0.00011067500849334801
5293 0.00019756065060853997
5309 0.00019506105515172307
5385 0.00011519040557349246
5395 3.215862746722012e-05
5405 0.00019506105515172307
5427 3.490353872923123e-05
5430 6.441104889224853e-05
5469 1.1433598200043818e-05
5481 6.576478670658657e-05
5524 0.00020298083458234552
5526 0.00021605372159664503
5531 0.00020298083458234552
5644 7.711306116076915e-05
5652 0.00014576429866269
5687 2.724862948448243e-05
5787 0.00013687950893562258
5790 0.00026261715830791277
5797 5.544288630052885e-05
5822 9.134928606937549e-05
5823 0.0001475693727081854
5854 7.178415593526694e-05
5856 0.00021605372159664503
5857 0.0002462203859023654
5881 0.00026261715830791277
5894 1.5848029138067838e-05
5896 1.6219082409210568e-05
5925 0.00010734164596720007
5934 5.434466680855229e-05
5947 0.00015342417653056774
6000 3.4631041686461846e-05
6022 2.0770655001689466e-05
6057 0.00011024565393173974
6059 0.00014849761844045535
6114 0.00010536844412685977
6116 0.00022419450561242282
6153 0.0001440237055098346
6155 0.0001753021616311125
6193 0.00010694056199521868
6208 0.0001228603508781383
6209 0.0001804365299615294
6218 9.464928935894339e-05
6227 0.00010536844412685977
6242 3.105201474962982e-05
6246 0.00010128967145643295
6278 0.00011566583790554528
6292 8.853165584237468e-05
6302 8.509658347491132e-05
6305 0.00017215710736717137
6306 0.00011425323385392718
6328 9.920086195142229e-05
6345 0.0001251273376474703
6348 9.590694438493474e-05
6536 7.499396958083494e-05
6566 7.082295263288685e-05
6577 0.00010897983139923425
6593 7.754816608258265e-05
6638 9.282164663063054e-05
6650 9.785646144837983e-05
6661 5.889434094657216e-05
6664 0.00015775871449691997
6665 0.00012936752625714268
6679 9.527405980765772e-05
6680 9.558947467904783e-05
6687 6.196989942762013e-05
6712 6.025437603138515e-05
6716 0.00021605372159664503
6760 1.9892587507080337e-05
6789 4.7516165565500014e-05
6792 0.00022419450561242282
6793 0.0002875104201589402
6833 2.7093186202753706e-05
6853 0.0002875104201589402
6872 0.00020298083458234552
6903 0.0002059351589452662
6905 2.9805618738211806e-05
6908 8.935997200289977e-05
6914 0.00022883910672981793
6916 0.00030726931367955075
6930 0.0001391464957049546
6931 0.0001196461249524729
6944 0.00014665847838343454
6956 0.00014944388948364012
6957 0.0001664173719040451
6960 3.259102983841739e-05
6972 6.133906307779394e-05
6984 0.00016508218077975113
6985 0.00017370426675739054
6992 4.787143878550288e-05
6995 7.843020694973282e-05
6999 6.309390310328486e-05
7003 8.771718405598661e-05
7009 0.00017370426675739054
7067 3.508605365233e-05
7073 5.516600244482883e-05
7077 0.00018825025618924418
7082 0.00020019542348213994
7104 0.00017695423263882194
7124 6.859058854884968e-05
7165 6.628229345501092e-05
7167 0.00011243128604527755
7171 0.00012341728754011654
7177 0.00015447220461114937
7189 0.00016920278300425065
7211 0.00010498321344481378
7321 3.8200641252257444e-05
7373 7.27647006365303e-05
7392 5.274239335290522e-05
7404 0.0002199543170027505
7415 0.0001475693727081854
7421 0.0002537323685808453
7476 8.117636599183342e-05
7480 9.252359415714085e-05
7503 3.173002815645075e-05
7517 0.00026261715830791277
7617 0.0002462203859023654
7618 0.0002537323685808453
7677 6.988034244141115e-05
7718 9.527405980765772e-05
7755 0.00020298083458234552
7761 0.00022883910672981793
7786 0.00017695423263882194
7799 9.403242760948e-05
7818 2.996997446737178e-05
7858 4.509923582401553e-05
7863 7.64676023536449e-05
7883 0.00016251677649793962
7890 9.233159952796689e-06
7894 6.374802604546662e-05
7897 0.00013542473142615584
7898 0.00017695423263882194
7917 0.00021244233432427055
7922 0.00010774605847492284
7977 0.00014849761844045535
7981 6.950834500520415e-05
7987 7.843020694973282e-05
7995 9.134928606937549e-05
7998 0.00016251677649793962
8009 2.7093186202753706e-05
8010 3.97855428110104e-05
8016 3.6571316885345003e-05
8024 0.00014488623116808087
8029 0.0002734912621014559
8031 5.5721352358276173e-05
8032 6.056183085252843e-05
8047 9.312153328472917e-05
8053 0.00016007969731333051
8054 2.9805618738211806e-05
8064 0.00020298083458234552
8069 5.287392225192349e-05
8084 0.00011333374567896404
8086 0.00014944388948364012
8105 0.0001281179340087181
8106 0.00021244233432427055
8144 1.8182537399726556e-05
8150 0.00012176521653240713
8204 5.1064059112276297e-05
8213 0.0001376235146469122
8223 0.00023971321052336105
8234 4.8109734749355606e-05
8444 5.815485137703107e-05
8474 8.408656954820681e-05
8503 7.256700694753944e-05
8505 0.00015890538922556517
8525 0.0002734912621014559
8531 9.752607762356147e-05
8532 0.0001002340757964429
8573 0.00019756065060853997
8596 0.0002059351589452662
8624 0.0001677901789526326
8633 5.949411993323993e-05
8638 6.491430390704548e-05
8639 3.69498153124238e-05
8642 9.164022082905678e-05
8648 0.00016128300357362823
8651 0.0002734912621014559
8666 0.0001128804268053397
8693 8.484211069037113e-05
8694 8.88061998220748e-05
8717 9.106007793564448e-05
8718 9.403242760948e-05
8756 9.372690041743856e-05
8757 9.818910047034337e-05
8762 0.00018825025618924418
8763 6.542281037332744e-05
8767 0.0001239806629188251
8781 8.63892700805903e-05
8791 0.0002199543170027505
8811 0.00011913044365880717
8822 0.00016378259903044513
8845 0.0001431761810607271
8866 3.8493910507496085e-05
8874 0.0001786642827461757
8875 0.0001804365299615294
