88
261 0.00020298083458234552
342 0.0001804365299615294
449 6.628229345501092e-05
450 0.00020298083458234552
463 2.104404381130732e-05
542 0.00023397347506023475
575 8.825864993225359e-05
695 0.00011519040557349246
751 0.00011614595437539213
1140 3.8493910507496085e-05
1164 8.408656954820681e-05
1165 8.433711728522342e-05
1234 2.8271279696782107e-05
1249 0.0001147195668623605
1396 0.00018617626542465564
1432 0.00015139340654708521
1456 0.0002059351589452662
1610 9.590694438493474e-05
2391 2.4157123570420575e-05
2562 0.00017215710736717137
2586 9.502842032885344e-06
2597 0.0002462203859023654
2598 0.0002537323685808453
2823 0.00016508218077975113
2830 8.285279662389543e-05
2903 8.718166847460814e-05
3226 8.164949036359771e-05
3465 5.7716484755306535e-05
3471 0.0001804365299615294
3572 5.234992335902794e-05
3573 0.00016128300357362823
3594 0.00018227567001855016
3647 8.094151528426567e-05
3746 1.903006184883404e-05
3875 3.285232498188492e-05
3887 5.5861184383926875e-05
4042 0.00012571095453322076
4044 0.00014488623116808087
4163 0.00017695423263882194
4186 0.00022419450561242282
4247 4.846937791309118e-05
4296 9.527405980765772e-05
4375 7.541048004377448e-05
4381 4.3226837668107787e-05
4533 5.685140711216779e-05
4676 1.811794967986411e-05
4699 3.676019862375966e-05
4739 0.00013687950893562258
4740 0.00013837905578907654
4741 0.00016128300357362823
4834 1.7286007534181456e-05
4893 0.00016378259903044513
4972 4.681329625334851e-05
5385 0.00011519040557349246
5427 3.490353872923123e-05
5430 6.441104889224853e-05
5469 1.1433598200043818e-05
5687 2.724862948448243e-05
5822 9.134928606937549e-05
5894 1.5848029138067838e-05
5896 1.6219082409210568e-05
6930 0.0001391464957049546
6956 0.00014944388948364012
6957 0.0001664173719040451
6984 0.00016508218077975113
6985 0.00017370426675739054
6999 6.309390310328486e-05
7082 0.00020019542348213994
7101 0.00011862016226846598
7124 6.859058854884968e-05
7404 0.0002199543170027505
7414 0.00010460100421098168
7554 8.260974660633398e-05
7620 0.0001027336712532598
7883 0.00016251677649793962
7938 4.907474504580058e-05
7943 7.64676023536449e-05
8016 3.6571316885345003e-05
8447 4.100899018649567e-05
8505 0.00015890538922556517
8678 4.409901177660094e-05
8717 9.106007793564448e-05
8718 9.403242760948e-05
8756 9.372690041743856e-05
8757 9.818910047034337e-05
8763 6.542281037332744e-05
8874 0.0001786642827461757
8875 0.0001804365299615294
