638
15 6.0101372993599195e-05
17 0.00012016732165868515
19 0.0002734912621014559
58 3.9886331735258645e-05
68 3.241760820520544e-05
70 0.00011566583790554528
125 0.00015554326811050196
138 5.5304247721948624e-05
158 1.722259642893919e-05
163 4.4209139343250144e-05
167 0.0002537323685808453
168 0.00014488623116808087
196 8.935997200289977e-05
204 0.00019506105515172307
205 0.00019756065060853997
206 0.00020019542348213994
214 0.0002462203859023654
215 0.0002537323685808453
225 4.311890533715833e-05
240 0.00010347204034115494
243 6.309390310328486e-05
255 0.00016508218077975113
270 0.00022883910672981793
278 5.558192042480493e-05
290 5.516600244482883e-05
295 6.969398876306011e-05
310 8.408656954820681e-05
311 0.00012016732165868515
319 0.0001523982138465608
400 0.00015890538922556517
430 2.1595466130645556e-05
436 6.181142310095298e-05
443 5.859719717528758e-05
446 0.00010058340652177312
456 0.00016378259903044513
463 2.104404381130732e-05
480 6.877276232176413e-05
509 1.4811799641107606e-05
511 4.409901177660094e-05
523 0.0001347133110905388
535 8.236790279729728e-05
538 0.00020019542348213994
549 6.786862826996617e-05
632 6.4078409870285e-05
645 6.341986704442123e-05
653 0.00015775871449691997
654 0.00023397347506023475
706 6.525271795805037e-05
708 9.654815662959692e-05
715 0.0002875104201589402
722 0.00011663084820199027
765 7.499396958083494e-05
800 0.00011154523568104574
855 9.464928935894339e-05
866 0.00023971321052336105
918 0.0001275049519955334
919 0.00016378259903044513
920 0.00020019542348213994
941 9.719791862251607e-05
969 0.00010536844412685977
1011 8.56095506062492e-05
1031 0.00021605372159664503
1032 0.0002462203859023654
1048 0.00014849761844045535
1049 0.0002875104201589402
1068 0.00026261715830791277
1096 6.950834500520415e-05
1102 8.285279662389543e-05
1103 9.527405980765772e-05
1111 9.886126874785542e-05
1205 0.0002734912621014559
1216 4.5550455969092306e-05
1217 9.818910047034337e-05
1223 0.00014849761844045535
1226 0.00011110817958998604
1234 2.8271279696782107e-05
1239 0.00013196715204843822
1240 0.00014576429866269
1243 0.00012341728754011654
1249 0.0001147195668623605
1258 0.00015890538922556517
1259 0.0002462203859023654
1265 6.576478670658657e-05
1269 8.433711728522342e-05
1299 0.00020019542348213994
1300 0.00030726931367955075
1306 4.5550455969092306e-05
1310 8.285279662389543e-05
1326 0.00015890538922556517
1327 0.00016007969731333051
1332 0.00018418695135817993
1333 0.00021244233432427055
1350 6.374802604546662e-05
1365 6.733409171295719e-05
1438 0.00014071861357331354
1439 0.0001677901789526326
1497 6.663037655997976e-05
1500 0.00010310145735752775
1524 0.0001300045474523503
1555 0.00015139340654708521
1573 0.0001347133110905388
1578 0.00010856509334268535
1581 0.00016251677649793962
1583 8.88061998220748e-05
1586 0.00017695423263882194
1594 0.000126899584862824
1619 0.00019506105515172307
1621 0.00011198624708459517
1622 0.00011333374567896404
1623 0.0001664173719040451
1638 7.33626397641186e-05
1641 7.583058115843726e-05
1649 8.744869066327002e-05
1665 0.00013263932032595027
1699 0.00013130412920165632
1703 0.00015663840245623315
1706 3.382257549850835e-05
1713 4.787143878550288e-05
1733 0.00011243128604527755
1777 4.871062309639001e-05
1785 0.00010734164596720007
1881 8.408656954820681e-05
1882 9.496067334174995e-05
1888 6.071628875522179e-05
1901 0.00011243128604527755
1913 0.00014576429866269
1915 0.0002462203859023654
1922 7.334292682143156e-06
1929 4.2158123180710165e-05
1936 0.00011024565393173974
1956 0.0001128804268053397
1981 9.920086195142229e-05
1985 9.496067334174995e-05
2004 7.217400943451535e-05
2009 0.00012176521653240713
2012 0.00026261715830791277
2026 8.535239208071232e-05
2040 4.7398314413738584e-05
2044 0.00010536844412685977
2066 0.0002059351589452662
2073 0.00010939812948263226
2110 0.0002537323685808453
2124 0.00011663084820199027
2125 0.00019268344080366
2137 0.00015342417653056774
2138 0.00017370426675739054
2205 0.0002537323685808453
2291 0.00030726931367955075
2294 8.535239208071232e-05
2295 0.00019756065060853997
2302 0.00030726931367955075
2368 0.00019506105515172307
2371 8.858094887998e-06
2373 4.532432364915004e-05
2384 3.364472337590274e-05
2385 0.00011712061541501202
2391 2.4157123570420575e-05
2404 0.00012341728754011654
2405 0.0001677901789526326
2434 0.00010536844412685977
2439 5.502814824397996e-05
2448 8.825864993225359e-05
2450 0.0001504088997800851
2469 0.00011110817958998604
2493 2.5565430128539482e-05
2503 0.00015342417653056774
2526 8.070779096331723e-05
2559 7.604199766141655e-05
2563 2.4450245822639586e-05
2579 0.00013130412920165632
2580 8.992010952057247e-05
2586 9.502842032885344e-06
2587 0.00014944388948364012
2599 0.00012341728754011654
2604 0.00020019542348213994
2607 3.3290954653437934e-05
2618 4.846937791309118e-05
2625 0.00016251677649793962
2635 0.00015554326811050196
2636 0.00016508218077975113
2675 0.00010694056199521868
2699 0.00013065000625947455
2701 0.00017065756051371745
2708 0.0001300045474523503
2714 8.691610145495967e-05
2739 7.583058115843726e-05
2776 9.222735356398462e-05
2780 9.342327683396404e-05
2781 9.68719546813797e-05
2832 0.0001196461249524729
2833 0.0001391464957049546
2839 0.0001391464957049546
2843 7.33626397641186e-05
2850 9.252359415714085e-05
2900 0.00017065756051371745
2903 8.718166847460814e-05
2904 0.00015139340654708521
2920 0.0001399262151792957
2922 0.00015663840245623315
2955 4.7516165565500014e-05
2958 6.950834500520415e-05
2963 8.509658347491132e-05
2976 5.461691012835996e-05
3031 8.691610145495967e-05
3050 5.1064059112276297e-05
3051 7.910237522724487e-05
3073 0.0002875104201589402
3075 0.00016128300357362823
3086 0.00018418695135817993
3087 0.00020019542348213994
3088 0.0002537323685808453
3097 0.00012230970742046953
3103 0.00012122674224136485
3104 0.00010939812948263226
3134 0.0001228603508781383
3147 0.00012936752625714268
3149 7.541048004377448e-05
3150 7.604199766141655e-05
3156 9.342327683396404e-05
3161 0.00010536844412685977
3191 0.00030726931367955075
3202 0.00019756065060853997
3226 8.164949036359771e-05
3228 4.566391685271689e-05
3229 4.669713069773751e-05
3230 4.692973938522239e-05
3249 0.00012016732165868515
3255 0.00021605372159664503
3274 0.0002875104201589402
3293 0.00020298083458234552
3333 0.00016007969731333051
3367 0.00017065756051371745
3368 0.00010058340652177312
3370 0.00011811516886331826
3372 6.542281037332744e-05
3375 0.00010236864012694453
3377 0.00030726931367955075
3383 0.00010815385522706535
3409 8.458895984833521e-05
3413 8.001326955199571e-05
3414 9.852402568908913e-05
3415 0.00015663840245623315
3417 0.0002875104201589402
3446 0.00020908021320920737
3448 0.0002537323685808453
3449 0.0002734912621014559
3478 7.865323446718271e-05
3479 0.0001245506276326127
3513 6.056183085252843e-05
3576 5.3536945098705395e-05
3594 0.00018227567001855016
3596 8.285279662389543e-05
3597 0.0002537323685808453
3619 0.00019268344080366
3620 0.00026261715830791277
3639 0.00016920278300425065
3654 6.663037655997976e-05
3719 2.489326185102742e-05
3727 6.424444555902466e-05
3731 5.3138049876864844e-05
3740 0.00016378259903044513
3743 3.233112827567267e-05
3744 0.0002537323685808453
3766 5.131853189681648e-05
3786 0.00010058340652177312
3806 0.00018227567001855016
3819 6.424444555902466e-05
3832 3.3290954653437934e-05
3835 0.00011811516886331826
3840 0.00010774605847492284
3872 9.164022082905678e-05
3875 3.285232498188492e-05
3906 0.00021244233432427055
3914 0.00012936752625714268
3915 0.0002734912621014559
3932 4.895306850942043e-05
3940 0.00019041645403432799
3941 0.00030726931367955075
3943 7.689695691525318e-05
3951 9.920086195142229e-05
3952 0.0001804365299615294
3954 0.00010774605847492284
3996 7.417147870601431e-05
4015 8.798716495431228e-05
4016 0.00017370426675739054
4017 0.00019506105515172307
4046 9.312153328472917e-05
4048 0.00021244233432427055
4108 9.654815662959692e-05
4266 0.00015342417653056774
4267 0.00011519040557349246
4269 0.00026261715830791277
4270 0.0002734912621014559
4290 5.656642719180506e-05
4314 3.1644758795232604e-05
4315 7.256700694753944e-05
4321 0.00010200632301179658
4329 3.676019862375966e-05
4332 8.117636599183342e-05
4334 0.00017065756051371745
4363 7.025520142447097e-05
4371 0.00013263932032595027
4381 4.3226837668107787e-05
4382 6.14960082295629e-05
4383 0.00016920278300425065
4399 9.282164663063054e-05
4402 6.950834500520415e-05
4406 6.508321716976057e-05
4408 0.00013687950893562258
4411 0.0001504088997800851
4412 0.00019756065060853997
4432 6.4078409870285e-05
4435 0.00010856509334268535
4436 0.0001128804268053397
4460 0.00011862016226846598
4461 9.19329029551259e-05
4467 5.5861184383926875e-05
4492 6.969398876306011e-05
4495 3.207260550754382e-05
4513 9.19329029551259e-05
4517 0.00030726931367955075
4533 5.685140711216779e-05
4541 0.0001376235146469122
4551 0.00017065756051371745
4563 4.728074758348793e-05
4577 3.9085797470059324e-05
4652 4.476354154013861e-05
4654 0.0001523982138465608
4658 8.334256383691721e-05
4659 6.610917985376751e-05
4670 7.541048004377448e-05
4676 1.811794967986411e-05
4683 0.00017695423263882194
4699 3.676019862375966e-05
4723 9.106007793564448e-05
4726 0.0002059351589452662
4727 0.00022883910672981793
4808 0.0001245506276326127
4818 9.048676041112919e-05
4829 8.383730339089555e-05
4834 1.7286007534181456e-05
4839 3.088397517794058e-05
4844 0.00010734164596720007
4846 4.681329625334851e-05
4853 8.535239208071232e-05
4910 0.00030726931367955075
4911 6.341986704442123e-05
4913 6.457822376461287e-05
4914 6.542281037332744e-05
4926 0.00010236864012694453
4927 0.00010236864012694453
4933 2.564069103539461e-05
4942 6.804811807694473e-05
4943 0.0001677901789526326
4955 0.00023397347506023475
4990 0.00030726931367955075
5000 0.00013065000625947455
5002 0.00014665847838343454
5003 0.00018227567001855016
5016 8.117636599183342e-05
5024 6.025437603138515e-05
5027 0.0002462203859023654
5028 0.00018825025618924418
5044 0.00010058340652177312
5051 0.0001281179340087181
5149 0.0001376235146469122
5161 5.502814824397996e-05
5162 5.6001418804450566e-05
5182 0.00019756065060853997
5183 0.00020908021320920737
5191 0.00014849761844045535
5194 0.00011712061541501202
5197 0.0001391464957049546
5216 0.00016378259903044513
5217 7.159039254876493e-05
5218 0.00020908021320920737
5222 2.3001954162320978e-05
5225 0.00016920278300425065
5242 6.786862826996617e-05
5254 5.9796800580258657e-05
5263 0.00030726931367955075
5264 0.00011425323385392718
5291 0.00011067500849334801
5292 0.0001347133110905388
5303 0.00015663840245623315
5307 0.00013263932032595027
5313 0.0002462203859023654
5369 7.562007790453742e-05
5371 0.0001300045474523503
5378 0.00010347204034115494
5379 2.541525611908456e-05
5395 3.215862746722012e-05
5396 0.00022419450561242282
5427 3.490353872923123e-05
5434 7.159039254876493e-05
5436 0.00018825025618924418
5439 8.024367862190805e-05
5440 8.586807337437805e-05
5448 9.954283828468142e-05
5455 8.908229930004346e-05
5457 0.0001423431449207802
5458 0.00017695423263882194
5469 1.1433598200043818e-05
5550 4.944160821510571e-05
5569 9.527405980765772e-05
5577 0.00018227567001855016
5588 6.913916575845257e-05
5599 0.00030726931367955075
5603 0.00030726931367955075
5607 0.00022883910672981793
5609 0.00030726931367955075
5610 0.00030726931367955075
5618 0.00014071861357331354
5622 6.733409171295719e-05
5636 0.00010310145735752775
5638 0.00026261715830791277
5668 0.00023397347506023475
5687 2.724862948448243e-05
5691 8.383730339089555e-05
5702 3.9886331735258645e-05
5729 9.106007793564448e-05
5787 0.00013687950893562258
5797 5.544288630052885e-05
5810 5.261121850249547e-05
5811 0.00010310145735752775
5858 6.663037655997976e-05
5862 6.610917985376751e-05
5868 7.256700694753944e-05
5888 8.358930576913648e-05
5891 0.00010310145735752775
5892 0.00011712061541501202
5894 1.5848029138067838e-05
5896 1.6219082409210568e-05
5909 6.663037655997976e-05
5912 0.00010498321344481378
5934 5.434466680855229e-05
5938 5.91933076971794e-05
5984 3.088397517794058e-05
5985 7.52017798211394e-05
5987 7.798719092134497e-05
5988 7.044371782011974e-05
5989 0.00013130412920165632
6022 2.0770655001689466e-05
6033 0.00011519040557349246
6057 0.00011024565393173974
6064 0.00010498321344481378
6067 0.00016378259903044513
6068 0.00023397347506023475
6106 7.217400943451535e-05
6114 0.00010536844412685977
6152 0.00030726931367955075
6159 7.101368253390731e-05
6160 7.955569410086921e-05
6197 5.5304247721948624e-05
6229 7.458098891001271e-05
6242 3.105201474962982e-05
6246 0.00010128967145643295
6249 0.00010897983139923425
6254 8.141235399539764e-05
6264 4.7398314413738584e-05
6327 0.00010384546306881737
6334 0.00014944388948364012
6399 8.212725328354177e-05
6408 4.3989132524856074e-05
6409 0.00010575674440844711
6410 0.00016007969731333051
6417 9.954283828468142e-05
6424 0.00023971321052336105
6429 5.815485137703107e-05
6465 0.00015663840245623315
6467 4.669713069773751e-05
6468 4.669713069773751e-05
6470 0.0001263016457352357
6475 8.691610145495967e-05
6490 2.724862948448243e-05
6491 7.604199766141655e-05
6493 0.0001251273376474703
6507 6.212889280683989e-05
6511 0.0002875104201589402
6516 9.818910047034337e-05
6536 7.499396958083494e-05
6540 6.040786096929821e-05
6552 0.00020908021320920737
6553 0.00016508218077975113
6554 0.00022419450561242282
6578 6.025437603138515e-05
6589 5.9343481706634316e-05
6590 8.691610145495967e-05
6593 7.754816608258265e-05
6619 5.7716484755306535e-05
6661 5.889434094657216e-05
6667 0.00012069415303305452
6706 7.910237522724487e-05
6712 6.025437603138515e-05
6725 8.458895984833521e-05
6727 8.612797493712278e-05
6760 1.9892587507080337e-05
6789 4.7516165565500014e-05
6794 0.00014849761844045535
6796 8.260974660633398e-05
6815 7.178415593526694e-05
6822 8.535239208071232e-05
6827 0.00030726931367955075
6833 2.7093186202753706e-05
6848 0.00012122674224136485
6851 0.0001275049519955334
6885 5.131853189681648e-05
6898 0.0001263016457352357
6960 3.259102983841739e-05
6977 0.00015342417653056774
6978 0.00013687950893562258
6980 0.00011379132113009053
6982 0.0001147195668623605
6983 0.00013263932032595027
7067 3.508605365233e-05
7073 5.516600244482883e-05
7082 0.00020019542348213994
7083 0.00030726931367955075
7139 6.196989942762013e-05
7174 7.256700694753944e-05
7176 0.00018418695135817993
7178 3.714017269315804e-05
7215 0.00015139340654708521
7236 0.00010536844412685977
7237 0.00010536844412685977
7251 7.689695691525318e-05
7289 0.00013542473142615584
7290 0.00016508218077975113
7321 3.8200641252257444e-05
7327 0.00011761535496899039
7373 7.27647006365303e-05
7374 0.00010498321344481378
7384 0.0001399262151792957
7389 0.0001300045474523503
7392 5.274239335290522e-05
7406 6.698096388147314e-05
7408 8.691610145495967e-05
7435 0.00019041645403432799
7444 9.886126874785542e-05
7447 0.00012176521653240713
7450 0.00012936752625714268
7451 0.0001300045474523503
7469 7.887728740211037e-05
7476 8.117636599183342e-05
7477 0.0002462203859023654
7482 2.5340342303404983e-05
7483 2.8590308184836374e-05
7503 3.173002815645075e-05
7525 0.00026261715830791277
7543 0.0002875104201589402
7594 0.00019268344080366
7602 9.654815662959692e-05
7620 0.0001027336712532598
7622 0.00030726931367955075
7627 7.887728740211037e-05
7646 0.0001664173719040451
7647 0.00022419450561242282
7694 6.804811807694473e-05
7698 0.0001504088997800851
7738 0.00022419450561242282
7739 0.00026261715830791277
7750 0.00020908021320920737
7751 0.00026261715830791277
7760 0.00017695423263882194
7775 0.00010536844412685977
7799 9.403242760948e-05
7808 4.7398314413738584e-05
7814 0.0001275049519955334
7818 2.996997446737178e-05
7827 0.00015775871449691997
7829 0.00020019542348213994
7858 4.509923582401553e-05
7862 9.077257605451787e-05
7866 5.91933076971794e-05
7877 8.853165584237468e-05
7884 0.00010982004923951138
7885 0.00018418695135817993
7890 9.233159952796689e-06
7891 6.932340577943291e-05
7893 5.131853189681648e-05
7960 9.954283828468142e-05
7973 0.0002537323685808453
7974 0.00026261715830791277
8005 0.0002875104201589402
8009 2.7093186202753706e-05
8010 3.97855428110104e-05
8016 3.6571316885345003e-05
8069 5.287392225192349e-05
8098 0.0001300045474523503
8134 0.00012176521653240713
8136 0.00016920278300425065
8144 1.8182537399726556e-05
8204 5.1064059112276297e-05
8269 0.00018227567001855016
8318 0.00023971321052336105
8349 4.919672615455441e-05
8350 0.00018825025618924418
8358 0.00017370426675739054
8435 0.00019756065060853997
8446 0.0002875104201589402
8447 4.100899018649567e-05
8474 8.408656954820681e-05
8513 4.3335009582674306e-05
8518 0.00030726931367955075
8531 9.752607762356147e-05
8532 0.0001002340757964429
8539 7.955569410086921e-05
8584 0.0002734912621014559
8591 0.00011761535496899039
8600 8.383730339089555e-05
8626 0.0001263016457352357
8633 5.949411993323993e-05
8638 6.491430390704548e-05
8639 3.69498153124238e-05
8640 0.0002734912621014559
8678 4.409901177660094e-05
8687 0.00013837905578907654
8688 0.00019506105515172307
8695 4.476354154013861e-05
8696 4.787143878550288e-05
8698 0.00022883910672981793
8704 0.00015139340654708521
8722 7.217400943451535e-05
8753 0.00010614816360120087
8763 6.542281037332744e-05
8771 0.00020298083458234552
8781 8.63892700805903e-05
8813 4.431951634967444e-05
8818 7.139739654402146e-05
8819 7.139739654402146e-05
8822 0.00016378259903044513
8831 0.00030726931367955075
8866 3.8493910507496085e-05
8889 0.00030726931367955075
8890 0.00010058340652177312
8891 0.00010058340652177312
8892 0.00010384546306881737
8893 0.00020908021320920737
