237
15 0.001504560213817292
49 0.004272191514882724
66 0.007692090234584708
102 0.0034266016394221025
137 0.00384077601472028
261 0.005081362915162537
311 0.003008233625343264
368 0.005857223622856214
381 0.005728691346000386
424 0.004766829883016659
450 0.005081362915162537
479 0.004272191514882724
509 0.00037079426517289604
545 0.0032544958620655783
546 0.0066409079929487
591 0.01063643867133651
621 0.008344349127859176
635 0.007197451866450771
651 0.0031470113112361327
695 0.005767285923994184
751 0.00872269167466428
800 0.0055847816875813465
814 0.0036270395847470133
887 0.006000910483663464
932 0.007692090234584708
941 0.0048664485997969836
1095 0.0017400516030516274
1152 0.00442982056538534
1207 0.0031470113112361327
1216 0.002458037256718259
1246 0.003584230689924719
1248 0.002871856123251002
1268 0.002111270756308739
1312 0.0068465003591240865
1395 0.01864272896027563
1417 0.003216553364168695
1448 0.005612419758477281
1455 0.005155320608202844
1535 0.0036942085662228876
1678 0.00840082064508911
1705 0.0008467044742772651
1721 0.00203214543179556
1795 0.006574281221461007
1799 0.0056743277611849855
1921 0.00036720908080483034
1980 0.004966730796129637
1983 0.0026871594069092335
1991 0.005612419758477281
1993 0.0037652924574160624
1994 0.00635186199099015
2056 0.005011633747395592
2089 0.005506272115529529
2159 0.004610882332876684
2258 0.004100085737526199
2265 0.0033723736753901172
2283 0.0038670120435240537
2299 0.002759857493931642
2311 0.004272191514882724
2315 0.0030895923217907823
2386 0.007692090234584708
2390 0.0006047423743246858
2450 0.0036490208698929587
2491 0.004272191514882724
2492 0.001279995018570471
2570 0.0016506395608197947
2571 0.005011633747395592
2578 0.0065740584238492186
2646 0.004712601918984674
2666 0.0020925502612768095
2677 0.004166043871934972
2784 0.0027177868310955386
2819 0.005155320608202844
2829 0.00414822541298964
2838 0.006966705447879524
2942 0.007005743986954401
2954 0.0011895058076397081
2960 0.010468105955732897
2988 0.003815092364608286
3022 0.004883101470539764
3043 0.006000910483663464
3050 0.0019802257528797928
3051 0.002848618690762266
3052 0.00494567561298682
3111 0.003605447369392263
3136 0.005697237381524532
3213 0.0020030288153016452
3248 0.003008233625343264
3268 0.0025810117639614807
3283 0.00494567561298682
3299 0.010162725830325074
3304 0.011012544231059058
3330 0.004883101470539764
3360 0.005728691346000386
3394 0.0018878039273879722
3464 0.0014448576183687973
3474 0.0031767671356670996
3512 0.0015160871813419475
3572 0.06460018552126628
3585 0.0031186195496030974
3653 0.0016680053817487068
3819 0.0016082766820843474
4055 0.004766829883016659
4163 0.00442982056538534
4232 0.005857223622856214
4248 0.0012133682470827768
4316 0.001816621252574358
4349 0.0020559496664688884
4362 0.005612419758477281
4382 0.0010821280261184736
4468 0.0027968251417390803
4482 0.0023236699853151103
4500 0.004662354520412956
4514 0.006904264307326533
4524 0.006574281221461007
4547 0.003817857510316006
4564 0.0035508372679554302
4566 0.003464140857281601
4567 0.004850128427643011
4568 0.0015876344244378706
4607 0.004309730732742222
4742 0.004037511595079143
4761 0.02360661572773082
4824 0.004472629460207634
4835 0.00043273286276580093
4951 0.002860182078949997
5032 0.001730809677638565
5057 0.0034082565069531202
5077 0.005728691346000386
5169 0.0036270395847470133
5218 0.007168691892074079
5255 0.0014969356369979358
5431 0.004837342143772912
5497 0.0068465003591240865
5527 0.005408625749632866
5532 0.005081362915162537
5643 0.0024664216768010175
5645 0.0019304258456875692
5651 0.00494567561298682
5729 0.005612419758477281
5807 0.0019802257528797928
5823 0.0068604340234573674
5855 0.012579165123218237
5858 0.012327618422257755
5995 0.003977991092073699
6045 0.005234052977866449
6115 0.0026377628484791408
6197 0.004388463102405827
6210 0.004516995379261657
6222 0.007692090234584708
6228 0.0052755256969582815
6293 0.004432551218355299
6307 0.002860182078949997
6411 0.0040073883776865216
6437 0.004516995379261657
6482 0.0032385488595608296
6531 0.005155320608202844
6532 0.005155320608202844
6557 0.004100085737526199
6608 0.005728691346000386
6619 0.004883101470539764
6639 0.0023236699853151103
6665 0.007898571143800846
6683 0.001676781882336204
6761 0.003485896570341853
6827 0.0034082565069531202
6834 0.0006782429085363512
6874 0.005081362915162537
6904 0.005155320608202844
6909 0.004474022867920465
6931 0.006966705447879524
6957 0.0037411346715679797
6958 0.016664175487739886
6986 0.008696923737875643
6993 0.002396799227283155
7000 0.0047384230150826516
7037 0.004068397506038309
7078 0.004712601918984674
7083 0.005011633747395592
7085 0.0038670120435240537
7102 0.0059390049782953305
7128 0.005612419758477281
7172 0.006179184643581565
7178 0.007734024087048107
7190 0.004235773039701915
7191 0.007197451866450771
7212 0.002628119096124102
7214 0.007197451866450771
7251 0.0068465003591240865
7261 0.008332087743869943
7293 0.007197451866450771
7445 0.0024748641210137288
7455 0.0037411346715679797
7503 0.0024250642138215054
7521 0.002392958984100208
7553 0.0031767671356670996
7601 0.005728691346000386
7711 0.0072540791694940265
7767 0.005857223622856214
7864 0.0019142676184710204
7884 0.004068397506038309
7944 0.0019142676184710204
7978 0.0037174459987116236
7987 0.0068465003591240865
7988 0.0039267977771686455
8011 0.0039839186239519625
8025 0.0036270395847470133
8033 0.0015160871813419475
8043 0.0016680053817487068
8065 0.005081362915162537
8076 0.005081362915162537
8087 0.0037411346715679797
8167 0.0034452268610485437
8213 0.00482358096753432
8235 0.0012043650451861155
8267 0.00635186199099015
8331 0.007197451866450771
8336 0.005506272115529529
8430 0.004037511595079143
8506 0.011933973276221095
8533 0.007527691714869935
8622 0.002544593288780673
8667 0.0028258156283404137
8681 0.003921240007556039
8689 0.004883101470539764
8695 0.006669445388884808
8702 0.00482358096753432
8719 0.0023539803226283306
8728 0.007692090234584708
8732 0.005318219335668255
8756 0.0061638092111288775
8758 0.03687055885077388
8764 0.0032755510452083937
8768 0.006207391392879603
8813 0.004610882332876684
8876 0.004516995379261657
8885 0.004883101470539764
8887 0.007197451866450771
