339
1 0.00016251677649793962
2 0.00014944388948364012
58 3.9886331735258645e-05
68 3.241760820520544e-05
97 8.612797493712278e-05
163 4.4209139343250144e-05
304 0.00021605372159664503
306 0.0002875104201589402
318 9.719791862251607e-05
328 5.502814824397996e-05
339 0.0001523982138465608
367 0.00021244233432427055
423 8.63892700805903e-05
436 6.181142310095298e-05
463 2.104404381130732e-05
496 0.00015447220461114937
509 1.4811799641107606e-05
511 4.409901177660094e-05
522 0.00011110817958998604
530 0.00019756065060853997
549 6.786862826996617e-05
632 6.4078409870285e-05
633 0.00010058340652177312
645 6.341986704442123e-05
676 0.00022419450561242282
706 6.525271795805037e-05
708 9.654815662959692e-05
773 0.00011110817958998604
835 0.00026261715830791277
837 0.0001128804268053397
838 0.00011614595437539213
841 0.00014576429866269
843 0.00030726931367955075
846 0.00023397347506023475
861 7.316251041712385e-05
891 5.757123449128065e-05
960 0.00012069415303305452
961 0.0001251273376474703
990 0.00010939812948263226
991 0.00019756065060853997
992 0.00020019542348213994
1041 0.00010734164596720007
1083 7.178415593526694e-05
1093 0.00016378259903044513
1126 4.895306850942043e-05
1140 3.8493910507496085e-05
1145 9.920086195142229e-05
1183 0.00010310145735752775
1234 2.8271279696782107e-05
1254 8.96392359620217e-05
1287 0.00015139340654708521
1306 4.5550455969092306e-05
1310 8.285279662389543e-05
1334 9.886126874785542e-05
1339 0.0001399262151792957
1391 6.491430390704548e-05
1444 0.0002875104201589402
1489 0.0001677901789526326
1490 0.00018617626542465564
1497 6.663037655997976e-05
1511 9.312153328472917e-05
1517 9.106007793564448e-05
1559 0.00011425323385392718
1658 0.00010654275221462514
1678 0.00015663840245623315
1679 0.0001677901789526326
1777 4.871062309639001e-05
1888 6.071628875522179e-05
1895 0.00011519040557349246
1922 7.334292682143156e-06
1929 4.2158123180710165e-05
1941 8.024367862190805e-05
1956 0.0001128804268053397
2059 0.00014071861357331354
2271 0.00015890538922556517
2278 0.00013837905578907654
2321 8.691610145495967e-05
2326 0.00011913044365880717
2371 8.858094887998e-06
2373 4.532432364915004e-05
2384 3.364472337590274e-05
2391 2.4157123570420575e-05
2448 8.825864993225359e-05
2485 0.00013542473142615584
2486 0.0001504088997800851
2493 2.5565430128539482e-05
2550 5.3403616896513294e-05
2575 0.00012016732165868515
2586 9.502842032885344e-06
2601 0.00018617626542465564
2607 3.3290954653437934e-05
2618 4.846937791309118e-05
2635 0.00015554326811050196
2636 0.00016508218077975113
2647 0.00018825025618924418
2677 0.00022883910672981793
2699 0.00013065000625947455
2701 0.00017065756051371745
2714 8.691610145495967e-05
2718 8.88061998220748e-05
2728 0.00010939812948263226
2729 0.00019506105515172307
2773 0.00011067500849334801
2825 0.00011614595437539213
2830 8.285279662389543e-05
2944 0.0002875104201589402
2957 0.0001523982138465608
2976 5.461691012835996e-05
2977 0.00015890538922556517
3040 0.00026261715830791277
3050 5.1064059112276297e-05
3052 0.00011379132113009053
3053 0.00019756065060853997
3069 0.00013196715204843822
3131 0.00019268344080366
3153 0.00023397347506023475
3154 0.0002537323685808453
3185 0.00010939812948263226
3214 8.001326955199571e-05
3226 8.164949036359771e-05
3269 0.00010310145735752775
3332 0.00021244233432427055
3345 0.00011110817958998604
3354 0.00016508218077975113
3372 6.542281037332744e-05
3375 0.00010236864012694453
3395 7.541048004377448e-05
3399 0.0002199543170027505
3409 8.458895984833521e-05
3413 8.001326955199571e-05
3414 9.852402568908913e-05
3459 0.0001423431449207802
3461 0.00016920278300425065
3462 0.00018418695135817993
3495 0.0001504088997800851
3507 9.134928606937549e-05
3540 0.00013542473142615584
3542 0.0001431761810607271
3586 6.228840662358072e-05
3601 0.00015139340654708521
3602 0.00018227567001855016
3605 5.380470086849468e-05
3625 0.0001431761810607271
3647 8.094151528426567e-05
3649 0.0001347133110905388
3654 6.663037655997976e-05
3702 0.00016007969731333051
3724 5.7716484755306535e-05
3727 6.424444555902466e-05
3760 0.00010614816360120087
3872 9.164022082905678e-05
3891 8.334256383691721e-05
3901 0.00010384546306881737
3912 0.00013263932032595027
3932 4.895306850942043e-05
3951 9.920086195142229e-05
3954 0.00010774605847492284
3993 0.00018617626542465564
4072 0.00014944388948364012
4136 0.00013196715204843822
4158 0.00011519040557349246
4189 4.981125419104163e-05
4224 8.236790279729728e-05
4247 4.846937791309118e-05
4345 5.131853189681648e-05
4423 0.0001128804268053397
4424 0.0002059351589452662
4451 0.00010200632301179658
4452 0.0001664173719040451
4467 5.5861184383926875e-05
4481 9.282164663063054e-05
4492 6.969398876306011e-05
4493 0.00017695423263882194
4495 3.207260550754382e-05
4496 0.0002059351589452662
4502 6.424444555902466e-05
4503 7.798719092134497e-05
4509 0.0001281179340087181
4516 0.00011663084820199027
4518 0.00015139340654708521
4519 0.00010128967145643295
4546 7.625433537211054e-05
4576 0.0001475693727081854
4588 0.00016508218077975113
4652 4.476354154013861e-05
4676 1.811794967986411e-05
4699 3.676019862375966e-05
4723 9.106007793564448e-05
4808 0.0001245506276326127
4821 8.691610145495967e-05
4824 0.00017370426675739054
4829 8.383730339089555e-05
4834 1.7286007534181456e-05
4900 0.00014944388948364012
4901 0.00019041645403432799
4933 2.564069103539461e-05
4948 0.00011110817958998604
4950 0.00011425323385392718
5111 0.00014849761844045535
5115 0.00019268344080366
5192 8.001326955199571e-05
5194 0.00011712061541501202
5197 0.0001391464957049546
5198 0.00010654275221462514
5200 0.00026261715830791277
5222 2.3001954162320978e-05
5223 0.00019268344080366
5228 4.931901336427842e-05
5230 0.00030726931367955075
5254 5.9796800580258657e-05
5379 2.541525611908456e-05
5416 0.00013332088986277624
5430 6.441104889224853e-05
5469 1.1433598200043818e-05
5481 6.576478670658657e-05
5509 8.935997200289977e-05
5554 0.0001440237055098346
5555 0.0001440237055098346
5644 7.711306116076915e-05
5652 0.00014576429866269
5674 0.00010236864012694453
5676 9.312153328472917e-05
5687 2.724862948448243e-05
5688 0.00018617626542465564
5689 0.00019041645403432799
5690 0.00019756065060853997
5691 8.383730339089555e-05
5729 9.106007793564448e-05
5738 9.19329029551259e-05
5739 0.0001281179340087181
5740 0.00015447220461114937
5762 0.0001391464957049546
5770 0.00013263932032595027
5840 0.00012230970742046953
5862 6.610917985376751e-05
5894 1.5848029138067838e-05
5896 1.6219082409210568e-05
5901 0.00021244233432427055
5904 0.00022419450561242282
5911 7.47870417645905e-05
5956 0.00026261715830791277
5975 0.00010460100421098168
6022 2.0770655001689466e-05
6033 0.00011519040557349246
6057 0.00011024565393173974
6130 0.00019506105515172307
6175 0.00015139340654708521
6177 0.00015447220461114937
6197 5.5304247721948624e-05
6242 3.105201474962982e-05
6246 0.00010128967145643295
6248 0.0002537323685808453
6278 0.00011566583790554528
6309 0.0001147195668623605
6429 5.815485137703107e-05
6431 0.00016251677649793962
6495 0.00017215710736717137
6497 0.0001664173719040451
6536 7.499396958083494e-05
6558 0.00016128300357362823
6566 7.082295263288685e-05
6577 0.00010897983139923425
6586 5.24803957997587e-05
6588 6.576478670658657e-05
6600 0.00013065000625947455
6619 5.7716484755306535e-05
6665 0.00012936752625714268
6679 9.527405980765772e-05
6680 9.558947467904783e-05
6682 6.698096388147314e-05
6687 6.196989942762013e-05
6691 0.0001804365299615294
6712 6.025437603138515e-05
6740 0.00026261715830791277
6833 2.7093186202753706e-05
6992 4.787143878550288e-05
7003 8.771718405598661e-05
7101 0.00011862016226846598
7102 0.00020019542348213994
7124 6.859058854884968e-05
7147 0.00019756065060853997
7178 3.714017269315804e-05
7181 0.0001263016457352357
7280 0.0002059351589452662
7281 0.00030726931367955075
7303 0.00020298083458234552
7311 0.0001475693727081854
7321 3.8200641252257444e-05
7369 9.372690041743856e-05
7476 8.117636599183342e-05
7480 9.252359415714085e-05
7482 2.5340342303404983e-05
7483 2.8590308184836374e-05
7503 3.173002815645075e-05
7504 0.00012571095453322076
7520 9.558947467904783e-05
7560 0.00014849761844045535
7665 0.00010422176939821458
7671 9.134928606937549e-05
7713 0.00016920278300425065
7715 0.00014071861357331354
7718 9.527405980765772e-05
7792 0.000101646679848061
7799 9.403242760948e-05
7818 2.996997446737178e-05
7836 6.424444555902466e-05
7839 0.00010614816360120087
7858 4.509923582401553e-05
7862 9.077257605451787e-05
7866 5.91933076971794e-05
7890 9.233159952796689e-06
7911 0.00010774605847492284
7912 0.00011761535496899039
7922 0.00010774605847492284
8009 2.7093186202753706e-05
8010 3.97855428110104e-05
8031 5.5721352358276173e-05
8032 6.056183085252843e-05
8054 2.9805618738211806e-05
8058 8.853165584237468e-05
8059 0.00011425323385392718
8060 0.0001147195668623605
8061 7.865323446718271e-05
8098 0.0001300045474523503
8130 0.00019756065060853997
8144 1.8182537399726556e-05
8150 0.00012176521653240713
8204 5.1064059112276297e-05
8474 8.408656954820681e-05
8530 0.0001147195668623605
8539 7.955569410086921e-05
8589 0.0001677901789526326
8599 0.00023971321052336105
8666 0.0001128804268053397
8695 4.476354154013861e-05
8696 4.787143878550288e-05
8818 7.139739654402146e-05
8819 7.139739654402146e-05
8873 0.00013614669170503938
