251
14 0.0028767699548966925
58 0.0008999164263914558
94 0.0036388712097422146
102 0.0030882789459095407
103 0.0043473286694739694
120 0.005058282111437752
137 0.0553849624806246
143 0.004200513613834256
163 0.0009974477210811274
233 0.00693261803420799
277 0.0012415464737983528
311 0.0027112181534739294
378 0.0017949375843720162
389 0.004646314269671424
424 0.008592361713184461
450 0.004579658728602185
515 0.005163073719433259
521 0.001391026936079247
542 0.010557830935376263
546 0.0029926117031515665
591 0.009586258650622273
670 0.004646314269671424
707 0.002142505116004242
708 0.0021783219541340955
729 0.005925174974278781
735 0.003919120064156619
757 0.0024401700197053326
773 0.002506825560774571
775 0.003666707625695286
861 0.0016506944122466017
941 0.0043859638013360154
968 0.006486817378370822
1085 0.004962614868679778
1207 0.0028362937387343373
1246 0.0032303446218055693
1248 0.0025883057718414097
1254 0.005278915467688132
1256 0.0037245883420484608
1278 0.0042961808565922304
1289 0.0037547129579970887
1392 0.006170516779362468
1395 0.004200513613834256
1467 0.0035093711529134014
1510 0.0021010103914772312
1568 0.002238172358762216
1645 0.005925174974278781
1648 0.0019730195726356007
1661 0.005163073719433259
1746 0.01081683104903389
1756 0.00451681421284261
1770 0.0057247161235253
1799 0.002557038839217538
1921 0.00016547649717280963
1983 0.0024218449338219926
2041 0.0018915393615687624
2091 0.0032115496393265645
2123 0.0026314281498130056
2125 0.0029331658908742933
2159 0.00415563065950405
2183 0.0029624870872029395
2198 0.005408415524516945
2372 0.0010226085376233546
2376 0.005543956693802372
2416 0.001949116898628407
2492 0.001730423645358561
2559 0.004962614868679778
2570 0.0014876650219034099
2571 0.00451681421284261
2578 0.0029624870872029395
2612 0.0035093711529134014
2647 0.005278915467688132
2661 0.00415563065950405
2721 0.0033717568179194956
2731 0.002723104536279954
2741 0.003785686265381928
2784 0.007348345153443127
2822 0.0037245883420484608
2824 0.0026204879630215053
2829 0.0018693268949674835
2833 0.006700814053373864
2838 0.0031394267587912792
2891 0.00451681421284261
2923 0.00693261803420799
2954 0.0010720609304297117
3001 0.012997865959530591
3050 0.0017847097924688765
3051 0.0025673626681300427
3063 0.007277742419484429
3111 0.012997865959530591
3133 0.002771978346901186
3268 0.009304710764256072
3299 0.004579658728602185
3302 0.0045387307287192
3353 0.0074491766840969215
3374 0.002309643850155265
3400 0.0033935294046585273
3413 0.0022229015618763603
3414 0.0035340796017467083
3420 0.003874715290695986
3429 0.004646314269671424
3473 0.002676311104143212
3475 0.005278915467688132
3481 0.0033089123021599206
3512 0.001366397560905654
3605 0.00693261803420799
3627 0.0017447243059290488
3646 0.0018262045169958876
3653 0.003006632485582479
3684 0.006486817378370822
3713 0.005163073719433259
3723 0.0015475425953097425
3764 0.00693261803420799
3901 0.004685927933515445
3912 0.0029926117031515665
3929 0.0035340796017467083
4198 0.006015978584592718
4248 0.0021871346630960437
4349 0.0018529571677542386
4357 0.0033717568179194956
4362 0.005058282111437752
4387 0.003611722183433928
4393 0.0018803770352268509
4403 0.0015682490397123528
4407 0.005873636773842088
4433 0.0028914774114631894
4468 0.0012603414562773576
4476 0.004962614868679778
4482 0.002094244341195391
4500 0.0021010103914772312
4534 0.0025653657730817184
4547 0.001720452245155061
4567 0.004371254987951675
4568 0.001430880645822486
4577 0.003329463922975565
4578 0.0008818547520333384
4659 0.0018803770352268509
4660 0.0044746709685324765
4761 0.02431524108230647
4854 0.001925722830945084
4861 0.00451681421284261
5013 0.002430969299059525
5118 0.006170516779362468
5181 0.004955525462392534
5218 0.0064608969964009425
5255 0.005396547714139394
5378 0.004646314269671424
5413 0.0024494483844810424
5431 0.0014532437157663768
5438 0.00589545749764272
5562 0.003611722183433928
5571 0.006078810270576617
5637 0.002326177691064018
5643 0.0022229015618763603
5653 0.003288737796663021
5706 0.0026096555630739735
5769 0.007571372530763856
5823 0.01854922414443663
5824 0.00665892784595113
5855 0.011337171604723273
5869 0.0016372586478898012
5911 0.004457368400565338
5912 0.0016873471296355203
5939 0.002671041813657027
6034 0.002598928846761936
6107 0.0016283918280516475
6134 0.003071745105000787
6174 0.0029774462254574213
6210 0.07734925758310342
6228 0.0023773255039457575
6274 0.006170516779362468
6293 0.0019974534604234005
6307 0.002577784354699238
6412 0.009925229737359556
6430 0.0013120912290432935
6529 0.002687824085790606
6537 0.0050760475207929185
6585 0.004400972464587737
6589 0.0014837867826053151
6639 0.002094244341195391
6683 0.0015112262028144016
6685 0.002823126159782925
6713 0.0027189215148947063
6761 0.003141719440611898
6849 0.0027351208274811233
6897 0.0043473286694739694
6904 0.004646314269671424
6909 0.0020161419506071966
6944 0.0077007604015101256
6958 0.011264138873991265
6993 0.0021601532276273503
6995 0.005925174974278781
7000 0.011388209913042525
7078 0.004247307045970998
7092 0.0042709593254020425
7102 0.002676311104143212
7163 0.0034852057911254762
7182 0.0028496209285884064
7191 0.006486817378370822
7202 0.005058282111437752
7227 0.005163073719433259
7271 0.005058282111437752
7274 0.00693261803420799
7336 0.0028631116463227533
7342 0.003174896921937646
7440 0.005555230580156659
7456 0.005278915467688132
7470 0.003559262710519532
7477 0.0036630064492112376
7481 0.0020875196737428843
7601 0.010326147438866519
7611 0.0029926117031515665
7614 0.005278915467688132
7695 0.0015353033627891934
7699 0.0033935294046585273
7716 0.003174896921937646
7741 0.004793129325311137
7782 0.009292628539342849
7942 0.00693261803420799
7943 0.004122049809874807
7944 0.0017252639801916033
7948 0.006486817378370822
7964 0.006170516779362468
7979 0.00693261803420799
7988 0.0035390886295494626
7998 0.005163073719433259
8011 0.0008976424241309486
8061 0.0025883057718414097
8080 0.003559356110371014
8082 0.007509425915994177
8107 0.004793129325311137
8145 0.0004102348691300331
8196 0.005925174974278781
8205 0.0011521085944521678
8303 0.004717273063596091
8352 0.0031050652216032446
8375 0.005555230580156659
8445 0.0013120912290432935
8533 0.002261483755690884
8572 0.002142505116004242
8597 0.009292628539342849
8627 0.005699241857176813
8639 0.007322990840754294
8667 0.005093622094628797
8677 0.0032115496393265645
8679 0.0029848890604030447
8697 0.0010800766138136751
8738 0.0057247161235253
8747 0.002664917430151626
8764 0.004428213311750082
8766 0.0035340796017467083
8768 0.008391764566576476
