87
238 0.008751383949490422
423 0.012417760886422914
480 0.00988552996470261
814 0.010413113646531748
838 0.008347522140270118
1014 0.012717871945783719
1041 0.007714747974674896
1129 0.0062277612159122855
1152 0.012717871945783719
1164 0.006061390235854122
1193 0.02953427349061456
1390 0.004665453842093462
1471 0.04058918426996478
1473 0.01782122045052531
1538 0.008048559951757355
1586 0.014308480238598075
1622 0.03588173270343992
1640 0.005450017252290266
1721 0.011668447963213216
1995 0.03289377611574415
2031 0.00792346183741665
2075 0.005511195661153343
2091 0.01023033957688704
2381 0.04008432017699515
2412 0.022083742931549643
2546 0.020663652132713504
2587 0.014198875146962163
2619 0.007436635673551393
3131 0.022083742931549643
3158 0.01580832962200413
3159 0.022083742931549643
3324 0.013380668366649444
3435 0.010540486768977167
3566 0.014388238823167991
4044 0.010413113646531748
4047 0.011864616089589854
4221 0.006307324325729122
4320 0.06852410461830177
4646 0.015268436157241121
4660 0.004751330732715936
4693 0.013848345358404983
4830 0.006025468127577912
4887 0.01722842042084027
4943 0.004890684099207511
5068 0.018235990877358818
5110 0.014588429014498895
5178 0.004453836642733472
5193 0.005750631114898271
5200 0.0316214603069315
5381 0.011010115275895072
5703 0.008600007784466734
5745 0.011420684103050296
5884 0.016815900078522676
5912 0.005375017066177665
5997 0.010290210690429031
6009 0.01323769443954919
6107 0.0051872159038742
6142 0.007892873216310688
6221 0.016815900078522676
6319 0.013685414825434925
6329 0.007129661949282866
6338 0.011505082761745174
6414 0.0068929249061172445
6450 0.014588429014498895
6469 0.003356167974018038
6491 0.0019583853706911887
6506 0.009484606927868398
6537 0.005389889168583879
6761 0.004289098545074999
6781 0.021906014222589514
6834 0.003894427023208726
6897 0.013848345358404983
7616 0.023010165523490347
7648 0.01611307608078961
7699 0.021620066368389004
7718 0.013100328800042894
7753 0.01887454931322676
7944 0.0054958005820619615
8078 0.00934355263625279
8138 0.006208880443211457
8235 0.0034576931942440093
8421 0.016446888057872075
8609 0.012059242538918238
8622 0.007305445248434835
8695 0.012765175045392428
8814 0.0031852865299056335
8867 0.002766594600345202
