150
32 0.0058581069316522945
70 0.004295058114225914
93 0.008155968990187713
158 0.0006395324140612752
385 0.007647058902167552
393 0.005621741829781764
394 0.006768503213355496
427 0.005348080264598524
429 0.007433923391970129
527 0.010633217713443333
668 0.006415843124651839
990 0.008124634416243488
1055 0.004312886439139561
1057 0.00741829172100631
1065 0.0057758400225033065
1068 0.019503700957000988
1109 0.0057758400225033065
1172 0.016853441620788816
1253 0.0033286036287230726
1268 0.00939515486557389
1270 0.00868821504057005
1370 0.004277403726962353
1394 0.006450218438924435
1411 0.0176879741588005
1503 0.004603815283052372
1586 0.00369635739497117
1609 0.003561344534827243
1610 0.006634400365974657
1654 0.007433923391970129
1703 0.006768503213355496
1712 0.0017776260935683404
1721 0.003014349057163414
1778 0.004208459756212198
1781 0.005445918163971536
1784 0.003985953120248696
1912 0.010825428580682445
1956 0.006595340440119421
1983 0.003985953120248696
2025 0.006338837651860901
2033 0.02261206497247329
2041 0.0031131585325819213
2112 0.006130051646288092
2117 0.0024937709879621645
2226 0.008901350550767472
2233 0.006034789633956825
2272 0.007336085492597118
2316 0.007070797659808045
2403 0.004582895277322994
2502 0.005697151088501749
2531 0.0057758400225033065
2633 0.00868821504057005
2780 0.007194357167670465
2832 0.010333946414354627
2893 0.009751519995376342
2929 0.016977161022506872
3023 0.005002354285162007
3068 0.004900380246065339
3079 0.007336085492597118
3149 0.0028236928464939345
3183 0.008167636971368802
3184 0.004062317208121744
3226 0.007647058902167552
3256 0.011170367623667653
3263 0.00691334532276888
3394 0.002800242492292159
3400 0.005585183811833826
3420 0.003188567791301905
3643 0.006509553601901977
3653 0.0049484159658544965
3656 0.0035026732379116196
3661 0.007888692014574579
3703 0.004875759997688171
3748 0.0056590536741689575
3840 0.004000970304702135
3841 0.016865225489345295
3978 0.00691334532276888
4005 0.006849418124685257
4027 0.006081793843997195
4155 0.011409933847967317
4158 0.004277403726962353
4198 0.004950649043571091
4297 0.00353784342085769
4364 0.005217619625790711
4372 0.009850680189540573
4409 0.005082792431809452
4504 0.00289592435621261
4547 0.0028315776534843713
4660 0.0024548542119032335
4686 0.016995117659801145
4704 0.013445328647882275
4713 0.0031504703769691146
4770 0.009607694950030462
4835 0.0006418870797692714
4848 0.008022794861955418
4924 0.003040766465625993
5223 0.0017082784624550377
5293 0.005002354285162007
5349 0.006179631743370208
5380 0.00283125953166602
5381 0.00426641966940934
5386 0.004277403726962353
5439 0.006509553601901977
5482 0.002442065746371248
5612 0.040513977257064133
5632 0.011633012022416248
5745 0.005900686786575986
5869 0.005389309715970595
5983 0.005110419843888673
5985 0.00458729977976344
6039 0.004330892163233905
6081 0.005225351184022375
6107 0.0026800615503350033
6147 0.006990359513160601
6172 0.033300357233631867
6194 0.003971059535422454
6289 0.011409933847967317
6302 0.00868821504057005
6385 0.005816506011208124
6573 0.05175463726967473
6698 0.011409933847967317
6761 0.005170746579340415
6920 0.0027466786561022127
6932 0.004442859439901827
6963 0.0038841839563677864
6993 0.0017776260935683404
7101 0.005697151088501749
7158 0.005514211564755575
7350 0.005055580485313795
7409 0.003227484567360836
7492 0.008519839832311306
7589 0.009142983663174502
7603 0.003585154882845699
7758 0.006839475460433748
7832 0.005621741829781764
7988 0.002912375018066745
8011 0.0059094792921954116
8043 0.0049484159658544965
8078 0.004827502195397275
8135 0.004521548373903384
8235 0.0017864748170260715
8266 0.010676220268568645
8375 0.009142983663174502
8438 0.006263436577049259
8572 0.0035262063367569813
8695 0.0032976702200597104
8697 0.0017776260935683404
8739 0.01972485292168108
8786 0.007647058902167552
8812 0.004423710474530372
8880 0.008885718879803654
