111
50 0.00026261715830791277
58 3.9886331735258645e-05
97 8.612797493712278e-05
145 5.786216925096193e-05
371 9.818910047034337e-05
378 7.955569410086921e-05
509 1.4811799641107606e-05
511 4.409901177660094e-05
549 6.786862826996617e-05
571 0.0001804365299615294
706 6.525271795805037e-05
708 9.654815662959692e-05
1041 0.00010734164596720007
1126 4.895306850942043e-05
1129 0.00017370426675739054
1130 8.665197383001834e-05
1135 0.00010774605847492284
1139 0.0001415241100530177
1234 2.8271279696782107e-05
1265 6.576478670658657e-05
1269 8.433711728522342e-05
1334 9.886126874785542e-05
1339 0.0001399262151792957
1489 0.0001677901789526326
1490 0.00018617626542465564
1511 9.312153328472917e-05
1541 0.00014488623116808087
1543 0.0001664173719040451
1594 0.000126899584862824
1722 8.117636599183342e-05
1844 0.00018617626542465564
1922 7.334292682143156e-06
1929 4.2158123180710165e-05
1941 8.024367862190805e-05
2271 0.00015890538922556517
2371 8.858094887998e-06
2391 2.4157123570420575e-05
2563 2.4450245822639586e-05
2575 0.00012016732165868515
2576 0.0001786642827461757
2586 9.502842032885344e-06
2607 3.3290954653437934e-05
2612 8.001326955199571e-05
2714 8.691610145495967e-05
3647 8.094151528426567e-05
3649 0.0001347133110905388
3724 5.7716484755306535e-05
3875 3.285232498188492e-05
4189 4.981125419104163e-05
4532 0.00022419450561242282
4776 0.0001664173719040451
4777 0.00016920278300425065
4778 0.00020298083458234552
4834 1.7286007534181456e-05
5016 8.117636599183342e-05
5107 0.00014944388948364012
5111 0.00014849761844045535
5115 0.00019268344080366
5222 2.3001954162320978e-05
5223 0.00019268344080366
5379 2.541525611908456e-05
5416 0.00013332088986277624
5644 7.711306116076915e-05
5652 0.00014576429866269
5687 2.724862948448243e-05
5688 0.00018617626542465564
5689 0.00019041645403432799
5690 0.00019756065060853997
5797 5.544288630052885e-05
5834 6.804811807694473e-05
5862 6.610917985376751e-05
6000 3.4631041686461846e-05
6014 9.818910047034337e-05
6197 5.5304247721948624e-05
6242 3.105201474962982e-05
6577 0.00010897983139923425
6590 8.691610145495967e-05
6619 5.7716484755306535e-05
6620 0.0001281179340087181
6621 0.0001399262151792957
6622 0.00014576429866269
6833 2.7093186202753706e-05
6905 2.9805618738211806e-05
6929 5.904359505253569e-05
6934 0.00010200632301179658
7003 8.771718405598661e-05
7009 0.00017370426675739054
7321 3.8200641252257444e-05
7424 0.00017370426675739054
7476 8.117636599183342e-05
7482 2.5340342303404983e-05
7483 2.8590308184836374e-05
7503 3.173002815645075e-05
7665 0.00010422176939821458
7792 0.000101646679848061
7818 2.996997446737178e-05
7858 4.509923582401553e-05
7890 9.233159952796689e-06
7911 0.00010774605847492284
7912 0.00011761535496899039
8031 5.5721352358276173e-05
8032 6.056183085252843e-05
8109 8.285279662389543e-05
8114 0.0001804365299615294
8144 1.8182537399726556e-05
8150 0.00012176521653240713
8503 7.256700694753944e-05
8621 0.000101646679848061
8695 4.476354154013861e-05
8696 4.787143878550288e-05
8873 0.00013614669170503938
