261
101 0.00022883910672981793
158 1.722259642893919e-05
240 0.00010347204034115494
330 6.358367031630664e-05
401 0.00010939812948263226
404 0.00011913044365880717
405 0.00011913044365880717
406 0.00015663840245623315
412 6.391293797104737e-05
413 7.562007790453742e-05
430 2.1595466130645556e-05
431 0.0002537323685808453
463 2.104404381130732e-05
493 0.0001300045474523503
509 1.4811799641107606e-05
511 4.409901177660094e-05
523 0.0001347133110905388
573 0.00014576429866269
597 0.00011198624708459517
687 0.00021605372159664503
732 0.00011614595437539213
735 0.00017370426675739054
765 7.499396958083494e-05
855 9.464928935894339e-05
861 7.316251041712385e-05
872 6.593667904531496e-05
877 0.00026261715830791277
891 5.757123449128065e-05
892 0.0001475693727081854
1011 8.56095506062492e-05
1083 7.178415593526694e-05
1093 0.00016378259903044513
1126 4.895306850942043e-05
1130 8.665197383001834e-05
1216 4.5550455969092306e-05
1217 9.818910047034337e-05
1304 0.0002734912621014559
1306 4.5550455969092306e-05
1312 0.00011243128604527755
1365 6.733409171295719e-05
1391 6.491430390704548e-05
1408 0.00019041645403432799
1440 0.00010815385522706535
1474 0.0001239806629188251
1508 0.00011198624708459517
1510 0.00020908021320920737
1773 0.0001002340757964429
1819 0.00014488623116808087
1828 0.00016128300357362823
1922 7.334292682143156e-06
1929 4.2158123180710165e-05
1941 8.024367862190805e-05
2004 7.217400943451535e-05
2008 0.00020298083458234552
2040 4.7398314413738584e-05
2061 0.0001677901789526326
2108 0.0001376235146469122
2371 8.858094887998e-06
2373 4.532432364915004e-05
2374 8.586807337437805e-05
2379 0.00010939812948263226
2382 0.00011154523568104574
2384 3.364472337590274e-05
2389 8.070779096331723e-05
2390 0.00014576429866269
2391 2.4157123570420575e-05
2451 0.00014576429866269
2469 0.00011110817958998604
2493 2.5565430128539482e-05
2526 8.070779096331723e-05
2528 0.00026261715830791277
2559 7.604199766141655e-05
2586 9.502842032885344e-06
2591 0.0002875104201589402
2732 0.00012069415303305452
2733 0.0001786642827461757
2794 0.00012341728754011654
2807 0.00019506105515172307
2808 0.00023971321052336105
2832 0.0001196461249524729
2833 0.0001391464957049546
2894 0.00013130412920165632
3050 5.1064059112276297e-05
3051 7.910237522724487e-05
3185 0.00010939812948263226
3228 4.566391685271689e-05
3229 4.669713069773751e-05
3230 4.692973938522239e-05
3290 0.00018617626542465564
3303 0.00010058340652177312
3341 0.00016251677649793962
3459 0.0001423431449207802
3571 0.00023971321052336105
3586 6.228840662358072e-05
3605 5.380470086849468e-05
3626 0.00015342417653056774
3657 4.716346370617082e-05
3711 0.0002875104201589402
3719 2.489326185102742e-05
3724 5.7716484755306535e-05
3727 6.424444555902466e-05
3731 5.3138049876864844e-05
3743 3.233112827567267e-05
3746 1.903006184883404e-05
3832 3.3290954653437934e-05
3837 0.0001239806629188251
3838 0.00014665847838343454
3914 0.00012936752625714268
4171 0.0002875104201589402
4220 4.3879500470736716e-05
4246 0.00017695423263882194
4278 0.0002875104201589402
4282 0.0002875104201589402
4326 0.00011024565393173974
4328 0.00011566583790554528
4345 5.131853189681648e-05
4381 4.3226837668107787e-05
4382 6.14960082295629e-05
4398 6.325661252824365e-05
4399 9.282164663063054e-05
4453 3.6854914742017664e-05
4471 0.00017065756051371745
4485 7.159039254876493e-05
4495 3.207260550754382e-05
4525 9.818910047034337e-05
4527 0.0001753021616311125
4569 0.00010422176939821458
4570 0.00015775871449691997
4571 0.00023397347506023475
4628 0.00011566583790554528
4632 0.00026261715830791277
4644 0.00015139340654708521
4751 0.00010856509334268535
4754 0.00013542473142615584
4755 0.0001376235146469122
4821 8.691610145495967e-05
4822 0.00017695423263882194
4839 3.088397517794058e-05
4844 0.00010734164596720007
4853 8.535239208071232e-05
4857 0.00023971321052336105
4858 0.0002875104201589402
4908 9.372690041743856e-05
4911 6.341986704442123e-05
4913 6.457822376461287e-05
4914 6.542281037332744e-05
4923 8.188778632745044e-05
4933 2.564069103539461e-05
4972 4.681329625334851e-05
4974 0.00013263932032595027
5149 0.0001376235146469122
5181 0.00016007969731333051
5222 2.3001954162320978e-05
5242 6.786862826996617e-05
5247 0.00020019542348213994
5379 2.541525611908456e-05
5380 3.8298201700263376e-05
5427 3.490353872923123e-05
5455 8.908229930004346e-05
5469 1.1433598200043818e-05
5575 0.00017065756051371745
5576 0.00023971321052336105
5588 6.913916575845257e-05
5595 0.00019268344080366
5596 0.00023971321052336105
5602 0.00018825025618924418
5676 9.312153328472917e-05
5702 3.9886331735258645e-05
5774 0.0001677901789526326
5782 0.00030726931367955075
5797 5.544288630052885e-05
5818 0.00021244233432427055
5819 0.0002875104201589402
5862 6.610917985376751e-05
5880 0.00030726931367955075
5894 1.5848029138067838e-05
5896 1.6219082409210568e-05
5942 0.0002734912621014559
5969 0.00018617626542465564
6114 0.00010536844412685977
6141 0.00010982004923951138
6197 5.5304247721948624e-05
6199 0.0001251273376474703
6223 0.00020298083458234552
6224 0.0002734912621014559
6242 3.105201474962982e-05
6252 0.00026261715830791277
6264 4.7398314413738584e-05
6387 9.558947467904783e-05
6408 4.3989132524856074e-05
6417 9.954283828468142e-05
6467 4.669713069773751e-05
6468 4.669713069773751e-05
6475 8.691610145495967e-05
6483 0.00010734164596720007
6484 0.00015139340654708521
6490 2.724862948448243e-05
6536 7.499396958083494e-05
6578 6.025437603138515e-05
6589 5.9343481706634316e-05
6633 0.00011811516886331826
6661 5.889434094657216e-05
6682 6.698096388147314e-05
6693 0.0001128804268053397
6696 0.0001399262151792957
6724 0.00012936752625714268
6760 1.9892587507080337e-05
6885 5.131853189681648e-05
6893 9.252359415714085e-05
6894 9.252359415714085e-05
7025 0.00016007969731333051
7045 0.00023971321052336105
7084 0.00015447220461114937
7135 0.00022419450561242282
7165 6.628229345501092e-05
7166 0.00030726931367955075
7174 7.256700694753944e-05
7178 3.714017269315804e-05
7180 0.0001275049519955334
7223 0.00016508218077975113
7346 8.070779096331723e-05
7347 0.00015663840245623315
7369 9.372690041743856e-05
7482 2.5340342303404983e-05
7483 2.8590308184836374e-05
7503 3.173002815645075e-05
7523 8.935997200289977e-05
7554 8.260974660633398e-05
7559 8.509658347491132e-05
7602 9.654815662959692e-05
7608 0.00015554326811050196
7700 0.0002875104201589402
7737 0.00020298083458234552
7800 0.00017065756051371745
7808 4.7398314413738584e-05
7818 2.996997446737178e-05
7836 6.424444555902466e-05
7858 4.509923582401553e-05
7861 0.00013263932032595027
7877 8.853165584237468e-05
7886 7.910237522724487e-05
7890 9.233159952796689e-06
7893 5.131853189681648e-05
8009 2.7093186202753706e-05
8045 0.0001263016457352357
8069 5.287392225192349e-05
8170 0.00011425323385392718
8204 5.1064059112276297e-05
8213 0.0001376235146469122
8220 0.00030726931367955075
8437 8.433711728522342e-05
8452 0.00026261715830791277
8513 4.3335009582674306e-05
8530 0.0001147195668623605
8639 3.69498153124238e-05
8678 4.409901177660094e-05
8722 7.217400943451535e-05
8723 0.00010498321344481378
8834 0.0001391464957049546
8836 0.00016508218077975113
8837 0.00018617626542465564
